iterator,x,y,z
1.0,-1.4220000505447388,1.2431519280653447e-07,0.0
1.0,-1.4199848175048828,-0.006565064657479525,0.0
1.0,-1.4199392795562744,-0.013130112551152706,0.0
1.0,-1.4198633432388306,-0.01969487965106964,0.0
1.0,-1.4197571277618408,-0.026259226724505424,0.0
1.0,-1.4196205139160156,-0.03282301127910614,0.0
1.0,-1.4194536209106445,-0.039386097341775894,0.0
1.0,-1.4252532720565796,-0.04614248871803284,0.0
1.0,-1.4250247478485107,-0.0527314692735672,0.0
1.0,-1.424765706062317,-0.059319328516721725,0.0
1.0,-1.424476146697998,-0.06590591371059418,0.0
1.0,-1.420161485671997,-0.07228775322437286,0.0
1.0,-1.4198120832443237,-0.07885292172431946,0.0
1.0,-1.4194324016571045,-0.08541639894247055,0.0
1.0,-1.4190223217010498,-0.0919780507683754,0.0
1.0,-1.4185818433761597,-0.09853773564100266,0.0
1.0,-1.4181110858917236,-0.10509531199932098,0.0
1.0,-1.4176100492477417,-0.11165064573287964,0.0
1.0,-1.4190717935562134,-0.11836984008550644,0.0
1.0,-1.4165170192718506,-0.12475401163101196,0.0
1.0,-1.415925145149231,-0.13130176067352295,0.0
1.0,-1.4153029918670654,-0.1378467082977295,0.0
1.0,-1.414650559425354,-0.14438870549201965,0.0
1.0,-1.4159564971923828,-0.15113988518714905,0.0
1.0,-1.417230248451233,-0.15790623426437378,0.0
1.0,-1.416485071182251,-0.16445693373680115,0.0
1.0,-1.4157096147537231,-0.17100411653518677,0.0
1.0,-1.4149038791656494,-0.1775476336479187,0.0
1.0,-1.4140678644180298,-0.1840873658657074,0.0
1.0,-1.415183663368225,-0.19089050590991974,0.0
1.0,-1.4142858982086182,-0.19743138551712036,0.0
1.0,-1.4153375625610352,-0.20425371825695038,0.0
1.0,-1.414378046989441,-0.21079516410827637,0.0
1.0,-1.415365219116211,-0.2176360934972763,0.0
1.0,-1.4143438339233398,-0.2241775244474411,0.0
1.0,-1.4132922887802124,-0.23071415722370148,0.0
1.0,-1.4141827821731567,-0.23757721483707428,0.0
1.0,-1.4130693674087524,-0.24411296844482422,0.0
1.0,-1.413894772529602,-0.2509930729866028,0.0
1.0,-1.4127192497253418,-0.25752735137939453,0.0
1.0,-1.4134793281555176,-0.2644239068031311,0.0
1.0,-1.4122416973114014,-0.2709560990333557,0.0
1.0,-1.4109739065170288,-0.2774825394153595,0.0
1.0,-1.4116365909576416,-0.28439804911613464,0.0
1.0,-1.410306692123413,-0.29092150926589966,0.0
1.0,-1.4128602743148804,-0.2982649803161621,0.0
1.0,-1.411466121673584,-0.30479398369789124,0.0
1.0,-1.4100419282913208,-0.31131646037101746,0.0
1.0,-1.4105384349822998,-0.31827250123023987,0.0
1.0,-1.409051775932312,-0.3247905373573303,0.0
1.0,-1.4094818830490112,-0.33175987005233765,0.0
1.0,-1.407932996749878,-0.3382728695869446,0.0
1.0,-1.4102389812469482,-0.34573110938072205,0.0
1.0,-1.4086254835128784,-0.3522474765777588,0.0
1.0,-1.4089198112487793,-0.3592504560947418,0.0
1.0,-1.409179449081421,-0.36626365780830383,0.0
1.0,-1.4074710607528687,-0.3727749288082123,0.0
1.0,-1.4095945358276367,-0.3803201913833618,0.0
1.0,-1.4078210592269897,-0.38683319091796875,0.0
1.0,-1.406017541885376,-0.3933379352092743,0.0
1.0,-1.4061075448989868,-0.40038201212882996,0.0
1.0,-1.4042413234710693,-0.40687867999076843,0.0
1.0,-1.4061819314956665,-0.41449761390686035,0.0
1.0,-1.4042505025863647,-0.42099449038505554,0.0
1.0,-1.4061152935028076,-0.42864876985549927,0.0
1.0,-1.4079391956329346,-0.4363292455673218,0.0
1.0,-1.4059067964553833,-0.4428339898586273,0.0
1.0,-1.407654047012329,-0.4505486488342285,0.0
1.0,-1.4055559635162354,-0.45705196261405945,0.0
1.0,-1.4053269624710083,-0.46417272090911865,0.0
1.0,-1.4031658172607422,-0.4706651270389557,0.0
1.0,-1.4028680324554443,-0.47779223322868347,0.0
1.0,-1.4044243097305298,-0.485580176115036,0.0
1.0,-1.402164340019226,-0.49206817150115967,0.0
1.0,-1.4036425352096558,-0.499887615442276,0.0
1.0,-1.4013164043426514,-0.5063718557357788,0.0
1.0,-1.400838017463684,-0.5135335922241211,0.0
1.0,-1.402198076248169,-0.5213988423347473,0.0
1.0,-1.3997724056243896,-0.5278761982917786,0.0
1.0,-1.4029210805892944,-0.5364852547645569,0.0
1.0,-1.400425672531128,-0.5429657697677612,0.0
1.0,-1.401623249053955,-0.5508978962898254,0.0
1.0,-1.3990612030029297,-0.5573722124099731,0.0
1.0,-1.4001784324645996,-0.5653321743011475,0.0
1.0,-1.4012519121170044,-0.5733144283294678,0.0
1.0,-1.3985862731933594,-0.5797867774963379,0.0
1.0,-1.4014226198196411,-0.5885700583457947,0.0
1.0,-1.398686408996582,-0.5950430631637573,0.0
1.0,-1.3995939493179321,-0.6030862927436829,0.0
1.0,-1.4004566669464111,-0.6111505031585693,0.0
1.0,-1.3976161479949951,-0.6176188588142395,0.0
1.0,-1.4002225399017334,-0.6265245079994202,0.0
1.0,-1.3973109722137451,-0.6329915523529053,0.0
1.0,-1.3980052471160889,-0.6411124467849731,0.0
1.0,-1.3950262069702148,-0.6475691199302673,0.0
1.0,-1.397447943687439,-0.6565633416175842,0.0
1.0,-1.3998160362243652,-0.665593683719635,0.0
1.0,-1.396723747253418,-0.6720584630966187,0.0
1.0,-1.3989962339401245,-0.681135356426239,0.0
1.0,-1.3958321809768677,-0.6875961422920227,0.0
1.0,-1.3980083465576172,-0.6967185139656067,0.0
1.0,-1.400129795074463,-0.7058756351470947,0.0
1.0,-1.3968513011932373,-0.7123413681983948,0.0
1.0,-1.3988754749298096,-0.7215424180030823,0.0
1.0,-1.395524501800537,-0.7280022501945496,0.0
1.0,-1.395681619644165,-0.7363129258155823,0.0
1.0,-1.3922624588012695,-0.7427577972412109,0.0
1.0,-1.3958543539047241,-0.7529850006103516,0.0
1.0,-1.3976255655288696,-0.7623035311698914,0.0
1.0,-1.394086241722107,-0.7687571048736572,0.0
1.0,-1.395757794380188,-0.7781158685684204,0.0
1.0,-1.3921453952789307,-0.7845606803894043,0.0
1.0,-1.3937164545059204,-0.7939585447311401,0.0
1.0,-1.3952305316925049,-0.8033877611160278,0.0
1.0,-1.3915011882781982,-0.809829831123352,0.0
1.0,-1.3946378231048584,-0.8203105330467224,0.0
1.0,-1.3908302783966064,-0.8267497420310974,0.0
1.0,-1.3921363353729248,-0.8362607955932617,0.0
1.0,-1.3882551193237305,-0.8426882028579712,0.0
1.0,-1.39116370677948,-0.8532804250717163,0.0
1.0,-1.3940038681030273,-0.8639174103736877,0.0
1.0,-1.389994740486145,-0.8703531622886658,0.0
1.0,-1.392716646194458,-0.881047248840332,0.0
1.0,-1.388628363609314,-0.8874768614768982,0.0
1.0,-1.3912312984466553,-0.898226797580719,0.0
1.0,-1.3870636224746704,-0.9046493768692017,0.0
1.0,-1.3895467519760132,-0.9154538512229919,0.0
1.0,-1.391959547996521,-0.9263005256652832,0.0
1.0,-1.3876620531082153,-0.9327262043952942,0.0
1.0,-1.38995361328125,-0.943625271320343,0.0
1.0,-1.3855760097503662,-0.9500414729118347,0.0
1.0,-1.389390230178833,-0.9621304869651794,0.0
1.0,-1.3914828300476074,-0.9731286764144897,0.0
1.0,-1.3869688510894775,-0.9795516133308411,0.0
1.0,-1.3873101472854614,-0.9894375801086426,0.0
1.0,-1.382720708847046,-0.9958410263061523,0.0
1.0,-1.3861892223358154,-1.0081048011779785,0.0
1.0,-1.3815135955810547,-1.0145028829574585,0.0
1.0,-1.3880542516708374,-1.0292179584503174,0.0
1.0,-1.381679892539978,-1.0344257354736328,0.0
1.0,-1.376882553100586,-1.0408027172088623,0.0
1.0,-1.354567289352417,-1.0338101387023926,0.0
1.0,-1.3497731685638428,-1.0400617122650146,0.0
1.0,-1.3323215246200562,-1.0364667177200317,0.0
1.0,-1.3149322271347046,-1.0327329635620117,0.0
1.0,-1.3101434707641602,-1.0388013124465942,0.0
1.0,-1.2928354740142822,-1.034848928451538,0.0
1.0,-1.2880371809005737,-1.0408151149749756,0.0
1.0,-1.2692633867263794,-1.0353813171386719,0.0
1.0,-1.252111554145813,-1.0310676097869873,0.0
1.0,-1.247331142425537,-1.0368455648422241,0.0
1.0,-1.2302674055099487,-1.03231680393219,0.0
1.0,-1.2254815101623535,-1.0379937887191772,0.0
1.0,-1.2100284099578857,-1.0345507860183716,0.0
1.0,-1.1946336030960083,-1.0309871435165405,0.0
1.0,-1.1898541450500488,-1.0364993810653687,0.0
1.0,-1.1745356321334839,-1.0327448844909668,0.0
1.0,-1.169748306274414,-1.0381642580032349,0.0
1.0,-1.1530184745788574,-1.0328854322433472,0.0
1.0,-1.1482306718826294,-1.0382052659988403,0.0
1.0,-1.1345547437667847,-1.0354137420654297,0.0
1.0,-1.1209293603897095,-1.0325180292129517,0.0
1.0,-1.1161435842514038,-1.0376895666122437,0.0
1.0,-1.101124882698059,-1.0332587957382202,0.0
1.0,-1.0876234769821167,-1.0300869941711426,0.0
1.0,-1.082849383354187,-1.035104513168335,0.0
1.0,-1.0679768323898315,-1.030379295349121,0.0
1.0,-1.0632015466690063,-1.0353058576583862,0.0
1.0,-1.0498450994491577,-1.031799077987671,0.0
1.0,-1.0450634956359863,-1.0366418361663818,0.0
1.0,-1.031779170036316,-1.0329723358154297,0.0
1.0,-1.0199581384658813,-1.0306237936019897,0.0
1.0,-1.0151822566986084,-1.0353285074234009,0.0
1.0,-1.0020228624343872,-1.03140389919281,0.0
1.0,-0.9903087019920349,-1.0288209915161133,0.0
1.0,-0.9855414628982544,-1.033388614654541,0.0
1.0,-0.973885178565979,-1.030665636062622,0.0
1.0,-0.9691095948219299,-1.0351572036743164,0.0
1.0,-0.9575128555297852,-1.0322951078414917,0.0
1.0,-0.9527299404144287,-1.0367109775543213,0.0
1.0,-0.9411942362785339,-1.0337104797363281,0.0
1.0,-0.9283671379089355,-1.0291407108306885,0.0
1.0,-0.923599123954773,-1.0334218740463257,0.0
1.0,-0.9135079383850098,-1.0316914319992065,0.0
1.0,-0.908728301525116,-1.0359039306640625,0.0
1.0,-0.8960575461387634,-1.0310368537902832,0.0
1.0,-0.884756326675415,-1.0275903940200806,0.0
1.0,-0.8799959421157837,-1.0316699743270874,0.0
1.0,-0.870053231716156,-1.029617190361023,0.0
1.0,-0.8652836680412292,-1.0336287021636963,0.0
1.0,-0.8553887605667114,-1.031460165977478,0.0
1.0,-0.8455324769020081,-1.0292224884033203,0.0
1.0,-0.8407649993896484,-1.0331206321716309,0.0
1.0,-0.8297033905982971,-1.0292115211486816,0.0
1.0,-0.8249360918998718,-1.0330365896224976,0.0
1.0,-0.813947319984436,-1.0289965867996216,0.0
1.0,-0.8042471408843994,-1.0264514684677124,0.0
1.0,-0.7994928359985352,-1.0301588773727417,0.0
1.0,-0.789845883846283,-1.0275015830993652,0.0
1.0,-0.7850869297981262,-1.0311423540115356,0.0
1.0,-0.7754944562911987,-1.0283735990524292,0.0
1.0,-0.7671412229537964,-1.0271408557891846,0.0
1.0,-0.7623841762542725,-1.0306766033172607,0.0
1.0,-0.7528831958770752,-1.0277369022369385,0.0
1.0,-0.7481235265731812,-1.031206727027893,0.0
1.0,-0.7398470044136047,-1.029781699180603,0.0
1.0,-0.7304403185844421,-1.0266727209091187,0.0
1.0,-0.7256858348846436,-1.030038833618164,0.0
1.0,-0.716338574886322,-1.0268218517303467,0.0
1.0,-0.7115834951400757,-1.0301227569580078,0.0
1.0,-0.7034260034561157,-1.028449296951294,0.0
1.0,-0.698663592338562,-1.0316904783248901,0.0
1.0,-0.6894311308860779,-1.0282649993896484,0.0
1.0,-0.682457447052002,-1.028108835220337,0.0
1.0,-0.6776968240737915,-1.0312530994415283,0.0
1.0,-0.668559193611145,-1.0276694297790527,0.0
1.0,-0.6594693064689636,-1.0240236520767212,0.0
1.0,-0.6547278165817261,-1.0270615816116333,0.0
1.0,-0.64783775806427,-1.0266947746276855,0.0
1.0,-0.6430840492248535,-1.0296790599822998,0.0
1.0,-0.6341102123260498,-1.0258363485336304,0.0
1.0,-0.6293606162071228,-1.028757095336914,0.0
1.0,-0.6225259304046631,-1.0282341241836548,0.0
1.0,-0.6146816611289978,-1.0259543657302856,0.0
1.0,-0.6099317073822021,-1.0287853479385376,0.0
1.0,-0.6021327972412109,-1.0264191627502441,0.0
1.0,-0.5973808765411377,-1.0291920900344849,0.0
1.0,-0.5896281599998474,-1.0267398357391357,0.0
1.0,-0.5819109082221985,-1.024238109588623,0.0
1.0,-0.5771692395210266,-1.0269174575805664,0.0
1.0,-0.5704716444015503,-1.0260790586471558,0.0
1.0,-0.5657215714454651,-1.0287055969238281,0.0
1.0,-0.5580925345420837,-1.0260393619537354,0.0
1.0,-0.5514478087425232,-1.0250860452651978,0.0
1.0,-0.5467025637626648,-1.0276246070861816,0.0
1.0,-0.5391520857810974,-1.0248311758041382,0.0
1.0,-0.5344080924987793,-1.027312994003296,0.0
1.0,-0.5278232097625732,-1.0262157917022705,0.0
1.0,-0.520353376865387,-1.02329683303833,0.0
1.0,-0.5156167149543762,-1.0256916284561157,0.0
1.0,-0.5090890526771545,-1.0244824886322021,0.0
1.0,-0.5043470859527588,-1.0268253087997437,0.0
1.0,-0.49784740805625916,-1.0255476236343384,0.0
1.0,-0.4931006133556366,-1.0278383493423462,0.0
1.0,-0.48662978410720825,-1.0264928340911865,0.0
1.0,-0.4793335795402527,-1.0232982635498047,0.0
1.0,-0.47459736466407776,-1.025503396987915,0.0
1.0,-0.46735620498657227,-1.0222299098968506,0.0
1.0,-0.46262505650520325,-1.0243797302246094,0.0
1.0,-0.4570693075656891,-1.0246812105178833,0.0
1.0,-0.4507143795490265,-1.023123025894165,0.0
1.0,-0.4459792673587799,-1.025195837020874,0.0
1.0,-0.43965595960617065,-1.023571491241455,0.0
1.0,-0.43491891026496887,-1.0255931615829468,0.0
1.0,-0.42862799763679504,-1.0239033699035645,0.0
1.0,-0.42236196994781494,-1.0221772193908691,0.0
1.0,-0.4176315367221832,-1.0241190195083618,0.0
1.0,-0.41214555501937866,-1.0241835117340088,0.0
1.0,-0.4074059724807739,-1.0260781049728394,0.0
1.0,-0.4011988043785095,-1.0242263078689575,0.0
1.0,-0.39573830366134644,-1.0242047309875488,0.0
1.0,-0.3909987807273865,-1.0260233879089355,0.0
1.0,-0.38554733991622925,-1.02594792842865,0.0
1.0,-0.38079988956451416,-1.027719497680664,0.0
1.0,-0.37604427337646484,-1.0294691324234009,0.0
1.0,-0.37128064036369324,-1.0311967134475708,0.0
1.0,-0.36584025621414185,-1.0310174226760864,0.0
1.0,-0.3604094982147217,-1.0308098793029785,0.0
1.0,-0.35563981533050537,-1.0324652194976807,0.0
1.0,-0.3495773673057556,-1.0303105115890503,0.0
1.0,-0.3448100984096527,-1.0319157838821411,0.0
1.0,-0.3387853503227234,-1.0296992063522339,0.0
1.0,-0.3334047794342041,-1.029351830482483,0.0
1.0,-0.3286421298980713,-1.0308823585510254,0.0
1.0,-0.3226751387119293,-1.0285741090774536,0.0
1.0,-0.31791621446609497,-1.0300549268722534,0.0
1.0,-0.3125694990158081,-1.0296000242233276,0.0
1.0,-0.3078059256076813,-1.0310341119766235,0.0
1.0,-0.3024725317955017,-1.0305272340774536,0.0
1.0,-0.29659605026245117,-1.028071403503418,0.0
1.0,-0.29183971881866455,-1.029431700706482,0.0
1.0,-0.28654053807258606,-1.0288432836532593,0.0
1.0,-0.28125306963920593,-1.0282279253005981,0.0
1.0,-0.27649617195129395,-1.0295172929763794,0.0
1.0,-0.270713746547699,-1.0269168615341187,0.0
1.0,-0.26596304774284363,-1.0281574726104736,0.0
1.0,-0.26071470975875854,-1.027437448501587,0.0
1.0,-0.25596168637275696,-1.0286318063735962,0.0
1.0,-0.2507292628288269,-1.02786123752594,0.0
1.0,-0.24550941586494446,-1.027064323425293,0.0
1.0,-0.2407582849264145,-1.0281884670257568,0.0
1.0,-0.23555505275726318,-1.0273411273956299,0.0
1.0,-0.2308027595281601,-1.0284192562103271,0.0
1.0,-0.22561660408973694,-1.0275218486785889,0.0
1.0,-0.22044365108013153,-1.0265984535217285,0.0
1.0,-0.21569494903087616,-1.027606725692749,0.0
1.0,-0.21053984761238098,-1.0266337394714355,0.0
1.0,-0.20579108595848083,-1.0275962352752686,0.0
1.0,-0.2006542831659317,-1.026573896408081,0.0
1.0,-0.19553132355213165,-1.0255260467529297,0.0
1.0,-0.19078783690929413,-1.0264190435409546,0.0
1.0,-0.18568389117717743,-1.0253221988677979,0.0
1.0,-0.18094146251678467,-1.026169776916504,0.0
1.0,-0.17585696280002594,-1.0250240564346313,0.0
1.0,-0.17111600935459137,-1.025826096534729,0.0
1.0,-0.1660514622926712,-1.0246320962905884,0.0
1.0,-0.16100162267684937,-1.0234131813049316,0.0
1.0,-0.15626828372478485,-1.024146556854248,0.0
1.0,-0.1512390822172165,-1.022879719734192,0.0
1.0,-0.14650830626487732,-1.0235679149627686,0.0
1.0,-0.14177440106868744,-1.024234414100647,0.0
1.0,-0.13677239418029785,-1.0228965282440186,0.0
1.0,-0.13204170763492584,-1.0235178470611572,0.0
1.0,-0.12706147134304047,-1.0221327543258667,0.0
1.0,-0.12233441323041916,-1.0227092504501343,0.0
1.0,-0.11760473996400833,-1.023263931274414,0.0
1.0,-0.11287254840135574,-1.0237966775894165,0.0
1.0,-0.10792797803878784,-1.022318720817566,0.0
1.0,-0.1029994860291481,-1.0208169221878052,0.0
1.0,-0.09827876836061478,-1.0212821960449219,0.0
1.0,-0.09355594962835312,-1.0217256546020508,0.0
1.0,-0.08883113414049149,-1.022147297859192,0.0
1.0,-0.08410441875457764,-1.0225470066070557,0.0
1.0,-0.07937590032815933,-1.0229250192642212,0.0
1.0,-0.07464569061994553,-1.0232809782028198,0.0
1.0,-0.06991388648748398,-1.0236152410507202,0.0
1.0,-0.06518058478832245,-1.0239274501800537,0.0
1.0,-0.060445886105298996,-1.024217963218689,0.0
1.0,-0.055709902197122574,-1.0244864225387573,0.0
1.0,-0.050972722470760345,-1.024733066558838,0.0
1.0,-0.046234454959630966,-1.0249577760696411,0.0
1.0,-0.041495200246572495,-1.025160551071167,0.0
1.0,-0.03668341040611267,-1.0233427286148071,0.0
1.0,-0.031951725482940674,-1.0235013961791992,0.0
1.0,-0.02721935510635376,-1.0236382484436035,0.0
1.0,-0.02244248241186142,-1.0217535495758057,0.0
1.0,-0.017718294635415077,-1.0218462944030762,0.0
1.0,-0.012993729673326015,-1.0219173431396484,0.0
1.0,-0.008268886245787144,-1.0219664573669434,0.0
1.0,-0.0035438663326203823,-1.0219937562942505,0.0
1.0,0.0011812294833362103,-1.0219992399215698,0.0
1.0,0.005906300153583288,-1.0219829082489014,0.0
1.0,0.010631244629621506,-1.0219446420669556,0.0
1.0,0.01535596139729023,-1.021884560585022,0.0
1.0,0.02008035033941269,-1.0218026638031006,0.0
1.0,0.024804310873150826,-1.0216989517211914,0.0
1.0,0.029527738690376282,-1.0215733051300049,0.0
1.0,0.03425053879618645,-1.0214258432388306,0.0
1.0,0.038972605019807816,-1.0212565660476685,0.0
1.0,0.04369383677840233,-1.0210654735565186,0.0
1.0,0.048414137214422226,-1.0208525657653809,0.0
1.0,0.05313339829444885,-1.0206178426742554,0.0
1.0,0.05785152688622475,-1.020361304283142,0.0
1.0,0.06256841868162155,-1.0200828313827515,0.0
1.0,0.06741565465927124,-1.0217784643173218,0.0
1.0,0.07213899493217468,-1.0214558839797974,0.0
1.0,0.07686079293489456,-1.0211113691329956,0.0
1.0,0.08158095180988312,-1.0207451581954956,0.0
1.0,0.0862993597984314,-1.0203570127487183,0.0
1.0,0.09101593494415283,-1.0199471712112427,0.0
1.0,0.09573055803775787,-1.0195153951644897,0.0
1.0,0.10044313222169876,-1.0190619230270386,0.0
1.0,0.10515356063842773,-1.0185866355895996,0.0
1.0,0.10986173897981644,-1.0180896520614624,0.0
1.0,0.11479133367538452,-1.0195581912994385,0.0
1.0,0.11950390785932541,-1.0190166234970093,0.0
1.0,0.12421392649412155,-1.0184532403945923,0.0
1.0,0.1289212852716446,-1.0178680419921875,0.0
1.0,0.13362589478492737,-1.0172611474990845,0.0
1.0,0.1385972797870636,-1.0186141729354858,0.0
1.0,0.1433052271604538,-1.0179624557495117,0.0
1.0,0.14801011979579926,-1.0172890424728394,0.0
1.0,0.15271183848381042,-1.0165938138961792,0.0
1.0,0.15741030871868134,-1.0158770084381104,0.0
1.0,0.16210539638996124,-1.0151383876800537,0.0
1.0,0.16679702699184418,-1.0143779516220093,0.0
1.0,0.17181871831417084,-1.0155678987503052,0.0
1.0,0.1765122264623642,-1.0147627592086792,0.0
1.0,0.1812019646167755,-1.0139358043670654,0.0
1.0,0.18588782846927643,-1.0130871534347534,0.0
1.0,0.1909397542476654,-1.0141823291778564,0.0
1.0,0.19638492166996002,-1.0172163248062134,0.0
1.0,0.20108579099178314,-1.016297459602356,0.0
1.0,0.20617961883544922,-1.0173170566558838,0.0
1.0,0.210880845785141,-1.016352891921997,0.0
1.0,0.21557757258415222,-1.015367031097412,0.0
1.0,0.22026969492435455,-1.014359474182129,0.0
1.0,0.22495709359645844,-1.013330340385437,0.0
1.0,0.23008215427398682,-1.0142297744750977,0.0
1.0,0.23476886749267578,-1.013155221939087,0.0
1.0,0.2399110496044159,-1.0140053033828735,0.0
1.0,0.24459661543369293,-1.012885332107544,0.0
1.0,0.25023385882377625,-1.015627384185791,0.0
1.0,0.25590163469314575,-1.018338918685913,0.0
1.0,0.2606070637702942,-1.0171449184417725,0.0
1.0,0.26530691981315613,-1.0159292221069336,0.0
1.0,0.2700011134147644,-1.014691710472107,0.0
1.0,0.27521276473999023,-1.0153629779815674,0.0
1.0,0.28096848726272583,-1.0179355144500732,0.0
1.0,0.28567177057266235,-1.0166256427764893,0.0
1.0,0.29091888666152954,-1.0172168016433716,0.0
1.0,0.29561877250671387,-1.015860915184021,0.0
1.0,0.3003123104572296,-1.0144833326339722,0.0
1.0,0.304999440908432,-1.013084053993225,0.0
1.0,0.3096800446510315,-1.0116630792617798,0.0
1.0,0.31494826078414917,-1.0121301412582397,0.0
1.0,0.3196243345737457,-1.0106632709503174,0.0
1.0,0.32551735639572144,-1.012982964515686,0.0
1.0,0.330197274684906,-1.0114670991897583,0.0
1.0,0.3361290395259857,-1.0137263536453247,0.0
1.0,0.3420887589454651,-1.015952467918396,0.0
1.0,0.34678223729133606,-1.014359951019287,0.0
1.0,0.35212400555610657,-1.0146352052688599,0.0
1.0,0.3568112850189209,-1.0129964351654053,0.0
1.0,0.36216408014297485,-1.0132192373275757,0.0
1.0,0.36684468388557434,-1.0115339756011963,0.0
1.0,0.3728986084461212,-1.0135811567306519,0.0
1.0,0.37827998399734497,-1.0137200355529785,0.0
1.0,0.38296276330947876,-1.0119602680206299,0.0
1.0,0.3883538544178009,-1.0120460987091064,0.0
1.0,0.39302876591682434,-1.0102397203445435,0.0
1.0,0.3984290063381195,-1.0102723836898804,0.0
1.0,0.40309563279151917,-1.0084195137023926,0.0
1.0,0.4092555046081543,-1.0102524757385254,0.0
1.0,0.41620033979415894,-1.0139000415802002,0.0
1.0,0.42088353633880615,-1.0119649171829224,0.0
1.0,0.42633432149887085,-1.0118513107299805,0.0
1.0,0.43100792169570923,-1.0098694562911987,0.0
1.0,0.4372594654560089,-1.0115375518798828,0.0
1.0,0.44353556632995605,-1.013169288635254,0.0
1.0,0.4482150971889496,-1.0111078023910522,0.0
1.0,0.4553419351577759,-1.0144987106323242,0.0
1.0,0.4600274860858917,-1.0123826265335083,0.0
1.0,0.46553897857666016,-1.0120619535446167,0.0
1.0,0.47105735540390015,-1.0117119550704956,0.0
1.0,0.4757298529148102,-1.0095232725143433,0.0
1.0,0.4821139872074127,-1.0109233856201172,0.0
1.0,0.4867826998233795,-1.0086835622787476,0.0
1.0,0.494073748588562,-1.0118138790130615,0.0
1.0,0.49874645471572876,-1.0095187425613403,0.0
1.0,0.5060909390449524,-1.0125689506530762,0.0
1.0,0.5125718712806702,-1.0137879848480225,0.0
1.0,0.5172535181045532,-1.0114073753356934,0.0
1.0,0.5237618684768677,-1.012557864189148,0.0
1.0,0.5284376740455627,-1.0101255178451538,0.0
1.0,0.5340374708175659,-1.0094393491744995,0.0
1.0,0.5386987924575806,-1.0069595575332642,0.0
1.0,0.5462033152580261,-1.0097355842590332,0.0
1.0,0.5537449717521667,-1.0124636888504028,0.0
1.0,0.5584200620651245,-1.0098927021026611,0.0
1.0,0.5660107731819153,-1.0125372409820557,0.0
1.0,0.5706861019134521,-1.0099095106124878,0.0
1.0,0.5773331522941589,-1.0107336044311523,0.0
1.0,0.5839999318122864,-1.0115176439285278,0.0
1.0,0.5886703133583069,-1.008806824684143,0.0
1.0,0.5953601002693176,-1.0095199346542358,0.0
1.0,0.6000211238861084,-1.0067565441131592,0.0
1.0,0.6077648997306824,-1.0091114044189453,0.0
1.0,0.6124238967895508,-1.0062906742095947,0.0
1.0,0.6191651225090027,-1.006855845451355,0.0
1.0,0.6259245872497559,-1.0073798894882202,0.0
1.0,0.63057541847229,-1.0044753551483154,0.0
1.0,0.6405686736106873,-1.0099939107894897,0.0
1.0,0.6452313661575317,-1.0070215463638306,0.0
1.0,0.6531406044960022,-1.0090645551681519,0.0
1.0,0.6577989459037781,-1.0060341358184814,0.0
1.0,0.6657498478889465,-1.0079885721206665,0.0
1.0,0.6726229190826416,-1.0082273483276367,0.0
1.0,0.677277147769928,-1.005106806755066,0.0
1.0,0.6841674447059631,-1.005271553993225,0.0
1.0,0.6888078451156616,-1.0020976066589355,0.0
1.0,0.6979956030845642,-1.0054740905761719,0.0
1.0,0.7072292566299438,-1.0087867975234985,0.0
1.0,0.7118856906890869,-1.005506157875061,0.0
1.0,0.7200165390968323,-1.0070850849151611,0.0
1.0,0.7246649265289307,-1.003745436668396,0.0
1.0,0.7328324317932129,-1.005232572555542,0.0
1.0,0.7374721169471741,-1.0018336772918701,0.0
1.0,0.7468684315681458,-1.0048340559005737,0.0
1.0,0.7551077008247375,-1.0061691999435425,0.0
1.0,0.7597514986991882,-1.0026673078536987,0.0
1.0,0.7692400217056274,-1.0054978132247925,0.0
1.0,0.7738806009292603,-1.001930594444275,0.0
1.0,0.784653902053833,-1.006227731704712,0.0
1.0,0.7892976999282837,-1.002589225769043,0.0
1.0,0.7976577281951904,-1.0036264657974243,0.0
1.0,0.8072958588600159,-1.0061676502227783,0.0
1.0,0.8119391202926636,-1.0024244785308838,0.0
1.0,0.8228949904441833,-1.0064014196395874,0.0
1.0,0.8275391459465027,-1.002586007118225,0.0
1.0,0.8385668992996216,-1.006432056427002,0.0
1.0,0.8432110548019409,-1.0025442838668823,0.0
1.0,0.8530148267745972,-1.0047335624694824,0.0
1.0,0.8615553379058838,-1.0053349733352661,0.0
1.0,0.8661941289901733,-1.0013409852981567,0.0
1.0,0.8773915767669678,-1.004858136177063,0.0
1.0,0.8820280432701111,-1.0007909536361694,0.0
1.0,0.8932921886444092,-1.004173755645752,0.0
1.0,0.9032701253890991,-1.0059856176376343,0.0
1.0,0.907911479473114,-1.0017987489700317,0.0
1.0,0.9192829728126526,-1.0049690008163452,0.0
1.0,0.9239194989204407,-1.0007081031799316,0.0
1.0,0.9367172122001648,-1.0052047967910767,0.0
1.0,0.9413546323776245,-1.0008633136749268,0.0
1.0,0.952856719493866,-1.0037529468536377,0.0
1.0,0.9671728610992432,-1.0094456672668457,0.0
1.0,0.9718295335769653,-1.0049632787704468,0.0
1.0,0.9890379905700684,-1.013340950012207,0.0
1.0,0.9937124848365784,-1.0087573528289795,0.0
1.0,1.0096467733383179,-1.0154986381530762,0.0
1.0,1.0270808935165405,-1.0235257148742676,0.0
1.0,1.0318020582199097,-1.018766164779663,0.0
1.0,1.0550867319107056,-1.032166600227356,0.0
1.0,1.0598474740982056,-1.0272775888442993,0.0
1.0,1.0790109634399414,-1.0362197160720825,0.0
1.0,1.0837903022766113,-1.0312199592590332,0.0
1.0,1.1030992269515991,-1.0399174690246582,0.0
1.0,1.1239728927612305,-1.04982328414917,0.0
1.0,1.1288145780563354,-1.0446155071258545,0.0
1.0,1.1513222455978394,-1.0556046962738037,0.0
1.0,1.1561903953552246,-1.050270438194275,0.0
1.0,1.1773864030838013,-1.0596307516098022,0.0
1.0,1.1822727918624878,-1.0541759729385376,0.0
1.0,1.2036219835281372,-1.0632637739181519,0.0
1.0,1.2085249423980713,-1.0576876401901245,0.0
1.0,1.2315351963043213,-1.0678112506866455,0.0
1.0,1.2561815977096558,-1.0790475606918335,0.0
1.0,1.2611570358276367,-1.0732282400131226,0.0
1.0,1.2859840393066406,-1.0841444730758667,0.0
1.0,1.2909826040267944,-1.078187346458435,0.0
1.0,1.1616809368133545,-0.9521036148071289,0.0
1.0,1.1660704612731934,-0.9467225670814514,0.0
1.0,1.1704350709915161,-0.9413212537765503,0.0
1.0,1.1747746467590332,-0.9358998537063599,0.0
1.0,1.2010693550109863,-0.9478038549423218,0.0
1.0,1.2054386138916016,-0.9422407746315002,0.0
1.0,1.2097821235656738,-0.9366574883460999,0.0
1.0,1.2363184690475464,-0.9480931162834167,0.0
1.0,1.240688681602478,-0.9423670172691345,0.0
1.0,1.267407774925232,-0.9534534811973572,0.0
1.0,1.271802306175232,-0.9475836157798767,0.0
1.0,1.2986998558044434,-0.9583185911178589,0.0
1.0,1.33218252658844,-0.9735449552536011,0.0
1.0,1.3366693258285522,-0.9673753380775452,0.0
1.0,1.3703885078430176,-0.9821563959121704,0.0
1.0,1.3749147653579712,-0.9758101105690002,0.0
1.0,1.4023200273513794,-0.9855428338050842,0.0
1.0,1.4068615436553955,-0.9790488481521606,0.0
1.0,1.4360761642456055,-0.989556074142456,0.0
1.0,1.465417504310608,-0.9998138546943665,0.0
1.0,1.4700243473052979,-0.9930279850959778,0.0
1.0,1.4945491552352905,-0.9995632171630859,0.0
1.0,1.4991545677185059,-0.9926426410675049,0.0
1.0,1.5221272706985474,-0.9977617859840393,0.0
1.0,1.526724100112915,-0.9907137751579285,0.0
1.0,1.551481008529663,-0.9966156482696533,0.0
1.0,1.5661983489990234,-0.9958707094192505,0.0
1.0,1.5707858800888062,-0.9886189699172974,0.0
1.0,1.5770374536514282,-0.9824036359786987,0.0
1.0,1.5815626382827759,-0.975101888179779,0.0
1.0,1.5775176286697388,-0.9625706076622009,0.0
1.0,1.571678638458252,-0.949063777923584,0.0
1.0,1.5760496854782104,-0.9417871832847595,0.0
1.0,1.5735008716583252,-0.9304186105728149,0.0
1.0,1.5777857303619385,-0.9231337904930115,0.0
1.0,1.5768442153930664,-0.9128232598304749,0.0
1.0,1.581047773361206,-0.9055231213569641,0.0
1.0,1.5869574546813965,-0.8991896510124207,0.0
1.0,1.603310227394104,-0.8986882567405701,0.0
1.0,1.6074481010437012,-0.8912659287452698,0.0
1.0,1.6273337602615356,-0.8924800753593445,0.0
1.0,1.631442666053772,-0.8849467635154724,0.0
1.0,1.6513783931732178,-0.8859037160873413,0.0
1.0,1.669590711593628,-0.8857578039169312,0.0
1.0,1.6736680269241333,-0.8780292272567749,0.0
1.0,1.6901371479034424,-0.8767284154891968,0.0
1.0,1.6941725015640259,-0.8689048886299133,0.0
1.0,1.4689751863479614,-0.7110103964805603,0.0
1.0,1.472246766090393,-0.7042111754417419,0.0
1.0,1.4754868745803833,-0.6973968744277954,0.0
1.0,1.4786953926086426,-0.690567672252655,0.0
1.0,1.4982165098190308,-0.691264808177948,0.0
1.0,1.5013965368270874,-0.6843306422233582,0.0
1.0,1.5045443773269653,-0.6773818135261536,0.0
1.0,1.5222798585891724,-0.6769195199012756,0.0
1.0,1.5253932476043701,-0.6698742508888245,0.0
1.0,1.5431532859802246,-0.6691802144050598,0.0
1.0,1.546230673789978,-0.6620384454727173,0.0
1.0,1.5603280067443848,-0.6595547199249268,0.0
1.0,1.5633606910705566,-0.6523337364196777,0.0
1.0,1.5682092905044556,-0.6458603739738464,0.0
1.0,1.56747305393219,-0.6370969414710999,0.0
1.0,1.5704017877578735,-0.6298431158065796,0.0
1.0,1.5677179098129272,-0.6203681230545044,0.0
1.0,1.5705692768096924,-0.6131133437156677,0.0
1.0,1.5677878856658936,-0.6036893725395203,0.0
1.0,1.5649532079696655,-0.5943043828010559,0.0
1.0,1.5676841735839844,-0.587062656879425,0.0
1.0,1.5647529363632202,-0.5777302384376526,0.0
1.0,1.567407250404358,-0.5704895853996277,0.0
1.0,1.5643805265426636,-0.5612107515335083,0.0
1.0,1.5650728940963745,-0.553305447101593,0.0
1.0,1.567614197731018,-0.5460636019706726,0.0
1.0,1.5663387775421143,-0.5375117659568787,0.0
1.0,1.5688071250915527,-0.5302642583847046,0.0
1.0,1.5655490159988403,-0.521110475063324,0.0
1.0,1.5679415464401245,-0.5138667821884155,0.0
1.0,1.5664938688278198,-0.5053839683532715,0.0
1.0,1.5650012493133545,-0.4969255328178406,0.0
1.0,1.56728196144104,-0.4896846413612366,0.0
1.0,1.5657057762145996,-0.4812580347061157,0.0
1.0,1.5621708631515503,-0.4722777307033539,0.0
1.0,1.5643376111984253,-0.46505019068717957,0.0
1.0,1.5607119798660278,-0.4561295807361603,0.0
1.0,1.5628042221069336,-0.4489089548587799,0.0
1.0,1.5629380941390991,-0.441135436296463,0.0
1.0,1.5649608373641968,-0.4339046776294708,0.0
1.0,1.5630908012390137,-0.42561376094818115,0.0
1.0,1.5611776113510132,-0.4173494279384613,0.0
1.0,1.5630905628204346,-0.41012707352638245,0.0
1.0,1.56109619140625,-0.40189865231513977,0.0
1.0,1.562937617301941,-0.3946768343448639,0.0
1.0,1.5569802522659302,-0.3855237364768982,0.0
1.0,1.5451409816741943,-0.3750191032886505,0.0
1.0,1.546858310699463,-0.36787131428718567,0.0
1.0,1.5485426187515259,-0.36071568727493286,0.0
1.0,1.5501937866210938,-0.35355234146118164,0.0
1.0,1.5801610946655273,-0.15759192407131195,0.0
1.0,1.5808727741241455,-0.1502845734357834,0.0
1.0,1.5815507173538208,-0.14297400414943695,0.0
1.0,1.5821948051452637,-0.13566038012504578,0.0
1.0,1.5668574571609497,-0.1270507127046585,0.0
1.0,1.5674281120300293,-0.11980518698692322,0.0
1.0,1.5599857568740845,-0.11198429018259048,0.0
1.0,1.5604867935180664,-0.10477069765329361,0.0
1.0,1.5549662113189697,-0.09718061238527298,0.0
1.0,1.5553988218307495,-0.08999038487672806,0.0
1.0,1.5557982921600342,-0.08279823511838913,0.0
1.0,1.5621575117111206,-0.07589548081159592,0.0
1.0,1.5624916553497314,-0.06867223232984543,0.0
1.0,1.572784662246704,-0.06184040382504463,0.0
1.0,1.5730538368225098,-0.05456817150115967,0.0
1.0,1.5812857151031494,-0.047535158693790436,0.0
1.0,1.589486002922058,-0.04042718559503555,0.0
1.0,1.589655876159668,-0.033077966421842575,0.0
1.0,1.6017903089523315,-0.02592221461236477,0.0
1.0,1.6018929481506348,-0.018516264855861664,0.0
1.0,1.613961100578308,-0.011193138547241688,0.0
1.0,1.6219956874847412,-0.0037495694123208523,0.0
1.0,1.6219956874847412,0.0037495605647563934,0.0
1.0,1.6319607496261597,0.011317960917949677,0.0
1.0,1.6318910121917725,0.018863001838326454,0.0
1.0,1.643784761428833,0.026601815596222878,0.0
1.0,1.6436442136764526,0.03420136123895645,0.0
1.0,1.6534652709960938,0.042054433375597,0.0
1.0,1.6652477979660034,0.05005913972854614,0.0
1.0,1.6649985313415527,0.0577576644718647,0.0
1.0,1.6727075576782227,0.065769262611866,0.0
1.0,1.672385573387146,0.07350210845470428,0.0
1.0,1.439491629600525,0.23157617449760437,0.0
1.0,1.4384056329727173,0.23822900652885437,0.0
1.0,1.4372888803482056,0.24487674236297607,0.0
1.0,1.4361413717269897,0.25151923298835754,0.0
1.0,1.4443050622940063,0.27364781498908997,0.0
1.0,1.4430243968963623,0.28032243251800537,0.0
1.0,1.4417129755020142,0.28699108958244324,0.0
1.0,1.4403706789016724,0.29365360736846924,0.0
1.0,1.452702283859253,0.3031699061393738,0.0
1.0,1.4649765491485596,0.31280648708343506,0.0
1.0,1.4635146856307983,0.3195762634277344,0.0
1.0,1.4737331867218018,0.32895341515541077,0.0
1.0,1.4721965789794922,0.33576351404190063,0.0
1.0,1.48426353931427,0.3457425832748413,0.0
1.0,1.4982149600982666,0.35630300641059875,0.0
1.0,1.4965516328811646,0.3632260262966156,0.0
1.0,1.5123286247253418,0.3744675815105438,0.0
1.0,1.510581135749817,0.3814556300640106,0.0
1.0,1.533980369567871,0.3949177861213684,0.0
1.0,1.5321382284164429,0.40200570225715637,0.0
1.0,1.555381178855896,0.4157998561859131,0.0
1.0,1.5727394819259644,0.42824098467826843,0.0
1.0,1.5707428455352783,0.43550777435302734,0.0
1.0,1.584110975265503,0.44711142778396606,0.0
1.0,1.5820268392562866,0.45443058013916016,0.0
1.0,1.5952664613723755,0.4662283658981323,0.0
1.0,1.5930938720703125,0.4735988974571228,0.0
1.0,1.6062026023864746,0.48558947443962097,0.0
1.0,1.617322564125061,0.49712368845939636,0.0
1.0,1.6150068044662476,0.5045958757400513,0.0
1.0,1.6260000467300415,0.5162941217422485,0.0
1.0,1.6235957145690918,0.5238062143325806,0.0
1.0,1.6344603300094604,0.5356671810150146,0.0
1.0,1.6452497243881226,0.5476397275924683,0.0
1.0,1.6427001953125,0.5552404522895813,0.0
1.0,1.6533576250076294,0.567373514175415,0.0
1.0,1.650716781616211,0.5750115513801575,0.0
1.0,1.659354329109192,0.5866370797157288,0.0
1.0,1.656624436378479,0.5943025946617126,0.0
1.0,1.44148850440979,0.5246589183807373,0.0
1.0,1.4390474557876587,0.5313178300857544,0.0
1.0,1.4365755319595337,0.5379654169082642,0.0
1.0,1.4340729713439941,0.5446015000343323,0.0
1.0,1.4464709758758545,0.5569753050804138,0.0
1.0,1.4438804388046265,0.5636569261550903,0.0
1.0,1.4561365842819214,0.5762137770652771,0.0
1.0,1.4534568786621094,0.582939863204956,0.0
1.0,1.467421531677246,0.5964311361312866,0.0
1.0,1.4646482467651367,0.6032091975212097,0.0
1.0,1.4766099452972412,0.6161357760429382,0.0
1.0,1.492167353630066,0.6307430267333984,0.0
1.0,1.4892351627349854,0.6376351118087769,0.0
1.0,1.5046203136444092,0.6524705290794373,0.0
1.0,1.5015875101089478,0.6594200134277344,0.0
1.0,1.516797423362732,0.6744816303253174,0.0
1.0,1.5136628150939941,0.6814871430397034,0.0
1.0,1.525054931640625,0.695114016532898,0.0
1.0,1.5290889739990234,0.7055090665817261,0.0
1.0,1.525810718536377,0.7125710844993591,0.0
1.0,1.5279245376586914,0.7221818566322327,0.0
1.0,1.5245693922042847,0.7292382717132568,0.0
1.0,1.52658212184906,0.7388931512832642,0.0
1.0,1.5285381078720093,0.748582124710083,0.0
1.0,1.525060772895813,0.7556411623954773,0.0
1.0,1.5269147157669067,0.765372633934021,0.0
1.0,1.523359775543213,0.7724239230155945,0.0
1.0,1.5251110792160034,0.7821969389915466,0.0
1.0,1.5214784145355225,0.7892397046089172,0.0
1.0,1.523126482963562,0.7990530729293823,0.0
1.0,1.5264829397201538,0.8098357319831848,0.0
1.0,1.5227224826812744,0.8168845772743225,0.0
1.0,1.5242034196853638,0.8267767429351807,0.0
1.0,1.5203646421432495,0.8338148593902588,0.0
1.0,1.5199916362762451,0.8427748680114746,0.0
1.0,1.5160789489746094,0.8497933149337769,0.0
1.0,1.5121338367462158,0.8567936420440674,0.0
1.0,1.5046852827072144,0.8617876172065735,0.0
1.0,1.5006848573684692,0.868735134601593,0.0
1.0,1.4776637554168701,0.8645541667938232,0.0
1.0,1.258404016494751,1.1220585107803345,0.0
1.0,1.2532029151916504,1.1278645992279053,0.0
1.0,1.2479749917984009,1.1336464881896973,0.0
1.0,1.242720365524292,1.139404296875,0.0
1.0,1.2271639108657837,1.1356288194656372,0.0
1.0,1.2219003438949585,1.141290307044983,0.0
1.0,1.2166106700897217,1.1469274759292603,0.0
1.0,1.2112950086593628,1.1525399684906006,0.0
1.0,1.200183391571045,1.1525866985321045,0.0
1.0,1.1905333995819092,1.1539472341537476,0.0
1.0,1.185185432434082,1.159439206123352,0.0
1.0,1.1755427122116089,1.1606907844543457,0.0
1.0,1.170163869857788,1.1661133766174316,0.0
1.0,1.1548892259597778,1.1615829467773438,0.0
1.0,1.1368744373321533,1.1540868282318115,0.0
1.0,1.1315265893936157,1.1593307256698608,0.0
1.0,0.9472625255584717,1.2993682622909546,0.0
1.0,0.9412449598312378,1.3037339448928833,0.0
1.0,0.9352072477340698,1.3080717325210571,0.0
1.0,0.9291495680809021,1.3123815059661865,0.0
1.0,0.9184795618057251,1.310112714767456,0.0
1.0,0.9124126434326172,1.3143452405929565,0.0
1.0,0.9029273986816406,1.3136049509048462,0.0
1.0,0.8968445062637329,1.317765474319458,0.0
1.0,0.8907423615455627,1.3218978643417358,0.0
1.0,0.8835113048553467,1.3243381977081299,0.0
1.0,0.8773789405822754,1.3284088373184204,0.0
1.0,0.8701333403587341,1.3307772874832153,0.0
1.0,0.8639713525772095,1.3347859382629395,0.0
1.0,0.8567119836807251,1.3370821475982666,0.0
1.0,0.8505209684371948,1.3410288095474243,0.0
1.0,0.8443118333816528,1.3449467420578003,0.0
1.0,0.8370290398597717,1.3471370935440063,0.0
1.0,0.8307917714118958,1.3509925603866577,0.0
1.0,0.8245367407798767,1.3548191785812378,0.0
1.0,0.8182640671730042,1.358616828918457,0.0
1.0,0.8119739294052124,1.3623855113983154,0.0
1.0,0.8046504855155945,1.3644022941589355,0.0
1.0,0.7983337640762329,1.3681079149246216,0.0
1.0,0.7919999361038208,1.3717842102050781,0.0
1.0,0.7856492400169373,1.3754312992095947,0.0
1.0,0.7792816758155823,1.3790489435195923,0.0
1.0,0.7728975415229797,1.3826371431350708,0.0
1.0,0.7664967775344849,1.3861957788467407,0.0
1.0,0.7600797414779663,1.3897247314453125,0.0
1.0,0.7536463737487793,1.3932240009307861,0.0
1.0,0.7471969127655029,1.396693468093872,0.0
1.0,0.7416667342185974,1.4019010066986084,0.0
1.0,0.7351773381233215,1.4053149223327637,0.0
1.0,0.7286721467971802,1.4086989164352417,0.0
1.0,0.7221514582633972,1.412052869796753,0.0
1.0,0.4818897247314453,0.9531034827232361,0.0
1.0,0.47747802734375,0.9553212523460388,0.0
1.0,0.4730561077594757,0.9575185775756836,0.0
1.0,0.4651137888431549,0.9525067210197449,0.0
1.0,0.460705041885376,0.9546469449996948,0.0
1.0,0.45370370149612427,0.9513511657714844,0.0
1.0,0.4493004083633423,0.9534386396408081,0.0
1.0,0.443199098110199,0.9518794417381287,0.0
1.0,0.4371218979358673,0.9502844214439392,0.0
1.0,0.4327237010002136,0.9522952437400818,0.0
1.0,0.4266783595085144,0.9506364464759827,0.0
1.0,0.42227864265441895,0.9525989890098572,0.0
1.0,0.41706782579421997,0.9527089595794678,0.0
1.0,0.41186508536338806,0.9527912139892578,0.0
1.0,0.40745556354522705,0.9546852707862854,0.0
1.0,0.4007076323032379,0.9510295987129211,0.0
1.0,0.3963063955307007,0.9528720378875732,0.0
1.0,0.3903777003288269,0.9509938359260559,0.0
1.0,0.38597673177719116,0.9527885317802429,0.0
1.0,0.3800828456878662,0.9508486390113831,0.0
1.0,0.3749488592147827,0.9507350921630859,0.0
1.0,0.3705492615699768,0.9524585008621216,0.0
1.0,0.36470869183540344,0.9504270553588867,0.0
1.0,0.3603106141090393,0.9521030783653259,0.0
1.0,0.35520562529563904,0.9518849849700928,0.0
1.0,0.3494197726249695,0.9497630000114441,0.0
1.0,0.3450249433517456,0.9513683319091797,0.0
1.0,0.3399495482444763,0.9510700702667236,0.0
1.0,0.3355487883090973,0.9526315927505493,0.0
1.0,0.3298293948173523,0.9503939747810364,0.0
1.0,0.3241378664970398,0.9481237530708313,0.0
1.0,0.3197508454322815,0.9496122002601624,0.0
1.0,0.3147275745868683,0.9491820335388184,0.0
1.0,0.31033578515052795,0.9506270289421082,0.0
1.0,0.3053255081176758,0.9501475691795349,0.0
1.0,0.29972323775291443,0.9477351903915405,0.0
1.0,0.29533830285072327,0.9491108059883118,0.0
1.0,0.2903616428375244,0.9485536813735962,0.0
1.0,0.2859730124473572,0.9498860239982605,0.0
1.0,0.28101059794425964,0.9492802619934082,0.0
1.0,0.27661871910095215,0.9505693912506104,0.0
1.0,0.27167096734046936,0.9499151706695557,0.0
1.0,0.2661941647529602,0.9473102688789368,0.0
1.0,0.2618115544319153,0.9485308527946472,0.0
1.0,0.2563769221305847,0.9458704590797424,0.0
1.0,0.25148674845695496,0.9451128840446472,0.0
1.0,0.24711446464061737,0.9462655186653137,0.0
1.0,0.24224050343036652,0.9454604983329773,0.0
1.0,0.23786669969558716,0.9465703368186951,0.0
1.0,0.2334877997636795,0.947659969329834,0.0
1.0,0.2291039228439331,0.948729395866394,0.0
1.0,0.22425465285778046,0.9478321671485901,0.0
1.0,0.21896712481975555,0.9449621438980103,0.0
1.0,0.21459588408470154,0.9459643959999084,0.0
1.0,0.20978659391403198,0.9449939727783203,0.0
1.0,0.2054152935743332,0.9459537863731384,0.0
1.0,0.2006242275238037,0.944936990737915,0.0
1.0,0.19584695994853973,0.9438961744308472,0.0
1.0,0.19148088991641998,0.9447915554046631,0.0
1.0,0.1867225170135498,0.9437047839164734,0.0
1.0,0.18235743045806885,0.9445579648017883,0.0
1.0,0.17761839926242828,0.9434254765510559,0.0
1.0,0.17325468361377716,0.9442366361618042,0.0
1.0,0.16888727247714996,0.9450275301933289,0.0
1.0,0.16417351365089417,0.9438278675079346,0.0
1.0,0.15980809926986694,0.9445767998695374,0.0
1.0,0.15543925762176514,0.945305585861206,0.0
1.0,0.1510670930147171,0.9460141062736511,0.0
1.0,0.14638546109199524,0.9447259902954102,0.0
1.0,0.14171896874904633,0.9434149265289307,0.0
1.0,0.13735570013523102,0.9440600872039795,0.0
1.0,0.13298949599266052,0.9446850419044495,0.0
1.0,0.1286204308271408,0.9452897906303406,0.0
1.0,0.12398815900087357,0.9438914060592651,0.0
1.0,0.11962287127971649,0.944454550743103,0.0
1.0,0.11525502800941467,0.9449975490570068,0.0
1.0,0.11065176874399185,0.9435338973999023,0.0
1.0,0.10628827661275864,0.9440353512763977,0.0
1.0,0.10170794278383255,0.942528247833252,0.0
1.0,0.09734919667243958,0.942988395690918,0.0
1.0,0.09298837184906006,0.9434283971786499,0.0
1.0,0.08862555772066116,0.9438482522964478,0.0
1.0,0.08426084369421005,0.9442479014396667,0.0
1.0,0.07972577959299088,0.9426344633102417,0.0
1.0,0.0753667801618576,0.9429929852485657,0.0
1.0,0.0710061639547348,0.9433313608169556,0.0
1.0,0.06664403527975082,0.9436495900154114,0.0
1.0,0.062280476093292236,0.9439476132392883,0.0
1.0,0.05779314786195755,0.9422292709350586,0.0
1.0,0.05343625321984291,0.9424864053726196,0.0
1.0,0.049078214913606644,0.9427233338356018,0.0
1.0,0.04471912980079651,0.9429401755332947,0.0
1.0,0.04035909101366997,0.9431368708610535,0.0
1.0,0.035998184233903885,0.9433133602142334,0.0
1.0,0.03163651004433632,0.943469762802124,0.0
1.0,0.02727416157722473,0.943605899810791,0.0
1.0,0.022911228239536285,0.9437219500541687,0.0
1.0,0.018508508801460266,0.941818118095398,0.0
1.0,0.014153935015201569,0.9418936371803284,0.0
1.0,0.009799058549106121,0.9419490098953247,0.0
1.0,0.005443972535431385,0.941984236240387,0.0
1.0,0.0010887705720961094,0.9419993162155151,0.0
1.0,-0.0032664549071341753,0.941994309425354,0.0
1.0,-0.007621610537171364,0.9419691562652588,0.0
1.0,-0.011976603418588638,0.9419238567352295,0.0
1.0,-0.01633133925497532,0.9418584108352661,0.0
1.0,-0.020685726776719093,0.9417728185653687,0.0
1.0,-0.0250396728515625,0.9416671395301819,0.0
1.0,-0.029393082484602928,0.941541314125061,0.0
1.0,-0.033745866268873215,0.9413953423500061,0.0
1.0,-0.038178812712430954,0.9432276487350464,0.0
1.0,-0.04253929853439331,0.9430410265922546,0.0
1.0,-0.04689887538552284,0.9428343176841736,0.0
1.0,-0.05125744640827179,0.9426074028015137,0.0
1.0,-0.05549709498882294,0.9403637647628784,0.0
1.0,-0.05984415113925934,0.9400971531867981,0.0
1.0,-0.06418993324041367,0.9398103952407837,0.0
1.0,-0.06867984682321548,0.941498339176178,0.0
1.0,-0.07303201407194138,0.9411707520484924,0.0
1.0,-0.07738261669874191,0.9408230185508728,0.0
1.0,-0.08173156529664993,0.9404551982879639,0.0
1.0,-0.08607876300811768,0.9400672912597656,0.0
1.0,-0.09042412787675858,0.9396592378616333,0.0
1.0,-0.09476755559444427,0.9392311573028564,0.0
1.0,-0.09910895675420761,0.9387829303741455,0.0
1.0,-0.10344824194908142,0.93831467628479,0.0
1.0,-0.10801366716623306,0.9398132562637329,0.0
1.0,-0.11235762387514114,0.9393038749694824,0.0
1.0,-0.11669917404651642,0.9387743473052979,0.0
1.0,-0.12129412591457367,0.940208375453949,0.0
1.0,-0.12563976645469666,0.9396375417709351,0.0
1.0,-0.12998270988464355,0.9390466213226318,0.0
1.0,-0.1343228816986084,0.9384356141090393,0.0
1.0,-0.13866019248962402,0.9378045797348022,0.0
1.0,-0.14329619705677032,0.9391305446624756,0.0
1.0,-0.14763662219047546,0.9384579658508301,0.0
1.0,-0.1519738882780075,0.93776535987854,0.0
1.0,-0.1563078910112381,0.9370527267456055,0.0
1.0,-0.16097676753997803,0.9382912516593933,0.0
1.0,-0.16600769758224487,0.9414761662483215,0.0
1.0,-0.17035871744155884,0.9406986236572266,0.0
1.0,-0.1747061014175415,0.9399009346961975,0.0
1.0,-0.17904974520206451,0.9390831589698792,0.0
1.0,-0.1833895593881607,0.9382452964782715,0.0
1.0,-0.18772545456886292,0.9373874068260193,0.0
1.0,-0.1924591362476349,0.9384686946868896,0.0
1.0,-0.19720681011676788,0.9395262002944946,0.0
1.0,-0.2015484869480133,0.9386043548583984,0.0
1.0,-0.2058858424425125,0.9376624822616577,0.0
1.0,-0.21021881699562073,0.9367005825042725,0.0
1.0,-0.21499426662921906,0.9376680850982666,0.0
1.0,-0.21978312730789185,0.9386113882064819,0.0
1.0,-0.2241203337907791,0.9375852346420288,0.0
1.0,-0.22892671823501587,0.9384820461273193,0.0
1.0,-0.23326322436332703,0.9374136328697205,0.0
1.0,-0.23808665573596954,0.9382636547088623,0.0
1.0,-0.24242204427719116,0.9371528625488281,0.0
1.0,-0.24726209044456482,0.9379560351371765,0.0
1.0,-0.2521147131919861,0.9387343525886536,0.0
1.0,-0.25645214319229126,0.9375587105751038,0.0
1.0,-0.26132068037986755,0.9382896423339844,0.0
1.0,-0.2656559348106384,0.9370714426040649,0.0
1.0,-0.27053990960121155,0.9377548694610596,0.0
1.0,-0.2754358649253845,0.9384130239486694,0.0
1.0,-0.2797715663909912,0.937129557132721,0.0
1.0,-0.2846822738647461,0.9377398490905762,0.0
1.0,-0.2890147566795349,0.9364136457443237,0.0
1.0,-0.2939396798610687,0.9369757175445557,0.0
1.0,-0.29826852679252625,0.9356066584587097,0.0
1.0,-0.30320730805397034,0.9361203908920288,0.0
1.0,-0.3087821900844574,0.938508152961731,0.0
1.0,-0.31311798095703125,0.9370704889297485,0.0
1.0,-0.31808966398239136,0.9375067949295044,0.0
1.0,-0.32242071628570557,0.9360260963439941,0.0
1.0,-0.3274049460887909,0.9364133477210999,0.0
1.0,-0.33173084259033203,0.9348896145820618,0.0
1.0,-0.33672717213630676,0.9352276921272278,0.0
1.0,-0.3417336642742157,0.9355394840240479,0.0
1.0,-0.34605535864830017,0.9339494705200195,0.0
1.0,-0.3510732352733612,0.934211790561676,0.0
1.0,-0.35538870096206665,0.9325786232948303,0.0
1.0,-0.3611381947994232,0.9346566796302795,0.0
1.0,-0.3661850392818451,0.9348392486572266,0.0
1.0,-0.3705032467842102,0.9331362247467041,0.0
1.0,-0.37630683183670044,0.9351241588592529,0.0
1.0,-0.38062623143196106,0.9333743453025818,0.0
1.0,-0.3872288167476654,0.9371499419212341,0.0
1.0,-0.3931020498275757,0.9390392899513245,0.0
1.0,-0.3974393904209137,0.937211811542511,0.0
1.0,-0.40255752205848694,0.9372019171714783,0.0
1.0,-0.4068862497806549,0.9353306889533997,0.0
1.0,-0.41201257705688477,0.9352697730064392,0.0
1.0,-0.41633227467536926,0.933354914188385,0.0
1.0,-0.42146629095077515,0.9332428574562073,0.0
1.0,-0.4266080856323242,0.9331032037734985,0.0
1.0,-0.4309176206588745,0.9311208724975586,0.0
1.0,-0.4369146525859833,0.9327408671379089,0.0
1.0,-0.4412223994731903,0.9307108521461487,0.0
1.0,-0.4481160044670105,0.9340707063674927,0.0
1.0,-0.45242977142333984,0.9319888949394226,0.0
1.0,-0.4584972858428955,0.9334774613380432,0.0
1.0,-0.4645882546901703,0.9349298477172852,0.0
1.0,-0.46890580654144287,0.9327718615531921,0.0
1.0,-0.4759329557418823,0.9359421730041504,0.0
1.0,-0.4802550673484802,0.933731734752655,0.0
1.0,-0.48548996448516846,0.9332757592201233,0.0
1.0,-0.4916619658470154,0.9345611333847046,0.0
1.0,-0.4959775507450104,0.9322779774665833,0.0
1.0,-0.5021774768829346,0.9334975481033325,0.0
1.0,-0.506488025188446,0.9311658143997192,0.0
1.0,-1.1033830642700195,1.963173508644104,0.0
1.0,-1.112447738647461,1.9580512046813965,0.0
1.0,-1.1214886903762817,1.952886939048767,0.0
1.0,-1.1305055618286133,1.9476810693740845,0.0
1.0,-1.143546223640442,1.949333667755127,0.0
1.0,-1.1525465250015259,1.9440258741378784,0.0
1.0,-1.1656336784362793,1.945538878440857,0.0
1.0,-1.1808311939239502,1.9503942728042603,0.0
1.0,-1.1898359060287476,1.9449139833450317,0.0
1.0,-1.203021764755249,1.9461971521377563,0.0
1.0,-1.2120068073272705,1.9406143426895142,0.0
1.0,-1.2273696660995483,1.9451384544372559,0.0
1.0,-1.242800235748291,1.9495619535446167,0.0
1.0,-1.251800537109375,1.9437952041625977,0.0
1.0,-1.267317771911621,1.9480454921722412,0.0
1.0,-1.276310682296753,1.9421653747558594,0.0
1.0,-1.2897008657455444,1.9429091215133667,0.0
1.0,-1.2986699342727661,1.9369255304336548,0.0
1.0,-1.3143398761749268,1.9408366680145264,0.0
1.0,-1.3300734758377075,1.9446439743041992,0.0
1.0,-1.3390501737594604,1.9384738206863403,0.0
1.0,-1.3548640012741089,1.9421039819717407,0.0
1.0,-1.3638285398483276,1.935819149017334,0.0
1.0,-1.379720687866211,1.9392708539962769,0.0
1.0,-1.3956735134124756,1.942616581916809,0.0
1.0,-1.4046399593353271,1.936143159866333,0.0
1.0,-1.420668125152588,1.939308762550354,0.0
1.0,-1.4296190738677979,1.9327197074890137,0.0
1.0,-1.4481137990951538,1.9389086961746216,0.0
1.0,-1.4570626020431519,1.9321928024291992,0.0
1.0,-1.4732495546340942,1.9349831342697144,0.0
1.0,-1.4894933700561523,1.9376649856567383,0.0
1.0,-1.4984359741210938,1.930757761001587,0.0
1.0,-1.5147476196289062,1.9332553148269653,0.0
1.0,-1.5236696004867554,1.9262313842773438,0.0
1.0,-1.5325590372085571,1.9191663265228271,0.0
1.0,-1.526352882385254,1.8933753967285156,0.0
1.0,-1.5350903272628784,1.8862982988357544,0.0
1.0,-1.526021122932434,1.8575456142425537,0.0
1.0,-1.5345929861068726,1.8504704236984253,0.0
1.0,-1.5277262926101685,1.8249528408050537,0.0
1.0,-1.5180751085281372,1.7964832782745361,0.0
1.0,-1.5263646841049194,1.789445400238037,0.0
1.0,-1.5189622640609741,1.7641819715499878,0.0
1.0,-1.5271024703979492,1.7571403980255127,0.0
1.0,-1.5193830728530884,1.732019305229187,0.0
1.0,-1.5273746252059937,1.7249760627746582,0.0
1.0,-1.5220059156417847,1.7029837369918823,0.0
1.0,-1.5164668560028076,1.6810781955718994,0.0
1.0,-1.5242228507995605,1.6740490198135376,0.0
1.0,-1.5157066583633423,1.649312973022461,0.0
1.0,-1.5233159065246582,1.6422876119613647,0.0
1.0,-1.517223834991455,1.6206270456314087,0.0
1.0,-1.5109643936157227,1.5990581512451172,0.0
1.0,-1.518341302871704,1.592055320739746,0.0
1.0,-1.5118157863616943,1.570609211921692,0.0
1.0,-1.5190612077713013,1.5636026859283447,0.0
1.0,-1.5094709396362305,1.5394262075424194,0.0
1.0,-1.502503752708435,1.5182154178619385,0.0
1.0,-1.5095069408416748,1.511252522468567,0.0
1.0,-1.505118489265442,1.4929895401000977,0.0
1.0,-1.512005090713501,1.4860148429870605,0.0
1.0,-1.504530429840088,1.4650554656982422,0.0
1.0,-1.4997735023498535,1.446974754333496,0.0
1.0,-1.5064473152160645,1.4400253295898438,0.0
1.0,-1.5014722347259521,1.422042727470398,0.0
1.0,-1.5080307722091675,1.4150856733322144,0.0
1.0,-1.5013742446899414,1.3958420753479004,0.0
1.0,-1.49604332447052,1.378045678138733,0.0
1.0,-1.5023986101150513,1.3711141347885132,0.0
1.0,-1.4983372688293457,1.3547639846801758,0.0
1.0,-1.504584789276123,1.3478220701217651,0.0
1.0,-1.498833417892456,1.3302308320999146,0.0
1.0,-1.4929519891738892,1.312721848487854,0.0
1.0,-1.4990051984786987,1.3058053255081177,0.0
1.0,-1.4944275617599487,1.289713978767395,0.0
1.0,-1.500374436378479,1.2827908992767334,0.0
1.0,-1.4956063032150269,1.2667919397354126,0.0
1.0,-1.4907225370407104,1.2508646249771118,0.0
1.0,-1.4964898824691772,1.2439590692520142,0.0
1.0,-1.4914177656173706,1.2281274795532227,0.0
1.0,-1.4970799684524536,1.2212189435958862,0.0
1.0,-1.4918208122253418,1.205485224723816,0.0
1.0,-1.4973783493041992,1.1985750198364258,0.0
1.0,-1.493500828742981,1.1841838359832764,0.0
1.0,-1.4879496097564697,1.1686187982559204,0.0
1.0,-1.4933366775512695,1.161726951599121,0.0
1.0,-1.4891862869262695,1.1474859714508057,0.0
1.0,-1.486526370048523,1.134521722793579,0.0
1.0,-1.491755723953247,1.1276367902755737,0.0
1.0,-1.485746145248413,1.1123372316360474,0.0
1.0,-1.4908729791641235,1.1054562330245972,0.0
1.0,-1.484683871269226,1.090265154838562,0.0
1.0,-1.489708662033081,1.083389163017273,0.0
1.0,-1.4849642515182495,1.0694772005081177,0.0
1.0,-1.4801230430603027,1.0556323528289795,0.0
1.0,-1.4849878549575806,1.0487778186798096,0.0
1.0,-1.4799870252609253,1.035023808479309,0.0
1.0,-1.484756588935852,1.0281702280044556,0.0
1.0,-1.481246829032898,1.0156396627426147,0.0
1.0,-1.4776531457901,1.0031635761260986,0.0
1.0,-1.482275366783142,0.9963211417198181,0.0
1.0,-1.4768757820129395,0.98280930519104,0.0
1.0,-1.4814038276672363,0.9759706854820251,0.0
1.0,-1.4775242805480957,0.9636483192443848,0.0
1.0,-1.4718823432922363,0.9502978920936584,0.0
1.0,-1.4762601852416992,0.9434826970100403,0.0
1.0,-1.4738457202911377,0.9323703646659851,0.0
1.0,-1.4781407117843628,0.9255462884902954,0.0
1.0,-1.473904013633728,0.913434624671936,0.0
1.0,-1.4695872068405151,0.9013820290565491,0.0
1.0,-1.4737389087677002,0.8945779204368591,0.0
1.0,-1.4692867994308472,0.8826053142547607,0.0
1.0,-1.4733517169952393,0.8758028149604797,0.0
1.0,-1.470489501953125,0.8649256825447083,0.0
1.0,-1.4744726419448853,0.8581178188323975,0.0
1.0,-1.4697582721710205,0.8463016152381897,0.0
1.0,-1.4684420824050903,0.8365274667739868,0.0
1.0,-1.4722938537597656,0.8297293782234192,0.0
1.0,-1.46912682056427,0.8190180659294128,0.0
1.0,-1.4728976488113403,0.8122169971466064,0.0
1.0,-1.4696139097213745,0.8015679121017456,0.0
1.0,-1.4645030498504639,0.7900170683860779,0.0
1.0,-1.468139886856079,0.7832376956939697,0.0
1.0,-1.4646697044372559,0.7727086544036865,0.0
1.0,-1.4682265520095825,0.7659286856651306,0.0
1.0,-1.4646421670913696,0.755465030670166,0.0
1.0,-1.460992455482483,0.7450509667396545,0.0
1.0,-1.4644215106964111,0.7382882833480835,0.0
1.0,-1.462449073791504,0.7288335561752319,0.0
1.0,-1.4658031463623047,0.7220643162727356,0.0
1.0,-1.4637314081192017,0.7126532196998596,0.0
1.0,-1.4579994678497314,0.701542317867279,0.0
1.0,-1.4612274169921875,0.6947939991950989,0.0
1.0,-1.4589935541152954,0.6854793429374695,0.0
1.0,-1.4621471166610718,0.6787264943122864,0.0
1.0,-1.4598156213760376,0.6694580912590027,0.0
1.0,-1.4574298858642578,0.6602258682250977,0.0
1.0,-1.460466742515564,0.653480589389801,0.0
1.0,-1.457984447479248,0.6442961096763611,0.0
1.0,-1.4609476327896118,0.6375483870506287,0.0
1.0,-1.458369493484497,0.6284127235412598,0.0
1.0,-1.4612592458724976,0.6216634511947632,0.0
1.0,-1.4567419290542603,0.6118031144142151,0.0
1.0,-1.4558597803115845,0.603529691696167,0.0
1.0,-1.458634614944458,0.5967922806739807,0.0
1.0,-1.4558147192001343,0.5877957344055176,0.0
1.0,-1.4585167169570923,0.5810586810112,0.0
1.0,-1.4556033611297607,0.5721144080162048,0.0
1.0,-1.4526386260986328,0.5632094740867615,0.0
1.0,-1.455227017402649,0.5564873814582825,0.0
1.0,-1.4521703720092773,0.5476362705230713,0.0
1.0,-1.4546867609024048,0.5409165024757385,0.0
1.0,-1.4515385627746582,0.5321199893951416,0.0
1.0,-1.4502214193344116,0.5240439176559448,0.0
1.0,-1.4526287317276,0.5173333883285522,0.0
1.0,-1.4512306451797485,0.5092872381210327,0.0
1.0,-1.453569769859314,0.502572238445282,0.0
1.0,-1.4501981735229492,0.49391207098960876,0.0
1.0,-1.4467778205871582,0.4852938950061798,0.0
1.0,-1.4490059614181519,0.4785997271537781,0.0
1.0,-1.4473992586135864,0.4706583619117737,0.0
1.0,-1.4495598077774048,0.4639614522457123,0.0
1.0,-1.4478741884231567,0.4560529291629791,0.0
1.0,-1.444236159324646,0.44757789373397827,0.0
1.0,-1.4462900161743164,0.44089585542678833,0.0
1.0,-1.4444814920425415,0.43305572867393494,0.0
1.0,-1.4464682340621948,0.4263727366924286,0.0
1.0,-1.4445819854736328,0.41856738924980164,0.0
1.0,-1.4465017318725586,0.411884069442749,0.0
1.0,-1.4445385932922363,0.40411433577537537,0.0
1.0,-1.440605878829956,0.3958416283130646,0.0
1.0,-1.4424206018447876,0.3891769349575043,0.0
1.0,-1.440337896347046,0.38147982954978943,0.0
1.0,-1.4420862197875977,0.37481653690338135,0.0
1.0,-1.4399276971817017,0.3671569228172302,0.0
1.0,-1.4396694898605347,0.3600104749202728,0.0
1.0,-1.4413186311721802,0.35335052013397217,0.0
1.0,-1.4409922361373901,0.34621575474739075,0.0
1.0,-1.4425774812698364,0.33954980969429016,0.0
1.0,-1.4402341842651367,0.3319781720638275,0.0
1.0,-1.4378516674041748,0.32443544268608093,0.0
1.0,-1.4393362998962402,0.31778424978256226,0.0
1.0,-1.436880350112915,0.31028199195861816,0.0
1.0,-1.438299536705017,0.3036354184150696,0.0
1.0,-1.4377292394638062,0.2965783476829529,0.0
1.0,-1.4390851259231567,0.28992801904678345,0.0
1.0,-1.4384477138519287,0.2828855514526367,0.0
1.0,-1.4358118772506714,0.275478333234787,0.0
1.0,-1.4370701313018799,0.2688370943069458,0.0
1.0,-1.4363301992416382,0.26183146238327026,0.0
1.0,-1.4375253915786743,0.2551879584789276,0.0
1.0,-1.4367189407348633,0.24819853901863098,0.0
1.0,-1.4339064359664917,0.2408907115459442,0.0
1.0,-1.4350048303604126,0.23425865173339844,0.0
1.0,-1.4340972900390625,0.2273084968328476,0.0
1.0,-1.4351328611373901,0.22067570686340332,0.0
1.0,-1.4341596364974976,0.21374337375164032,0.0
1.0,-1.4351325035095215,0.2071104347705841,0.0
1.0,-1.4321130514144897,0.19992002844810486,0.0
1.0,-1.4310400485992432,0.19302935898303986,0.0
1.0,-1.4319171905517578,0.186411052942276,0.0
1.0,-1.4307793378829956,0.1795397698879242,0.0
1.0,-1.4296085834503174,0.172682985663414,0.0
1.0,-1.4303916692733765,0.16607153415679932,0.0
1.0,-1.4291564226150513,0.15923504531383514,0.0
1.0,-1.4298774003982544,0.15262581408023834,0.0
1.0,-1.4285781383514404,0.14581026136875153,0.0
1.0,-1.4292370080947876,0.13920384645462036,0.0
1.0,-1.4298652410507202,0.13259446620941162,0.0
1.0,-1.4284707307815552,0.1258067935705185,0.0
1.0,-1.429037094116211,0.11920109391212463,0.0
1.0,-1.4275791645050049,0.11243581771850586,0.0
1.0,-1.4280837774276733,0.10583438724279404,0.0
1.0,-1.4265625476837158,0.09909209609031677,0.0
1.0,-1.427005410194397,0.09249550849199295,0.0
1.0,-1.4274177551269531,0.08589693903923035,0.0
1.0,-1.4258028268814087,0.07918563485145569,0.0
1.0,-1.4261536598205566,0.07259277254343033,0.0
1.0,-1.424476146697998,0.06590592116117477,0.0
1.0,-1.424765706062317,0.05931933596730232,0.0
1.0,-1.4250247478485107,0.0527314767241478,0.0
1.0,-1.423254370689392,0.04607778042554855,0.0
1.0,-1.4234521389007568,0.039497051388025284,0.0
1.0,-1.4236195087432861,0.03291548043489456,0.0
1.0,-1.4217568635940552,0.0262962207198143,0.0
1.0,-1.421863317489624,0.019722629338502884,0.0
1.0,-1.4219392538070679,0.013148615136742592,0.0
1.0,-1.4219849109649658,0.006574319209903479,0.0
2.0,-1.4199999570846558,1.2414034245011862e-07,0.0
2.0,-1.4199848175048828,-0.006565064657479525,0.0
2.0,-1.4199392795562744,-0.013130112551152706,0.0
2.0,-1.4198633432388306,-0.01969487965106964,0.0
2.0,-1.4197571277618408,-0.026259226724505424,0.0
2.0,-1.4196205139160156,-0.03282301127910614,0.0
2.0,-1.4194536209106445,-0.039386097341775894,0.0
2.0,-1.423254370689392,-0.04607777297496796,0.0
2.0,-1.4230260848999023,-0.052657514810562134,0.0
2.0,-1.424765706062317,-0.059319328516721725,0.0
2.0,-1.424476146697998,-0.06590591371059418,0.0
2.0,-1.420161485671997,-0.07228775322437286,0.0
2.0,-1.4198120832443237,-0.07885292172431946,0.0
2.0,-1.4194324016571045,-0.08541639894247055,0.0
2.0,-1.4190223217010498,-0.0919780507683754,0.0
2.0,-1.4185818433761597,-0.09853773564100266,0.0
2.0,-1.4181110858917236,-0.10509531199932098,0.0
2.0,-1.4176100492477417,-0.11165064573287964,0.0
2.0,-1.4170787334442139,-0.11820358783006668,0.0
2.0,-1.4165170192718506,-0.12475401163101196,0.0
2.0,-1.415925145149231,-0.13130176067352295,0.0
2.0,-1.4172935485839844,-0.13804058730602264,0.0
2.0,-1.4166401624679565,-0.1445917785167694,0.0
2.0,-1.4159564971923828,-0.15113988518714905,0.0
2.0,-1.417230248451233,-0.15790623426437378,0.0
2.0,-1.416485071182251,-0.16445693373680115,0.0
2.0,-1.4157096147537231,-0.17100411653518677,0.0
2.0,-1.4149038791656494,-0.1775476336479187,0.0
2.0,-1.4160510301589966,-0.184345543384552,0.0
2.0,-1.415183663368225,-0.19089050590991974,0.0
2.0,-1.4142858982086182,-0.19743138551712036,0.0
2.0,-1.4153375625610352,-0.20425371825695038,0.0
2.0,-1.414378046989441,-0.21079516410827637,0.0
2.0,-1.4133883714675903,-0.21733210980892181,0.0
2.0,-1.4123684167861938,-0.22386440634727478,0.0
2.0,-1.4152661561965942,-0.23103637993335724,0.0
2.0,-1.4141827821731567,-0.23757721483707428,0.0
2.0,-1.4130693674087524,-0.24411296844482422,0.0
2.0,-1.413894772529602,-0.2509930729866028,0.0
2.0,-1.4127192497253418,-0.25752735137939453,0.0
2.0,-1.4115134477615356,-0.26405614614486694,0.0
2.0,-1.4122416973114014,-0.2709560990333557,0.0
2.0,-1.4109739065170288,-0.2774825394153595,0.0
2.0,-1.4116365909576416,-0.28439804911613464,0.0
2.0,-1.410306692123413,-0.29092150926589966,0.0
2.0,-1.4109033346176147,-0.29785189032554626,0.0
2.0,-1.4095112085342407,-0.30437183380126953,0.0
2.0,-1.4080889225006104,-0.3108852803707123,0.0
2.0,-1.4105384349822998,-0.31827250123023987,0.0
2.0,-1.409051775932312,-0.3247905373573303,0.0
2.0,-1.4114288091659546,-0.33221811056137085,0.0
2.0,-1.4098777770996094,-0.33874011039733887,0.0
2.0,-1.4102389812469482,-0.34573110938072205,0.0
2.0,-1.4086254835128784,-0.3522474765777588,0.0
2.0,-1.4089198112487793,-0.3592504560947418,0.0
2.0,-1.409179449081421,-0.36626365780830383,0.0
2.0,-1.4074710607528687,-0.3727749288082123,0.0
2.0,-1.4095945358276367,-0.3803201913833618,0.0
2.0,-1.4078210592269897,-0.38683319091796875,0.0
2.0,-1.406017541885376,-0.3933379352092743,0.0
2.0,-1.4061075448989868,-0.40038201212882996,0.0
2.0,-1.4042413234710693,-0.40687867999076843,0.0
2.0,-1.4061819314956665,-0.41449761390686035,0.0
2.0,-1.4042505025863647,-0.42099449038505554,0.0
2.0,-1.4061152935028076,-0.42864876985549927,0.0
2.0,-1.4079391956329346,-0.4363292455673218,0.0
2.0,-1.4059067964553833,-0.4428339898586273,0.0
2.0,-1.407654047012329,-0.4505486488342285,0.0
2.0,-1.4055559635162354,-0.45705196261405945,0.0
2.0,-1.4053269624710083,-0.46417272090911865,0.0
2.0,-1.4031658172607422,-0.4706651270389557,0.0
2.0,-1.4028680324554443,-0.47779223322868347,0.0
2.0,-1.4044243097305298,-0.485580176115036,0.0
2.0,-1.402164340019226,-0.49206817150115967,0.0
2.0,-1.4036425352096558,-0.499887615442276,0.0
2.0,-1.4013164043426514,-0.5063718557357788,0.0
2.0,-1.400838017463684,-0.5135335922241211,0.0
2.0,-1.404072642326355,-0.5220959186553955,0.0
2.0,-1.4016437530517578,-0.5285818576812744,0.0
2.0,-1.4029210805892944,-0.5364852547645569,0.0
2.0,-1.400425672531128,-0.5429657697677612,0.0
2.0,-1.401623249053955,-0.5508978962898254,0.0
2.0,-1.4027771949768066,-0.5588526129722595,0.0
2.0,-1.4001784324645996,-0.5653321743011475,0.0
2.0,-1.4012519121170044,-0.5733144283294678,0.0
2.0,-1.3985862731933594,-0.5797867774963379,0.0
2.0,-1.4014226198196411,-0.5885700583457947,0.0
2.0,-1.398686408996582,-0.5950430631637573,0.0
2.0,-1.3995939493179321,-0.6030862927436829,0.0
2.0,-1.4004566669464111,-0.6111505031585693,0.0
2.0,-1.3976161479949951,-0.6176188588142395,0.0
2.0,-1.402048110961914,-0.6273413300514221,0.0
2.0,-1.3991327285766602,-0.6338168382644653,0.0
2.0,-1.3998231887817383,-0.6419461369514465,0.0
2.0,-1.3968403339385986,-0.6484111547470093,0.0
2.0,-1.397447943687439,-0.6565633416175842,0.0
2.0,-1.3998160362243652,-0.665593683719635,0.0
2.0,-1.396723747253418,-0.6720584630966187,0.0
2.0,-1.3989962339401245,-0.681135356426239,0.0
2.0,-1.3958321809768677,-0.6875961422920227,0.0
2.0,-1.3980083465576172,-0.6967185139656067,0.0
2.0,-1.3983439207077026,-0.7049752473831177,0.0
2.0,-1.3950695991516113,-0.7114328145980835,0.0
2.0,-1.3970979452133179,-0.720625638961792,0.0
2.0,-1.3937513828277588,-0.7270772457122803,0.0
2.0,-1.395681619644165,-0.7363129258155823,0.0
2.0,-1.3922624588012695,-0.7427577972412109,0.0
2.0,-1.3958543539047241,-0.7529850006103516,0.0
2.0,-1.3976255655288696,-0.7623035311698914,0.0
2.0,-1.394086241722107,-0.7687571048736572,0.0
2.0,-1.395757794380188,-0.7781158685684204,0.0
2.0,-1.3921453952789307,-0.7845606803894043,0.0
2.0,-1.3937164545059204,-0.7939585447311401,0.0
2.0,-1.3952305316925049,-0.8033877611160278,0.0
2.0,-1.3915011882781982,-0.809829831123352,0.0
2.0,-1.3946378231048584,-0.8203105330467224,0.0
2.0,-1.3908302783966064,-0.8267497420310974,0.0
2.0,-1.3938509225845337,-0.8372907042503357,0.0
2.0,-1.3950939178466797,-0.846839427947998,0.0
2.0,-1.39116370677948,-0.8532804250717163,0.0
2.0,-1.3940038681030273,-0.8639174103736877,0.0
2.0,-1.389994740486145,-0.8703531622886658,0.0
2.0,-1.392716646194458,-0.881047248840332,0.0
2.0,-1.388628363609314,-0.8874768614768982,0.0
2.0,-1.3912312984466553,-0.898226797580719,0.0
2.0,-1.3937644958496094,-0.9090197086334229,0.0
2.0,-1.3895467519760132,-0.9154538512229919,0.0
2.0,-1.3936245441436768,-0.9274085164070129,0.0
2.0,-1.3893219232559204,-0.9338418841362,0.0
2.0,-1.38995361328125,-0.943625271320343,0.0
2.0,-1.3855760097503662,-0.9500414729118347,0.0
2.0,-1.389390230178833,-0.9621304869651794,0.0
2.0,-1.3914828300476074,-0.9731286764144897,0.0
2.0,-1.3869688510894775,-0.9795516133308411,0.0
2.0,-1.3889384269714355,-0.9905988574028015,0.0
2.0,-1.3843436241149902,-0.9970098733901978,0.0
2.0,-1.3861892223358154,-1.0081048011779785,0.0
2.0,-1.3944098949432373,-1.0239732265472412,0.0
2.0,-1.3896608352661133,-1.0304090976715088,0.0
2.0,-1.381679892539978,-1.0344257354736328,0.0
2.0,-1.376882553100586,-1.0408027172088623,0.0
2.0,-1.354567289352417,-1.0338101387023926,0.0
2.0,-1.3497731685638428,-1.0400617122650146,0.0
2.0,-1.3323215246200562,-1.0364667177200317,0.0
2.0,-1.3149322271347046,-1.0327329635620117,0.0
2.0,-1.3101434707641602,-1.0388013124465942,0.0
2.0,-1.2928354740142822,-1.034848928451538,0.0
2.0,-1.2880371809005737,-1.0408151149749756,0.0
2.0,-1.2692633867263794,-1.0353813171386719,0.0
2.0,-1.252111554145813,-1.0310676097869873,0.0
2.0,-1.247331142425537,-1.0368455648422241,0.0
2.0,-1.2302674055099487,-1.03231680393219,0.0
2.0,-1.2254815101623535,-1.0379937887191772,0.0
2.0,-1.2100284099578857,-1.0345507860183716,0.0
2.0,-1.1946336030960083,-1.0309871435165405,0.0
2.0,-1.1898541450500488,-1.0364993810653687,0.0
2.0,-1.1745356321334839,-1.0327448844909668,0.0
2.0,-1.169748306274414,-1.0381642580032349,0.0
2.0,-1.1530184745788574,-1.0328854322433472,0.0
2.0,-1.1393296718597412,-1.030157208442688,0.0
2.0,-1.1345547437667847,-1.0354137420654297,0.0
2.0,-1.1194581985473633,-1.031162977218628,0.0
2.0,-1.1146788597106934,-1.036327600479126,0.0
2.0,-1.101124882698059,-1.0332587957382202,0.0
2.0,-1.0861713886260986,-1.0287117958068848,0.0
2.0,-1.0814036130905151,-1.0337225198745728,0.0
2.0,-1.0679768323898315,-1.030379295349121,0.0
2.0,-1.0632015466690063,-1.0353058576583862,0.0
2.0,-1.0498450994491577,-1.031799077987671,0.0
2.0,-1.0365439653396606,-1.0281909704208374,0.0
2.0,-1.031779170036316,-1.0329723358154297,0.0
2.0,-1.0199581384658813,-1.0306237936019897,0.0
2.0,-1.0151822566986084,-1.0353285074234009,0.0
2.0,-1.0020228624343872,-1.03140389919281,0.0
2.0,-0.9903087019920349,-1.0288209915161133,0.0
2.0,-0.9855414628982544,-1.033388614654541,0.0
2.0,-0.9752587676048279,-1.0321192741394043,0.0
2.0,-0.9704764485359192,-1.0366172790527344,0.0
2.0,-0.9575128555297852,-1.0322951078414917,0.0
2.0,-0.9459633827209473,-1.0293480157852173,0.0
2.0,-0.9411942362785339,-1.0337104797363281,0.0
2.0,-0.9283671379089355,-1.0291407108306885,0.0
2.0,-0.923599123954773,-1.0334218740463257,0.0
2.0,-0.9135079383850098,-1.0316914319992065,0.0
2.0,-0.908728301525116,-1.0359039306640625,0.0
2.0,-0.8960575461387634,-1.0310368537902832,0.0
2.0,-0.884756326675415,-1.0275903940200806,0.0
2.0,-0.8799959421157837,-1.0316699743270874,0.0
2.0,-0.870053231716156,-1.029617190361023,0.0
2.0,-0.8601484298706055,-1.0274944305419922,0.0
2.0,-0.8553887605667114,-1.031460165977478,0.0
2.0,-0.8455324769020081,-1.0292224884033203,0.0
2.0,-0.8407649993896484,-1.0331206321716309,0.0
2.0,-0.8297033905982971,-1.0292115211486816,0.0
2.0,-0.8249360918998718,-1.0330365896224976,0.0
2.0,-0.813947319984436,-1.0289965867996216,0.0
2.0,-0.8042471408843994,-1.0264514684677124,0.0
2.0,-0.7994928359985352,-1.0301588773727417,0.0
2.0,-0.789845883846283,-1.0275015830993652,0.0
2.0,-0.7850869297981262,-1.0311423540115356,0.0
2.0,-0.7754944562911987,-1.0283735990524292,0.0
2.0,-0.7671412229537964,-1.0271408557891846,0.0
2.0,-0.7623841762542725,-1.0306766033172607,0.0
2.0,-0.7528831958770752,-1.0277369022369385,0.0
2.0,-0.7481235265731812,-1.031206727027893,0.0
2.0,-0.7386800646781921,-1.0281574726104736,0.0
2.0,-0.7304403185844421,-1.0266727209091187,0.0
2.0,-0.7256858348846436,-1.030038833618164,0.0
2.0,-0.716338574886322,-1.0268218517303467,0.0
2.0,-0.7115834951400757,-1.0301227569580078,0.0
2.0,-0.7022968530654907,-1.0267983675003052,0.0
2.0,-0.6941778063774109,-1.0250664949417114,0.0
2.0,-0.6894311308860779,-1.0282649993896484,0.0
2.0,-0.6813514232635498,-1.026442527770996,0.0
2.0,-0.6765984892845154,-1.0295816659927368,0.0
2.0,-0.668559193611145,-1.0276694297790527,0.0
2.0,-0.6594693064689636,-1.0240236520767212,0.0
2.0,-0.6547278165817261,-1.0270615816116333,0.0
2.0,-0.64783775806427,-1.0266947746276855,0.0
2.0,-0.6430840492248535,-1.0296790599822998,0.0
2.0,-0.6341102123260498,-1.0258363485336304,0.0
2.0,-0.6293606162071228,-1.028757095336914,0.0
2.0,-0.6225259304046631,-1.0282341241836548,0.0
2.0,-0.6146816611289978,-1.0259543657302856,0.0
2.0,-0.6099317073822021,-1.0287853479385376,0.0
2.0,-0.6021327972412109,-1.0264191627502441,0.0
2.0,-0.5973808765411377,-1.0291920900344849,0.0
2.0,-0.5896281599998474,-1.0267398357391357,0.0
2.0,-0.5819109082221985,-1.024238109588623,0.0
2.0,-0.5771692395210266,-1.0269174575805664,0.0
2.0,-0.5704716444015503,-1.0260790586471558,0.0
2.0,-0.5657215714454651,-1.0287055969238281,0.0
2.0,-0.5580925345420837,-1.0260393619537354,0.0
2.0,-0.5514478087425232,-1.0250860452651978,0.0
2.0,-0.5467025637626648,-1.0276246070861816,0.0
2.0,-0.5391520857810974,-1.0248311758041382,0.0
2.0,-0.5344080924987793,-1.027312994003296,0.0
2.0,-0.5278232097625732,-1.0262157917022705,0.0
2.0,-0.5212599039077759,-1.0250794887542725,0.0
2.0,-0.5165150165557861,-1.027478575706482,0.0
2.0,-0.5099790692329407,-1.0262736082077026,0.0
2.0,-0.5052287578582764,-1.0286203622817993,0.0
2.0,-0.49784740805625916,-1.0255476236343384,0.0
2.0,-0.49137043952941895,-1.024232029914856,0.0
2.0,-0.48662978410720825,-1.0264928340911865,0.0
2.0,-0.4793335795402527,-1.0232982635498047,0.0
2.0,-0.47459736466407776,-1.025503396987915,0.0
2.0,-0.4681878387928009,-1.024048924446106,0.0
2.0,-0.46344828605651855,-1.0262025594711304,0.0
2.0,-0.4570693075656891,-1.0246812105178833,0.0
2.0,-0.4507143795490265,-1.023123025894165,0.0
2.0,-0.4459792673587799,-1.025195837020874,0.0
2.0,-0.43965595960617065,-1.023571491241455,0.0
2.0,-0.43491891026496887,-1.0255931615829468,0.0
2.0,-0.42862799763679504,-1.0239033699035645,0.0
2.0,-0.42236196994781494,-1.0221772193908691,0.0
2.0,-0.4176315367221832,-1.0241190195083618,0.0
2.0,-0.41214555501937866,-1.0241835117340088,0.0
2.0,-0.4074059724807739,-1.0260781049728394,0.0
2.0,-0.4011988043785095,-1.0242263078689575,0.0
2.0,-0.39573830366134644,-1.0242047309875488,0.0
2.0,-0.3909987807273865,-1.0260233879089355,0.0
2.0,-0.38554733991622925,-1.02594792842865,0.0
2.0,-0.38079988956451416,-1.027719497680664,0.0
2.0,-0.37604427337646484,-1.0294691324234009,0.0
2.0,-0.37060314416885376,-1.0293149948120117,0.0
2.0,-0.36584025621414185,-1.0310174226760864,0.0
2.0,-0.3604094982147217,-1.0308098793029785,0.0
2.0,-0.35563981533050537,-1.0324652194976807,0.0
2.0,-0.3495773673057556,-1.0303105115890503,0.0
2.0,-0.3448100984096527,-1.0319157838821411,0.0
2.0,-0.3387853503227234,-1.0296992063522339,0.0
2.0,-0.3334047794342041,-1.029351830482483,0.0
2.0,-0.3286421298980713,-1.0308823585510254,0.0
2.0,-0.3226751387119293,-1.0285741090774536,0.0
2.0,-0.31791621446609497,-1.0300549268722534,0.0
2.0,-0.3125694990158081,-1.0296000242233276,0.0
2.0,-0.3072338104248047,-1.0291178226470947,0.0
2.0,-0.3024725317955017,-1.0305272340774536,0.0
2.0,-0.29659605026245117,-1.028071403503418,0.0
2.0,-0.29183971881866455,-1.029431700706482,0.0
2.0,-0.28654053807258606,-1.0288432836532593,0.0
2.0,-0.2807253897190094,-1.0262988805770874,0.0
2.0,-0.2759774327278137,-1.027585744857788,0.0
2.0,-0.270713746547699,-1.0269168615341187,0.0
2.0,-0.26596304774284363,-1.0281574726104736,0.0
2.0,-0.26071470975875854,-1.027437448501587,0.0
2.0,-0.25547876954078674,-1.0266910791397095,0.0
2.0,-0.2507292628288269,-1.02786123752594,0.0
2.0,-0.24550941586494446,-1.027064323425293,0.0
2.0,-0.2407582849264145,-1.0281884670257568,0.0
2.0,-0.23555505275726318,-1.0273411273956299,0.0
2.0,-0.2308027595281601,-1.0284192562103271,0.0
2.0,-0.22561660408973694,-1.0275218486785889,0.0
2.0,-0.22044365108013153,-1.0265984535217285,0.0
2.0,-0.21569494903087616,-1.027606725692749,0.0
2.0,-0.21053984761238098,-1.0266337394714355,0.0
2.0,-0.20579108595848083,-1.0275962352752686,0.0
2.0,-0.2006542831659317,-1.026573896408081,0.0
2.0,-0.19553132355213165,-1.0255260467529297,0.0
2.0,-0.19078783690929413,-1.0264190435409546,0.0
2.0,-0.18568389117717743,-1.0253221988677979,0.0
2.0,-0.18094146251678467,-1.026169776916504,0.0
2.0,-0.17585696280002594,-1.0250240564346313,0.0
2.0,-0.17078694701194763,-1.0238534212112427,0.0
2.0,-0.1660514622926712,-1.0246320962905884,0.0
2.0,-0.16131243109703064,-1.0253888368606567,0.0
2.0,-0.1565699577331543,-1.0261236429214478,0.0
2.0,-0.15153160691261292,-1.0248581171035767,0.0
2.0,-0.14679168164730072,-1.025547742843628,0.0
2.0,-0.14177440106868744,-1.024234414100647,0.0
2.0,-0.13677239418029785,-1.0228965282440186,0.0
2.0,-0.13204170763492584,-1.0235178470611572,0.0
2.0,-0.12706147134304047,-1.0221327543258667,0.0
2.0,-0.12233441323041916,-1.0227092504501343,0.0
2.0,-0.11760473996400833,-1.023263931274414,0.0
2.0,-0.11287254840135574,-1.0237966775894165,0.0
2.0,-0.10813795030117035,-1.0243076086044312,0.0
2.0,-0.103200264275074,-1.0228067636489868,0.0
2.0,-0.09847034513950348,-1.02327299118042,0.0
2.0,-0.09373831748962402,-1.0237172842025757,0.0
2.0,-0.08900429308414459,-1.0241397619247437,0.0
2.0,-0.08410441875457764,-1.0225470066070557,0.0
2.0,-0.07937590032815933,-1.0229250192642212,0.0
2.0,-0.07464569061994553,-1.0232809782028198,0.0
2.0,-0.06991388648748398,-1.0236152410507202,0.0
2.0,-0.06518058478832245,-1.0239274501800537,0.0
2.0,-0.060445886105298996,-1.024217963218689,0.0
2.0,-0.055709902197122574,-1.0244864225387573,0.0
2.0,-0.050972722470760345,-1.024733066558838,0.0
2.0,-0.046144332736730576,-1.02295982837677,0.0
2.0,-0.04141431301832199,-1.0231622457504272,0.0
2.0,-0.03668341040611267,-1.0233427286148071,0.0
2.0,-0.031951725482940674,-1.0235013961791992,0.0
2.0,-0.02721935510635376,-1.0236382484436035,0.0
2.0,-0.02244248241186142,-1.0217535495758057,0.0
2.0,-0.017718294635415077,-1.0218462944030762,0.0
2.0,-0.012993729673326015,-1.0219173431396484,0.0
2.0,-0.008285068906843662,-1.0239665508270264,0.0
2.0,-0.0035508018918335438,-1.0239938497543335,0.0
2.0,0.0011835411423817277,-1.0239993333816528,0.0
2.0,0.005917858798056841,-1.0239830017089844,0.0
2.0,0.010631244629621506,-1.0219446420669556,0.0
2.0,0.01535596139729023,-1.021884560585022,0.0
2.0,0.02008035033941269,-1.0218026638031006,0.0
2.0,0.024804310873150826,-1.0216989517211914,0.0
2.0,0.029527738690376282,-1.0215733051300049,0.0
2.0,0.03425053879618645,-1.0214258432388306,0.0
2.0,0.038972605019807816,-1.0212565660476685,0.0
2.0,0.04377934709191322,-1.0230637788772583,0.0
2.0,0.048414137214422226,-1.0208525657653809,0.0
2.0,0.05313339829444885,-1.0206178426742554,0.0
2.0,0.05785152688622475,-1.020361304283142,0.0
2.0,0.06256841868162155,-1.0200828313827515,0.0
2.0,0.06741565465927124,-1.0217784643173218,0.0
2.0,0.07213899493217468,-1.0214558839797974,0.0
2.0,0.07686079293489456,-1.0211113691329956,0.0
2.0,0.08158095180988312,-1.0207451581954956,0.0
2.0,0.0862993597984314,-1.0203570127487183,0.0
2.0,0.09101593494415283,-1.0199471712112427,0.0
2.0,0.09573055803775787,-1.0195153951644897,0.0
2.0,0.10044313222169876,-1.0190619230270386,0.0
2.0,0.10515356063842773,-1.0185866355895996,0.0
2.0,0.10986173897981644,-1.0180896520614624,0.0
2.0,0.1145675778388977,-1.0175708532333374,0.0
2.0,0.11927095800638199,-1.0170302391052246,0.0
2.0,0.12397179752588272,-1.0164679288864136,0.0
2.0,0.12866997718811035,-1.0158839225769043,0.0
2.0,0.13336540758609772,-1.0152782201766968,0.0
2.0,0.13832764327526093,-1.0166324377059937,0.0
2.0,0.1430264264345169,-1.0159820318222046,0.0
2.0,0.14801011979579926,-1.0172890424728394,0.0
2.0,0.15271183848381042,-1.0165938138961792,0.0
2.0,0.1577165424823761,-1.0178533792495728,0.0
2.0,0.16242077946662903,-1.0171133279800415,0.0
2.0,0.1671215295791626,-1.0163514614105225,0.0
2.0,0.17181871831417084,-1.0155678987503052,0.0
2.0,0.1765122264623642,-1.0147627592086792,0.0
2.0,0.1812019646167755,-1.0139358043670654,0.0
2.0,0.18588782846927643,-1.0130871534347534,0.0
2.0,0.1909397542476654,-1.0141823291778564,0.0
2.0,0.19600580632686615,-1.0152525901794434,0.0
2.0,0.20069760084152222,-1.0143355131149292,0.0
2.0,0.20578236877918243,-1.0153568983078003,0.0
2.0,0.21047453582286835,-1.0143946409225464,0.0
2.0,0.21557757258415222,-1.015367031097412,0.0
2.0,0.22069409489631653,-1.016313910484314,0.0
2.0,0.22539053857326508,-1.0152827501296997,0.0
2.0,0.23096710443496704,-1.0181307792663574,0.0
2.0,0.23567183315753937,-1.0170520544052124,0.0
2.0,0.24083200097084045,-1.0178978443145752,0.0
2.0,0.24600501358509064,-1.0187175273895264,0.0
2.0,0.2507123053073883,-1.0175693035125732,0.0
2.0,0.25590163469314575,-1.018338918685913,0.0
2.0,0.2606070637702942,-1.0171449184417725,0.0
2.0,0.26581230759620667,-1.0178643465042114,0.0
2.0,0.27051541209220886,-1.0166245698928833,0.0
2.0,0.27521276473999023,-1.0153629779815674,0.0
2.0,0.28043636679649353,-1.016007661819458,0.0
2.0,0.28513073921203613,-1.014700174331665,0.0
2.0,0.28981903195381165,-1.0133711099624634,0.0
2.0,0.2945011258125305,-1.0120203495025635,0.0
2.0,0.3003123104572296,-1.0144833326339722,0.0
2.0,0.304999440908432,-1.013084053993225,0.0
2.0,0.3096800446510315,-1.0116630792617798,0.0
2.0,0.31494826078414917,-1.0121301412582397,0.0
2.0,0.3196243345737457,-1.0106632709503174,0.0
2.0,0.32551735639572144,-1.012982964515686,0.0
2.0,0.330197274684906,-1.0114670991897583,0.0
2.0,0.3361290395259857,-1.0137263536453247,0.0
2.0,0.3420887589454651,-1.015952467918396,0.0
2.0,0.34678223729133606,-1.014359951019287,0.0
2.0,0.35212400555610657,-1.0146352052688599,0.0
2.0,0.3568112850189209,-1.0129964351654053,0.0
2.0,0.36216408014297485,-1.0132192373275757,0.0
2.0,0.36684468388557434,-1.0115339756011963,0.0
2.0,0.3728986084461212,-1.0135811567306519,0.0
2.0,0.37827998399734497,-1.0137200355529785,0.0
2.0,0.38296276330947876,-1.0119602680206299,0.0
2.0,0.3883538544178009,-1.0120460987091064,0.0
2.0,0.39302876591682434,-1.0102397203445435,0.0
2.0,0.3984290063381195,-1.0102723836898804,0.0
2.0,0.40458035469055176,-1.0121338367462158,0.0
2.0,0.4092555046081543,-1.0102524757385254,0.0
2.0,0.41620033979415894,-1.0139000415802002,0.0
2.0,0.42088353633880615,-1.0119649171829224,0.0
2.0,0.42633432149887085,-1.0118513107299805,0.0
2.0,0.43257805705070496,-1.0135483741760254,0.0
2.0,0.4372594654560089,-1.0115375518798828,0.0
2.0,0.44353556632995605,-1.013169288635254,0.0
2.0,0.4482150971889496,-1.0111078023910522,0.0
2.0,0.45370402932167053,-1.0108494758605957,0.0
2.0,0.45837271213531494,-1.008741021156311,0.0
2.0,0.46470317244529724,-1.0102449655532837,0.0
2.0,0.4702131152153015,-1.0098987817764282,0.0
2.0,0.4748772382736206,-1.007714033126831,0.0
2.0,0.4821139872074127,-1.0109233856201172,0.0
2.0,0.4867826998233795,-1.0086835622787476,0.0
2.0,0.49319612979888916,-1.0100165605545044,0.0
2.0,0.49786055088043213,-1.0077255964279175,0.0
2.0,0.5043026804924011,-1.008991003036499,0.0
2.0,0.5125718712806702,-1.0137879848480225,0.0
2.0,0.5172535181045532,-1.0114073753356934,0.0
2.0,0.5237618684768677,-1.012557864189148,0.0
2.0,0.5284376740455627,-1.0101255178451538,0.0
2.0,0.5340374708175659,-1.0094393491744995,0.0
2.0,0.5396422743797302,-1.0087231397628784,0.0
2.0,0.5443001985549927,-1.006217360496521,0.0
2.0,0.5527852177619934,-1.0107088088989258,0.0
2.0,0.5574522018432617,-1.008142352104187,0.0
2.0,0.5660107731819153,-1.0125372409820557,0.0
2.0,0.5706861019134521,-1.0099095106124878,0.0
2.0,0.5773331522941589,-1.0107336044311523,0.0
2.0,0.5849999189376831,-1.0132497549057007,0.0
2.0,0.5896783471107483,-1.0105341672897339,0.0
2.0,0.5953601002693176,-1.0095199346542358,0.0
2.0,0.6000211238861084,-1.0067565441131592,0.0
2.0,0.6077648997306824,-1.0091114044189453,0.0
2.0,0.6124238967895508,-1.0062906742095947,0.0
2.0,0.6191651225090027,-1.006855845451355,0.0
2.0,0.6259245872497559,-1.0073798894882202,0.0
2.0,0.63057541847229,-1.0044753551483154,0.0
2.0,0.6405686736106873,-1.0099939107894897,0.0
2.0,0.6452313661575317,-1.0070215463638306,0.0
2.0,0.6520538926124573,-1.0073856115341187,0.0
2.0,0.6599879264831543,-1.009381890296936,0.0
2.0,0.6646475791931152,-1.0063197612762451,0.0
2.0,0.671513020992279,-1.006563663482666,0.0
2.0,0.6761595606803894,-1.003448247909546,0.0
2.0,0.6841674447059631,-1.005271553993225,0.0
2.0,0.693339467048645,-1.008690357208252,0.0
2.0,0.6979956030845642,-1.0054740905761719,0.0
2.0,0.7072292566299438,-1.0087867975234985,0.0
2.0,0.7118856906890869,-1.005506157875061,0.0
2.0,0.7200165390968323,-1.0070850849151611,0.0
2.0,0.7246649265289307,-1.003745436668396,0.0
2.0,0.7328324317932129,-1.005232572555542,0.0
2.0,0.7374721169471741,-1.0018336772918701,0.0
2.0,0.7456753849983215,-1.0032289028167725,0.0
2.0,0.7551077008247375,-1.0061691999435425,0.0
2.0,0.7597514986991882,-1.0026673078536987,0.0
2.0,0.7680248022079468,-1.0039093494415283,0.0
2.0,0.7726580500602722,-1.0003477334976196,0.0
2.0,0.7834240794181824,-1.004650592803955,0.0
2.0,0.7930091023445129,-1.0073035955429077,0.0
2.0,0.7976577281951904,-1.0036264657974243,0.0
2.0,0.8072958588600159,-1.0061676502227783,0.0
2.0,0.8119391202926636,-1.0024244785308838,0.0
2.0,0.821628987789154,-1.0048531293869019,0.0
2.0,0.8262660503387451,-1.001043677330017,0.0
2.0,0.837286651134491,-1.0048954486846924,0.0
2.0,0.8470731377601624,-1.0071361064910889,0.0
2.0,0.8517204523086548,-1.0032089948654175,0.0
2.0,0.8615553379058838,-1.0053349733352661,0.0
2.0,0.8661941289901733,-1.0013409852981567,0.0
2.0,0.8760762214660645,-1.0033516883850098,0.0
2.0,0.8873175978660583,-1.006792664527893,0.0
2.0,0.8919628858566284,-1.002679467201233,0.0
2.0,0.9032701253890991,-1.0059856176376343,0.0
2.0,0.907911479473114,-1.0017987489700317,0.0
2.0,0.9192829728126526,-1.0049690008163452,0.0
2.0,0.9239194989204407,-1.0007081031799316,0.0
2.0,0.935353696346283,-1.00374174118042,0.0
2.0,0.948205828666687,-1.0081475973129272,0.0
2.0,0.952856719493866,-1.0037529468536377,0.0
2.0,0.9671728610992432,-1.0094456672668457,0.0
2.0,0.9718295335769653,-1.0049632787704468,0.0
2.0,0.9890379905700684,-1.013340950012207,0.0
2.0,0.9937124848365784,-1.0087573528289795,0.0
2.0,1.0096467733383179,-1.0154986381530762,0.0
2.0,1.028497576713562,-1.024937391281128,0.0
2.0,1.0332252979278564,-1.0201714038848877,0.0
2.0,1.0550867319107056,-1.032166600227356,0.0
2.0,1.0598474740982056,-1.0272775888442993,0.0
2.0,1.0790109634399414,-1.0362197160720825,0.0
2.0,1.0837903022766113,-1.0312199592590332,0.0
2.0,1.1030992269515991,-1.0399174690246582,0.0
2.0,1.1239728927612305,-1.04982328414917,0.0
2.0,1.1288145780563354,-1.0446155071258545,0.0
2.0,1.1513222455978394,-1.0556046962738037,0.0
2.0,1.1561903953552246,-1.050270438194275,0.0
2.0,1.1773864030838013,-1.0596307516098022,0.0
2.0,1.1822727918624878,-1.0541759729385376,0.0
2.0,1.2036219835281372,-1.0632637739181519,0.0
2.0,1.2265851497650146,-1.0734937191009521,0.0
2.0,1.2315351963043213,-1.0678112506866455,0.0
2.0,1.2561815977096558,-1.0790475606918335,0.0
2.0,1.2611570358276367,-1.0732282400131226,0.0
2.0,1.2844548225402832,-1.0828553438186646,0.0
2.0,1.289447546005249,-1.0769052505493164,0.0
2.0,1.157266616821289,-0.957464337348938,0.0
2.0,1.1616809368133545,-0.9521036148071289,0.0
2.0,1.1660704612731934,-0.9467225670814514,0.0
2.0,1.1704350709915161,-0.9413212537765503,0.0
2.0,1.1966744661331177,-0.9533467292785645,0.0
2.0,1.2010693550109863,-0.9478038549423218,0.0
2.0,1.2054386138916016,-0.9422407746315002,0.0
2.0,1.2097821235656738,-0.9366574883460999,0.0
2.0,1.2363184690475464,-0.9480931162834167,0.0
2.0,1.240688681602478,-0.9423670172691345,0.0
2.0,1.267407774925232,-0.9534534811973572,0.0
2.0,1.2958592176437378,-0.9655076861381531,0.0
2.0,1.3003093004226685,-0.9595061540603638,0.0
2.0,1.33218252658844,-0.9735449552536011,0.0
2.0,1.3366693258285522,-0.9673753380775452,0.0
2.0,1.3703885078430176,-0.9821563959121704,0.0
2.0,1.3749147653579712,-0.9758101105690002,0.0
2.0,1.4023200273513794,-0.9855428338050842,0.0
2.0,1.431485652923584,-0.9961850047111511,0.0
2.0,1.4360761642456055,-0.989556074142456,0.0
2.0,1.465417504310608,-0.9998138546943665,0.0
2.0,1.4700243473052979,-0.9930279850959778,0.0
2.0,1.4945491552352905,-0.9995632171630859,0.0
2.0,1.4991545677185059,-0.9926426410675049,0.0
2.0,1.5221272706985474,-0.9977617859840393,0.0
2.0,1.5468566417694092,-1.003778100013733,0.0
2.0,1.551481008529663,-0.9966156482696533,0.0
2.0,1.5661983489990234,-0.9958707094192505,0.0
2.0,1.5707858800888062,-0.9886189699172974,0.0
2.0,1.575339913368225,-0.981346070766449,0.0
2.0,1.5730504989624023,-0.9698537588119507,0.0
2.0,1.5775176286697388,-0.9625706076622009,0.0
2.0,1.571678638458252,-0.949063777923584,0.0
2.0,1.5760496854782104,-0.9417871832847595,0.0
2.0,1.5735008716583252,-0.9304186105728149,0.0
2.0,1.5777857303619385,-0.9231337904930115,0.0
2.0,1.5768442153930664,-0.9128232598304749,0.0
2.0,1.5827832221984863,-0.9065171480178833,0.0
2.0,1.5869574546813965,-0.8991896510124207,0.0
2.0,1.6015654802322388,-0.8977103233337402,0.0
2.0,1.605698823928833,-0.8902961015701294,0.0
2.0,1.6273337602615356,-0.8924800753593445,0.0
2.0,1.647264838218689,-0.8935291767120361,0.0
2.0,1.6513783931732178,-0.8859037160873413,0.0
2.0,1.669590711593628,-0.8857578039169312,0.0
2.0,1.6736680269241333,-0.8780292272567749,0.0
2.0,1.6901371479034424,-0.8767284154891968,0.0
2.0,1.6941725015640259,-0.8689048886299133,0.0
2.0,1.4545735120773315,-0.7040396928787231,0.0
2.0,1.457813024520874,-0.6973071694374084,0.0
2.0,1.4610214233398438,-0.6905596852302551,0.0
2.0,1.4641984701156616,-0.6837974786758423,0.0
2.0,1.481872320175171,-0.6837237477302551,0.0
2.0,1.5013965368270874,-0.6843306422233582,0.0
2.0,1.5045443773269653,-0.6773818135261536,0.0
2.0,1.5222798585891724,-0.6769195199012756,0.0
2.0,1.5253932476043701,-0.6698742508888245,0.0
2.0,1.5413182973861694,-0.6683844327926636,0.0
2.0,1.5443919897079468,-0.6612512469291687,0.0
2.0,1.5603280067443848,-0.6595547199249268,0.0
2.0,1.5652064085006714,-0.6531038880348206,0.0
2.0,1.5682092905044556,-0.6458603739738464,0.0
2.0,1.56747305393219,-0.6370969414710999,0.0
2.0,1.5704017877578735,-0.6298431158065796,0.0
2.0,1.5677179098129272,-0.6203681230545044,0.0
2.0,1.5649800300598145,-0.610931396484375,0.0
2.0,1.5677878856658936,-0.6036893725395203,0.0
2.0,1.5649532079696655,-0.5943043828010559,0.0
2.0,1.5676841735839844,-0.587062656879425,0.0
2.0,1.5647529363632202,-0.5777302384376526,0.0
2.0,1.567407250404358,-0.5704895853996277,0.0
2.0,1.5643805265426636,-0.5612107515335083,0.0
2.0,1.5650728940963745,-0.553305447101593,0.0
2.0,1.567614197731018,-0.5460636019706726,0.0
2.0,1.5663387775421143,-0.5375117659568787,0.0
2.0,1.5688071250915527,-0.5302642583847046,0.0
2.0,1.5655490159988403,-0.521110475063324,0.0
2.0,1.5641405582427979,-0.5126210451126099,0.0
2.0,1.5664938688278198,-0.5053839683532715,0.0
2.0,1.5650012493133545,-0.4969255328178406,0.0
2.0,1.56728196144104,-0.4896846413612366,0.0
2.0,1.5657057762145996,-0.4812580347061157,0.0
2.0,1.5621708631515503,-0.4722777307033539,0.0
2.0,1.5643376111984253,-0.46505019068717957,0.0
2.0,1.5607119798660278,-0.4561295807361603,0.0
2.0,1.5628042221069336,-0.4489089548587799,0.0
2.0,1.5629380941390991,-0.441135436296463,0.0
2.0,1.5611063241958618,-0.43283596634864807,0.0
2.0,1.5630908012390137,-0.42561376094818115,0.0
2.0,1.5611776113510132,-0.4173494279384613,0.0
2.0,1.5630905628204346,-0.41012707352638245,0.0
2.0,1.56109619140625,-0.40189865231513977,0.0
2.0,1.5551811456680298,-0.3927181363105774,0.0
2.0,1.5569802522659302,-0.3855237364768982,0.0
2.0,1.5451409816741943,-0.3750191032886505,0.0
2.0,1.546858310699463,-0.36787131428718567,0.0
2.0,1.5407512187957764,-0.3589007556438446,0.0
2.0,1.5423940420150757,-0.3517734706401825,0.0
2.0,1.566230058670044,-0.15620256960391998,0.0
2.0,1.5669355392456055,-0.14895963668823242,0.0
2.0,1.5676075220108032,-0.14171351492404938,0.0
2.0,1.5682458877563477,-0.13446436822414398,0.0
2.0,1.5568901300430298,-0.1262425035238266,0.0
2.0,1.5574572086334229,-0.11904306709766388,0.0
2.0,1.5579909086227417,-0.11184109002351761,0.0
2.0,1.5584913492202759,-0.10463672131299973,0.0
2.0,1.5549662113189697,-0.09718061238527298,0.0
2.0,1.5553988218307495,-0.08999038487672806,0.0
2.0,1.5557982921600342,-0.08279823511838913,0.0
2.0,1.5621575117111206,-0.07589548081159592,0.0
2.0,1.5624916553497314,-0.06867223232984543,0.0
2.0,1.572784662246704,-0.06184040382504463,0.0
2.0,1.5810490846633911,-0.054845523089170456,0.0
2.0,1.5812857151031494,-0.047535158693790436,0.0
2.0,1.589486002922058,-0.04042718559503555,0.0
2.0,1.589655876159668,-0.033077966421842575,0.0
2.0,1.6017903089523315,-0.02592221461236477,0.0
2.0,1.6018929481506348,-0.018516264855861664,0.0
2.0,1.613961100578308,-0.011193138547241688,0.0
2.0,1.6219956874847412,-0.0037495694123208523,0.0
2.0,1.6219956874847412,0.0037495605647563934,0.0
2.0,1.6319607496261597,0.011317960917949677,0.0
2.0,1.6318910121917725,0.018863001838326454,0.0
2.0,1.643784761428833,0.026601815596222878,0.0
2.0,1.6436442136764526,0.03420136123895645,0.0
2.0,1.651465892791748,0.0420035794377327,0.0
2.0,1.6612495183944702,0.04993894696235657,0.0
2.0,1.6610008478164673,0.05761898681521416,0.0
2.0,1.6727075576782227,0.065769262611866,0.0
2.0,1.672385573387146,0.07350210845470428,0.0
2.0,1.439491629600525,0.23157617449760437,0.0
2.0,1.4384056329727173,0.23822900652885437,0.0
2.0,1.4372888803482056,0.24487674236297607,0.0
2.0,1.4361413717269897,0.25151923298835754,0.0
2.0,1.4435880184173584,0.26660409569740295,0.0
2.0,1.4423400163650513,0.2732754945755005,0.0
2.0,1.4410611391067505,0.27994105219841003,0.0
2.0,1.4397515058517456,0.28660061955451965,0.0
2.0,1.4521287679672241,0.2960507571697235,0.0
2.0,1.4507445096969604,0.3027613162994385,0.0
2.0,1.4630206823349,0.3123888671398163,0.0
2.0,1.4615607261657715,0.31914961338043213,0.0
2.0,1.4737331867218018,0.32895341515541077,0.0
2.0,1.4858461618423462,0.3388765752315521,0.0
2.0,1.48426353931427,0.3457425832748413,0.0
2.0,1.4962692260742188,0.3558402955532074,0.0
2.0,1.4946080446243286,0.36275428533554077,0.0
2.0,1.5123286247253418,0.3744675815105438,0.0
2.0,1.510581135749817,0.3814556300640106,0.0
2.0,1.533980369567871,0.3949177861213684,0.0
2.0,1.5321382284164429,0.40200570225715637,0.0
2.0,1.5515167713165283,0.414766788482666,0.0
2.0,1.5708098411560059,0.42771556973457336,0.0
2.0,1.5688155889511108,0.43497341871261597,0.0
2.0,1.5821861028671265,0.44656816124916077,0.0
2.0,1.5801045894622803,0.4538784325122833,0.0
2.0,1.5914270877838135,0.4651062786579132,0.0
2.0,1.5892597436904907,0.472459077835083,0.0
2.0,1.6023738384246826,0.4844319522380829,0.0
2.0,1.6154108047485352,0.4965360760688782,0.0
2.0,1.613097906112671,0.5039994120597839,0.0
2.0,1.6260000467300415,0.5162941217422485,0.0
2.0,1.6235957145690918,0.5238062143325806,0.0
2.0,1.6344603300094604,0.5356671810150146,0.0
2.0,1.6452497243881226,0.5476397275924683,0.0
2.0,1.6427001953125,0.5552404522895813,0.0
2.0,1.651465892791748,0.5667243599891663,0.0
2.0,1.6488280296325684,0.5743536353111267,0.0
2.0,1.659354329109192,0.5866370797157288,0.0
2.0,1.656624436378479,0.5943025946617126,0.0
2.0,1.44148850440979,0.5246589183807373,0.0
2.0,1.4390474557876587,0.5313178300857544,0.0
2.0,1.4365755319595337,0.5379654169082642,0.0
2.0,1.4340729713439941,0.5446015000343323,0.0
2.0,1.4464709758758545,0.5569753050804138,0.0
2.0,1.4438804388046265,0.5636569261550903,0.0
2.0,1.4561365842819214,0.5762137770652771,0.0
2.0,1.4534568786621094,0.582939863204956,0.0
2.0,1.467421531677246,0.5964311361312866,0.0
2.0,1.4794427156448364,0.6093022227287292,0.0
2.0,1.4766099452972412,0.6161357760429382,0.0
2.0,1.492167353630066,0.6307430267333984,0.0
2.0,1.4892351627349854,0.6376351118087769,0.0
2.0,1.5046203136444092,0.6524705290794373,0.0
2.0,1.5015875101089478,0.6594200134277344,0.0
2.0,1.5186249017715454,0.6752942204475403,0.0
2.0,1.528252363204956,0.688055694103241,0.0
2.0,1.525054931640625,0.695114016532898,0.0
2.0,1.5290889739990234,0.7055090665817261,0.0
2.0,1.525810718536377,0.7125710844993591,0.0
2.0,1.5261163711547852,0.7213271260261536,0.0
2.0,1.522765040397644,0.728375256061554,0.0
2.0,1.52658212184906,0.7388931512832642,0.0
2.0,1.5285381078720093,0.748582124710083,0.0
2.0,1.525060772895813,0.7556411623954773,0.0
2.0,1.5269147157669067,0.765372633934021,0.0
2.0,1.523359775543213,0.7724239230155945,0.0
2.0,1.5251110792160034,0.7821969389915466,0.0
2.0,1.5268045663833618,0.7920025587081909,0.0
2.0,1.523126482963562,0.7990530729293823,0.0
2.0,1.5264829397201538,0.8098357319831848,0.0
2.0,1.5227224826812744,0.8168845772743225,0.0
2.0,1.5242034196853638,0.8267767429351807,0.0
2.0,1.5203646421432495,0.8338148593902588,0.0
2.0,1.5199916362762451,0.8427748680114746,0.0
2.0,1.517823576927185,0.8507711887359619,0.0
2.0,1.5138739347457886,0.8577795624732971,0.0
2.0,1.5064208507537842,0.8627815842628479,0.0
2.0,1.5024157762527466,0.8697371482849121,0.0
2.0,1.4776637554168701,0.8645541667938232,0.0
2.0,1.258404016494751,1.1220585107803345,0.0
2.0,1.2532029151916504,1.1278645992279053,0.0
2.0,1.2479749917984009,1.1336464881896973,0.0
2.0,1.242720365524292,1.139404296875,0.0
2.0,1.2271639108657837,1.1356288194656372,0.0
2.0,1.2219003438949585,1.141290307044983,0.0
2.0,1.2166106700897217,1.1469274759292603,0.0
2.0,1.2112950086593628,1.1525399684906006,0.0
2.0,1.200183391571045,1.1525866985321045,0.0
2.0,1.1905333995819092,1.1539472341537476,0.0
2.0,1.185185432434082,1.159439206123352,0.0
2.0,1.1755427122116089,1.1606907844543457,0.0
2.0,1.170163869857788,1.1661133766174316,0.0
2.0,1.1548892259597778,1.1615829467773438,0.0
2.0,1.1382780075073242,1.1555116176605225,0.0
2.0,1.1329234838485718,1.1607619524002075,0.0
2.0,1.1219834089279175,1.1602365970611572,0.0
2.0,1.1166073083877563,1.1654115915298462,0.0
2.0,0.9472625255584717,1.2993682622909546,0.0
2.0,0.9412449598312378,1.3037339448928833,0.0
2.0,0.9352072477340698,1.3080717325210571,0.0
2.0,0.9291495680809021,1.3123815059661865,0.0
2.0,0.9196276664733887,1.3117502927780151,0.0
2.0,0.9135531187057495,1.3159880638122559,0.0
2.0,0.9040603041648865,1.3152531385421753,0.0
2.0,0.8968445062637329,1.317765474319458,0.0
2.0,0.8907423615455627,1.3218978643417358,0.0
2.0,0.8835113048553467,1.3243381977081299,0.0
2.0,0.8773789405822754,1.3284088373184204,0.0
2.0,0.8701333403587341,1.3307772874832153,0.0
2.0,0.8628846406936646,1.3331069946289062,0.0
2.0,0.8567119836807251,1.3370821475982666,0.0
2.0,0.8505209684371948,1.3410288095474243,0.0
2.0,0.8443118333816528,1.3449467420578003,0.0
2.0,0.8370290398597717,1.3471370935440063,0.0
2.0,0.8307917714118958,1.3509925603866577,0.0
2.0,0.8245367407798767,1.3548191785812378,0.0
2.0,0.8182640671730042,1.358616828918457,0.0
2.0,0.8119739294052124,1.3623855113983154,0.0
2.0,0.805666446685791,1.3661249876022339,0.0
2.0,0.7993417382240295,1.3698352575302124,0.0
2.0,0.7919999361038208,1.3717842102050781,0.0
2.0,0.7856492400169373,1.3754312992095947,0.0
2.0,0.7792816758155823,1.3790489435195923,0.0
2.0,0.7728975415229797,1.3826371431350708,0.0
2.0,0.7664967775344849,1.3861957788467407,0.0
2.0,0.7600797414779663,1.3897247314453125,0.0
2.0,0.7545979619026184,1.3949830532073975,0.0
2.0,0.7481403350830078,1.3984569311141968,0.0
2.0,0.7416667342185974,1.4019010066986084,0.0
2.0,0.7351773381233215,1.4053149223327637,0.0
2.0,0.7286721467971802,1.4086989164352417,0.0
2.0,0.7221514582633972,1.412052869796753,0.0
2.0,0.47647523880004883,0.9423944354057312,0.0
2.0,0.47211313247680664,0.9445872902870178,0.0
2.0,0.46774089336395264,0.9467599987983704,0.0
2.0,0.4651137888431549,0.9525067210197449,0.0
2.0,0.460705041885376,0.9546469449996948,0.0
2.0,0.455425500869751,0.9549615383148193,0.0
2.0,0.4484478533267975,0.9516294598579407,0.0
2.0,0.4440433084964752,0.953692615032196,0.0
2.0,0.4371218979358673,0.9502844214439392,0.0
2.0,0.4327237010002136,0.9522952437400818,0.0
2.0,0.4266783595085144,0.9506364464759827,0.0
2.0,0.42227864265441895,0.9525989890098572,0.0
2.0,0.41706782579421997,0.9527089595794678,0.0
2.0,0.41186508536338806,0.9527912139892578,0.0
2.0,0.40745556354522705,0.9546852707862854,0.0
2.0,0.4007076323032379,0.9510295987129211,0.0
2.0,0.3963063955307007,0.9528720378875732,0.0
2.0,0.3903777003288269,0.9509938359260559,0.0
2.0,0.3852258324623108,0.950934886932373,0.0
2.0,0.3808251619338989,0.9527057409286499,0.0
2.0,0.3749488592147827,0.9507350921630859,0.0
2.0,0.3705492615699768,0.9524585008621216,0.0
2.0,0.3654251992702484,0.9522942900657654,0.0
2.0,0.35960274934768677,0.9502325654029846,0.0
2.0,0.35520562529563904,0.9518849849700928,0.0
2.0,0.3494197726249695,0.9497630000114441,0.0
2.0,0.3450249433517456,0.9513683319091797,0.0
2.0,0.3399495482444763,0.9510700702667236,0.0
2.0,0.33421990275382996,0.9488588571548462,0.0
2.0,0.3298293948173523,0.9503939747810364,0.0
2.0,0.3241378664970398,0.9481237530708313,0.0
2.0,0.3197508454322815,0.9496122002601624,0.0
2.0,0.3147275745868683,0.9491820335388184,0.0
2.0,0.3097151219844818,0.9487257599830627,0.0
2.0,0.3053255081176758,0.9501475691795349,0.0
2.0,0.29972323775291443,0.9477351903915405,0.0
2.0,0.29533830285072327,0.9491108059883118,0.0
2.0,0.2903616428375244,0.9485536813735962,0.0
2.0,0.2859730124473572,0.9498860239982605,0.0
2.0,0.28044286370277405,0.9473625421524048,0.0
2.0,0.2755010426044464,0.9467286467552185,0.0
2.0,0.2711210250854492,0.9479922652244568,0.0
2.0,0.2661941647529602,0.9473102688789368,0.0
2.0,0.2618115544319153,0.9485308527946472,0.0
2.0,0.2563769221305847,0.9458704590797424,0.0
2.0,0.2520010471343994,0.9470456838607788,0.0
2.0,0.24761982262134552,0.9482006430625916,0.0
2.0,0.24273689091205597,0.9473978877067566,0.0
2.0,0.23835411667823792,0.9485100507736206,0.0
2.0,0.2334877997636795,0.947659969329834,0.0
2.0,0.22863443195819855,0.9467852115631104,0.0
2.0,0.22425465285778046,0.9478321671485901,0.0
2.0,0.21941860020160675,0.9469105005264282,0.0
2.0,0.21503834426403046,0.9479148387908936,0.0
2.0,0.21022003889083862,0.9469464421272278,0.0
2.0,0.2054152935743332,0.9459537863731384,0.0
2.0,0.20103959739208221,0.9468933939933777,0.0
2.0,0.19625328481197357,0.9458544850349426,0.0
2.0,0.19187815487384796,0.9467517137527466,0.0
2.0,0.18711072206497192,0.9456667304039001,0.0
2.0,0.18273654580116272,0.9465216994285583,0.0
2.0,0.1779884397983551,0.9453909993171692,0.0
2.0,0.17325468361377716,0.9442366361618042,0.0
2.0,0.16888727247714996,0.9450275301933289,0.0
2.0,0.16417351365089417,0.9438278675079346,0.0
2.0,0.15980809926986694,0.9445767998695374,0.0
2.0,0.15543925762176514,0.945305585861206,0.0
2.0,0.15075170993804932,0.9440391063690186,0.0
2.0,0.14638546109199524,0.9447259902954102,0.0
2.0,0.14171896874904633,0.9434149265289307,0.0
2.0,0.13735570013523102,0.9440600872039795,0.0
2.0,0.13298949599266052,0.9446850419044495,0.0
2.0,0.12835079431533813,0.9433080554008484,0.0
2.0,0.12398815900087357,0.9438914060592651,0.0
2.0,0.11962287127971649,0.944454550743103,0.0
2.0,0.11525502800941467,0.9449975490570068,0.0
2.0,0.11065176874399185,0.9435338973999023,0.0
2.0,0.10628827661275864,0.9440353512763977,0.0
2.0,0.10170794278383255,0.942528247833252,0.0
2.0,0.09734919667243958,0.942988395690918,0.0
2.0,0.09298837184906006,0.9434283971786499,0.0
2.0,0.08862555772066116,0.9438482522964478,0.0
2.0,0.08426084369421005,0.9442479014396667,0.0
2.0,0.07972577959299088,0.9426344633102417,0.0
2.0,0.0753667801618576,0.9429929852485657,0.0
2.0,0.0710061639547348,0.9433313608169556,0.0
2.0,0.06664403527975082,0.9436495900154114,0.0
2.0,0.062280476093292236,0.9439476132392883,0.0
2.0,0.05779314786195755,0.9422292709350586,0.0
2.0,0.05343625321984291,0.9424864053726196,0.0
2.0,0.049078214913606644,0.9427233338356018,0.0
2.0,0.04471912980079651,0.9429401755332947,0.0
2.0,0.04035909101366997,0.9431368708610535,0.0
2.0,0.035998184233903885,0.9433133602142334,0.0
2.0,0.03163651004433632,0.943469762802124,0.0
2.0,0.02727416157722473,0.943605899810791,0.0
2.0,0.022862685844302177,0.9417225122451782,0.0
2.0,0.018508508801460266,0.941818118095398,0.0
2.0,0.014153935015201569,0.9418936371803284,0.0
2.0,0.009799058549106121,0.9419490098953247,0.0
2.0,0.005443972535431385,0.941984236240387,0.0
2.0,0.0010887705720961094,0.9419993162155151,0.0
2.0,-0.0032664549071341753,0.941994309425354,0.0
2.0,-0.007621610537171364,0.9419691562652588,0.0
2.0,-0.011976603418588638,0.9419238567352295,0.0
2.0,-0.01633133925497532,0.9418584108352661,0.0
2.0,-0.020641809329390526,0.9397733211517334,0.0
2.0,-0.0249865110963583,0.9396678805351257,0.0
2.0,-0.029393082484602928,0.941541314125061,0.0
2.0,-0.033745866268873215,0.9413953423500061,0.0
2.0,-0.03809792548418045,0.9412292242050171,0.0
2.0,-0.04244917258620262,0.9410430192947388,0.0
2.0,-0.04679951071739197,0.9408367276191711,0.0
2.0,-0.05114884674549103,0.9406102895736694,0.0
2.0,-0.05549709498882294,0.9403637647628784,0.0
2.0,-0.05984415113925934,0.9400971531867981,0.0
2.0,-0.06418993324041367,0.9398103952407837,0.0
2.0,-0.06867984682321548,0.941498339176178,0.0
2.0,-0.07287728041410446,0.9391766786575317,0.0
2.0,-0.0772186666727066,0.9388297200202942,0.0
2.0,-0.08173156529664993,0.9404551982879639,0.0
2.0,-0.08607876300811768,0.9400672912597656,0.0
2.0,-0.09042412787675858,0.9396592378616333,0.0
2.0,-0.09476755559444427,0.9392311573028564,0.0
2.0,-0.09910895675420761,0.9387829303741455,0.0
2.0,-0.10366740822792053,0.9403026103973389,0.0
2.0,-0.10801366716623306,0.9398132562637329,0.0
2.0,-0.11235762387514114,0.9393038749694824,0.0
2.0,-0.11669917404651642,0.9387743473052979,0.0
2.0,-0.12129412591457367,0.940208375453949,0.0
2.0,-0.12563976645469666,0.9396375417709351,0.0
2.0,-0.12998270988464355,0.9390466213226318,0.0
2.0,-0.1343228816986084,0.9384356141090393,0.0
2.0,-0.13866019248962402,0.9378045797348022,0.0
2.0,-0.14329619705677032,0.9391305446624756,0.0
2.0,-0.14763662219047546,0.9384579658508301,0.0
2.0,-0.1519738882780075,0.93776535987854,0.0
2.0,-0.15663696825504303,0.9390255212783813,0.0
2.0,-0.16097676753997803,0.9382912516593933,0.0
2.0,-0.16531310975551605,0.9375370144844055,0.0
2.0,-0.16964592039585114,0.9367626905441284,0.0
2.0,-0.1747061014175415,0.9399009346961975,0.0
2.0,-0.17904974520206451,0.9390831589698792,0.0
2.0,-0.1837732195854187,0.9402081966400146,0.0
2.0,-0.18811818957328796,0.9393484592437744,0.0
2.0,-0.1924591362476349,0.9384686946868896,0.0
2.0,-0.19720681011676788,0.9395262002944946,0.0
2.0,-0.2015484869480133,0.9386043548583984,0.0
2.0,-0.2058858424425125,0.9376624822616577,0.0
2.0,-0.2106567770242691,0.9386520981788635,0.0
2.0,-0.21499426662921906,0.9376680850982666,0.0
2.0,-0.22023911774158478,0.9405587315559387,0.0
2.0,-0.22458532452583313,0.9395304322242737,0.0
2.0,-0.22940067946910858,0.9404250979423523,0.0
2.0,-0.23374615609645844,0.939354419708252,0.0
2.0,-0.23808665573596954,0.9382636547088623,0.0
2.0,-0.24292293190956116,0.9390891790390015,0.0
2.0,-0.24726209044456482,0.9379560351371765,0.0
2.0,-0.2521147131919861,0.9387343525886536,0.0
2.0,-0.25645214319229126,0.9375587105751038,0.0
2.0,-0.26132068037986755,0.9382896423339844,0.0
2.0,-0.2662014365196228,0.9389956593513489,0.0
2.0,-0.27053990960121155,0.9377548694610596,0.0
2.0,-0.2754358649253845,0.9384130239486694,0.0
2.0,-0.2797715663909912,0.937129557132721,0.0
2.0,-0.2846822738647461,0.9377398490905762,0.0
2.0,-0.2896045744419098,0.9383246898651123,0.0
2.0,-0.2939396798610687,0.9369757175445557,0.0
2.0,-0.298876017332077,0.937512218952179,0.0
2.0,-0.30320730805397034,0.9361203908920288,0.0
2.0,-0.3087821900844574,0.938508152961731,0.0
2.0,-0.31311798095703125,0.9370704889297485,0.0
2.0,-0.31808966398239136,0.9375067949295044,0.0
2.0,-0.32242071628570557,0.9360260963439941,0.0
2.0,-0.3274049460887909,0.9364133477210999,0.0
2.0,-0.3323996663093567,0.936774492263794,0.0
2.0,-0.33672717213630676,0.9352276921272278,0.0
2.0,-0.3417336642742157,0.9355394840240479,0.0
2.0,-0.34605535864830017,0.9339494705200195,0.0
2.0,-0.35177677869796753,0.9360839128494263,0.0
2.0,-0.35681307315826416,0.9363163709640503,0.0
2.0,-0.3611381947994232,0.9346566796302795,0.0
2.0,-0.3669145405292511,0.9367015361785889,0.0
2.0,-0.37124133110046387,0.934995174407959,0.0
2.0,-0.37705346941947937,0.9369795322418213,0.0
2.0,-0.38138142228126526,0.9352262616157532,0.0
2.0,-0.3872288167476654,0.9371499419212341,0.0
2.0,-0.39232975244522095,0.9371944665908813,0.0
2.0,-0.3966585695743561,0.9353705644607544,0.0
2.0,-0.40176820755004883,0.9353642463684082,0.0
2.0,-0.4060884416103363,0.9334967732429504,0.0
2.0,-0.41201257705688477,0.9352697730064392,0.0
2.0,-0.41714704036712646,0.9351814985275269,0.0
2.0,-0.42146629095077515,0.9332428574562073,0.0
2.0,-0.4274396598339081,0.9349220991134644,0.0
2.0,-0.4317575991153717,0.932935893535614,0.0
2.0,-0.4369146525859833,0.9327408671379089,0.0
2.0,-0.4412223994731903,0.9307108521461487,0.0
2.0,-0.4472509026527405,0.9322674870491028,0.0
2.0,-0.45330315828323364,0.9337881207466125,0.0
2.0,-0.45761555433273315,0.9316823482513428,0.0
2.0,-0.4645882546901703,0.9349298477172852,0.0
2.0,-0.46890580654144287,0.9327718615531921,0.0
2.0,-0.4759329557418823,0.9359421730041504,0.0
2.0,-0.4802550673484802,0.933731734752655,0.0
2.0,-0.48548996448516846,0.9332757592201233,0.0
2.0,-0.4916619658470154,0.9345611333847046,0.0
2.0,-0.4959775507450104,0.9322779774665833,0.0
2.0,-0.5021774768829346,0.9334975481033325,0.0
2.0,-0.506488025188446,0.9311658143997192,0.0
2.0,-1.1033830642700195,1.963173508644104,0.0
2.0,-1.112447738647461,1.9580512046813965,0.0
2.0,-1.1214886903762817,1.952886939048767,0.0
2.0,-1.1305055618286133,1.9476810693740845,0.0
2.0,-1.143546223640442,1.949333667755127,0.0
2.0,-1.1566263437271118,1.9509072303771973,0.0
2.0,-1.1656336784362793,1.945538878440857,0.0
2.0,-1.1808311939239502,1.9503942728042603,0.0
2.0,-1.1898359060287476,1.9449139833450317,0.0
2.0,-1.203021764755249,1.9461971521377563,0.0
2.0,-1.2120068073272705,1.9406143426895142,0.0
2.0,-1.2273696660995483,1.9451384544372559,0.0
2.0,-1.2406500577926636,1.946189045906067,0.0
2.0,-1.2496347427368164,1.9404323101043701,0.0
2.0,-1.265136480331421,1.944692611694336,0.0
2.0,-1.2741140127182007,1.938822627067566,0.0
2.0,-1.2897008657455444,1.9429091215133667,0.0
2.0,-1.3053525686264038,1.9468926191329956,0.0
2.0,-1.3143398761749268,1.9408366680145264,0.0
2.0,-1.3300734758377075,1.9446439743041992,0.0
2.0,-1.3390501737594604,1.9384738206863403,0.0
2.0,-1.3548640012741089,1.9421039819717407,0.0
2.0,-1.3638285398483276,1.935819149017334,0.0
2.0,-1.379720687866211,1.9392708539962769,0.0
2.0,-1.3956735134124756,1.942616581916809,0.0
2.0,-1.4046399593353271,1.936143159866333,0.0
2.0,-1.420668125152588,1.939308762550354,0.0
2.0,-1.4296190738677979,1.9327197074890137,0.0
2.0,-1.4457200765609741,1.9357037544250488,0.0
2.0,-1.4642876386642456,1.941773772239685,0.0
2.0,-1.4732495546340942,1.9349831342697144,0.0
2.0,-1.4894933700561523,1.9376649856567383,0.0
2.0,-1.4984359741210938,1.930757761001587,0.0
2.0,-1.5147476196289062,1.9332553148269653,0.0
2.0,-1.5236696004867554,1.9262313842773438,0.0
2.0,-1.5325590372085571,1.9191663265228271,0.0
2.0,-1.5288634300231934,1.8964897394180298,0.0
2.0,-1.5376152992248535,1.8894009590148926,0.0
2.0,-1.5285601615905762,1.8606363534927368,0.0
2.0,-1.5371463298797607,1.8535493612289429,0.0
2.0,-1.5302939414978027,1.8280199766159058,0.0
2.0,-1.5232385396957397,1.80259370803833,0.0
2.0,-1.531556248664856,1.7955318689346313,0.0
2.0,-1.5215721130371094,1.767213225364685,0.0
2.0,-1.5297263860702515,1.7601594924926758,0.0
2.0,-1.522020936012268,1.7350263595581055,0.0
2.0,-1.516767978668213,1.7129971981048584,0.0
2.0,-1.5246715545654297,1.7059663534164429,0.0
2.0,-1.5164668560028076,1.6810781955718994,0.0
2.0,-1.5242228507995605,1.6740490198135376,0.0
2.0,-1.5184133052825928,1.6522581577301025,0.0
2.0,-1.5124350786209106,1.6305570602416992,0.0
2.0,-1.5199575424194336,1.623547077178955,0.0
2.0,-1.5137115716934204,1.6019654273986816,0.0
2.0,-1.5211018323898315,1.5949499607086182,0.0
2.0,-1.5118157863616943,1.570609211921692,0.0
2.0,-1.505124807357788,1.549257755279541,0.0
2.0,-1.512271523475647,1.5422824621200562,0.0
2.0,-1.5053175687789917,1.5210586786270142,0.0
2.0,-1.512333869934082,1.5140827894210815,0.0
2.0,-1.505118489265442,1.4929895401000977,0.0
2.0,-1.500593900680542,1.4747997522354126,0.0
2.0,-1.5073963403701782,1.4678462743759155,0.0
2.0,-1.4997735023498535,1.446974754333496,0.0
2.0,-1.5064473152160645,1.4400253295898438,0.0
2.0,-1.5014722347259521,1.422042727470398,0.0
2.0,-1.5080307722091675,1.4150856733322144,0.0
2.0,-1.5043036937713623,1.398565649986267,0.0
2.0,-1.4975144863128662,1.3794007301330566,0.0
2.0,-1.503875970840454,1.3724623918533325,0.0
2.0,-1.4998208284378052,1.3561054468154907,0.0
2.0,-1.494157075881958,1.338480830192566,0.0
2.0,-1.5003293752670288,1.3315584659576416,0.0
2.0,-1.4944539070129395,1.3140424489974976,0.0
2.0,-1.5005131959915161,1.3071190118789673,0.0
2.0,-1.4944275617599487,1.289713978767395,0.0
2.0,-1.500374436378479,1.2827908992767334,0.0
2.0,-1.497132420539856,1.2680845260620117,0.0
2.0,-1.492254614830017,1.2521501779556274,0.0
2.0,-1.4980278015136719,1.2452374696731567,0.0
2.0,-1.4929616451263428,1.2293988466262817,0.0
2.0,-1.4986296892166138,1.2224831581115723,0.0
2.0,-1.49337637424469,1.2067421674728394,0.0
2.0,-1.4895713329315186,1.1923259496688843,0.0
2.0,-1.4950679540634155,1.1854263544082642,0.0
2.0,-1.4895225763320923,1.1698541641235352,0.0
2.0,-1.494915246963501,1.1629550457000732,0.0
2.0,-1.4891862869262695,1.1474859714508057,0.0
2.0,-1.486526370048523,1.134521722793579,0.0
2.0,-1.491755723953247,1.1276367902755737,0.0
2.0,-1.4873472452163696,1.11353600025177,0.0
2.0,-1.492479681968689,1.1066474914550781,0.0
2.0,-1.4862958192825317,1.0914489030838013,0.0
2.0,-1.4816211462020874,1.0775076150894165,0.0
2.0,-1.4865870475769043,1.070646047592163,0.0
2.0,-1.4817514419555664,1.0567936897277832,0.0
2.0,-1.4866214990615845,1.0499316453933716,0.0
2.0,-1.481626033782959,1.0361700057983398,0.0
2.0,-1.4781795740127563,1.0236157178878784,0.0
2.0,-1.482896327972412,1.016770601272583,0.0
2.0,-1.4793078899383545,1.0042870044708252,0.0
2.0,-1.4839352369308472,0.9974368214607239,0.0
2.0,-1.4785407781600952,0.9839172959327698,0.0
2.0,-1.4830739498138428,0.9770709276199341,0.0
2.0,-1.4791995286941528,0.9647408723831177,0.0
2.0,-1.4752428531646729,0.9524675607681274,0.0
2.0,-1.479630708694458,0.9456368088722229,0.0
2.0,-1.4738457202911377,0.9323703646659851,0.0
2.0,-1.4696651697158813,0.920239269733429,0.0
2.0,-1.473904013633728,0.913434624671936,0.0
2.0,-1.4712920188903809,0.9024276733398438,0.0
2.0,-1.475448489189148,0.8956156969070435,0.0
2.0,-1.4710012674331665,0.8836352229118347,0.0
2.0,-1.4750709533691406,0.8768247961997986,0.0
2.0,-1.4722133874893188,0.8659396767616272,0.0
2.0,-1.4692870378494263,0.8550998568534851,0.0
2.0,-1.4732247591018677,0.848297655582428,0.0
2.0,-1.470179796218872,0.8375174403190613,0.0
2.0,-1.4740362167358398,0.830711305141449,0.0
2.0,-1.4708735942840576,0.819991946220398,0.0
2.0,-1.4676436185836792,0.8093196749687195,0.0
2.0,-1.4713696241378784,0.8025255799293518,0.0
2.0,-1.4662631750106812,0.7909665703773499,0.0
2.0,-1.4699045419692993,0.7841790914535522,0.0
2.0,-1.4664386510849,0.7736418843269348,0.0
2.0,-1.462906837463379,0.7631535530090332,0.0
2.0,-1.4664195775985718,0.7563818097114563,0.0
2.0,-1.4627741575241089,0.7459595203399658,0.0
2.0,-1.4662073850631714,0.7391886115074158,0.0
2.0,-1.464239239692688,0.7297256588935852,0.0
2.0,-1.460420846939087,0.7194129824638367,0.0
2.0,-1.4637314081192017,0.7126532196998596,0.0
2.0,-1.4579994678497314,0.701542317867279,0.0
2.0,-1.4612274169921875,0.6947939991950989,0.0
2.0,-1.4589935541152954,0.6854793429374695,0.0
2.0,-1.4585189819335938,0.6770423650741577,0.0
2.0,-1.4616336822509766,0.6702918410301208,0.0
2.0,-1.4592516422271729,0.6610511541366577,0.0
2.0,-1.4622923135757446,0.654297411441803,0.0
2.0,-1.4598137140274048,0.6451044678688049,0.0
2.0,-1.4627807140350342,0.6383483409881592,0.0
2.0,-1.458369493484497,0.6284127235412598,0.0
2.0,-1.4557381868362427,0.6193145513534546,0.0
2.0,-1.4585858583450317,0.6125775575637817,0.0
2.0,-1.4558597803115845,0.603529691696167,0.0
2.0,-1.458634614944458,0.5967922806739807,0.0
2.0,-1.4558147192001343,0.5877957344055176,0.0
2.0,-1.4529427289962769,0.578838050365448,0.0
2.0,-1.4556033611297607,0.5721144080162048,0.0
2.0,-1.4526386260986328,0.5632094740867615,0.0
2.0,-1.455227017402649,0.5564873814582825,0.0
2.0,-1.4540417194366455,0.5483419299125671,0.0
2.0,-1.4565613269805908,0.5416135191917419,0.0
2.0,-1.453416347503662,0.5328083634376526,0.0
2.0,-1.4521023035049438,0.5247235894203186,0.0
2.0,-1.4545128345489502,0.5180043578147888,0.0
2.0,-1.4512306451797485,0.5092872381210327,0.0
2.0,-1.453569769859314,0.502572238445282,0.0
2.0,-1.4501981735229492,0.49391207098960876,0.0
2.0,-1.4467778205871582,0.4852938950061798,0.0
2.0,-1.4490059614181519,0.4785997271537781,0.0
2.0,-1.4473992586135864,0.4706583619117737,0.0
2.0,-1.4495598077774048,0.4639614522457123,0.0
2.0,-1.4459666013717651,0.4554520845413208,0.0
2.0,-1.444236159324646,0.44757789373397827,0.0
2.0,-1.4462900161743164,0.44089585542678833,0.0
2.0,-1.4444814920425415,0.43305572867393494,0.0
2.0,-1.4464682340621948,0.4263727366924286,0.0
2.0,-1.4445819854736328,0.41856738924980164,0.0
2.0,-1.4426547288894653,0.4107886552810669,0.0
2.0,-1.4445385932922363,0.40411433577537537,0.0
2.0,-1.4425344467163086,0.3963715732097626,0.0
2.0,-1.4443516731262207,0.38969796895980835,0.0
2.0,-1.4422712326049805,0.3819918930530548,0.0
2.0,-1.4382147789001465,0.3738103210926056,0.0
2.0,-1.4399276971817017,0.3671569228172302,0.0
2.0,-1.4396694898605347,0.3600104749202728,0.0
2.0,-1.4413186311721802,0.35335052013397217,0.0
2.0,-1.4390475749969482,0.34574854373931885,0.0
2.0,-1.4406307935714722,0.33909159898757935,0.0
2.0,-1.4402341842651367,0.3319781720638275,0.0
2.0,-1.4378516674041748,0.32443544268608093,0.0
2.0,-1.4393362998962402,0.31778424978256226,0.0
2.0,-1.436880350112915,0.31028199195861816,0.0
2.0,-1.438299536705017,0.3036354184150696,0.0
2.0,-1.4377292394638062,0.2965783476829529,0.0
2.0,-1.4371243715286255,0.28953298926353455,0.0
2.0,-1.4384477138519287,0.2828855514526367,0.0
2.0,-1.4358118772506714,0.275478333234787,0.0
2.0,-1.4370701313018799,0.2688370943069458,0.0
2.0,-1.4363301992416382,0.26183146238327026,0.0
2.0,-1.433586835861206,0.2544887959957123,0.0
2.0,-1.4347481727600098,0.24785807728767395,0.0
2.0,-1.4339064359664917,0.2408907115459442,0.0
2.0,-1.4350048303604126,0.23425865173339844,0.0
2.0,-1.4340972900390625,0.2273084968328476,0.0
2.0,-1.4351328611373901,0.22067570686340332,0.0
2.0,-1.4341596364974976,0.21374337375164032,0.0
2.0,-1.4311734437942505,0.2065390944480896,0.0
2.0,-1.4321130514144897,0.19992002844810486,0.0
2.0,-1.4310400485992432,0.19302935898303986,0.0
2.0,-1.4319171905517578,0.186411052942276,0.0
2.0,-1.4307793378829956,0.1795397698879242,0.0
2.0,-1.4296085834503174,0.172682985663414,0.0
2.0,-1.4303916692733765,0.16607153415679932,0.0
2.0,-1.4291564226150513,0.15923504531383514,0.0
2.0,-1.4298774003982544,0.15262581408023834,0.0
2.0,-1.4285781383514404,0.14581026136875153,0.0
2.0,-1.4292370080947876,0.13920384645462036,0.0
2.0,-1.4298652410507202,0.13259446620941162,0.0
2.0,-1.4284707307815552,0.1258067935705185,0.0
2.0,-1.429037094116211,0.11920109391212463,0.0
2.0,-1.4275791645050049,0.11243581771850586,0.0
2.0,-1.4260891675949097,0.10568656772375107,0.0
2.0,-1.4265625476837158,0.09909209609031677,0.0
2.0,-1.427005410194397,0.09249550849199295,0.0
2.0,-1.4274177551269531,0.08589693903923035,0.0
2.0,-1.4258028268814087,0.07918563485145569,0.0
2.0,-1.4261536598205566,0.07259277254343033,0.0
2.0,-1.424476146697998,0.06590592116117477,0.0
2.0,-1.424765706062317,0.05931933596730232,0.0
2.0,-1.4250247478485107,0.0527314767241478,0.0
2.0,-1.4252532720565796,0.046142496168613434,0.0
2.0,-1.425451397895813,0.03955252468585968,0.0
2.0,-1.4236195087432861,0.03291548043489456,0.0
2.0,-1.4217568635940552,0.0262962207198143,0.0
2.0,-1.421863317489624,0.019722629338502884,0.0
2.0,-1.4219392538070679,0.013148615136742592,0.0
2.0,-1.4219849109649658,0.006574319209903479,0.0
2.0,-1.4220000505447388,-1.1636915075996512e-07,0.0
3.0,-1.4199999570846558,1.2414034245011862e-07,0.0
3.0,-1.4199848175048828,-0.006565064657479525,0.0
3.0,-1.4199392795562744,-0.013130112551152706,0.0
3.0,-1.4198633432388306,-0.01969487965106964,0.0
3.0,-1.4197571277618408,-0.026259226724505424,0.0
3.0,-1.4196205139160156,-0.03282301127910614,0.0
3.0,-1.4194536209106445,-0.039386097341775894,0.0
3.0,-1.4212554693222046,-0.046013057231903076,0.0
3.0,-1.4210275411605835,-0.05258355662226677,0.0
3.0,-1.420769214630127,-0.059152934700250626,0.0
3.0,-1.420480489730835,-0.0657210499048233,0.0
3.0,-1.420161485671997,-0.07228775322437286,0.0
3.0,-1.4198120832443237,-0.07885292172431946,0.0
3.0,-1.4194324016571045,-0.08541639894247055,0.0
3.0,-1.4190223217010498,-0.0919780507683754,0.0
3.0,-1.4185818433761597,-0.09853773564100266,0.0
3.0,-1.4181110858917236,-0.10509531199932098,0.0
3.0,-1.4176100492477417,-0.11165064573287964,0.0
3.0,-1.4190717935562134,-0.11836984008550644,0.0
3.0,-1.4185093641281128,-0.12492947280406952,0.0
3.0,-1.4179165363311768,-0.1314864307641983,0.0
3.0,-1.4172935485839844,-0.13804058730602264,0.0
3.0,-1.4166401624679565,-0.1445917785167694,0.0
3.0,-1.4159564971923828,-0.15113988518714905,0.0
3.0,-1.417230248451233,-0.15790623426437378,0.0
3.0,-1.416485071182251,-0.16445693373680115,0.0
3.0,-1.4157096147537231,-0.17100411653518677,0.0
3.0,-1.4149038791656494,-0.1775476336479187,0.0
3.0,-1.4140678644180298,-0.1840873658657074,0.0
3.0,-1.4132015705108643,-0.19062316417694092,0.0
3.0,-1.4142858982086182,-0.19743138551712036,0.0
3.0,-1.4133580923080444,-0.20396804809570312,0.0
3.0,-1.414378046989441,-0.21079516410827637,0.0
3.0,-1.415365219116211,-0.2176360934972763,0.0
3.0,-1.4143438339233398,-0.2241775244474411,0.0
3.0,-1.4132922887802124,-0.23071415722370148,0.0
3.0,-1.412210464477539,-0.23724587261676788,0.0
3.0,-1.4130693674087524,-0.24411296844482422,0.0
3.0,-1.413894772529602,-0.2509930729866028,0.0
3.0,-1.4127192497253418,-0.25752735137939453,0.0
3.0,-1.4134793281555176,-0.2644239068031311,0.0
3.0,-1.4122416973114014,-0.2709560990333557,0.0
3.0,-1.4129364490509033,-0.27786847949028015,0.0
3.0,-1.4116365909576416,-0.28439804911613464,0.0
3.0,-1.410306692123413,-0.29092150926589966,0.0
3.0,-1.4109033346176147,-0.29785189032554626,0.0
3.0,-1.4095112085342407,-0.30437183380126953,0.0
3.0,-1.4100419282913208,-0.31131646037101746,0.0
3.0,-1.4085874557495117,-0.3178322911262512,0.0
3.0,-1.409051775932312,-0.3247905373573303,0.0
3.0,-1.4114288091659546,-0.33221811056137085,0.0
3.0,-1.4098777770996094,-0.33874011039733887,0.0
3.0,-1.4102389812469482,-0.34573110938072205,0.0
3.0,-1.4086254835128784,-0.3522474765777588,0.0
3.0,-1.4089198112487793,-0.3592504560947418,0.0
3.0,-1.4072438478469849,-0.36576056480407715,0.0
3.0,-1.4074710607528687,-0.3727749288082123,0.0
3.0,-1.4095945358276367,-0.3803201913833618,0.0
3.0,-1.4078210592269897,-0.38683319091796875,0.0
3.0,-1.407943606376648,-0.3938767611980438,0.0
3.0,-1.4061075448989868,-0.40038201212882996,0.0
3.0,-1.4061622619628906,-0.40743526816368103,0.0
3.0,-1.4061819314956665,-0.41449761390686035,0.0
3.0,-1.4042505025863647,-0.42099449038505554,0.0
3.0,-1.4061152935028076,-0.42864876985549927,0.0
3.0,-1.404118537902832,-0.43514516949653625,0.0
3.0,-1.4059067964553833,-0.4428339898586273,0.0
3.0,-1.4038443565368652,-0.44932928681373596,0.0
3.0,-1.4055559635162354,-0.45705196261405945,0.0
3.0,-1.4053269624710083,-0.46417272090911865,0.0
3.0,-1.4031658172607422,-0.4706651270389557,0.0
3.0,-1.4047611951828003,-0.47843700647354126,0.0
3.0,-1.4025341272354126,-0.48492664098739624,0.0
3.0,-1.4040515422821045,-0.4927304685115814,0.0
3.0,-1.4036425352096558,-0.499887615442276,0.0
3.0,-1.4013164043426514,-0.5063718557357788,0.0
3.0,-1.402715802192688,-0.5142219662666321,0.0
3.0,-1.4003233909606934,-0.5207017660140991,0.0
3.0,-1.4016437530517578,-0.5285818576812744,0.0
3.0,-1.4047890901565552,-0.5371996164321899,0.0
3.0,-1.4022904634475708,-0.5436887145042419,0.0
3.0,-1.403484582901001,-0.5516294836997986,0.0
3.0,-1.4009191989898682,-0.558112382888794,0.0
3.0,-1.4001784324645996,-0.5653321743011475,0.0
3.0,-1.3975496292114258,-0.5717996954917908,0.0
3.0,-1.4004337787628174,-0.5805526971817017,0.0
3.0,-1.4032665491104126,-0.5893445014953613,0.0
3.0,-1.400526762008667,-0.5958260297775269,0.0
3.0,-1.401430606842041,-0.6038777232170105,0.0
3.0,-1.3986237049102783,-0.6103506088256836,0.0
3.0,-1.3994455337524414,-0.6184272170066833,0.0
3.0,-1.402048110961914,-0.6273413300514221,0.0
3.0,-1.3991327285766602,-0.6338168382644653,0.0
3.0,-1.3998231887817383,-0.6419461369514465,0.0
3.0,-1.3968403339385986,-0.6484111547470093,0.0
3.0,-1.397447943687439,-0.6565633416175842,0.0
3.0,-1.394397497177124,-0.663017213344574,0.0
3.0,-1.3985260725021362,-0.6729256510734558,0.0
3.0,-1.3989962339401245,-0.681135356426239,0.0
3.0,-1.3958321809768677,-0.6875961422920227,0.0
3.0,-1.3980083465576172,-0.6967185139656067,0.0
3.0,-1.3947722911834717,-0.7031745910644531,0.0
3.0,-1.3950695991516113,-0.7114328145980835,0.0
3.0,-1.3917654752731323,-0.7178751230239868,0.0
3.0,-1.395524501800537,-0.7280022501945496,0.0
3.0,-1.397450566291809,-0.7372461557388306,0.0
3.0,-1.3940271139144897,-0.7436992526054382,0.0
3.0,-1.3976147174835205,-0.7539345622062683,0.0
3.0,-1.3941140174865723,-0.760388195514679,0.0
3.0,-1.395837664604187,-0.7697228789329529,0.0
3.0,-1.3975046873092651,-0.7790897488594055,0.0
3.0,-1.3938877582550049,-0.7855426073074341,0.0
3.0,-1.3954542875289917,-0.7949485182762146,0.0
3.0,-1.3917640447616577,-0.8013917207717896,0.0
3.0,-1.3932297229766846,-0.8108358383178711,0.0
3.0,-1.3963617086410522,-0.8213245272636414,0.0
3.0,-1.3925495147705078,-0.8277716636657715,0.0
3.0,-1.3938509225845337,-0.8372907042503357,0.0
3.0,-1.3899649381637573,-0.8437260985374451,0.0
3.0,-1.39116370677948,-0.8532804250717163,0.0
3.0,-1.3872038125991821,-0.8597031235694885,0.0
3.0,-1.3916897773742676,-0.8714145421981812,0.0
3.0,-1.3876460790634155,-0.8778395056724548,0.0
3.0,-1.3903136253356934,-0.8885539174079895,0.0
3.0,-1.3912312984466553,-0.898226797580719,0.0
3.0,-1.3870636224746704,-0.9046493768692017,0.0
3.0,-1.3912168741226196,-0.9165541529655457,0.0
3.0,-1.3869644403457642,-0.9229764938354492,0.0
3.0,-1.3893219232559204,-0.9338418841362,0.0
3.0,-1.391608476638794,-0.9447486996650696,0.0
3.0,-1.38722562789917,-0.9511725306510925,0.0
3.0,-1.3910343647003174,-0.9632691144943237,0.0
3.0,-1.3865660429000854,-0.9696900844573975,0.0
3.0,-1.3886024951934814,-0.9807054400444031,0.0
3.0,-1.3889384269714355,-0.9905988574028015,0.0
3.0,-1.3843436241149902,-0.9970098733901978,0.0
3.0,-1.3861892223358154,-1.0081048011779785,0.0
3.0,-1.3815135955810547,-1.0145028829574585,0.0
3.0,-1.3832346200942993,-1.0256441831588745,0.0
3.0,-1.378477931022644,-1.0320284366607666,0.0
3.0,-1.3705008029937744,-1.0359786748886108,0.0
3.0,-1.3529775142669678,-1.0325967073440552,0.0
3.0,-1.3481889963150024,-1.0388410091400146,0.0
3.0,-1.3307429552078247,-1.0352387428283691,0.0
3.0,-1.3259423971176147,-1.0413801670074463,0.0
3.0,-1.308576226234436,-1.037558674812317,0.0
3.0,-1.2912741899490356,-1.0335991382598877,0.0
3.0,-1.2864816188812256,-1.0395581722259521,0.0
3.0,-1.2677136659622192,-1.0341171026229858,0.0
3.0,-1.2629190683364868,-1.0399671792984009,0.0
3.0,-1.2457932233810425,-1.0355671644210815,0.0
3.0,-1.2256711721420288,-1.028460144996643,0.0
3.0,-1.2209031581878662,-1.0341157913208008,0.0
3.0,-1.205467939376831,-1.0306516885757446,0.0
3.0,-1.2006900310516357,-1.036213994026184,0.0
3.0,-1.1883461475372314,-1.035185694694519,0.0
3.0,-1.1730337142944336,-1.0314242839813232,0.0
3.0,-1.1682524681091309,-1.0368366241455078,0.0
3.0,-1.1515288352966309,-1.0315510034561157,0.0
3.0,-1.1467472314834595,-1.036863923072815,0.0
3.0,-1.1316001415252686,-1.032717227935791,0.0
3.0,-1.1165162324905396,-1.02845299243927,0.0
3.0,-1.111749291419983,-1.0336041450500488,0.0
3.0,-1.0967495441436768,-1.0291531085968018,0.0
3.0,-1.091979742050171,-1.0342128276824951,0.0
3.0,-1.0799578428268433,-1.0323405265808105,0.0
3.0,-1.0665374994277954,-1.028990626335144,0.0
3.0,-1.061768651008606,-1.0339106321334839,0.0
3.0,-1.0484187602996826,-1.0303971767425537,0.0
3.0,-1.043643593788147,-1.0352333784103394,0.0
3.0,-1.0303657054901123,-1.0315572023391724,0.0
3.0,-1.025585412979126,-1.0363099575042725,0.0
3.0,-1.013782024383545,-1.0339003801345825,0.0
3.0,-1.0006293058395386,-1.0299694538116455,0.0
3.0,-0.9958566427230835,-1.0345847606658936,0.0
3.0,-0.9827808737754822,-1.030493974685669,0.0
3.0,-0.9711380004882812,-1.027758240699768,0.0
3.0,-0.9663759469985962,-1.03223717212677,0.0
3.0,-0.9534325003623962,-1.0278960466384888,0.0
3.0,-0.948669970035553,-1.0322932004928589,0.0
3.0,-0.9371547102928162,-1.0292739868164062,0.0
3.0,-0.9323859810829163,-1.0335958003997803,0.0
3.0,-0.9209335446357727,-1.0304393768310547,0.0
3.0,-0.9095304012298584,-1.0271992683410645,0.0
3.0,-0.9047715663909912,-1.0313934087753296,0.0
3.0,-0.8934336304664612,-1.0280176401138306,0.0
3.0,-0.8834513425827026,-1.0260748863220215,0.0
3.0,-0.8786979913711548,-1.0301483869552612,0.0
3.0,-0.8687623143196106,-1.0280894041061401,0.0
3.0,-0.8639997839927673,-1.0320950746536255,0.0
3.0,-0.8528352975845337,-1.0283812284469604,0.0
3.0,-0.8480715751647949,-1.0323131084442139,0.0
3.0,-0.8382401466369629,-1.0300180912017822,0.0
3.0,-0.8271929025650024,-1.0260974168777466,0.0
3.0,-0.8224400281906128,-1.0299108028411865,0.0
3.0,-0.8114656805992126,-1.0258593559265137,0.0
3.0,-0.8067141175270081,-1.0296000242233276,0.0
3.0,-0.7982666492462158,-1.0285788774490356,0.0
3.0,-0.789845883846283,-1.0275015830993652,0.0
3.0,-0.7850869297981262,-1.0311423540115356,0.0
3.0,-0.7742902636528015,-1.0267767906188965,0.0
3.0,-0.7695348262786865,-1.0303456783294678,0.0
3.0,-0.7611948251724243,-1.0290687084197998,0.0
3.0,-0.7517012357711792,-1.0261234045028687,0.0
3.0,-0.7469490170478821,-1.029587745666504,0.0
3.0,-0.7386800646781921,-1.0281574726104736,0.0
3.0,-0.7339186072349548,-1.0315617322921753,0.0
3.0,-0.7245339155197144,-1.028403878211975,0.0
3.0,-0.7151942253112793,-1.025181531906128,0.0
3.0,-0.710446834564209,-1.0284771919250488,0.0
3.0,-0.7011678218841553,-1.0251476764678955,0.0
3.0,-0.6964206695556641,-1.0283784866333008,0.0
3.0,-0.6883172988891602,-1.0266036987304688,0.0
3.0,-0.6835635304450989,-1.0297751426696777,0.0
3.0,-0.6765984892845154,-1.0295816659927368,0.0
3.0,-0.6674685478210449,-1.0259929895401,0.0
3.0,-0.662717878818512,-1.0290679931640625,0.0
3.0,-0.6547278165817261,-1.0270615816116333,0.0
3.0,-0.6467704772949219,-1.025003433227539,0.0
3.0,-0.642024576663971,-1.0279827117919922,0.0
3.0,-0.6341102123260498,-1.0258363485336304,0.0
3.0,-0.6293606162071228,-1.028757095336914,0.0
3.0,-0.6214901208877563,-1.0265233516693115,0.0
3.0,-0.6167374849319458,-1.0293856859207153,0.0
3.0,-0.6099317073822021,-1.0287853479385376,0.0
3.0,-0.6021327972412109,-1.0264191627502441,0.0
3.0,-0.5973808765411377,-1.0291920900344849,0.0
3.0,-0.5886321663856506,-1.0250054597854614,0.0
3.0,-0.5838868618011475,-1.027716040611267,0.0
3.0,-0.5771692395210266,-1.0269174575805664,0.0
3.0,-0.5694997906684875,-1.0243310928344727,0.0
3.0,-0.5647578239440918,-1.026953101158142,0.0
3.0,-0.5580925345420837,-1.0260393619537354,0.0
3.0,-0.5533427596092224,-1.0286086797714233,0.0
3.0,-0.5467025637626648,-1.0276246070861816,0.0
3.0,-0.5391520857810974,-1.0248311758041382,0.0
3.0,-0.5344080924987793,-1.027312994003296,0.0
3.0,-0.5278232097625732,-1.0262157917022705,0.0
3.0,-0.5230730175971985,-1.0286450386047363,0.0
3.0,-0.5165150165557861,-1.027478575706482,0.0
3.0,-0.5090890526771545,-1.0244824886322021,0.0
3.0,-0.5043470859527588,-1.0268253087997437,0.0
3.0,-0.49697399139404297,-1.0237483978271484,0.0
3.0,-0.4922355115413666,-1.026035189628601,0.0
3.0,-0.4857729971408844,-1.0246855020523071,0.0
3.0,-0.48103031516075134,-1.0269205570220947,0.0
3.0,-0.47375738620758057,-1.0236884355545044,0.0
3.0,-0.46735620498657227,-1.0222299098968506,0.0
3.0,-0.46262505650520325,-1.0243797302246094,0.0
3.0,-0.4570693075656891,-1.0246812105178833,0.0
3.0,-0.4523269236087799,-1.0267834663391113,0.0
3.0,-0.4459792673587799,-1.025195837020874,0.0
3.0,-0.43965595960617065,-1.023571491241455,0.0
3.0,-0.43491891026496887,-1.0255931615829468,0.0
3.0,-0.42862799763679504,-1.0239033699035645,0.0
3.0,-0.42388951778411865,-1.025874137878418,0.0
3.0,-0.4176315367221832,-1.0241190195083618,0.0
3.0,-0.41139891743659973,-1.0223281383514404,0.0
3.0,-0.40666791796684265,-1.024219274520874,0.0
3.0,-0.4011988043785095,-1.0242263078689575,0.0
3.0,-0.3964591324329376,-1.026070237159729,0.0
3.0,-0.3909987807273865,-1.0260233879089355,0.0
3.0,-0.38554733991622925,-1.02594792842865,0.0
3.0,-0.38079988956451416,-1.027719497680664,0.0
3.0,-0.37604427337646484,-1.0294691324234009,0.0
3.0,-0.37128064036369324,-1.0311967134475708,0.0
3.0,-0.36584025621414185,-1.0310174226760864,0.0
3.0,-0.3604094982147217,-1.0308098793029785,0.0
3.0,-0.35563981533050537,-1.0324652194976807,0.0
3.0,-0.3495773673057556,-1.0303105115890503,0.0
3.0,-0.3448100984096527,-1.0319157838821411,0.0
3.0,-0.3387853503227234,-1.0296992063522339,0.0
3.0,-0.33402103185653687,-1.031254529953003,0.0
3.0,-0.3286421298980713,-1.0308823585510254,0.0
3.0,-0.3226751387119293,-1.0285741090774536,0.0
3.0,-0.31791621446609497,-1.0300549268722534,0.0
3.0,-0.3125694990158081,-1.0296000242233276,0.0
3.0,-0.3078059256076813,-1.0310341119766235,0.0
3.0,-0.3024725317955017,-1.0305272340774536,0.0
3.0,-0.29659605026245117,-1.028071403503418,0.0
3.0,-0.29183971881866455,-1.029431700706482,0.0
3.0,-0.28654053807258606,-1.0288432836532593,0.0
3.0,-0.28178074955940247,-1.0301570892333984,0.0
3.0,-0.27649617195129395,-1.0295172929763794,0.0
3.0,-0.270713746547699,-1.0269168615341187,0.0
3.0,-0.26596304774284363,-1.0281574726104736,0.0
3.0,-0.26071470975875854,-1.027437448501587,0.0
3.0,-0.25596168637275696,-1.0286318063735962,0.0
3.0,-0.2507292628288269,-1.02786123752594,0.0
3.0,-0.24550941586494446,-1.027064323425293,0.0
3.0,-0.2407582849264145,-1.0281884670257568,0.0
3.0,-0.23555505275726318,-1.0273411273956299,0.0
3.0,-0.2308027595281601,-1.0284192562103271,0.0
3.0,-0.22561660408973694,-1.0275218486785889,0.0
3.0,-0.22086356580257416,-1.028554081916809,0.0
3.0,-0.21569494903087616,-1.027606725692749,0.0
3.0,-0.21053984761238098,-1.0266337394714355,0.0
3.0,-0.20579108595848083,-1.0275962352752686,0.0
3.0,-0.2006542831659317,-1.026573896408081,0.0
3.0,-0.1959058940410614,-1.0274906158447266,0.0
3.0,-0.19078783690929413,-1.0264190435409546,0.0
3.0,-0.18568389117717743,-1.0253221988677979,0.0
3.0,-0.18094146251678467,-1.026169776916504,0.0
3.0,-0.1761951595544815,-1.026995301246643,0.0
3.0,-0.1714451014995575,-1.0277990102767944,0.0
3.0,-0.1666913628578186,-1.028580665588379,0.0
3.0,-0.16193407773971558,-1.0293402671813965,0.0
3.0,-0.1565699577331543,-1.0261236429214478,0.0
3.0,-0.1512390822172165,-1.022879719734192,0.0
3.0,-0.14650830626487732,-1.0235679149627686,0.0
3.0,-0.14177440106868744,-1.024234414100647,0.0
3.0,-0.1370374709367752,-1.024878978729248,0.0
3.0,-0.13204170763492584,-1.0235178470611572,0.0
3.0,-0.12706147134304047,-1.0221327543258667,0.0
3.0,-0.12233441323041916,-1.0227092504501343,0.0
3.0,-0.11760473996400833,-1.023263931274414,0.0
3.0,-0.11287254840135574,-1.0237966775894165,0.0
3.0,-0.10792797803878784,-1.022318720817566,0.0
3.0,-0.103200264275074,-1.0228067636489868,0.0
3.0,-0.09847034513950348,-1.02327299118042,0.0
3.0,-0.09373831748962402,-1.0237172842025757,0.0
3.0,-0.08900429308414459,-1.0241397619247437,0.0
3.0,-0.08410441875457764,-1.0225470066070557,0.0
3.0,-0.07937590032815933,-1.0229250192642212,0.0
3.0,-0.07464569061994553,-1.0232809782028198,0.0
3.0,-0.06991388648748398,-1.0236152410507202,0.0
3.0,-0.06518058478832245,-1.0239274501800537,0.0
3.0,-0.06032806262373924,-1.0222214460372925,0.0
3.0,-0.05560130625963211,-1.0224894285202026,0.0
3.0,-0.05087336152791977,-1.022735595703125,0.0
3.0,-0.046144332736730576,-1.02295982837677,0.0
3.0,-0.04141431301832199,-1.0231622457504272,0.0
3.0,-0.03668341040611267,-1.0233427286148071,0.0
3.0,-0.031951725482940674,-1.0235013961791992,0.0
3.0,-0.02721935510635376,-1.0236382484436035,0.0
3.0,-0.02244248241186142,-1.0217535495758057,0.0
3.0,-0.017718294635415077,-1.0218462944030762,0.0
3.0,-0.012993729673326015,-1.0219173431396484,0.0
3.0,-0.008268886245787144,-1.0219664573669434,0.0
3.0,-0.0035508018918335438,-1.0239938497543335,0.0
3.0,0.0011835411423817277,-1.0239993333816528,0.0
3.0,0.005917858798056841,-1.0239830017089844,0.0
3.0,0.010631244629621506,-1.0219446420669556,0.0
3.0,0.01535596139729023,-1.021884560585022,0.0
3.0,0.02008035033941269,-1.0218026638031006,0.0
3.0,0.024804310873150826,-1.0216989517211914,0.0
3.0,0.029527738690376282,-1.0215733051300049,0.0
3.0,0.03425053879618645,-1.0214258432388306,0.0
3.0,0.038972605019807816,-1.0212565660476685,0.0
3.0,0.04377934709191322,-1.0230637788772583,0.0
3.0,0.04850888252258301,-1.0228503942489624,0.0
3.0,0.05313339829444885,-1.0206178426742554,0.0
3.0,0.05785152688622475,-1.020361304283142,0.0
3.0,0.06256841868162155,-1.0200828313827515,0.0
3.0,0.06741565465927124,-1.0217784643173218,0.0
3.0,0.07213899493217468,-1.0214558839797974,0.0
3.0,0.07686079293489456,-1.0211113691329956,0.0
3.0,0.08158095180988312,-1.0207451581954956,0.0
3.0,0.0862993597984314,-1.0203570127487183,0.0
3.0,0.09101593494415283,-1.0199471712112427,0.0
3.0,0.09573055803775787,-1.0195153951644897,0.0
3.0,0.10044313222169876,-1.0190619230270386,0.0
3.0,0.10515356063842773,-1.0185866355895996,0.0
3.0,0.10986173897981644,-1.0180896520614624,0.0
3.0,0.1145675778388977,-1.0175708532333374,0.0
3.0,0.11927095800638199,-1.0170302391052246,0.0
3.0,0.12397179752588272,-1.0164679288864136,0.0
3.0,0.12866997718811035,-1.0158839225769043,0.0
3.0,0.13336540758609772,-1.0152782201766968,0.0
3.0,0.13832764327526093,-1.0166324377059937,0.0
3.0,0.1430264264345169,-1.0159820318222046,0.0
3.0,0.14801011979579926,-1.0172890424728394,0.0
3.0,0.15271183848381042,-1.0165938138961792,0.0
3.0,0.1577165424823761,-1.0178533792495728,0.0
3.0,0.16242077946662903,-1.0171133279800415,0.0
3.0,0.1671215295791626,-1.0163514614105225,0.0
3.0,0.17181871831417084,-1.0155678987503052,0.0
3.0,0.1765122264623642,-1.0147627592086792,0.0
3.0,0.1812019646167755,-1.0139358043670654,0.0
3.0,0.18588782846927643,-1.0130871534347534,0.0
3.0,0.1909397542476654,-1.0141823291778564,0.0
3.0,0.1956266611814499,-1.0132887363433838,0.0
3.0,0.20069760084152222,-1.0143355131149292,0.0
3.0,0.20578236877918243,-1.0153568983078003,0.0
3.0,0.21047453582286835,-1.0143946409225464,0.0
3.0,0.21557757258415222,-1.015367031097412,0.0
3.0,0.22026969492435455,-1.014359474182129,0.0
3.0,0.22539053857326508,-1.0152827501296997,0.0
3.0,0.23008215427398682,-1.0142297744750977,0.0
3.0,0.23476886749267578,-1.013155221939087,0.0
3.0,0.24037152528762817,-1.0159515142440796,0.0
3.0,0.2450660765171051,-1.014829397201538,0.0
3.0,0.2507123053073883,-1.0175693035125732,0.0
3.0,0.25590163469314575,-1.018338918685913,0.0
3.0,0.2606070637702942,-1.0171449184417725,0.0
3.0,0.26581230759620667,-1.0178643465042114,0.0
3.0,0.27051541209220886,-1.0166245698928833,0.0
3.0,0.27521276473999023,-1.0153629779815674,0.0
3.0,0.27990421652793884,-1.0140796899795532,0.0
3.0,0.28567177057266235,-1.0166256427764893,0.0
3.0,0.2903689742088318,-1.0152939558029175,0.0
3.0,0.2950599491596222,-1.013940691947937,0.0
3.0,0.3003123104572296,-1.0144833326339722,0.0
3.0,0.304999440908432,-1.013084053993225,0.0
3.0,0.3102654218673706,-1.0135754346847534,0.0
3.0,0.31494826078414917,-1.0121301412582397,0.0
3.0,0.3196243345737457,-1.0106632709503174,0.0
3.0,0.3261292278766632,-1.0148869752883911,0.0
3.0,0.33081793785095215,-1.0133683681488037,0.0
3.0,0.3367585241794586,-1.0156248807907104,0.0
3.0,0.3414505422115326,-1.0140570402145386,0.0
3.0,0.34678223729133606,-1.014359951019287,0.0
3.0,0.35212400555610657,-1.0146352052688599,0.0
3.0,0.3568112850189209,-1.0129964351654053,0.0
3.0,0.36216408014297485,-1.0132192373275757,0.0
3.0,0.36684468388557434,-1.0115339756011963,0.0
3.0,0.3728986084461212,-1.0135811567306519,0.0
3.0,0.37827998399734497,-1.0137200355529785,0.0
3.0,0.38296276330947876,-1.0119602680206299,0.0
3.0,0.3883538544178009,-1.0120460987091064,0.0
3.0,0.39302876591682434,-1.0102397203445435,0.0
3.0,0.3984290063381195,-1.0102723836898804,0.0
3.0,0.40309563279151917,-1.0084195137023926,0.0
3.0,0.4107573330402374,-1.0139597654342651,0.0
3.0,0.41695985198020935,-1.0157502889633179,0.0
3.0,0.42165160179138184,-1.0138115882873535,0.0
3.0,0.427110880613327,-1.013694405555725,0.0
3.0,0.4317930042743683,-1.0117088556289673,0.0
3.0,0.4380530118942261,-1.0133733749389648,0.0
3.0,0.4443376660346985,-1.0150015354156494,0.0
3.0,0.4490256607532501,-1.0129363536834717,0.0
3.0,0.4545229971408844,-1.01267409324646,0.0
3.0,0.45920008420944214,-1.0105618238449097,0.0
3.0,0.46470317244529724,-1.0102449655532837,0.0
3.0,0.47105735540390015,-1.0117119550704956,0.0
3.0,0.4757298529148102,-1.0095232725143433,0.0
3.0,0.4829748868942261,-1.0127285718917847,0.0
3.0,0.4876519441604614,-1.0104848146438599,0.0
3.0,0.49582886695861816,-1.0154081583023071,0.0
3.0,0.5005182027816772,-1.0131049156188965,0.0
3.0,0.5051968097686768,-1.0107799768447876,0.0
3.0,0.511669397354126,-1.0120030641555786,0.0
3.0,0.51634281873703,-1.0096266269683838,0.0
3.0,0.5237618684768677,-1.012557864189148,0.0
3.0,0.5284376740455627,-1.0101255178451538,0.0
3.0,0.5349727869033813,-1.0112073421478271,0.0
3.0,0.5396422743797302,-1.0087231397628784,0.0
3.0,0.545251727104187,-1.0079765319824219,0.0
3.0,0.5527852177619934,-1.0107088088989258,0.0
3.0,0.5574522018432617,-1.008142352104187,0.0
3.0,0.5660107731819153,-1.0125372409820557,0.0
3.0,0.5706861019134521,-1.0099095106124878,0.0
3.0,0.5773331522941589,-1.0107336044311523,0.0
3.0,0.5839999318122864,-1.0115176439285278,0.0
3.0,0.5886703133583069,-1.008806824684143,0.0
3.0,0.5953601002693176,-1.0095199346542358,0.0
3.0,0.6000211238861084,-1.0067565441131592,0.0
3.0,0.6077648997306824,-1.0091114044189453,0.0
3.0,0.6124238967895508,-1.0062906742095947,0.0
3.0,0.6191651225090027,-1.006855845451355,0.0
3.0,0.6269801259040833,-1.0090787410736084,0.0
3.0,0.631638765335083,-1.0061691999435425,0.0
3.0,0.6405686736106873,-1.0099939107894897,0.0
3.0,0.6452313661575317,-1.0070215463638306,0.0
3.0,0.6531406044960022,-1.0090645551681519,0.0
3.0,0.6577989459037781,-1.0060341358184814,0.0
3.0,0.6657498478889465,-1.0079885721206665,0.0
3.0,0.6726229190826416,-1.0082273483276367,0.0
3.0,0.677277147769928,-1.005106806755066,0.0
3.0,0.6841674447059631,-1.005271553993225,0.0
3.0,0.6888078451156616,-1.0020976066589355,0.0
3.0,0.6979956030845642,-1.0054740905761719,0.0
3.0,0.7072292566299438,-1.0087867975234985,0.0
3.0,0.7118856906890869,-1.005506157875061,0.0
3.0,0.7200165390968323,-1.0070850849151611,0.0
3.0,0.7246649265289307,-1.003745436668396,0.0
3.0,0.7328324317932129,-1.005232572555542,0.0
3.0,0.7374721169471741,-1.0018336772918701,0.0
3.0,0.7468684315681458,-1.0048340559005737,0.0
3.0,0.7551077008247375,-1.0061691999435425,0.0
3.0,0.7597514986991882,-1.0026673078536987,0.0
3.0,0.7692400217056274,-1.0054978132247925,0.0
3.0,0.7738806009292603,-1.001930594444275,0.0
3.0,0.784653902053833,-1.006227731704712,0.0
3.0,0.7930091023445129,-1.0073035955429077,0.0
3.0,0.7976577281951904,-1.0036264657974243,0.0
3.0,0.8072958588600159,-1.0061676502227783,0.0
3.0,0.8119391202926636,-1.0024244785308838,0.0
3.0,0.8228949904441833,-1.0064014196395874,0.0
3.0,0.8275391459465027,-1.002586007118225,0.0
3.0,0.8385668992996216,-1.006432056427002,0.0
3.0,0.8432110548019409,-1.0025442838668823,0.0
3.0,0.8530148267745972,-1.0047335624694824,0.0
3.0,0.8615553379058838,-1.0053349733352661,0.0
3.0,0.8661941289901733,-1.0013409852981567,0.0
3.0,0.8773915767669678,-1.004858136177063,0.0
3.0,0.8820280432701111,-1.0007909536361694,0.0
3.0,0.8932921886444092,-1.004173755645752,0.0
3.0,0.9032701253890991,-1.0059856176376343,0.0
3.0,0.907911479473114,-1.0017987489700317,0.0
3.0,0.9192829728126526,-1.0049690008163452,0.0
3.0,0.9239194989204407,-1.0007081031799316,0.0
3.0,0.935353696346283,-1.00374174118042,0.0
3.0,0.9399843811988831,-0.9994064569473267,0.0
3.0,0.952856719493866,-1.0037529468536377,0.0
3.0,0.9671728610992432,-1.0094456672668457,0.0
3.0,0.9718295335769653,-1.0049632787704468,0.0
3.0,0.9890379905700684,-1.013340950012207,0.0
3.0,0.9937124848365784,-1.0087573528289795,0.0
3.0,1.0096467733383179,-1.0154986381530762,0.0
3.0,1.028497576713562,-1.024937391281128,0.0
3.0,1.0332252979278564,-1.0201714038848877,0.0
3.0,1.053657054901123,-1.0307680368423462,0.0
3.0,1.0584113597869873,-1.0258855819702148,0.0
3.0,1.0790109634399414,-1.0362197160720825,0.0
3.0,1.0837903022766113,-1.0312199592590332,0.0
3.0,1.1030992269515991,-1.0399174690246582,0.0
3.0,1.1239728927612305,-1.04982328414917,0.0
3.0,1.1288145780563354,-1.0446155071258545,0.0
3.0,1.1513222455978394,-1.0556046962738037,0.0
3.0,1.1561903953552246,-1.050270438194275,0.0
3.0,1.1773864030838013,-1.0596307516098022,0.0
3.0,1.1822727918624878,-1.0541759729385376,0.0
3.0,1.2036219835281372,-1.0632637739181519,0.0
3.0,1.2085249423980713,-1.0576876401901245,0.0
3.0,1.2315351963043213,-1.0678112506866455,0.0
3.0,1.2561815977096558,-1.0790475606918335,0.0
3.0,1.2611570358276367,-1.0732282400131226,0.0
3.0,1.2859840393066406,-1.0841444730758667,0.0
3.0,1.2909826040267944,-1.078187346458435,0.0
3.0,1.157266616821289,-0.957464337348938,0.0
3.0,1.1616809368133545,-0.9521036148071289,0.0
3.0,1.1660704612731934,-0.9467225670814514,0.0
3.0,1.1704350709915161,-0.9413212537765503,0.0
3.0,1.1966744661331177,-0.9533467292785645,0.0
3.0,1.2010693550109863,-0.9478038549423218,0.0
3.0,1.2054386138916016,-0.9422407746315002,0.0
3.0,1.2097821235656738,-0.9366574883460999,0.0
3.0,1.237905502319336,-0.9493101239204407,0.0
3.0,1.2422813177108765,-0.9435766935348511,0.0
3.0,1.2690060138702393,-0.9546558856964111,0.0
3.0,1.2734061479568481,-0.9487785696983337,0.0
3.0,1.30352783203125,-0.9618811011314392,0.0
3.0,1.3354120254516602,-0.9759050607681274,0.0
3.0,1.3399097919464111,-0.9697205424308777,0.0
3.0,1.3703885078430176,-0.9821563959121704,0.0
3.0,1.3749147653579712,-0.9758101105690002,0.0
3.0,1.405592679977417,-0.987842857837677,0.0
3.0,1.4101448059082031,-0.9813336730003357,0.0
3.0,1.4393699169158936,-0.9918257594108582,0.0
3.0,1.465417504310608,-0.9998138546943665,0.0
3.0,1.4700243473052979,-0.9930279850959778,0.0
3.0,1.4945491552352905,-0.9995632171630859,0.0
3.0,1.4991545677185059,-0.9926426410675049,0.0
3.0,1.5221272706985474,-0.9977617859840393,0.0
3.0,1.526724100112915,-0.9907137751579285,0.0
3.0,1.551481008529663,-0.9966156482696533,0.0
3.0,1.5661983489990234,-0.9958707094192505,0.0
3.0,1.5707858800888062,-0.9886189699172974,0.0
3.0,1.575339913368225,-0.981346070766449,0.0
3.0,1.5798602104187012,-0.9740521907806396,0.0
3.0,1.5775176286697388,-0.9625706076622009,0.0
3.0,1.5733908414840698,-0.9500976800918579,0.0
3.0,1.5777666568756104,-0.9428131580352783,0.0
3.0,1.5735008716583252,-0.9304186105728149,0.0
3.0,1.5777857303619385,-0.9231337904930115,0.0
3.0,1.5768442153930664,-0.9128232598304749,0.0
3.0,1.5827832221984863,-0.9065171480178833,0.0
3.0,1.5869574546813965,-0.8991896510124207,0.0
3.0,1.6015654802322388,-0.8977103233337402,0.0
3.0,1.605698823928833,-0.8902961015701294,0.0
3.0,1.6273337602615356,-0.8924800753593445,0.0
3.0,1.631442666053772,-0.8849467635154724,0.0
3.0,1.6513783931732178,-0.8859037160873413,0.0
3.0,1.669590711593628,-0.8857578039169312,0.0
3.0,1.6736680269241333,-0.8780292272567749,0.0
3.0,1.6901371479034424,-0.8767284154891968,0.0
3.0,1.6941725015640259,-0.8689048886299133,0.0
3.0,1.4545735120773315,-0.7040396928787231,0.0
3.0,1.457813024520874,-0.6973071694374084,0.0
3.0,1.4610214233398438,-0.6905596852302551,0.0
3.0,1.4641984701156616,-0.6837974786758423,0.0
3.0,1.481872320175171,-0.6837237477302551,0.0
3.0,1.5013965368270874,-0.6843306422233582,0.0
3.0,1.5045443773269653,-0.6773818135261536,0.0
3.0,1.5222798585891724,-0.6769195199012756,0.0
3.0,1.5253932476043701,-0.6698742508888245,0.0
3.0,1.5413182973861694,-0.6683844327926636,0.0
3.0,1.5443919897079468,-0.6612512469291687,0.0
3.0,1.5603280067443848,-0.6595547199249268,0.0
3.0,1.5652064085006714,-0.6531038880348206,0.0
3.0,1.5682092905044556,-0.6458603739738464,0.0
3.0,1.5656201839447021,-0.6363438963890076,0.0
3.0,1.5685455799102783,-0.629098653793335,0.0
3.0,1.565858244895935,-0.6196321845054626,0.0
3.0,1.5687062740325928,-0.6123860478401184,0.0
3.0,1.5659215450286865,-0.6029707193374634,0.0
3.0,1.5630834102630615,-0.5935943722724915,0.0
3.0,1.5658111572265625,-0.586361289024353,0.0
3.0,1.5647529363632202,-0.5777302384376526,0.0
3.0,1.567407250404358,-0.5704895853996277,0.0
3.0,1.5662630796432495,-0.5618861317634583,0.0
3.0,1.5650728940963745,-0.553305447101593,0.0
3.0,1.567614197731018,-0.5460636019706726,0.0
3.0,1.564447045326233,-0.5368626117706299,0.0
3.0,1.5669125318527222,-0.5296238660812378,0.0
3.0,1.5655490159988403,-0.521110475063324,0.0
3.0,1.5641405582427979,-0.5126210451126099,0.0
3.0,1.5664938688278198,-0.5053839683532715,0.0
3.0,1.5630950927734375,-0.4963202476501465,0.0
3.0,1.5653730630874634,-0.48908817768096924,0.0
3.0,1.5637941360473633,-0.4806704521179199,0.0
3.0,1.5602563619613647,-0.47169896960258484,0.0
3.0,1.5624206066131592,-0.46448028087615967,0.0
3.0,1.5626317262649536,-0.45669063925743103,0.0
3.0,1.56472647190094,-0.4494611322879791,0.0
3.0,1.5629380941390991,-0.441135436296463,0.0
3.0,1.5611063241958618,-0.43283596634864807,0.0
3.0,1.5630908012390137,-0.42561376094818115,0.0
3.0,1.5611776113510132,-0.4173494279384613,0.0
3.0,1.5630905628204346,-0.41012707352638245,0.0
3.0,1.5591593980789185,-0.40140002965927124,0.0
3.0,1.560998558998108,-0.39418715238571167,0.0
3.0,1.5550388097763062,-0.38504305481910706,0.0
3.0,1.543197512626648,-0.3745473623275757,0.0
3.0,1.5449126958847046,-0.3674086034297943,0.0
3.0,1.5388033390045166,-0.35844704508781433,0.0
3.0,1.5404441356658936,-0.3513287305831909,0.0
3.0,1.566230058670044,-0.15620256960391998,0.0
3.0,1.5669355392456055,-0.14895963668823242,0.0
3.0,1.5676075220108032,-0.14171351492404938,0.0
3.0,1.5682458877563477,-0.13446436822414398,0.0
3.0,1.5568901300430298,-0.1262425035238266,0.0
3.0,1.5574572086334229,-0.11904306709766388,0.0
3.0,1.5579909086227417,-0.11184109002351761,0.0
3.0,1.5584913492202759,-0.10463672131299973,0.0
3.0,1.5549662113189697,-0.09718061238527298,0.0
3.0,1.5553988218307495,-0.08999038487672806,0.0
3.0,1.5557982921600342,-0.08279823511838913,0.0
3.0,1.5621575117111206,-0.07589548081159592,0.0
3.0,1.5624916553497314,-0.06867223232984543,0.0
3.0,1.572784662246704,-0.06184040382504463,0.0
3.0,1.5810490846633911,-0.054845523089170456,0.0
3.0,1.5812857151031494,-0.047535158693790436,0.0
3.0,1.589486002922058,-0.04042718559503555,0.0
3.0,1.589655876159668,-0.033077966421842575,0.0
3.0,1.6017903089523315,-0.02592221461236477,0.0
3.0,1.6018929481506348,-0.018516264855861664,0.0
3.0,1.613961100578308,-0.011193138547241688,0.0
3.0,1.6219956874847412,-0.0037495694123208523,0.0
3.0,1.6219956874847412,0.0037495605647563934,0.0
3.0,1.6319607496261597,0.011317960917949677,0.0
3.0,1.6318910121917725,0.018863001838326454,0.0
3.0,1.643784761428833,0.026601815596222878,0.0
3.0,1.6436442136764526,0.03420136123895645,0.0
3.0,1.651465892791748,0.0420035794377327,0.0
3.0,1.6632486581802368,0.049999043345451355,0.0
3.0,1.6629997491836548,0.05768832564353943,0.0
3.0,1.6727075576782227,0.065769262611866,0.0
3.0,1.672385573387146,0.07350210845470428,0.0
3.0,1.439491629600525,0.23157617449760437,0.0
3.0,1.4384056329727173,0.23822900652885437,0.0
3.0,1.4372888803482056,0.24487674236297607,0.0
3.0,1.4361413717269897,0.25151923298835754,0.0
3.0,1.4455547332763672,0.2669673264026642,0.0
3.0,1.4443050622940063,0.27364781498908997,0.0
3.0,1.4430243968963623,0.28032243251800537,0.0
3.0,1.4417129755020142,0.28699108958244324,0.0
3.0,1.4540884494781494,0.29645028710365295,0.0
3.0,1.452702283859253,0.3031699061393738,0.0
3.0,1.4649765491485596,0.31280648708343506,0.0
3.0,1.4635146856307983,0.3195762634277344,0.0
3.0,1.4737331867218018,0.32895341515541077,0.0
3.0,1.4858461618423462,0.3388765752315521,0.0
3.0,1.48426353931427,0.3457425832748413,0.0
3.0,1.4962692260742188,0.3558402955532074,0.0
3.0,1.4946080446243286,0.36275428533554077,0.0
3.0,1.5123286247253418,0.3744675815105438,0.0
3.0,1.510581135749817,0.3814556300640106,0.0
3.0,1.5320435762405396,0.3944191336631775,0.0
3.0,1.5302037000656128,0.40149813890457153,0.0
3.0,1.555381178855896,0.4157998561859131,0.0
3.0,1.5727394819259644,0.42824098467826843,0.0
3.0,1.5707428455352783,0.43550777435302734,0.0
3.0,1.584110975265503,0.44711142778396606,0.0
3.0,1.5820268392562866,0.45443058013916016,0.0
3.0,1.5952664613723755,0.4662283658981323,0.0
3.0,1.5930938720703125,0.4735988974571228,0.0
3.0,1.6042882204055786,0.48501071333885193,0.0
3.0,1.617322564125061,0.49712368845939636,0.0
3.0,1.6150068044662476,0.5045958757400513,0.0
3.0,1.6260000467300415,0.5162941217422485,0.0
3.0,1.6235957145690918,0.5238062143325806,0.0
3.0,1.6344603300094604,0.5356671810150146,0.0
3.0,1.6452497243881226,0.5476397275924683,0.0
3.0,1.6427001953125,0.5552404522895813,0.0
3.0,1.651465892791748,0.5667243599891663,0.0
3.0,1.6488280296325684,0.5743536353111267,0.0
3.0,1.6574687957763672,0.5859704613685608,0.0
3.0,1.654741883277893,0.5936272740364075,0.0
3.0,1.44148850440979,0.5246589183807373,0.0
3.0,1.4390474557876587,0.5313178300857544,0.0
3.0,1.4365755319595337,0.5379654169082642,0.0
3.0,1.4340729713439941,0.5446015000343323,0.0
3.0,1.4464709758758545,0.5569753050804138,0.0
3.0,1.4438804388046265,0.5636569261550903,0.0
3.0,1.4561365842819214,0.5762137770652771,0.0
3.0,1.4534568786621094,0.582939863204956,0.0
3.0,1.467421531677246,0.5964311361312866,0.0
3.0,1.4794427156448364,0.6093022227287292,0.0
3.0,1.4766099452972412,0.6161357760429382,0.0
3.0,1.492167353630066,0.6307430267333984,0.0
3.0,1.4892351627349854,0.6376351118087769,0.0
3.0,1.5046203136444092,0.6524705290794373,0.0
3.0,1.5015875101089478,0.6594200134277344,0.0
3.0,1.516797423362732,0.6744816303253174,0.0
3.0,1.528252363204956,0.688055694103241,0.0
3.0,1.525054931640625,0.695114016532898,0.0
3.0,1.5290889739990234,0.7055090665817261,0.0
3.0,1.525810718536377,0.7125710844993591,0.0
3.0,1.5279245376586914,0.7221818566322327,0.0
3.0,1.5245693922042847,0.7292382717132568,0.0
3.0,1.52658212184906,0.7388931512832642,0.0
3.0,1.5285381078720093,0.748582124710083,0.0
3.0,1.525060772895813,0.7556411623954773,0.0
3.0,1.528702735900879,0.7662689089775085,0.0
3.0,1.5251436233520508,0.7733284831047058,0.0
3.0,1.5251110792160034,0.7821969389915466,0.0
3.0,1.5268045663833618,0.7920025587081909,0.0
3.0,1.523126482963562,0.7990530729293823,0.0
3.0,1.5264829397201538,0.8098357319831848,0.0
3.0,1.5227224826812744,0.8168845772743225,0.0
3.0,1.5242034196853638,0.8267767429351807,0.0
3.0,1.5203646421432495,0.8338148593902588,0.0
3.0,1.5199916362762451,0.8427748680114746,0.0
3.0,1.5160789489746094,0.8497933149337769,0.0
3.0,1.5121338367462158,0.8567936420440674,0.0
3.0,1.5046852827072144,0.8617876172065735,0.0
3.0,1.5006848573684692,0.868735134601593,0.0
3.0,1.4776637554168701,0.8645541667938232,0.0
3.0,1.258404016494751,1.1220585107803345,0.0
3.0,1.2532029151916504,1.1278645992279053,0.0
3.0,1.2479749917984009,1.1336464881896973,0.0
3.0,1.242720365524292,1.139404296875,0.0
3.0,1.2271639108657837,1.1356288194656372,0.0
3.0,1.2219003438949585,1.141290307044983,0.0
3.0,1.2166106700897217,1.1469274759292603,0.0
3.0,1.2112950086593628,1.1525399684906006,0.0
3.0,1.1987407207489014,1.1512012481689453,0.0
3.0,1.1905333995819092,1.1539472341537476,0.0
3.0,1.185185432434082,1.159439206123352,0.0
3.0,1.1755427122116089,1.1606907844543457,0.0
3.0,1.170163869857788,1.1661133766174316,0.0
3.0,1.1548892259597778,1.1615829467773438,0.0
3.0,1.1438921689987183,1.1612107753753662,0.0
3.0,1.138511300086975,1.1664870977401733,0.0
3.0,0.9855507612228394,1.288244366645813,0.0
3.0,0.9795842170715332,1.2927871942520142,0.0
3.0,0.9735966920852661,1.2973023653030396,0.0
3.0,0.9675883650779724,1.3017897605895996,0.0
3.0,0.9484407305717468,1.3009843826293945,0.0
3.0,0.9424156546592712,1.305355429649353,0.0
3.0,0.9363704323768616,1.3096985816955566,0.0
3.0,0.9303051829338074,1.3140138387680054,0.0
3.0,0.9196276664733887,1.3117502927780151,0.0
3.0,0.9135531187057495,1.3159880638122559,0.0
3.0,0.9040603041648865,1.3152531385421753,0.0
3.0,0.8968445062637329,1.317765474319458,0.0
3.0,0.8907423615455627,1.3218978643417358,0.0
3.0,0.8835113048553467,1.3243381977081299,0.0
3.0,0.8773789405822754,1.3284088373184204,0.0
3.0,0.8701333403587341,1.3307772874832153,0.0
3.0,0.8639713525772095,1.3347859382629395,0.0
3.0,0.8567119836807251,1.3370821475982666,0.0
3.0,0.8505209684371948,1.3410288095474243,0.0
3.0,0.8443118333816528,1.3449467420578003,0.0
3.0,0.8380845785140991,1.3488359451293945,0.0
3.0,0.8318394422531128,1.3526962995529175,0.0
3.0,0.8245367407798767,1.3548191785812378,0.0
3.0,0.8182640671730042,1.358616828918457,0.0
3.0,0.8119739294052124,1.3623855113983154,0.0
3.0,0.805666446685791,1.3661249876022339,0.0
3.0,0.7993417382240295,1.3698352575302124,0.0
3.0,0.7929999232292175,1.373516321182251,0.0
3.0,0.7866411805152893,1.3771679401397705,0.0
3.0,0.7792816758155823,1.3790489435195923,0.0
3.0,0.7738733887672424,1.3843828439712524,0.0
3.0,0.7674645781517029,1.3879460096359253,0.0
3.0,0.7610393762588501,1.3914793729782104,0.0
3.0,0.7545979619026184,1.3949830532073975,0.0
3.0,0.7481403350830078,1.3984569311141968,0.0
3.0,0.7416667342185974,1.4019010066986084,0.0
3.0,0.7351773381233215,1.4053149223327637,0.0
3.0,0.7286721467971802,1.4086989164352417,0.0
3.0,0.7221514582633972,1.412052869796753,0.0
3.0,0.47828006744384766,0.9459640979766846,0.0
3.0,0.4739013910293579,0.948165237903595,0.0
3.0,0.46951261162757874,0.9503461122512817,0.0
3.0,0.46335867047309875,0.9489123821258545,0.0
3.0,0.45896655321121216,0.9510445594787598,0.0
3.0,0.4545646011829376,0.9531563520431519,0.0
3.0,0.4501529633998871,0.9552477598190308,0.0
3.0,0.4440433084964752,0.953692615032196,0.0
3.0,0.4371218979358673,0.9502844214439392,0.0
3.0,0.4327237010002136,0.9522952437400818,0.0
3.0,0.4274972975254059,0.9524610638618469,0.0
3.0,0.4230891466140747,0.9544273614883423,0.0
3.0,0.41706782579421997,0.9527089595794678,0.0
3.0,0.4110715091228485,0.9509554505348206,0.0
3.0,0.4066705107688904,0.9528458118438721,0.0
3.0,0.4007076323032379,0.9510295987129211,0.0
3.0,0.3963063955307007,0.9528720378875732,0.0
3.0,0.3903777003288269,0.9509938359260559,0.0
3.0,0.3852258324623108,0.950934886932373,0.0
3.0,0.3808251619338989,0.9527057409286499,0.0
3.0,0.3749488592147827,0.9507350921630859,0.0
3.0,0.3705492615699768,0.9524585008621216,0.0
3.0,0.3654251992702484,0.9522942900657654,0.0
3.0,0.35960274934768677,0.9502325654029846,0.0
3.0,0.35520562529563904,0.9518849849700928,0.0
3.0,0.3494197726249695,0.9497630000114441,0.0
3.0,0.3450249433517456,0.9513683319091797,0.0
3.0,0.3399495482444763,0.9510700702667236,0.0
3.0,0.33421990275382996,0.9488588571548462,0.0
3.0,0.3298293948173523,0.9503939747810364,0.0
3.0,0.3241378664970398,0.9481237530708313,0.0
3.0,0.3197508454322815,0.9496122002601624,0.0
3.0,0.3147275745868683,0.9491820335388184,0.0
3.0,0.31033578515052795,0.9506270289421082,0.0
3.0,0.304713636636734,0.9482434391975403,0.0
3.0,0.29972323775291443,0.9477351903915405,0.0
3.0,0.29533830285072327,0.9491108059883118,0.0
3.0,0.2903616428375244,0.9485536813735962,0.0
3.0,0.2859730124473572,0.9498860239982605,0.0
3.0,0.28044286370277405,0.9473625421524048,0.0
3.0,0.2755010426044464,0.9467286467552185,0.0
3.0,0.2711210250854492,0.9479922652244568,0.0
3.0,0.2661941647529602,0.9473102688789368,0.0
3.0,0.2618115544319153,0.9485308527946472,0.0
3.0,0.2563769221305847,0.9458704590797424,0.0
3.0,0.25148674845695496,0.9451128840446472,0.0
3.0,0.24711446464061737,0.9462655186653137,0.0
3.0,0.24273689091205597,0.9473978877067566,0.0
3.0,0.23835411667823792,0.9485100507736206,0.0
3.0,0.2334877997636795,0.947659969329834,0.0
3.0,0.22863443195819855,0.9467852115631104,0.0
3.0,0.22425465285778046,0.9478321671485901,0.0
3.0,0.21941860020160675,0.9469105005264282,0.0
3.0,0.21503834426403046,0.9479148387908936,0.0
3.0,0.21022003889083862,0.9469464421272278,0.0
3.0,0.20583970844745636,0.9479082822799683,0.0
3.0,0.20103959739208221,0.9468933939933777,0.0
3.0,0.19625328481197357,0.9458544850349426,0.0
3.0,0.19187815487384796,0.9467517137527466,0.0
3.0,0.18711072206497192,0.9456667304039001,0.0
3.0,0.18273654580116272,0.9465216994285583,0.0
3.0,0.17761839926242828,0.9434254765510559,0.0
3.0,0.17325468361377716,0.9442366361618042,0.0
3.0,0.16888727247714996,0.9450275301933289,0.0
3.0,0.16485901176929474,0.9477686882019043,0.0
3.0,0.16047535836696625,0.9485207796096802,0.0
3.0,0.15576376020908356,0.9472790360450745,0.0
3.0,0.15075170993804932,0.9440391063690186,0.0
3.0,0.14638546109199524,0.9447259902954102,0.0
3.0,0.14201606810092926,0.9453927278518677,0.0
3.0,0.13764365017414093,0.9460391998291016,0.0
3.0,0.13298949599266052,0.9446850419044495,0.0
3.0,0.1286204308271408,0.9452897906303406,0.0
3.0,0.12398815900087357,0.9438914060592651,0.0
3.0,0.11962287127971649,0.944454550743103,0.0
3.0,0.11525502800941467,0.9449975490570068,0.0
3.0,0.11065176874399185,0.9435338973999023,0.0
3.0,0.10628827661275864,0.9440353512763977,0.0
3.0,0.10170794278383255,0.942528247833252,0.0
3.0,0.09734919667243958,0.942988395690918,0.0
3.0,0.09298837184906006,0.9434283971786499,0.0
3.0,0.08862555772066116,0.9438482522964478,0.0
3.0,0.08426084369421005,0.9442479014396667,0.0
3.0,0.07972577959299088,0.9426344633102417,0.0
3.0,0.0753667801618576,0.9429929852485657,0.0
3.0,0.0710061639547348,0.9433313608169556,0.0
3.0,0.06664403527975082,0.9436495900154114,0.0
3.0,0.062280476093292236,0.9439476132392883,0.0
3.0,0.05779314786195755,0.9422292709350586,0.0
3.0,0.05343625321984291,0.9424864053726196,0.0
3.0,0.049078214913606644,0.9427233338356018,0.0
3.0,0.04471912980079651,0.9429401755332947,0.0
3.0,0.04035909101366997,0.9431368708610535,0.0
3.0,0.035921916365623474,0.9413148164749146,0.0
3.0,0.03163651004433632,0.943469762802124,0.0
3.0,0.02727416157722473,0.943605899810791,0.0
3.0,0.022862685844302177,0.9417225122451782,0.0
3.0,0.018508508801460266,0.941818118095398,0.0
3.0,0.014153935015201569,0.9418936371803284,0.0
3.0,0.009799058549106121,0.9419490098953247,0.0
3.0,0.005443972535431385,0.941984236240387,0.0
3.0,0.0010887705720961094,0.9419993162155151,0.0
3.0,-0.0032664549071341753,0.941994309425354,0.0
3.0,-0.007621610537171364,0.9419691562652588,0.0
3.0,-0.011976603418588638,0.9419238567352295,0.0
3.0,-0.01633133925497532,0.9418584108352661,0.0
3.0,-0.020685726776719093,0.9417728185653687,0.0
3.0,-0.0250396728515625,0.9416671395301819,0.0
3.0,-0.029393082484602928,0.941541314125061,0.0
3.0,-0.033745866268873215,0.9413953423500061,0.0
3.0,-0.03809792548418045,0.9412292242050171,0.0
3.0,-0.04244917258620262,0.9410430192947388,0.0
3.0,-0.04679951071739197,0.9408367276191711,0.0
3.0,-0.05114884674549103,0.9406102895736694,0.0
3.0,-0.05549709498882294,0.9403637647628784,0.0
3.0,-0.05984415113925934,0.9400971531867981,0.0
3.0,-0.06418993324041367,0.9398103952407837,0.0
3.0,-0.06867984682321548,0.941498339176178,0.0
3.0,-0.07287728041410446,0.9391766786575317,0.0
3.0,-0.0772186666727066,0.9388297200202942,0.0
3.0,-0.08173156529664993,0.9404551982879639,0.0
3.0,-0.08607876300811768,0.9400672912597656,0.0
3.0,-0.09042412787675858,0.9396592378616333,0.0
3.0,-0.09476755559444427,0.9392311573028564,0.0
3.0,-0.09931892901659012,0.9407718777656555,0.0
3.0,-0.10366740822792053,0.9403026103973389,0.0
3.0,-0.10801366716623306,0.9398132562637329,0.0
3.0,-0.11235762387514114,0.9393038749694824,0.0
3.0,-0.11669917404651642,0.9387743473052979,0.0
3.0,-0.12129412591457367,0.940208375453949,0.0
3.0,-0.12563976645469666,0.9396375417709351,0.0
3.0,-0.12998270988464355,0.9390466213226318,0.0
3.0,-0.1343228816986084,0.9384356141090393,0.0
3.0,-0.13866019248962402,0.9378045797348022,0.0
3.0,-0.14329619705677032,0.9391305446624756,0.0
3.0,-0.14763662219047546,0.9384579658508301,0.0
3.0,-0.1519738882780075,0.93776535987854,0.0
3.0,-0.15663696825504303,0.9390255212783813,0.0
3.0,-0.16097676753997803,0.9382912516593933,0.0
3.0,-0.16531310975551605,0.9375370144844055,0.0
3.0,-0.16964592039585114,0.9367626905441284,0.0
3.0,-0.1747061014175415,0.9399009346961975,0.0
3.0,-0.17904974520206451,0.9390831589698792,0.0
3.0,-0.1837732195854187,0.9402081966400146,0.0
3.0,-0.18811818957328796,0.9393484592437744,0.0
3.0,-0.1924591362476349,0.9384686946868896,0.0
3.0,-0.1967959702014923,0.9375688433647156,0.0
3.0,-0.20112860202789307,0.936648964881897,0.0
3.0,-0.2058858424425125,0.9376624822616577,0.0
3.0,-0.2106567770242691,0.9386520981788635,0.0
3.0,-0.21499426662921906,0.9376680850982666,0.0
3.0,-0.22023911774158478,0.9405587315559387,0.0
3.0,-0.22458532452583313,0.9395304322242737,0.0
3.0,-0.22940067946910858,0.9404250979423523,0.0
3.0,-0.23374615609645844,0.939354419708252,0.0
3.0,-0.23808665573596954,0.9382636547088623,0.0
3.0,-0.24292293190956116,0.9390891790390015,0.0
3.0,-0.24726209044456482,0.9379560351371765,0.0
3.0,-0.2521147131919861,0.9387343525886536,0.0
3.0,-0.25645214319229126,0.9375587105751038,0.0
3.0,-0.26132068037986755,0.9382896423339844,0.0
3.0,-0.2662014365196228,0.9389956593513489,0.0
3.0,-0.27053990960121155,0.9377548694610596,0.0
3.0,-0.2754358649253845,0.9384130239486694,0.0
3.0,-0.2797715663909912,0.937129557132721,0.0
3.0,-0.2846822738647461,0.9377398490905762,0.0
3.0,-0.2896045744419098,0.9383246898651123,0.0
3.0,-0.2939396798610687,0.9369757175445557,0.0
3.0,-0.298876017332077,0.937512218952179,0.0
3.0,-0.30320730805397034,0.9361203908920288,0.0
3.0,-0.30815714597702026,0.9366083145141602,0.0
3.0,-0.31248414516448975,0.9351736307144165,0.0
3.0,-0.31744706630706787,0.9356127977371216,0.0
3.0,-0.3217693567276001,0.9341351389884949,0.0
3.0,-0.3274049460887909,0.9364133477210999,0.0
3.0,-0.3323996663093567,0.936774492263794,0.0
3.0,-0.33672717213630676,0.9352276921272278,0.0
3.0,-0.3417336642742157,0.9355394840240479,0.0
3.0,-0.34605535864830017,0.9339494705200195,0.0
3.0,-0.35177677869796753,0.9360839128494263,0.0
3.0,-0.35681307315826416,0.9363163709640503,0.0
3.0,-0.3611381947994232,0.9346566796302795,0.0
3.0,-0.3669145405292511,0.9367015361785889,0.0
3.0,-0.37124133110046387,0.934995174407959,0.0
3.0,-0.37705346941947937,0.9369795322418213,0.0
3.0,-0.3828918933868408,0.9389302134513855,0.0
3.0,-0.3872288167476654,0.9371499419212341,0.0
3.0,-0.39232975244522095,0.9371944665908813,0.0
3.0,-0.3966585695743561,0.9353705644607544,0.0
3.0,-0.40176820755004883,0.9353642463684082,0.0
3.0,-0.4060884416103363,0.9334967732429504,0.0
3.0,-0.41201257705688477,0.9352697730064392,0.0
3.0,-0.4179617762565613,0.9370080232620239,0.0
3.0,-0.4222894310951233,0.9350655674934387,0.0
3.0,-0.4274396598339081,0.9349220991134644,0.0
3.0,-0.4317575991153717,0.932935893535614,0.0
3.0,-0.4369146525859833,0.9327408671379089,0.0
3.0,-0.4412223994731903,0.9307108521461487,0.0
3.0,-0.4472509026527405,0.9322674870491028,0.0
3.0,-0.45330315828323364,0.9337881207466125,0.0
3.0,-0.45761555433273315,0.9316823482513428,0.0
3.0,-0.4645882546901703,0.9349298477172852,0.0
3.0,-0.46890580654144287,0.9327718615531921,0.0
3.0,-0.4759329557418823,0.9359421730041504,0.0
3.0,-0.4811698794364929,0.9355103373527527,0.0
3.0,-0.48548996448516846,0.9332757592201233,0.0
3.0,-0.4916619658470154,0.9345611333847046,0.0
3.0,-0.4959775507450104,0.9322779774665833,0.0
3.0,-0.5021774768829346,0.9334975481033325,0.0
3.0,-0.506488025188446,0.9311658143997192,0.0
3.0,-1.1033830642700195,1.963173508644104,0.0
3.0,-1.112447738647461,1.9580512046813965,0.0
3.0,-1.1214886903762817,1.952886939048767,0.0
3.0,-1.1305055618286133,1.9476810693740845,0.0
3.0,-1.143546223640442,1.949333667755127,0.0
3.0,-1.1586663722991943,1.9543482065200806,0.0
3.0,-1.167689561843872,1.9489703178405762,0.0
3.0,-1.1808311939239502,1.9503942728042603,0.0
3.0,-1.1898359060287476,1.9449139833450317,0.0
3.0,-1.203021764755249,1.9461971521377563,0.0
3.0,-1.2120068073272705,1.9406143426895142,0.0
3.0,-1.2273696660995483,1.9451384544372559,0.0
3.0,-1.242800235748291,1.9495619535446167,0.0
3.0,-1.251800537109375,1.9437952041625977,0.0
3.0,-1.265136480331421,1.944692611694336,0.0
3.0,-1.2741140127182007,1.938822627067566,0.0
3.0,-1.2919130325317383,1.9462416172027588,0.0
3.0,-1.3053525686264038,1.9468926191329956,0.0
3.0,-1.3143398761749268,1.9408366680145264,0.0
3.0,-1.3300734758377075,1.9446439743041992,0.0
3.0,-1.3390501737594604,1.9384738206863403,0.0
3.0,-1.3548640012741089,1.9421039819717407,0.0
3.0,-1.3638285398483276,1.935819149017334,0.0
3.0,-1.379720687866211,1.9392708539962769,0.0
3.0,-1.3956735134124756,1.942616581916809,0.0
3.0,-1.4046399593353271,1.936143159866333,0.0
3.0,-1.420668125152588,1.939308762550354,0.0
3.0,-1.4296190738677979,1.9327197074890137,0.0
3.0,-1.4481137990951538,1.9389086961746216,0.0
3.0,-1.4642876386642456,1.941773772239685,0.0
3.0,-1.4732495546340942,1.9349831342697144,0.0
3.0,-1.4894933700561523,1.9376649856567383,0.0
3.0,-1.4984359741210938,1.930757761001587,0.0
3.0,-1.5147476196289062,1.9332553148269653,0.0
3.0,-1.5236696004867554,1.9262313842773438,0.0
3.0,-1.5325590372085571,1.9191663265228271,0.0
3.0,-1.526352882385254,1.8933753967285156,0.0
3.0,-1.5350903272628784,1.8862982988357544,0.0
3.0,-1.526021122932434,1.8575456142425537,0.0
3.0,-1.5345929861068726,1.8504704236984253,0.0
3.0,-1.5277262926101685,1.8249528408050537,0.0
3.0,-1.5206568241119385,1.799538493156433,0.0
3.0,-1.5289604663848877,1.792488694190979,0.0
3.0,-1.5215721130371094,1.767213225364685,0.0
3.0,-1.5297263860702515,1.7601594924926758,0.0
3.0,-1.522020936012268,1.7350263595581055,0.0
3.0,-1.5300264358520508,1.7279709577560425,0.0
3.0,-1.5220059156417847,1.7029837369918823,0.0
3.0,-1.5164668560028076,1.6810781955718994,0.0
3.0,-1.5242228507995605,1.6740490198135376,0.0
3.0,-1.5157066583633423,1.649312973022461,0.0
3.0,-1.5233159065246582,1.6422876119613647,0.0
3.0,-1.517223834991455,1.6206270456314087,0.0
3.0,-1.5137115716934204,1.6019654273986816,0.0
3.0,-1.5211018323898315,1.5949499607086182,0.0
3.0,-1.5118157863616943,1.570609211921692,0.0
3.0,-1.505124807357788,1.549257755279541,0.0
3.0,-1.512271523475647,1.5422824621200562,0.0
3.0,-1.502503752708435,1.5182154178619385,0.0
3.0,-1.5095069408416748,1.511252522468567,0.0
3.0,-1.505118489265442,1.4929895401000977,0.0
3.0,-1.512005090713501,1.4860148429870605,0.0
3.0,-1.504530429840088,1.4650554656982422,0.0
3.0,-1.5026520490646362,1.4497520923614502,0.0
3.0,-1.5093387365341187,1.4427891969680786,0.0
3.0,-1.5043762922286987,1.4247932434082031,0.0
3.0,-1.510947585105896,1.4178227186203003,0.0
3.0,-1.5028390884399414,1.397204041481018,0.0
3.0,-1.49604332447052,1.378045678138733,0.0
3.0,-1.5023986101150513,1.3711141347885132,0.0
3.0,-1.4998208284378052,1.3561054468154907,0.0
3.0,-1.5060745477676392,1.3491566181182861,0.0
3.0,-1.5003293752670288,1.3315584659576416,0.0
3.0,-1.4929519891738892,1.312721848487854,0.0
3.0,-1.4990051984786987,1.3058053255081177,0.0
3.0,-1.4944275617599487,1.289713978767395,0.0
3.0,-1.500374436378479,1.2827908992767334,0.0
3.0,-1.4956063032150269,1.2667919397354126,0.0
3.0,-1.4907225370407104,1.2508646249771118,0.0
3.0,-1.4964898824691772,1.2439590692520142,0.0
3.0,-1.4929616451263428,1.2293988466262817,0.0
3.0,-1.4986296892166138,1.2224831581115723,0.0
3.0,-1.49337637424469,1.2067421674728394,0.0
3.0,-1.4989396333694458,1.1998248100280762,0.0
3.0,-1.493500828742981,1.1841838359832764,0.0
3.0,-1.4895225763320923,1.1698541641235352,0.0
3.0,-1.494915246963501,1.1629550457000732,0.0
3.0,-1.4891862869262695,1.1474859714508057,0.0
3.0,-1.4849364757537842,1.1333082914352417,0.0
3.0,-1.490160346031189,1.1264307498931885,0.0
3.0,-1.485746145248413,1.1123372316360474,0.0
3.0,-1.4908729791641235,1.1054562330245972,0.0
3.0,-1.484683871269226,1.090265154838562,0.0
3.0,-1.489708662033081,1.083389163017273,0.0
3.0,-1.4849642515182495,1.0694772005081177,0.0
3.0,-1.4801230430603027,1.0556323528289795,0.0
3.0,-1.4849878549575806,1.0487778186798096,0.0
3.0,-1.481626033782959,1.0361700057983398,0.0
3.0,-1.4864007234573364,1.029308795928955,0.0
3.0,-1.482896327972412,1.016770601272583,0.0
3.0,-1.4793078899383545,1.0042870044708252,0.0
3.0,-1.4839352369308472,0.9974368214607239,0.0
3.0,-1.4785407781600952,0.9839172959327698,0.0
3.0,-1.4830739498138428,0.9770709276199341,0.0
3.0,-1.4791995286941528,0.9647408723831177,0.0
3.0,-1.4752428531646729,0.9524675607681274,0.0
3.0,-1.479630708694458,0.9456368088722229,0.0
3.0,-1.4738457202911377,0.9323703646659851,0.0
3.0,-1.4781407117843628,0.9255462884902954,0.0
3.0,-1.4756040573120117,0.9144881367683411,0.0
3.0,-1.4712920188903809,0.9024276733398438,0.0
3.0,-1.475448489189148,0.8956156969070435,0.0
3.0,-1.4727157354354858,0.8846651315689087,0.0
3.0,-1.476790189743042,0.8778467774391174,0.0
3.0,-1.4739373922348022,0.8669536709785461,0.0
3.0,-1.4692870378494263,0.8550998568534851,0.0
3.0,-1.4732247591018677,0.848297655582428,0.0
3.0,-1.470179796218872,0.8375174403190613,0.0
3.0,-1.4740362167358398,0.830711305141449,0.0
3.0,-1.4708735942840576,0.819991946220398,0.0
3.0,-1.4676436185836792,0.8093196749687195,0.0
3.0,-1.4713696241378784,0.8025255799293518,0.0
3.0,-1.4662631750106812,0.7909665703773499,0.0
3.0,-1.4699045419692993,0.7841790914535522,0.0
3.0,-1.4664386510849,0.7736418843269348,0.0
3.0,-1.4699997901916504,0.7668536901473999,0.0
3.0,-1.4664195775985718,0.7563818097114563,0.0
3.0,-1.4627741575241089,0.7459595203399658,0.0
3.0,-1.4662073850631714,0.7391886115074158,0.0
3.0,-1.464239239692688,0.7297256588935852,0.0
3.0,-1.4675973653793335,0.7229481339454651,0.0
3.0,-1.4637314081192017,0.7126532196998596,0.0
3.0,-1.4598016738891602,0.7024095058441162,0.0
3.0,-1.4630335569381714,0.6956527829170227,0.0
3.0,-1.4589935541152954,0.6854793429374695,0.0
3.0,-1.4621471166610718,0.6787264943122864,0.0
3.0,-1.4616336822509766,0.6702918410301208,0.0
3.0,-1.4592516422271729,0.6610511541366577,0.0
3.0,-1.4622923135757446,0.654297411441803,0.0
3.0,-1.4598137140274048,0.6451044678688049,0.0
3.0,-1.4627807140350342,0.6383483409881592,0.0
3.0,-1.458369493484497,0.6284127235412598,0.0
3.0,-1.4557381868362427,0.6193145513534546,0.0
3.0,-1.4585858583450317,0.6125775575637817,0.0
3.0,-1.4558597803115845,0.603529691696167,0.0
3.0,-1.458634614944458,0.5967922806739807,0.0
3.0,-1.4558147192001343,0.5877957344055176,0.0
3.0,-1.4585167169570923,0.5810586810112,0.0
3.0,-1.4556033611297607,0.5721144080162048,0.0
3.0,-1.4526386260986328,0.5632094740867615,0.0
3.0,-1.455227017402649,0.5564873814582825,0.0
3.0,-1.4521703720092773,0.5476362705230713,0.0
3.0,-1.4546867609024048,0.5409165024757385,0.0
3.0,-1.453416347503662,0.5328083634376526,0.0
3.0,-1.4521023035049438,0.5247235894203186,0.0
3.0,-1.4545128345489502,0.5180043578147888,0.0
3.0,-1.4512306451797485,0.5092872381210327,0.0
3.0,-1.453569769859314,0.502572238445282,0.0
3.0,-1.4501981735229492,0.49391207098960876,0.0
3.0,-1.4467778205871582,0.4852938950061798,0.0
3.0,-1.4490059614181519,0.4785997271537781,0.0
3.0,-1.4454972743988037,0.47003987431526184,0.0
3.0,-1.4476549625396729,0.4633517861366272,0.0
3.0,-1.4459666013717651,0.4554520845413208,0.0
3.0,-1.444236159324646,0.44757789373397827,0.0
3.0,-1.4462900161743164,0.44089585542678833,0.0
3.0,-1.4444814920425415,0.43305572867393494,0.0
3.0,-1.4464682340621948,0.4263727366924286,0.0
3.0,-1.4445819854736328,0.41856738924980164,0.0
3.0,-1.4426547288894653,0.4107886552810669,0.0
3.0,-1.4445385932922363,0.40411433577537537,0.0
3.0,-1.4425344467163086,0.3963715732097626,0.0
3.0,-1.4443516731262207,0.38969796895980835,0.0
3.0,-1.4422712326049805,0.3819918930530548,0.0
3.0,-1.4382147789001465,0.3738103210926056,0.0
3.0,-1.4399276971817017,0.3671569228172302,0.0
3.0,-1.4377292394638062,0.35952529311180115,0.0
3.0,-1.4393761157989502,0.3528743088245392,0.0
3.0,-1.4390475749969482,0.34574854373931885,0.0
3.0,-1.4406307935714722,0.33909159898757935,0.0
3.0,-1.4402341842651367,0.3319781720638275,0.0
3.0,-1.4378516674041748,0.32443544268608093,0.0
3.0,-1.4393362998962402,0.31778424978256226,0.0
3.0,-1.436880350112915,0.31028199195861816,0.0
3.0,-1.438299536705017,0.3036354184150696,0.0
3.0,-1.4377292394638062,0.2965783476829529,0.0
3.0,-1.4351638555526733,0.28913798928260803,0.0
3.0,-1.4364852905273438,0.28249961137771606,0.0
3.0,-1.4358118772506714,0.275478333234787,0.0
3.0,-1.4370701313018799,0.2688370943069458,0.0
3.0,-1.434362530708313,0.26147276163101196,0.0
3.0,-1.433586835861206,0.2544887959957123,0.0
3.0,-1.4347481727600098,0.24785807728767395,0.0
3.0,-1.4339064359664917,0.2408907115459442,0.0
3.0,-1.4350048303604126,0.23425865173339844,0.0
3.0,-1.4340972900390625,0.2273084968328476,0.0
3.0,-1.4351328611373901,0.22067570686340332,0.0
3.0,-1.4321813583374023,0.21344853937625885,0.0
3.0,-1.4351325035095215,0.2071104347705841,0.0
3.0,-1.4360747337341309,0.20047307014465332,0.0
3.0,-1.4350041151046753,0.1935640573501587,0.0
3.0,-1.4358837604522705,0.1869274228811264,0.0
3.0,-1.4307793378829956,0.1795397698879242,0.0
3.0,-1.4296085834503174,0.172682985663414,0.0
3.0,-1.4303916692733765,0.16607153415679932,0.0
3.0,-1.4291564226150513,0.15923504531383514,0.0
3.0,-1.4298774003982544,0.15262581408023834,0.0
3.0,-1.4285781383514404,0.14581026136875153,0.0
3.0,-1.4292370080947876,0.13920384645462036,0.0
3.0,-1.4298652410507202,0.13259446620941162,0.0
3.0,-1.4284707307815552,0.1258067935705185,0.0
3.0,-1.429037094116211,0.11920109391212463,0.0
3.0,-1.4275791645050049,0.11243581771850586,0.0
3.0,-1.4260891675949097,0.10568656772375107,0.0
3.0,-1.4265625476837158,0.09909209609031677,0.0
3.0,-1.427005410194397,0.09249550849199295,0.0
3.0,-1.4274177551269531,0.08589693903923035,0.0
3.0,-1.4258028268814087,0.07918563485145569,0.0
3.0,-1.4261536598205566,0.07259277254343033,0.0
3.0,-1.424476146697998,0.06590592116117477,0.0
3.0,-1.424765706062317,0.05931933596730232,0.0
3.0,-1.4250247478485107,0.0527314767241478,0.0
3.0,-1.423254370689392,0.04607778042554855,0.0
3.0,-1.4234521389007568,0.039497051388025284,0.0
3.0,-1.4236195087432861,0.03291548043489456,0.0
3.0,-1.4217568635940552,0.0262962207198143,0.0
3.0,-1.421863317489624,0.019722629338502884,0.0
3.0,-1.4219392538070679,0.013148615136742592,0.0
3.0,-1.4219849109649658,0.006574319209903479,0.0
3.0,-1.4220000505447388,-1.1636915075996512e-07,0.0
4.0,-1.4199999570846558,1.2414034245011862e-07,0.0
4.0,-1.4199848175048828,-0.006565064657479525,0.0
4.0,-1.4199392795562744,-0.013130112551152706,0.0
4.0,-1.4198633432388306,-0.01969487965106964,0.0
4.0,-1.4197571277618408,-0.026259226724505424,0.0
4.0,-1.4196205139160156,-0.03282301127910614,0.0
4.0,-1.4194536209106445,-0.039386097341775894,0.0
4.0,-1.419256329536438,-0.0459483377635479,0.0
4.0,-1.4190287590026855,-0.052509598433971405,0.0
4.0,-1.420769214630127,-0.059152934700250626,0.0
4.0,-1.420480489730835,-0.0657210499048233,0.0
4.0,-1.420161485671997,-0.07228775322437286,0.0
4.0,-1.4198120832443237,-0.07885292172431946,0.0
4.0,-1.4194324016571045,-0.08541639894247055,0.0
4.0,-1.4190223217010498,-0.0919780507683754,0.0
4.0,-1.4185818433761597,-0.09853773564100266,0.0
4.0,-1.4201055765151978,-0.10524312406778336,0.0
4.0,-1.4196038246154785,-0.1118076741695404,0.0
4.0,-1.4190717935562134,-0.11836984008550644,0.0
4.0,-1.4185093641281128,-0.12492947280406952,0.0
4.0,-1.4179165363311768,-0.1314864307641983,0.0
4.0,-1.4172935485839844,-0.13804058730602264,0.0
4.0,-1.4166401624679565,-0.1445917785167694,0.0
4.0,-1.4159564971923828,-0.15113988518714905,0.0
4.0,-1.4152425527572632,-0.15768477320671082,0.0
4.0,-1.4144984483718872,-0.16422627866268158,0.0
4.0,-1.4157096147537231,-0.17100411653518677,0.0
4.0,-1.4149038791656494,-0.1775476336479187,0.0
4.0,-1.4140678644180298,-0.1840873658657074,0.0
4.0,-1.4132015705108643,-0.19062316417694092,0.0
4.0,-1.4142858982086182,-0.19743138551712036,0.0
4.0,-1.4153375625610352,-0.20425371825695038,0.0
4.0,-1.414378046989441,-0.21079516410827637,0.0
4.0,-1.415365219116211,-0.2176360934972763,0.0
4.0,-1.4143438339233398,-0.2241775244474411,0.0
4.0,-1.4132922887802124,-0.23071415722370148,0.0
4.0,-1.4141827821731567,-0.23757721483707428,0.0
4.0,-1.4130693674087524,-0.24411296844482422,0.0
4.0,-1.413894772529602,-0.2509930729866028,0.0
4.0,-1.4127192497253418,-0.25752735137939453,0.0
4.0,-1.4134793281555176,-0.2644239068031311,0.0
4.0,-1.4122416973114014,-0.2709560990333557,0.0
4.0,-1.4109739065170288,-0.2774825394153595,0.0
4.0,-1.4116365909576416,-0.28439804911613464,0.0
4.0,-1.410306692123413,-0.29092150926589966,0.0
4.0,-1.4128602743148804,-0.2982649803161621,0.0
4.0,-1.411466121673584,-0.30479398369789124,0.0
4.0,-1.4100419282913208,-0.31131646037101746,0.0
4.0,-1.4105384349822998,-0.31827250123023987,0.0
4.0,-1.409051775932312,-0.3247905373573303,0.0
4.0,-1.4114288091659546,-0.33221811056137085,0.0
4.0,-1.4098777770996094,-0.33874011039733887,0.0
4.0,-1.4102389812469482,-0.34573110938072205,0.0
4.0,-1.4086254835128784,-0.3522474765777588,0.0
4.0,-1.4089198112487793,-0.3592504560947418,0.0
4.0,-1.409179449081421,-0.36626365780830383,0.0
4.0,-1.4074710607528687,-0.3727749288082123,0.0
4.0,-1.4095945358276367,-0.3803201913833618,0.0
4.0,-1.4078210592269897,-0.38683319091796875,0.0
4.0,-1.407943606376648,-0.3938767611980438,0.0
4.0,-1.4080309867858887,-0.400929719209671,0.0
4.0,-1.4061622619628906,-0.40743526816368103,0.0
4.0,-1.4061819314956665,-0.41449761390686035,0.0
4.0,-1.4042505025863647,-0.42099449038505554,0.0
4.0,-1.4061152935028076,-0.42864876985549927,0.0
4.0,-1.404118537902832,-0.43514516949653625,0.0
4.0,-1.4059067964553833,-0.4428339898586273,0.0
4.0,-1.407654047012329,-0.4505486488342285,0.0
4.0,-1.4055559635162354,-0.45705196261405945,0.0
4.0,-1.4053269624710083,-0.46417272090911865,0.0
4.0,-1.4031658172607422,-0.4706651270389557,0.0
4.0,-1.4047611951828003,-0.47843700647354126,0.0
4.0,-1.4063146114349365,-0.48623374104499817,0.0
4.0,-1.4040515422821045,-0.4927304685115814,0.0
4.0,-1.4036425352096558,-0.499887615442276,0.0
4.0,-1.4013164043426514,-0.5063718557357788,0.0
4.0,-1.402715802192688,-0.5142219662666321,0.0
4.0,-1.4003233909606934,-0.5207017660140991,0.0
4.0,-1.4016437530517578,-0.5285818576812744,0.0
4.0,-1.4029210805892944,-0.5364852547645569,0.0
4.0,-1.400425672531128,-0.5429657697677612,0.0
4.0,-1.403484582901001,-0.5516294836997986,0.0
4.0,-1.4009191989898682,-0.558112382888794,0.0
4.0,-1.4001784324645996,-0.5653321743011475,0.0
4.0,-1.4031028747558594,-0.5740717649459839,0.0
4.0,-1.4004337787628174,-0.5805526971817017,0.0
4.0,-1.4014226198196411,-0.5885700583457947,0.0
4.0,-1.398686408996582,-0.5950430631637573,0.0
4.0,-1.3995939493179321,-0.6030862927436829,0.0
4.0,-1.4004566669464111,-0.6111505031585693,0.0
4.0,-1.3976161479949951,-0.6176188588142395,0.0
4.0,-1.402048110961914,-0.6273413300514221,0.0
4.0,-1.3991327285766602,-0.6338168382644653,0.0
4.0,-1.3998231887817383,-0.6419461369514465,0.0
4.0,-1.3968403339385986,-0.6484111547470093,0.0
4.0,-1.397447943687439,-0.6565633416175842,0.0
4.0,-1.3998160362243652,-0.665593683719635,0.0
4.0,-1.396723747253418,-0.6720584630966187,0.0
4.0,-1.3989962339401245,-0.681135356426239,0.0
4.0,-1.3958321809768677,-0.6875961422920227,0.0
4.0,-1.3980083465576172,-0.6967185139656067,0.0
4.0,-1.3947722911834717,-0.7031745910644531,0.0
4.0,-1.3950695991516113,-0.7114328145980835,0.0
4.0,-1.3970979452133179,-0.720625638961792,0.0
4.0,-1.3937513828277588,-0.7270772457122803,0.0
4.0,-1.395681619644165,-0.7363129258155823,0.0
4.0,-1.3922624588012695,-0.7427577972412109,0.0
4.0,-1.3958543539047241,-0.7529850006103516,0.0
4.0,-1.3976255655288696,-0.7623035311698914,0.0
4.0,-1.394086241722107,-0.7687571048736572,0.0
4.0,-1.395757794380188,-0.7781158685684204,0.0
4.0,-1.3921453952789307,-0.7845606803894043,0.0
4.0,-1.3937164545059204,-0.7939585447311401,0.0
4.0,-1.390030860900879,-0.8003937602043152,0.0
4.0,-1.3915011882781982,-0.809829831123352,0.0
4.0,-1.3946378231048584,-0.8203105330467224,0.0
4.0,-1.3908302783966064,-0.8267497420310974,0.0
4.0,-1.3938509225845337,-0.8372907042503357,0.0
4.0,-1.3899649381637573,-0.8437260985374451,0.0
4.0,-1.39116370677948,-0.8532804250717163,0.0
4.0,-1.3940038681030273,-0.8639174103736877,0.0
4.0,-1.389994740486145,-0.8703531622886658,0.0
4.0,-1.392716646194458,-0.881047248840332,0.0
4.0,-1.388628363609314,-0.8874768614768982,0.0
4.0,-1.3912312984466553,-0.898226797580719,0.0
4.0,-1.3870636224746704,-0.9046493768692017,0.0
4.0,-1.3895467519760132,-0.9154538512229919,0.0
4.0,-1.3936245441436768,-0.9274085164070129,0.0
4.0,-1.3893219232559204,-0.9338418841362,0.0
4.0,-1.38995361328125,-0.943625271320343,0.0
4.0,-1.3855760097503662,-0.9500414729118347,0.0
4.0,-1.389390230178833,-0.9621304869651794,0.0
4.0,-1.3849270343780518,-0.9685438871383667,0.0
4.0,-1.3869688510894775,-0.9795516133308411,0.0
4.0,-1.3889384269714355,-0.9905988574028015,0.0
4.0,-1.3843436241149902,-0.9970098733901978,0.0
4.0,-1.3861892223358154,-1.0081048011779785,0.0
4.0,-1.3815135955810547,-1.0145028829574585,0.0
4.0,-1.3880542516708374,-1.0292179584503174,0.0
4.0,-1.380078911781311,-1.0332270860671997,0.0
4.0,-1.3752871751785278,-1.039596676826477,0.0
4.0,-1.354567289352417,-1.0338101387023926,0.0
4.0,-1.3497731685638428,-1.0400617122650146,0.0
4.0,-1.3307429552078247,-1.0352387428283691,0.0
4.0,-1.313359260559082,-1.031497597694397,0.0
4.0,-1.308576226234436,-1.037558674812317,0.0
4.0,-1.2912741899490356,-1.0335991382598877,0.0
4.0,-1.2864816188812256,-1.0395581722259521,0.0
4.0,-1.2677136659622192,-1.0341171026229858,0.0
4.0,-1.2490237951278687,-1.0285249948501587,0.0
4.0,-1.2442551851272583,-1.0342886447906494,0.0
4.0,-1.228735327720642,-1.0310312509536743,0.0
4.0,-1.2239553928375244,-1.0367010831832886,0.0
4.0,-1.2085083723068237,-1.0332510471343994,0.0
4.0,-1.2037183046340942,-1.0388274192810059,0.0
4.0,-1.1883461475372314,-1.035185694694519,0.0
4.0,-1.1730337142944336,-1.0314242839813232,0.0
4.0,-1.1682524681091309,-1.0368366241455078,0.0
4.0,-1.1515288352966309,-1.0315510034561157,0.0
4.0,-1.1467472314834595,-1.036863923072815,0.0
4.0,-1.1316001415252686,-1.032717227935791,0.0
4.0,-1.1179871559143066,-1.0298080444335938,0.0
4.0,-1.113214135169983,-1.0349658727645874,0.0
4.0,-1.0982080698013306,-1.0305217504501343,0.0
4.0,-1.093431830406189,-1.0355881452560425,0.0
4.0,-1.0799578428268433,-1.0323405265808105,0.0
4.0,-1.0665374994277954,-1.028990626335144,0.0
4.0,-1.061768651008606,-1.0339106321334839,0.0
4.0,-1.0484187602996826,-1.0303971767425537,0.0
4.0,-1.043643593788147,-1.0352333784103394,0.0
4.0,-1.0303657054901123,-1.0315572023391724,0.0
4.0,-1.018551230430603,-1.0292022228240967,0.0
4.0,-1.013782024383545,-1.0339003801345825,0.0
4.0,-1.0020228624343872,-1.03140389919281,0.0
4.0,-0.9972435832023621,-1.0360256433486938,0.0
4.0,-0.9855414628982544,-1.033388614654541,0.0
4.0,-0.973885178565979,-1.030665636062622,0.0
4.0,-0.9691095948219299,-1.0351572036743164,0.0
4.0,-0.9561527371406555,-1.030828833580017,0.0
4.0,-0.9513766169548035,-1.0352383852005005,0.0
4.0,-0.938501238822937,-1.0307528972625732,0.0
4.0,-0.9270274639129639,-1.0276556015014648,0.0
4.0,-0.9222663044929504,-1.0319305658340454,0.0
4.0,-0.9108561873435974,-1.0286966562271118,0.0
4.0,-0.9060904383659363,-1.032896876335144,0.0
4.0,-0.8934336304664612,-1.0280176401138306,0.0
4.0,-0.884756326675415,-1.0275903940200806,0.0
4.0,-0.8799959421157837,-1.0316699743270874,0.0
4.0,-0.870053231716156,-1.029617190361023,0.0
4.0,-0.8652836680412292,-1.0336287021636963,0.0
4.0,-0.8541120886802673,-1.0299206972122192,0.0
4.0,-0.844262957572937,-1.027677059173584,0.0
4.0,-0.8395025730133057,-1.031569480895996,0.0
4.0,-0.8309586048126221,-1.0307685136795044,0.0
4.0,-0.826184093952179,-1.0345994234085083,0.0
4.0,-0.8151880502700806,-1.0305651426315308,0.0
4.0,-0.8104146718978882,-1.03432297706604,0.0
4.0,-0.7994928359985352,-1.0301588773727417,0.0
4.0,-0.789845883846283,-1.0275015830993652,0.0
4.0,-0.7850869297981262,-1.0311423540115356,0.0
4.0,-0.7754944562911987,-1.0283735990524292,0.0
4.0,-0.7659444212913513,-1.025538444519043,0.0
4.0,-0.7611948251724243,-1.0290687084197998,0.0
4.0,-0.7517012357711792,-1.0261234045028687,0.0
4.0,-0.7469490170478821,-1.029587745666504,0.0
4.0,-0.7386800646781921,-1.0281574726104736,0.0
4.0,-0.7339186072349548,-1.0315617322921753,0.0
4.0,-0.7256858348846436,-1.030038833618164,0.0
4.0,-0.716338574886322,-1.0268218517303467,0.0
4.0,-0.7115834951400757,-1.0301227569580078,0.0
4.0,-0.7022968530654907,-1.0267983675003052,0.0
4.0,-0.697542130947113,-1.0300344228744507,0.0
4.0,-0.6894311308860779,-1.0282649993896484,0.0
4.0,-0.6813514232635498,-1.026442527770996,0.0
4.0,-0.6765984892845154,-1.0295816659927368,0.0
4.0,-0.6674685478210449,-1.0259929895401,0.0
4.0,-0.662717878818512,-1.0290679931640625,0.0
4.0,-0.6547278165817261,-1.0270615816116333,0.0
4.0,-0.6467704772949219,-1.025003433227539,0.0
4.0,-0.642024576663971,-1.0279827117919922,0.0
4.0,-0.6341102123260498,-1.0258363485336304,0.0
4.0,-0.6293606162071228,-1.028757095336914,0.0
4.0,-0.6214901208877563,-1.0265233516693115,0.0
4.0,-0.6146816611289978,-1.0259543657302856,0.0
4.0,-0.6099317073822021,-1.0287853479385376,0.0
4.0,-0.6021327972412109,-1.0264191627502441,0.0
4.0,-0.5973808765411377,-1.0291920900344849,0.0
4.0,-0.5886321663856506,-1.0250054597854614,0.0
4.0,-0.5838868618011475,-1.027716040611267,0.0
4.0,-0.5771692395210266,-1.0269174575805664,0.0
4.0,-0.5704716444015503,-1.0260790586471558,0.0
4.0,-0.5657215714454651,-1.0287055969238281,0.0
4.0,-0.5580925345420837,-1.0260393619537354,0.0
4.0,-0.5514478087425232,-1.0250860452651978,0.0
4.0,-0.5467025637626648,-1.0276246070861816,0.0
4.0,-0.5391520857810974,-1.0248311758041382,0.0
4.0,-0.5344080924987793,-1.027312994003296,0.0
4.0,-0.5269083976745605,-1.0244370698928833,0.0
4.0,-0.5221664309501648,-1.0268622636795044,0.0
4.0,-0.5165150165557861,-1.027478575706482,0.0
4.0,-0.5090890526771545,-1.0244824886322021,0.0
4.0,-0.5043470859527588,-1.0268253087997437,0.0
4.0,-0.49697399139404297,-1.0237483978271484,0.0
4.0,-0.4922355115413666,-1.026035189628601,0.0
4.0,-0.4857729971408844,-1.0246855020523071,0.0
4.0,-0.47848519682884216,-1.0214871168136597,0.0
4.0,-0.47375738620758057,-1.0236884355545044,0.0
4.0,-0.46735620498657227,-1.0222299098968506,0.0
4.0,-0.46262505650520325,-1.0243797302246094,0.0
4.0,-0.4570693075656891,-1.0246812105178833,0.0
4.0,-0.4507143795490265,-1.023123025894165,0.0
4.0,-0.4459792673587799,-1.025195837020874,0.0
4.0,-0.43965595960617065,-1.023571491241455,0.0
4.0,-0.43491891026496887,-1.0255931615829468,0.0
4.0,-0.42862799763679504,-1.0239033699035645,0.0
4.0,-0.42236196994781494,-1.0221772193908691,0.0
4.0,-0.4176315367221832,-1.0241190195083618,0.0
4.0,-0.41139891743659973,-1.0223281383514404,0.0
4.0,-0.40666791796684265,-1.024219274520874,0.0
4.0,-0.4011988043785095,-1.0242263078689575,0.0
4.0,-0.3964591324329376,-1.026070237159729,0.0
4.0,-0.3909987807273865,-1.0260233879089355,0.0
4.0,-0.38554733991622925,-1.02594792842865,0.0
4.0,-0.38079988956451416,-1.027719497680664,0.0
4.0,-0.37604427337646484,-1.0294691324234009,0.0
4.0,-0.37128064036369324,-1.0311967134475708,0.0
4.0,-0.36584025621414185,-1.0310174226760864,0.0
4.0,-0.3604094982147217,-1.0308098793029785,0.0
4.0,-0.35563981533050537,-1.0324652194976807,0.0
4.0,-0.3495773673057556,-1.0303105115890503,0.0
4.0,-0.3448100984096527,-1.0319157838821411,0.0
4.0,-0.3387853503227234,-1.0296992063522339,0.0
4.0,-0.3334047794342041,-1.029351830482483,0.0
4.0,-0.3286421298980713,-1.0308823585510254,0.0
4.0,-0.3226751387119293,-1.0285741090774536,0.0
4.0,-0.31791621446609497,-1.0300549268722534,0.0
4.0,-0.3125694990158081,-1.0296000242233276,0.0
4.0,-0.3078059256076813,-1.0310341119766235,0.0
4.0,-0.3024725317955017,-1.0305272340774536,0.0
4.0,-0.29659605026245117,-1.028071403503418,0.0
4.0,-0.29183971881866455,-1.029431700706482,0.0
4.0,-0.28654053807258606,-1.0288432836532593,0.0
4.0,-0.28125306963920593,-1.0282279253005981,0.0
4.0,-0.27649617195129395,-1.0295172929763794,0.0
4.0,-0.270713746547699,-1.0269168615341187,0.0
4.0,-0.26596304774284363,-1.0281574726104736,0.0
4.0,-0.26071470975875854,-1.027437448501587,0.0
4.0,-0.25596168637275696,-1.0286318063735962,0.0
4.0,-0.2507292628288269,-1.02786123752594,0.0
4.0,-0.24550941586494446,-1.027064323425293,0.0
4.0,-0.2407582849264145,-1.0281884670257568,0.0
4.0,-0.23555505275726318,-1.0273411273956299,0.0
4.0,-0.2308027595281601,-1.0284192562103271,0.0
4.0,-0.22561660408973694,-1.0275218486785889,0.0
4.0,-0.22044365108013153,-1.0265984535217285,0.0
4.0,-0.21569494903087616,-1.027606725692749,0.0
4.0,-0.21053984761238098,-1.0266337394714355,0.0
4.0,-0.20579108595848083,-1.0275962352752686,0.0
4.0,-0.2006542831659317,-1.026573896408081,0.0
4.0,-0.1959058940410614,-1.0274906158447266,0.0
4.0,-0.19078783690929413,-1.0264190435409546,0.0
4.0,-0.18568389117717743,-1.0253221988677979,0.0
4.0,-0.18094146251678467,-1.026169776916504,0.0
4.0,-0.1761951595544815,-1.026995301246643,0.0
4.0,-0.1714451014995575,-1.0277990102767944,0.0
4.0,-0.1663714051246643,-1.0266063213348389,0.0
4.0,-0.16131243109703064,-1.0253888368606567,0.0
4.0,-0.1565699577331543,-1.0261236429214478,0.0
4.0,-0.15153160691261292,-1.0248581171035767,0.0
4.0,-0.14679168164730072,-1.025547742843628,0.0
4.0,-0.14177440106868744,-1.024234414100647,0.0
4.0,-0.1370374709367752,-1.024878978729248,0.0
4.0,-0.13204170763492584,-1.0235178470611572,0.0
4.0,-0.12706147134304047,-1.0221327543258667,0.0
4.0,-0.12233441323041916,-1.0227092504501343,0.0
4.0,-0.11760473996400833,-1.023263931274414,0.0
4.0,-0.11287254840135574,-1.0237966775894165,0.0
4.0,-0.10792797803878784,-1.022318720817566,0.0
4.0,-0.103200264275074,-1.0228067636489868,0.0
4.0,-0.09847034513950348,-1.02327299118042,0.0
4.0,-0.09373831748962402,-1.0237172842025757,0.0
4.0,-0.08900429308414459,-1.0241397619247437,0.0
4.0,-0.08410441875457764,-1.0225470066070557,0.0
4.0,-0.07937590032815933,-1.0229250192642212,0.0
4.0,-0.07464569061994553,-1.0232809782028198,0.0
4.0,-0.06991388648748398,-1.0236152410507202,0.0
4.0,-0.06518058478832245,-1.0239274501800537,0.0
4.0,-0.060445886105298996,-1.024217963218689,0.0
4.0,-0.055709902197122574,-1.0244864225387573,0.0
4.0,-0.05087336152791977,-1.022735595703125,0.0
4.0,-0.046144332736730576,-1.02295982837677,0.0
4.0,-0.04141431301832199,-1.0231622457504272,0.0
4.0,-0.03668341040611267,-1.0233427286148071,0.0
4.0,-0.031951725482940674,-1.0235013961791992,0.0
4.0,-0.02721935510635376,-1.0236382484436035,0.0
4.0,-0.02244248241186142,-1.0217535495758057,0.0
4.0,-0.017718294635415077,-1.0218462944030762,0.0
4.0,-0.012993729673326015,-1.0219173431396484,0.0
4.0,-0.008268886245787144,-1.0219664573669434,0.0
4.0,-0.0035508018918335438,-1.0239938497543335,0.0
4.0,0.0011835411423817277,-1.0239993333816528,0.0
4.0,0.005917858798056841,-1.0239830017089844,0.0
4.0,0.010631244629621506,-1.0219446420669556,0.0
4.0,0.01535596139729023,-1.021884560585022,0.0
4.0,0.02008035033941269,-1.0218026638031006,0.0
4.0,0.024804310873150826,-1.0216989517211914,0.0
4.0,0.029527738690376282,-1.0215733051300049,0.0
4.0,0.03425053879618645,-1.0214258432388306,0.0
4.0,0.038972605019807816,-1.0212565660476685,0.0
4.0,0.04377934709191322,-1.0230637788772583,0.0
4.0,0.04850888252258301,-1.0228503942489624,0.0
4.0,0.05313339829444885,-1.0206178426742554,0.0
4.0,0.05785152688622475,-1.020361304283142,0.0
4.0,0.06256841868162155,-1.0200828313827515,0.0
4.0,0.06741565465927124,-1.0217784643173218,0.0
4.0,0.07213899493217468,-1.0214558839797974,0.0
4.0,0.07686079293489456,-1.0211113691329956,0.0
4.0,0.08158095180988312,-1.0207451581954956,0.0
4.0,0.0862993597984314,-1.0203570127487183,0.0
4.0,0.09101593494415283,-1.0199471712112427,0.0
4.0,0.09573055803775787,-1.0195153951644897,0.0
4.0,0.10044313222169876,-1.0190619230270386,0.0
4.0,0.10515356063842773,-1.0185866355895996,0.0
4.0,0.10986173897981644,-1.0180896520614624,0.0
4.0,0.11479133367538452,-1.0195581912994385,0.0
4.0,0.11950390785932541,-1.0190166234970093,0.0
4.0,0.12421392649412155,-1.0184532403945923,0.0
4.0,0.1289212852716446,-1.0178680419921875,0.0
4.0,0.13336540758609772,-1.0152782201766968,0.0
4.0,0.13832764327526093,-1.0166324377059937,0.0
4.0,0.1430264264345169,-1.0159820318222046,0.0
4.0,0.14801011979579926,-1.0172890424728394,0.0
4.0,0.15271183848381042,-1.0165938138961792,0.0
4.0,0.1577165424823761,-1.0178533792495728,0.0
4.0,0.16242077946662903,-1.0171133279800415,0.0
4.0,0.1671215295791626,-1.0163514614105225,0.0
4.0,0.17181871831417084,-1.0155678987503052,0.0
4.0,0.1765122264623642,-1.0147627592086792,0.0
4.0,0.1812019646167755,-1.0139358043670654,0.0
4.0,0.18588782846927643,-1.0130871534347534,0.0
4.0,0.19130980968475342,-1.0161479711532593,0.0
4.0,0.19600580632686615,-1.0152525901794434,0.0
4.0,0.20069760084152222,-1.0143355131149292,0.0
4.0,0.20578236877918243,-1.0153568983078003,0.0
4.0,0.21047453582286835,-1.0143946409225464,0.0
4.0,0.21557757258415222,-1.015367031097412,0.0
4.0,0.22026969492435455,-1.014359474182129,0.0
4.0,0.22539053857326508,-1.0152827501296997,0.0
4.0,0.23008215427398682,-1.0142297744750977,0.0
4.0,0.23476886749267578,-1.013155221939087,0.0
4.0,0.24037152528762817,-1.0159515142440796,0.0
4.0,0.2450660765171051,-1.014829397201538,0.0
4.0,0.2507123053073883,-1.0175693035125732,0.0
4.0,0.25590163469314575,-1.018338918685913,0.0
4.0,0.2606070637702942,-1.0171449184417725,0.0
4.0,0.26581230759620667,-1.0178643465042114,0.0
4.0,0.27051541209220886,-1.0166245698928833,0.0
4.0,0.27521276473999023,-1.0153629779815674,0.0
4.0,0.27990421652793884,-1.0140796899795532,0.0
4.0,0.28567177057266235,-1.0166256427764893,0.0
4.0,0.2903689742088318,-1.0152939558029175,0.0
4.0,0.2950599491596222,-1.013940691947937,0.0
4.0,0.3003123104572296,-1.0144833326339722,0.0
4.0,0.304999440908432,-1.013084053993225,0.0
4.0,0.3108508586883545,-1.0154880285263062,0.0
4.0,0.31613674759864807,-1.0159496068954468,0.0
4.0,0.32083049416542053,-1.0144771337509155,0.0
4.0,0.32551735639572144,-1.012982964515686,0.0
4.0,0.330197274684906,-1.0114670991897583,0.0
4.0,0.3367585241794586,-1.0156248807907104,0.0
4.0,0.3414505422115326,-1.0140570402145386,0.0
4.0,0.34678223729133606,-1.014359951019287,0.0
4.0,0.35212400555610657,-1.0146352052688599,0.0
4.0,0.3568112850189209,-1.0129964351654053,0.0
4.0,0.36216408014297485,-1.0132192373275757,0.0
4.0,0.36684468388557434,-1.0115339756011963,0.0
4.0,0.3728986084461212,-1.0135811567306519,0.0
4.0,0.37827998399734497,-1.0137200355529785,0.0
4.0,0.38296276330947876,-1.0119602680206299,0.0
4.0,0.3883538544178009,-1.0120460987091064,0.0
4.0,0.39302876591682434,-1.0102397203445435,0.0
4.0,0.3984290063381195,-1.0102723836898804,0.0
4.0,0.40309563279151917,-1.0084195137023926,0.0
4.0,0.41000640392303467,-1.0121060609817505,0.0
4.0,0.4177193343639374,-1.017600417137146,0.0
4.0,0.42241960763931274,-1.0156582593917847,0.0
4.0,0.4278874397277832,-1.0155375003814697,0.0
4.0,0.43257805705070496,-1.0135483741760254,0.0
4.0,0.4380530118942261,-1.0133733749389648,0.0
4.0,0.4443376660346985,-1.0150015354156494,0.0
4.0,0.4490256607532501,-1.0129363536834717,0.0
4.0,0.45616087317466736,-1.0163233280181885,0.0
4.0,0.4608548581600189,-1.0142035484313965,0.0
4.0,0.46637481451034546,-1.0138790607452393,0.0
4.0,0.47105735540390015,-1.0117119550704956,0.0
4.0,0.4757298529148102,-1.0095232725143433,0.0
4.0,0.4821139872074127,-1.0109233856201172,0.0
4.0,0.4867826998233795,-1.0086835622787476,0.0
4.0,0.494073748588562,-1.0118138790130615,0.0
4.0,0.49874645471572876,-1.0095187425613403,0.0
4.0,0.506985068321228,-1.0143579244613647,0.0
4.0,0.511669397354126,-1.0120030641555786,0.0
4.0,0.5181641578674316,-1.0131880044937134,0.0
4.0,0.5237618684768677,-1.012557864189148,0.0
4.0,0.5284376740455627,-1.0101255178451538,0.0
4.0,0.5349727869033813,-1.0112073421478271,0.0
4.0,0.5396422743797302,-1.0087231397628784,0.0
4.0,0.5471548438072205,-1.0114946365356445,0.0
4.0,0.5547046661376953,-1.0142183303833008,0.0
4.0,0.5593878030776978,-1.0116428136825562,0.0
4.0,0.5660107731819153,-1.0125372409820557,0.0
4.0,0.5706861019134521,-1.0099095106124878,0.0
4.0,0.5773331522941589,-1.0107336044311523,0.0
4.0,0.5849999189376831,-1.0132497549057007,0.0
4.0,0.5896783471107483,-1.0105341672897339,0.0
4.0,0.5963760614395142,-1.0112426280975342,0.0
4.0,0.6010450720787048,-1.008474588394165,0.0
4.0,0.6077648997306824,-1.0091114044189453,0.0
4.0,0.6124238967895508,-1.0062906742095947,0.0
4.0,0.6191651225090027,-1.006855845451355,0.0
4.0,0.6238135695457458,-1.003982424736023,0.0
4.0,0.631638765335083,-1.0061691999435425,0.0
4.0,0.6405686736106873,-1.0099939107894897,0.0
4.0,0.6452313661575317,-1.0070215463638306,0.0
4.0,0.6531406044960022,-1.0090645551681519,0.0
4.0,0.6577989459037781,-1.0060341358184814,0.0
4.0,0.6657498478889465,-1.0079885721206665,0.0
4.0,0.6726229190826416,-1.0082273483276367,0.0
4.0,0.677277147769928,-1.005106806755066,0.0
4.0,0.6852927207946777,-1.0069249868392944,0.0
4.0,0.6899408102035522,-1.0037459135055542,0.0
4.0,0.6991361379623413,-1.0071169137954712,0.0
4.0,0.7072292566299438,-1.0087867975234985,0.0
4.0,0.7118856906890869,-1.005506157875061,0.0
4.0,0.7200165390968323,-1.0070850849151611,0.0
4.0,0.7246649265289307,-1.003745436668396,0.0
4.0,0.7328324317932129,-1.005232572555542,0.0
4.0,0.7374721169471741,-1.0018336772918701,0.0
4.0,0.7468684315681458,-1.0048340559005737,0.0
4.0,0.7551077008247375,-1.0061691999435425,0.0
4.0,0.7597514986991882,-1.0026673078536987,0.0
4.0,0.7692400217056274,-1.0054978132247925,0.0
4.0,0.7738806009292603,-1.001930594444275,0.0
4.0,0.784653902053833,-1.006227731704712,0.0
4.0,0.7892976999282837,-1.002589225769043,0.0
4.0,0.7976577281951904,-1.0036264657974243,0.0
4.0,0.8072958588600159,-1.0061676502227783,0.0
4.0,0.8119391202926636,-1.0024244785308838,0.0
4.0,0.8228949904441833,-1.0064014196395874,0.0
4.0,0.8275391459465027,-1.002586007118225,0.0
4.0,0.8385668992996216,-1.006432056427002,0.0
4.0,0.8432110548019409,-1.0025442838668823,0.0
4.0,0.8530148267745972,-1.0047335624694824,0.0
4.0,0.8628567457199097,-1.0068535804748535,0.0
4.0,0.8675025701522827,-1.002853512763977,0.0
4.0,0.8773915767669678,-1.004858136177063,0.0
4.0,0.8820280432701111,-1.0007909536361694,0.0
4.0,0.8932921886444092,-1.004173755645752,0.0
4.0,0.904606282711029,-1.0074738264083862,0.0
4.0,0.9092545509338379,-1.0032806396484375,0.0
4.0,0.9192829728126526,-1.0049690008163452,0.0
4.0,0.9239194989204407,-1.0007081031799316,0.0
4.0,0.9367172122001648,-1.0052047967910767,0.0
4.0,0.9413546323776245,-1.0008633136749268,0.0
4.0,0.952856719493866,-1.0037529468536377,0.0
4.0,0.9671728610992432,-1.0094456672668457,0.0
4.0,0.9718295335769653,-1.0049632787704468,0.0
4.0,0.9890379905700684,-1.013340950012207,0.0
4.0,0.9937124848365784,-1.0087573528289795,0.0
4.0,1.0096467733383179,-1.0154986381530762,0.0
4.0,1.028497576713562,-1.024937391281128,0.0
4.0,1.0332252979278564,-1.0201714038848877,0.0
4.0,1.053657054901123,-1.0307680368423462,0.0
4.0,1.0584113597869873,-1.0258855819702148,0.0
4.0,1.0790109634399414,-1.0362197160720825,0.0
4.0,1.0837903022766113,-1.0312199592590332,0.0
4.0,1.1030992269515991,-1.0399174690246582,0.0
4.0,1.1078953742980957,-1.034806251525879,0.0
4.0,1.1302825212478638,-1.0459738969802856,0.0
4.0,1.1513222455978394,-1.0556046962738037,0.0
4.0,1.1561903953552246,-1.050270438194275,0.0
4.0,1.1788729429244995,-1.0609686374664307,0.0
4.0,1.1837656497955322,-1.055506944656372,0.0
4.0,1.2051209211349487,-1.064587950706482,0.0
4.0,1.2100300788879395,-1.0590049028396606,0.0
4.0,1.2315351963043213,-1.0678112506866455,0.0
4.0,1.2561815977096558,-1.0790475606918335,0.0
4.0,1.2611570358276367,-1.0732282400131226,0.0
4.0,1.2859840393066406,-1.0841444730758667,0.0
4.0,1.2909826040267944,-1.078187346458435,0.0
4.0,1.1616809368133545,-0.9521036148071289,0.0
4.0,1.1660704612731934,-0.9467225670814514,0.0
4.0,1.1704350709915161,-0.9413212537765503,0.0
4.0,1.1747746467590332,-0.9358998537063599,0.0
4.0,1.2026394605636597,-0.949042797088623,0.0
4.0,1.2070143222808838,-0.9434724450111389,0.0
4.0,1.211363434791565,-0.9378818869590759,0.0
4.0,1.237905502319336,-0.9493101239204407,0.0
4.0,1.2422813177108765,-0.9435766935348511,0.0
4.0,1.2690060138702393,-0.9546558856964111,0.0
4.0,1.2734061479568481,-0.9487785696983337,0.0
4.0,1.30352783203125,-0.9618811011314392,0.0
4.0,1.3354120254516602,-0.9759050607681274,0.0
4.0,1.3399097919464111,-0.9697205424308777,0.0
4.0,1.3703885078430176,-0.9821563959121704,0.0
4.0,1.3749147653579712,-0.9758101105690002,0.0
4.0,1.405592679977417,-0.987842857837677,0.0
4.0,1.4101448059082031,-0.9813336730003357,0.0
4.0,1.4410167932510376,-0.9929605722427368,0.0
4.0,1.4670696258544922,-1.0009410381317139,0.0
4.0,1.4716815948486328,-0.9941474795341492,0.0
4.0,1.4945491552352905,-0.9995632171630859,0.0
4.0,1.4991545677185059,-0.9926426410675049,0.0
4.0,1.523800015449524,-0.9988582134246826,0.0
4.0,1.5284017324447632,-0.991802453994751,0.0
4.0,1.551481008529663,-0.9966156482696533,0.0
4.0,1.5661983489990234,-0.9958707094192505,0.0
4.0,1.5707858800888062,-0.9886189699172974,0.0
4.0,1.5770374536514282,-0.9824036359786987,0.0
4.0,1.5815626382827759,-0.975101888179779,0.0
4.0,1.5775176286697388,-0.9625706076622009,0.0
4.0,1.571678638458252,-0.949063777923584,0.0
4.0,1.5760496854782104,-0.9417871832847595,0.0
4.0,1.5735008716583252,-0.9304186105728149,0.0
4.0,1.5777857303619385,-0.9231337904930115,0.0
4.0,1.5768442153930664,-0.9128232598304749,0.0
4.0,1.581047773361206,-0.9055231213569641,0.0
4.0,1.5869574546813965,-0.8991896510124207,0.0
4.0,1.6015654802322388,-0.8977103233337402,0.0
4.0,1.605698823928833,-0.8902961015701294,0.0
4.0,1.6273337602615356,-0.8924800753593445,0.0
4.0,1.631442666053772,-0.8849467635154724,0.0
4.0,1.6513783931732178,-0.8859037160873413,0.0
4.0,1.669590711593628,-0.8857578039169312,0.0
4.0,1.6736680269241333,-0.8780292272567749,0.0
4.0,1.4563738107681274,-0.7049110531806946,0.0
4.0,1.459617257118225,-0.6981701254844666,0.0
4.0,1.46282958984375,-0.6914143562316895,0.0
4.0,1.466010570526123,-0.6846437454223633,0.0
4.0,1.481872320175171,-0.6837237477302551,0.0
4.0,1.4850176572799683,-0.6768652200698853,0.0
4.0,1.5045443773269653,-0.6773818135261536,0.0
4.0,1.5222798585891724,-0.6769195199012756,0.0
4.0,1.5253932476043701,-0.6698742508888245,0.0
4.0,1.5431532859802246,-0.6691802144050598,0.0
4.0,1.546230673789978,-0.6620384454727173,0.0
4.0,1.5603280067443848,-0.6595547199249268,0.0
4.0,1.5633606910705566,-0.6523337364196777,0.0
4.0,1.5682092905044556,-0.6458603739738464,0.0
4.0,1.5656201839447021,-0.6363438963890076,0.0
4.0,1.5685455799102783,-0.629098653793335,0.0
4.0,1.565858244895935,-0.6196321845054626,0.0
4.0,1.5687062740325928,-0.6123860478401184,0.0
4.0,1.5659215450286865,-0.6029707193374634,0.0
4.0,1.5630834102630615,-0.5935943722724915,0.0
4.0,1.5658111572265625,-0.586361289024353,0.0
4.0,1.5647529363632202,-0.5777302384376526,0.0
4.0,1.567407250404358,-0.5704895853996277,0.0
4.0,1.5662630796432495,-0.5618861317634583,0.0
4.0,1.568844199180603,-0.5546387434005737,0.0
4.0,1.567614197731018,-0.5460636019706726,0.0
4.0,1.564447045326233,-0.5368626117706299,0.0
4.0,1.5669125318527222,-0.5296238660812378,0.0
4.0,1.5655490159988403,-0.521110475063324,0.0
4.0,1.5679415464401245,-0.5138667821884155,0.0
4.0,1.5664938688278198,-0.5053839683532715,0.0
4.0,1.5630950927734375,-0.4963202476501465,0.0
4.0,1.5653730630874634,-0.48908817768096924,0.0
4.0,1.5637941360473633,-0.4806704521179199,0.0
4.0,1.5659997463226318,-0.47343531250953674,0.0
4.0,1.5624206066131592,-0.46448028087615967,0.0
4.0,1.5607119798660278,-0.4561295807361603,0.0
4.0,1.5628042221069336,-0.4489089548587799,0.0
4.0,1.5629380941390991,-0.441135436296463,0.0
4.0,1.5649608373641968,-0.4339046776294708,0.0
4.0,1.5630908012390137,-0.42561376094818115,0.0
4.0,1.5611776113510132,-0.4173494279384613,0.0
4.0,1.5630905628204346,-0.41012707352638245,0.0
4.0,1.5591593980789185,-0.40140002965927124,0.0
4.0,1.560998558998108,-0.39418715238571167,0.0
4.0,1.5550388097763062,-0.38504305481910706,0.0
4.0,1.5568023920059204,-0.37784940004348755,0.0
4.0,1.5449126958847046,-0.3674086034297943,0.0
4.0,1.5465948581695557,-0.3602619469165802,0.0
4.0,1.5482438802719116,-0.35310763120651245,0.0
4.0,1.5808727741241455,-0.1502845734357834,0.0
4.0,1.5815507173538208,-0.14297400414943695,0.0
4.0,1.5821948051452637,-0.13566038012504578,0.0
4.0,1.5828051567077637,-0.1283438503742218,0.0
4.0,1.5694222450256348,-0.11995761096477509,0.0
4.0,1.5599857568740845,-0.11198429018259048,0.0
4.0,1.5604867935180664,-0.10477069765329361,0.0
4.0,1.5549662113189697,-0.09718061238527298,0.0
4.0,1.5553988218307495,-0.08999038487672806,0.0
4.0,1.5577954053878784,-0.08290452510118484,0.0
4.0,1.564155101776123,-0.07599253207445145,0.0
4.0,1.564489722251892,-0.06876004487276077,0.0
4.0,1.572784662246704,-0.06184040382504463,0.0
4.0,1.5730538368225098,-0.05456817150115967,0.0
4.0,1.5832847356796265,-0.047595251351594925,0.0
4.0,1.583487868309021,-0.04027462750673294,0.0
4.0,1.593654990196228,-0.03316117823123932,0.0
4.0,1.6037899255752563,-0.025954576209187508,0.0
4.0,1.6038928031921387,-0.01853938028216362,0.0
4.0,1.6159611940383911,-0.01120700966566801,0.0
4.0,1.6159957647323608,-0.0037356994580477476,0.0
4.0,1.6239956617355347,0.0037541838828474283,0.0
4.0,1.6319607496261597,0.011317960917949677,0.0
4.0,1.6318910121917725,0.018863001838326454,0.0
4.0,1.643784761428833,0.026601815596222878,0.0
4.0,1.6436442136764526,0.03420136123895645,0.0
4.0,1.6554646492004395,0.042105283588171005,0.0
4.0,1.6552523374557495,0.0497586615383625,0.0
4.0,1.6669973134994507,0.05782699957489967,0.0
4.0,1.674705982208252,0.06584784388542175,0.0
4.0,1.6743836402893066,0.07358992844820023,0.0
4.0,1.4403789043426514,0.23855580389499664,0.0
4.0,1.439260482788086,0.24521265923976898,0.0
4.0,1.438111424446106,0.2518642842769623,0.0
4.0,1.4369316101074219,0.2585105001926422,0.0
4.0,1.4462699890136719,0.27402010560035706,0.0
4.0,1.4449876546859741,0.2807038426399231,0.0
4.0,1.4436744451522827,0.28738152980804443,0.0
4.0,1.4423303604125977,0.2940531075000763,0.0
4.0,1.4546600580215454,0.3035784959793091,0.0
4.0,1.4669324159622192,0.31322410702705383,0.0
4.0,1.4654685258865356,0.320002943277359,0.0
4.0,1.4756851196289062,0.32938912510871887,0.0
4.0,1.4741464853286743,0.3362082540988922,0.0
4.0,1.4862112998962402,0.3461962938308716,0.0
4.0,1.4845948219299316,0.3530639111995697,0.0
4.0,1.49849534034729,0.36369776725769043,0.0
4.0,1.5162115097045898,0.3754290044307709,0.0
4.0,1.514459490776062,0.38243499398231506,0.0
4.0,1.5378541946411133,0.39591506123542786,0.0
4.0,1.536007285118103,0.4030208885669708,0.0
4.0,1.5592453479766846,0.41683289408683777,0.0
4.0,1.5573015213012695,0.4240373969078064,0.0
4.0,1.5745973587036133,0.4365764856338501,0.0
4.0,1.5879604816436768,0.44819796085357666,0.0
4.0,1.5858713388442993,0.4555349051952362,0.0
4.0,1.5971862077713013,0.4667894244194031,0.0
4.0,1.5950109958648682,0.4741688370704651,0.0
4.0,1.6062026023864746,0.48558947443962097,0.0
4.0,1.6039403676986694,0.49301037192344666,0.0
4.0,1.6150068044662476,0.5045958757400513,0.0
4.0,1.6260000467300415,0.5162941217422485,0.0
4.0,1.6235957145690918,0.5238062143325806,0.0
4.0,1.6363608837127686,0.5362900495529175,0.0
4.0,1.633863925933838,0.5438498258590698,0.0
4.0,1.6445949077606201,0.5558808445930481,0.0
4.0,1.6552492380142212,0.5680226683616638,0.0
4.0,1.652605414390564,0.5756694674491882,0.0
4.0,1.6612399816513062,0.5873036980628967,0.0
4.0,1.6585068702697754,0.5949779748916626,0.0
4.0,1.443367838859558,0.5253429412841797,0.0
4.0,1.4409235715866089,0.532010555267334,0.0
4.0,1.4384485483169556,0.5386667847633362,0.0
4.0,1.4359426498413086,0.5453115105628967,0.0
4.0,1.4483375549316406,0.5576940178871155,0.0
4.0,1.4457435607910156,0.5643842816352844,0.0
4.0,1.4579962491989136,0.5769496560096741,0.0
4.0,1.4553132057189941,0.5836843848228455,0.0
4.0,1.4692742824554443,0.5971841812133789,0.0
4.0,1.466497540473938,0.6039708256721497,0.0
4.0,1.4803013801574707,0.6176760792732239,0.0
4.0,1.4774298667907715,0.6245134472846985,0.0
4.0,1.491073727607727,0.6384223103523254,0.0
4.0,1.50829017162323,0.6540619730949402,0.0
4.0,1.505250096321106,0.6610283851623535,0.0
4.0,1.5204523801803589,0.6761069297790527,0.0
4.0,1.5173102617263794,0.6831293106079102,0.0
4.0,1.5268747806549072,0.6959435343742371,0.0
4.0,1.5236408710479736,0.7029953598976135,0.0
4.0,1.5276228189468384,0.7134173512458801,0.0
4.0,1.5279245376586914,0.7221818566322327,0.0
4.0,1.5245693922042847,0.7292382717132568,0.0
4.0,1.52658212184906,0.7388931512832642,0.0
4.0,1.5231496095657349,0.7459431886672974,0.0
4.0,1.5268528461456299,0.7565290927886963,0.0
4.0,1.528702735900879,0.7662689089775085,0.0
4.0,1.5251436233520508,0.7733284831047058,0.0
4.0,1.5268906354904175,0.7831096053123474,0.0
4.0,1.5232537984848022,0.7901606559753418,0.0
4.0,1.524897575378418,0.7999821901321411,0.0
4.0,1.5264829397201538,0.8098357319831848,0.0
4.0,1.5227224826812744,0.8168845772743225,0.0
4.0,1.5242034196853638,0.8267767429351807,0.0
4.0,1.5203646421432495,0.8338148593902588,0.0
4.0,1.5199916362762451,0.8427748680114746,0.0
4.0,1.5160789489746094,0.8497933149337769,0.0
4.0,1.5121338367462158,0.8567936420440674,0.0
4.0,1.5046852827072144,0.8617876172065735,0.0
4.0,1.5006848573684692,0.868735134601593,0.0
4.0,1.4776637554168701,0.8645541667938232,0.0
4.0,1.4736508131027222,0.8713767528533936,0.0
4.0,1.2517163753509521,1.1265265941619873,0.0
4.0,1.2464946508407593,1.1323018074035645,0.0
4.0,1.241246223449707,1.1380527019500732,0.0
4.0,1.2359713315963745,1.1437792778015137,0.0
4.0,1.2204387187957764,1.1399251222610474,0.0
4.0,1.2151553630828857,1.1455553770065308,0.0
4.0,1.209846019744873,1.1511613130569458,0.0
4.0,1.1987407207489014,1.1512012481689453,0.0
4.0,1.1934055089950562,1.1567312479019165,0.0
4.0,1.185185432434082,1.159439206123352,0.0
4.0,1.1798123121261597,1.16490638256073,0.0
4.0,1.1687471866607666,1.1647015810012817,0.0
4.0,1.1534790992736816,1.160164713859558,0.0
4.0,1.148102879524231,1.1654852628707886,0.0
4.0,1.1371142864227295,1.165055751800537,0.0
4.0,0.9855507612228394,1.288244366645813,0.0
4.0,0.9795842170715332,1.2927871942520142,0.0
4.0,0.9735966920852661,1.2973023653030396,0.0
4.0,0.9675883650779724,1.3017897605895996,0.0
4.0,0.9484407305717468,1.3009843826293945,0.0
4.0,0.9424156546592712,1.305355429649353,0.0
4.0,0.9363704323768616,1.3096985816955566,0.0
4.0,0.9303051829338074,1.3140138387680054,0.0
4.0,0.9184795618057251,1.310112714767456,0.0
4.0,0.9124126434326172,1.3143452405929565,0.0
4.0,0.9029273986816406,1.3136049509048462,0.0
4.0,0.8968445062637329,1.317765474319458,0.0
4.0,0.8907423615455627,1.3218978643417358,0.0
4.0,0.8846212029457092,1.3260020017623901,0.0
4.0,0.8773789405822754,1.3284088373184204,0.0
4.0,0.8701333403587341,1.3307772874832153,0.0
4.0,0.8639713525772095,1.3347859382629395,0.0
4.0,0.8567119836807251,1.3370821475982666,0.0
4.0,0.8505209684371948,1.3410288095474243,0.0
4.0,0.8443118333816528,1.3449467420578003,0.0
4.0,0.8370290398597717,1.3471370935440063,0.0
4.0,0.8307917714118958,1.3509925603866577,0.0
4.0,0.8245367407798767,1.3548191785812378,0.0
4.0,0.8182640671730042,1.358616828918457,0.0
4.0,0.8119739294052124,1.3623855113983154,0.0
4.0,0.805666446685791,1.3661249876022339,0.0
4.0,0.7983337640762329,1.3681079149246216,0.0
4.0,0.7919999361038208,1.3717842102050781,0.0
4.0,0.7856492400169373,1.3754312992095947,0.0
4.0,0.7792816758155823,1.3790489435195923,0.0
4.0,0.7728975415229797,1.3826371431350708,0.0
4.0,0.7664967775344849,1.3861957788467407,0.0
4.0,0.7600797414779663,1.3897247314453125,0.0
4.0,0.7536463737487793,1.3932240009307861,0.0
4.0,0.7481403350830078,1.3984569311141968,0.0
4.0,0.7416667342185974,1.4019010066986084,0.0
4.0,0.7351773381233215,1.4053149223327637,0.0
4.0,0.7286721467971802,1.4086989164352417,0.0
4.0,0.7221514582633972,1.412052869796753,0.0
4.0,0.48008492588996887,0.9495338201522827,0.0
4.0,0.47568973898887634,0.9517433047294617,0.0
4.0,0.4712843894958496,0.9539324045181274,0.0
4.0,0.46686896681785583,0.95610111951828,0.0
4.0,0.45983579754829407,0.9528457522392273,0.0
4.0,0.45370370149612427,0.9513511657714844,0.0
4.0,0.4493004083633423,0.9534386396408081,0.0
4.0,0.443199098110199,0.9518794417381287,0.0
4.0,0.43879345059394836,0.9539183378219604,0.0
4.0,0.4327237010002136,0.9522952437400818,0.0
4.0,0.4266783595085144,0.9506364464759827,0.0
4.0,0.42227864265441895,0.9525989890098572,0.0
4.0,0.41706782579421997,0.9527089595794678,0.0
4.0,0.4126586318016052,0.9546270370483398,0.0
4.0,0.4066705107688904,0.9528458118438721,0.0
4.0,0.40226078033447266,0.9547157883644104,0.0
4.0,0.3955383598804474,0.9510254263877869,0.0
4.0,0.3896182179450989,0.949143648147583,0.0
4.0,0.3852258324623108,0.950934886932373,0.0
4.0,0.3800828456878662,0.9508486390113831,0.0
4.0,0.3749488592147827,0.9507350921630859,0.0
4.0,0.3705492615699768,0.9524585008621216,0.0
4.0,0.36470869183540344,0.9504270553588867,0.0
4.0,0.3603106141090393,0.9521030783653259,0.0
4.0,0.35450640320777893,0.9500111937522888,0.0
4.0,0.35011035203933716,0.9516400694847107,0.0
4.0,0.3450249433517456,0.9513683319091797,0.0
4.0,0.33927640318870544,0.9491868019104004,0.0
4.0,0.3348843455314636,0.9507452249526978,0.0
4.0,0.3298293948173523,0.9503939747810364,0.0
4.0,0.32543182373046875,0.9519087076187134,0.0
4.0,0.3197508454322815,0.9496122002601624,0.0
4.0,0.3147275745868683,0.9491820335388184,0.0
4.0,0.31033578515052795,0.9506270289421082,0.0
4.0,0.304713636636734,0.9482434391975403,0.0
4.0,0.30032628774642944,0.9496421217918396,0.0
4.0,0.29533830285072327,0.9491108059883118,0.0
4.0,0.2909470498561859,0.9504660964012146,0.0
4.0,0.2853964567184448,0.9479709267616272,0.0
4.0,0.28101059794425964,0.9492802619934082,0.0
4.0,0.27661871910095215,0.9505693912506104,0.0
4.0,0.27167096734046936,0.9499151706695557,0.0
4.0,0.26727625727653503,0.9511610865592957,0.0
4.0,0.2618115544319153,0.9485308527946472,0.0
4.0,0.2563769221305847,0.9458704590797424,0.0
4.0,0.2520010471343994,0.9470456838607788,0.0
4.0,0.24711446464061737,0.9462655186653137,0.0
4.0,0.24273689091205597,0.9473978877067566,0.0
4.0,0.23786669969558716,0.9465703368186951,0.0
4.0,0.2334877997636795,0.947659969329834,0.0
4.0,0.2291039228439331,0.948729395866394,0.0
4.0,0.22425465285778046,0.9478321671485901,0.0
4.0,0.21987007558345795,0.9488588571548462,0.0
4.0,0.21459588408470154,0.9459643959999084,0.0
4.0,0.20978659391403198,0.9449939727783203,0.0
4.0,0.2054152935743332,0.9459537863731384,0.0
4.0,0.2006242275238037,0.944936990737915,0.0
4.0,0.19625328481197357,0.9458544850349426,0.0
4.0,0.19148088991641998,0.9447915554046631,0.0
4.0,0.1867225170135498,0.9437047839164734,0.0
4.0,0.18235743045806885,0.9445579648017883,0.0
4.0,0.17761839926242828,0.9434254765510559,0.0
4.0,0.17325468361377716,0.9442366361618042,0.0
4.0,0.16888727247714996,0.9450275301933289,0.0
4.0,0.16451625525951385,0.9457982778549194,0.0
4.0,0.15980809926986694,0.9445767998695374,0.0
4.0,0.15511474013328552,0.9433320760726929,0.0
4.0,0.15075170993804932,0.9440391063690186,0.0
4.0,0.14638546109199524,0.9447259902954102,0.0
4.0,0.14201606810092926,0.9453927278518677,0.0
4.0,0.13764365017414093,0.9460391998291016,0.0
4.0,0.13298949599266052,0.9446850419044495,0.0
4.0,0.1286204308271408,0.9452897906303406,0.0
4.0,0.12398815900087357,0.9438914060592651,0.0
4.0,0.11962287127971649,0.944454550743103,0.0
4.0,0.11501289159059525,0.9430121779441833,0.0
4.0,0.11065176874399185,0.9435338973999023,0.0
4.0,0.10628827661275864,0.9440353512763977,0.0
4.0,0.10170794278383255,0.942528247833252,0.0
4.0,0.09734919667243958,0.942988395690918,0.0
4.0,0.09298837184906006,0.9434283971786499,0.0
4.0,0.08862555772066116,0.9438482522964478,0.0
4.0,0.08408308029174805,0.9422557950019836,0.0
4.0,0.07972577959299088,0.9426344633102417,0.0
4.0,0.0753667801618576,0.9429929852485657,0.0
4.0,0.0710061639547348,0.9433313608169556,0.0
4.0,0.06664403527975082,0.9436495900154114,0.0
4.0,0.062280476093292236,0.9439476132392883,0.0
4.0,0.057915590703487396,0.9442254900932312,0.0
4.0,0.05343625321984291,0.9424864053726196,0.0
4.0,0.049078214913606644,0.9427233338356018,0.0
4.0,0.04471912980079651,0.9429401755332947,0.0
4.0,0.04035909101366997,0.9431368708610535,0.0
4.0,0.035998184233903885,0.9433133602142334,0.0
4.0,0.03163651004433632,0.943469762802124,0.0
4.0,0.02721637673676014,0.9416067004203796,0.0
4.0,0.022862685844302177,0.9417225122451782,0.0
4.0,0.018508508801460266,0.941818118095398,0.0
4.0,0.014153935015201569,0.9418936371803284,0.0
4.0,0.009799058549106121,0.9419490098953247,0.0
4.0,0.005443972535431385,0.941984236240387,0.0
4.0,0.0010887705720961094,0.9419993162155151,0.0
4.0,-0.0032664549071341753,0.941994309425354,0.0
4.0,-0.007621610537171364,0.9419691562652588,0.0
4.0,-0.011976603418588638,0.9419238567352295,0.0
4.0,-0.01633133925497532,0.9418584108352661,0.0
4.0,-0.020685726776719093,0.9417728185653687,0.0
4.0,-0.0250396728515625,0.9416671395301819,0.0
4.0,-0.029393082484602928,0.941541314125061,0.0
4.0,-0.033745866268873215,0.9413953423500061,0.0
4.0,-0.03809792548418045,0.9412292242050171,0.0
4.0,-0.04244917258620262,0.9410430192947388,0.0
4.0,-0.04679951071739197,0.9408367276191711,0.0
4.0,-0.05114884674549103,0.9406102895736694,0.0
4.0,-0.05549709498882294,0.9403637647628784,0.0
4.0,-0.05984415113925934,0.9400971531867981,0.0
4.0,-0.06418993324041367,0.9398103952407837,0.0
4.0,-0.06853433698415756,0.9395036101341248,0.0
4.0,-0.07287728041410446,0.9391766786575317,0.0
4.0,-0.07738261669874191,0.9408230185508728,0.0
4.0,-0.08173156529664993,0.9404551982879639,0.0
4.0,-0.08607876300811768,0.9400672912597656,0.0
4.0,-0.09042412787675858,0.9396592378616333,0.0
4.0,-0.09476755559444427,0.9392311573028564,0.0
4.0,-0.09931892901659012,0.9407718777656555,0.0
4.0,-0.10366740822792053,0.9403026103973389,0.0
4.0,-0.10801366716623306,0.9398132562637329,0.0
4.0,-0.11235762387514114,0.9393038749694824,0.0
4.0,-0.11669917404651642,0.9387743473052979,0.0
4.0,-0.12129412591457367,0.940208375453949,0.0
4.0,-0.12563976645469666,0.9396375417709351,0.0
4.0,-0.12998270988464355,0.9390466213226318,0.0
4.0,-0.1343228816986084,0.9384356141090393,0.0
4.0,-0.13866019248962402,0.9378045797348022,0.0
4.0,-0.14299452304840088,0.9371534585952759,0.0
4.0,-0.14763662219047546,0.9384579658508301,0.0
4.0,-0.1519738882780075,0.93776535987854,0.0
4.0,-0.1563078910112381,0.9370527267456055,0.0
4.0,-0.16097676753997803,0.9382912516593933,0.0
4.0,-0.16531310975551605,0.9375370144844055,0.0
4.0,-0.17000232636928558,0.9387306571006775,0.0
4.0,-0.1747061014175415,0.9399009346961975,0.0
4.0,-0.17904974520206451,0.9390831589698792,0.0
4.0,-0.1837732195854187,0.9402081966400146,0.0
4.0,-0.18811818957328796,0.9393484592437744,0.0
4.0,-0.1924591362476349,0.9384686946868896,0.0
4.0,-0.1967959702014923,0.9375688433647156,0.0
4.0,-0.2015484869480133,0.9386043548583984,0.0
4.0,-0.2058858424425125,0.9376624822616577,0.0
4.0,-0.21021881699562073,0.9367005825042725,0.0
4.0,-0.21499426662921906,0.9376680850982666,0.0
4.0,-0.2193271517753601,0.9366641044616699,0.0
4.0,-0.2241203337907791,0.9375852346420288,0.0
4.0,-0.22940067946910858,0.9404250979423523,0.0
4.0,-0.23374615609645844,0.939354419708252,0.0
4.0,-0.23808665573596954,0.9382636547088623,0.0
4.0,-0.24242204427719116,0.9371528625488281,0.0
4.0,-0.24726209044456482,0.9379560351371765,0.0
4.0,-0.2521147131919861,0.9387343525886536,0.0
4.0,-0.25645214319229126,0.9375587105751038,0.0
4.0,-0.26132068037986755,0.9382896423339844,0.0
4.0,-0.2656559348106384,0.9370714426040649,0.0
4.0,-0.27053990960121155,0.9377548694610596,0.0
4.0,-0.27487263083457947,0.9364940524101257,0.0
4.0,-0.2797715663909912,0.937129557132721,0.0
4.0,-0.2846822738647461,0.9377398490905762,0.0
4.0,-0.2890147566795349,0.9364136457443237,0.0
4.0,-0.29453834891319275,0.9388840198516846,0.0
4.0,-0.298876017332077,0.937512218952179,0.0
4.0,-0.3038235604763031,0.938023030757904,0.0
4.0,-0.30815714597702026,0.9366083145141602,0.0
4.0,-0.31311798095703125,0.9370704889297485,0.0
4.0,-0.31808966398239136,0.9375067949295044,0.0
4.0,-0.32242071628570557,0.9360260963439941,0.0
4.0,-0.3274049460887909,0.9364133477210999,0.0
4.0,-0.33173084259033203,0.9348896145820618,0.0
4.0,-0.33672717213630676,0.9352276921272278,0.0
4.0,-0.3417336642742157,0.9355394840240479,0.0
4.0,-0.34605535864830017,0.9339494705200195,0.0
4.0,-0.35177677869796753,0.9360839128494263,0.0
4.0,-0.3561008870601654,0.9344475269317627,0.0
4.0,-0.3618590235710144,0.9365222454071045,0.0
4.0,-0.3661850392818451,0.9348392486572266,0.0
4.0,-0.37124133110046387,0.934995174407959,0.0
4.0,-0.37705346941947937,0.9369795322418213,0.0
4.0,-0.38138142228126526,0.9352262616157532,0.0
4.0,-0.3879925608634949,0.9389983415603638,0.0
4.0,-0.39232975244522095,0.9371944665908813,0.0
4.0,-0.3974393904209137,0.937211811542511,0.0
4.0,-0.40255752205848694,0.9372019171714783,0.0
4.0,-0.4068862497806549,0.9353306889533997,0.0
4.0,-0.41201257705688477,0.9352697730064392,0.0
4.0,-0.41633227467536926,0.933354914188385,0.0
4.0,-0.42146629095077515,0.9332428574562073,0.0
4.0,-0.4274396598339081,0.9349220991134644,0.0
4.0,-0.4317575991153717,0.932935893535614,0.0
4.0,-0.4377630352973938,0.934552013874054,0.0
4.0,-0.4420791268348694,0.9325180649757385,0.0
4.0,-0.4481160044670105,0.9340707063674927,0.0
4.0,-0.45242977142333984,0.9319888949394226,0.0
4.0,-0.4584972858428955,0.9334774613380432,0.0
4.0,-0.46280819177627563,0.931347668170929,0.0
4.0,-0.46890580654144287,0.9327718615531921,0.0
4.0,-0.4759329557418823,0.9359421730041504,0.0
4.0,-0.4802550673484802,0.933731734752655,0.0
4.0,-0.48548996448516846,0.9332757592201233,0.0
4.0,-0.4897996485233307,0.9310211539268494,0.0
4.0,-0.4959775507450104,0.9322779774665833,0.0
4.0,-0.5021774768829346,0.9334975481033325,0.0
4.0,-0.506488025188446,0.9311658143997192,0.0
4.0,-1.1033830642700195,1.963173508644104,0.0
4.0,-1.112447738647461,1.9580512046813965,0.0
4.0,-1.1214886903762817,1.952886939048767,0.0
4.0,-1.1305055618286133,1.9476810693740845,0.0
4.0,-1.143546223640442,1.949333667755127,0.0
4.0,-1.1525465250015259,1.9440258741378784,0.0
4.0,-1.167689561843872,1.9489703178405762,0.0
4.0,-1.1766879558563232,1.9435508251190186,0.0
4.0,-1.1898359060287476,1.9449139833450317,0.0
4.0,-1.205124855041504,1.9495995044708252,0.0
4.0,-1.2141257524490356,1.9440069198608398,0.0
4.0,-1.2295042276382446,1.9485212564468384,0.0
4.0,-1.2384997606277466,1.942815899848938,0.0
4.0,-1.251800537109375,1.9437952041625977,0.0
4.0,-1.267317771911621,1.9480454921722412,0.0
4.0,-1.276310682296753,1.9421653747558594,0.0
4.0,-1.2919130325317383,1.9462416172027588,0.0
4.0,-1.3008973598480225,1.940247893333435,0.0
4.0,-1.3165827989578247,1.9441486597061157,0.0
4.0,-1.332331657409668,1.947945475578308,0.0
4.0,-1.3413234949111938,1.9417648315429688,0.0
4.0,-1.3548640012741089,1.9421039819717407,0.0
4.0,-1.3638285398483276,1.935819149017334,0.0
4.0,-1.3820394277572632,1.9425301551818848,0.0
4.0,-1.3910057544708252,1.9361196756362915,0.0
4.0,-1.4069888591766357,1.9393807649612427,0.0
4.0,-1.4230319261550903,1.9425355195999146,0.0
4.0,-1.4319977760314941,1.9359354972839355,0.0
4.0,-1.4481137990951538,1.9389086961746216,0.0
4.0,-1.4570626020431519,1.9321928024291992,0.0
4.0,-1.4732495546340942,1.9349831342697144,0.0
4.0,-1.4919310808181763,1.9408363103866577,0.0
4.0,-1.5008883476257324,1.933917760848999,0.0
4.0,-1.5172146558761597,1.9364038705825806,0.0
4.0,-1.526151180267334,1.929368495941162,0.0
4.0,-1.527566909790039,1.9129148721694946,0.0
4.0,-1.536394715309143,1.9058318138122559,0.0
4.0,-1.5300407409667969,1.8800934553146362,0.0
4.0,-1.5234819650650024,1.8544548749923706,0.0
4.0,-1.5320395231246948,1.8473914861679077,0.0
4.0,-1.5225909948349,1.81881844997406,0.0
4.0,-1.530983805656433,1.8117594718933105,0.0
4.0,-1.5237687826156616,1.7864022254943848,0.0
4.0,-1.5163521766662598,1.761150598526001,0.0
4.0,-1.5244784355163574,1.7541210651397705,0.0
4.0,-1.5193830728530884,1.732019305229187,0.0
4.0,-1.5273746252059937,1.7249760627746582,0.0
4.0,-1.5193405151367188,1.7000013589859009,0.0
4.0,-1.5137876272201538,1.6781082153320312,0.0
4.0,-1.5215299129486084,1.6710914373397827,0.0
4.0,-1.5130001306533813,1.6463677883148193,0.0
4.0,-1.520595669746399,1.6393550634384155,0.0
4.0,-1.5144901275634766,1.6177070140838623,0.0
4.0,-1.508217215538025,1.5961507558822632,0.0
4.0,-1.515580654144287,1.589160680770874,0.0
4.0,-1.5090419054031372,1.5677273273468018,0.0
4.0,-1.5162739753723145,1.5607337951660156,0.0
4.0,-1.5094709396362305,1.5394262075424194,0.0
4.0,-1.502503752708435,1.5182154178619385,0.0
4.0,-1.5095069408416748,1.511252522468567,0.0
4.0,-1.5022786855697632,1.4901726245880127,0.0
4.0,-1.5091522932052612,1.4832110404968262,0.0
4.0,-1.504530429840088,1.4650554656982422,0.0
4.0,-1.5112879276275635,1.4580838680267334,0.0
4.0,-1.5035557746887207,1.4372612237930298,0.0
4.0,-1.498567819595337,1.4192920923233032,0.0
4.0,-1.5051137208938599,1.4123485088348389,0.0
4.0,-1.4984447956085205,1.3931186199188232,0.0
4.0,-1.494572401046753,1.3766907453536987,0.0
4.0,-1.500921368598938,1.369766116142273,0.0
4.0,-1.4953702688217163,1.352081298828125,0.0
4.0,-1.50160551071167,1.3451532125473022,0.0
4.0,-1.4958418607711792,1.32757568359375,0.0
4.0,-1.50196373462677,1.3206456899642944,0.0
4.0,-1.4959890842437744,1.3031779527664185,0.0
4.0,-1.4913994073867798,1.2871006727218628,0.0
4.0,-1.4973342418670654,1.2801915407180786,0.0
4.0,-1.4940801858901978,1.265499234199524,0.0
4.0,-1.4999150037765503,1.2585780620574951,0.0
4.0,-1.494951844215393,1.242680549621582,0.0
4.0,-1.4898737668991089,1.2268561124801636,0.0
4.0,-1.495530128479004,1.2199547290802002,0.0
4.0,-1.4918208122253418,1.205485224723816,0.0
4.0,-1.4973783493041992,1.1985750198364258,0.0
4.0,-1.4919337034225464,1.182941198348999,0.0
4.0,-1.4973869323730469,1.1760308742523193,0.0
4.0,-1.491758108139038,1.1604989767074585,0.0
4.0,-1.4876021146774292,1.1462652683258057,0.0
4.0,-1.4928858280181885,1.1393752098083496,0.0
4.0,-1.4869693517684937,1.124018669128418,0.0
4.0,-1.482544183731079,1.1099400520324707,0.0
4.0,-1.4876599311828613,1.1030738353729248,0.0
4.0,-1.4830718040466309,1.0890812873840332,0.0
4.0,-1.488091230392456,1.0822129249572754,0.0
4.0,-1.4833412170410156,1.0683083534240723,0.0
4.0,-1.488264560699463,1.0614389181137085,0.0
4.0,-1.4833542108535767,1.047624111175537,0.0
4.0,-1.4783481359481812,1.0338776111602783,0.0
4.0,-1.4831123352050781,1.027031660079956,0.0
4.0,-1.4795973300933838,1.014508605003357,0.0
4.0,-1.4842720031738281,1.0076570510864258,0.0
4.0,-1.480615496635437,0.9952054619789124,0.0
4.0,-1.4752106666564941,0.9817012548446655,0.0
4.0,-1.4797337055206299,0.9748703241348267,0.0
4.0,-1.4758490324020386,0.9625556468963623,0.0
4.0,-1.480283498764038,0.9557219743728638,0.0
4.0,-1.4762601852416992,0.9434826970100403,0.0
4.0,-1.4738457202911377,0.9323703646659851,0.0
4.0,-1.4781407117843628,0.9255462884902954,0.0
4.0,-1.4722040891647339,0.9123810529708862,0.0
4.0,-1.4764065742492676,0.9055647850036621,0.0
4.0,-1.472029209136963,0.8935401439666748,0.0
4.0,-1.4692867994308472,0.8826053142547607,0.0
4.0,-1.4733517169952393,0.8758028149604797,0.0
4.0,-1.470489501953125,0.8649256825447083,0.0
4.0,-1.4744726419448853,0.8581178188323975,0.0
4.0,-1.4697582721710205,0.8463016152381897,0.0
4.0,-1.4684420824050903,0.8365274667739868,0.0
4.0,-1.4722938537597656,0.8297293782234192,0.0
4.0,-1.4673798084259033,0.8180441856384277,0.0
4.0,-1.4711462259292603,0.8112512230873108,0.0
4.0,-1.467858076095581,0.8006102442741394,0.0
4.0,-1.4715439081192017,0.7938152551651001,0.0
4.0,-1.468139886856079,0.7832376956939697,0.0
4.0,-1.4629008769989014,0.7717754244804382,0.0
4.0,-1.4664534330368042,0.7650036811828613,0.0
4.0,-1.4646421670913696,0.755465030670166,0.0
4.0,-1.4681192636489868,0.748685359954834,0.0
4.0,-1.4644215106964111,0.7382882833480835,0.0
4.0,-1.460659146308899,0.7279414534568787,0.0
4.0,-1.4640090465545654,0.7211805582046509,0.0
4.0,-1.4619331359863281,0.7117776870727539,0.0
4.0,-1.4652084112167358,0.7050110697746277,0.0
4.0,-1.4612274169921875,0.6947939991950989,0.0
4.0,-1.4589935541152954,0.6854793429374695,0.0
4.0,-1.4621471166610718,0.6787264943122864,0.0
4.0,-1.4579976797103882,0.6686244010925293,0.0
4.0,-1.461073398590088,0.6618764400482178,0.0
4.0,-1.460466742515564,0.653480589389801,0.0
4.0,-1.4561550617218018,0.6434876918792725,0.0
4.0,-1.4591145515441895,0.6367484927177429,0.0
4.0,-1.4565327167510986,0.6276212334632874,0.0
4.0,-1.4594188928604126,0.6208804845809937,0.0
4.0,-1.4567419290542603,0.6118031144142151,0.0
4.0,-1.4540122747421265,0.6027637720108032,0.0
4.0,-1.4567835330963135,0.5960349440574646,0.0
4.0,-1.4539600610733032,0.5870469212532043,0.0
4.0,-1.4566586017608643,0.5803184509277344,0.0
4.0,-1.4537420272827148,0.5713827610015869,0.0
4.0,-1.4563682079315186,0.5646554827690125,0.0
4.0,-1.4533590078353882,0.5557730197906494,0.0
4.0,-1.4502989053726196,0.5469304919242859,0.0
4.0,-1.4528120756149292,0.5402193665504456,0.0
4.0,-1.4515385627746582,0.5321199893951416,0.0
4.0,-1.4539833068847656,0.5254032611846924,0.0
4.0,-1.45074462890625,0.5166623592376709,0.0
4.0,-1.4493435621261597,0.5086249709129333,0.0
4.0,-1.4516795873641968,0.5019186735153198,0.0
4.0,-1.4483050107955933,0.493267297744751,0.0
4.0,-1.4505701065063477,0.4865659475326538,0.0
4.0,-1.4490059614181519,0.4785997271537781,0.0
4.0,-1.4454972743988037,0.47003987431526184,0.0
4.0,-1.4476549625396729,0.4633517861366272,0.0
4.0,-1.4459666013717651,0.4554520845413208,0.0
4.0,-1.448056936264038,0.4487619698047638,0.0
4.0,-1.4462900161743164,0.44089585542678833,0.0
4.0,-1.4444814920425415,0.43305572867393494,0.0
4.0,-1.4464682340621948,0.4263727366924286,0.0
4.0,-1.4426610469818115,0.41801080107688904,0.0
4.0,-1.4445782899856567,0.41133636236190796,0.0
4.0,-1.4426125288009644,0.40357550978660583,0.0
4.0,-1.440605878829956,0.3958416283130646,0.0
4.0,-1.4424206018447876,0.3891769349575043,0.0
4.0,-1.440337896347046,0.38147982954978943,0.0
4.0,-1.4420862197875977,0.37481653690338135,0.0
4.0,-1.4399276971817017,0.3671569228172302,0.0
4.0,-1.4416097402572632,0.3604956567287445,0.0
4.0,-1.4413186311721802,0.35335052013397217,0.0
4.0,-1.4390475749969482,0.34574854373931885,0.0
4.0,-1.4406307935714722,0.33909159898757935,0.0
4.0,-1.4402341842651367,0.3319781720638275,0.0
4.0,-1.4417537450790405,0.3253158926963806,0.0
4.0,-1.4393362998962402,0.31778424978256226,0.0
4.0,-1.436880350112915,0.31028199195861816,0.0
4.0,-1.438299536705017,0.3036354184150696,0.0
4.0,-1.4357703924179077,0.2961742579936981,0.0
4.0,-1.4371243715286255,0.28953298926353455,0.0
4.0,-1.4364852905273438,0.28249961137771606,0.0
4.0,-1.43777596950531,0.2758551836013794,0.0
4.0,-1.4370701313018799,0.2688370943069458,0.0
4.0,-1.434362530708313,0.26147276163101196,0.0
4.0,-1.4355560541152954,0.25483837723731995,0.0
4.0,-1.4347481727600098,0.24785807728767395,0.0
4.0,-1.4358787536621094,0.2412220537662506,0.0
4.0,-1.4350048303604126,0.23425865173339844,0.0
4.0,-1.4321218729019165,0.22699540853500366,0.0
4.0,-1.433156132698059,0.22037173807621002,0.0
4.0,-1.4341596364974976,0.21374337375164032,0.0
4.0,-1.4351325035095215,0.2071104347705841,0.0
4.0,-1.4340938329696655,0.2001965492963791,0.0
4.0,-1.433022141456604,0.19329670071601868,0.0
4.0,-1.4339004755020142,0.1866692453622818,0.0
4.0,-1.4307793378829956,0.1795397698879242,0.0
4.0,-1.4315941333770752,0.17292281985282898,0.0
4.0,-1.4284049272537231,0.16584086418151855,0.0
4.0,-1.4291564226150513,0.15923504531383514,0.0
4.0,-1.4298774003982544,0.15262581408023834,0.0
4.0,-1.4285781383514404,0.14581026136875153,0.0
4.0,-1.4292370080947876,0.13920384645462036,0.0
4.0,-1.4278738498687744,0.13240979611873627,0.0
4.0,-1.4264785051345825,0.12563133239746094,0.0
4.0,-1.4270440340042114,0.11903484910726547,0.0
4.0,-1.4255852699279785,0.1122787743806839,0.0
4.0,-1.4260891675949097,0.10568656772375107,0.0
4.0,-1.4265625476837158,0.09909209609031677,0.0
4.0,-1.427005410194397,0.09249550849199295,0.0
4.0,-1.4254214763641357,0.08577680587768555,0.0
4.0,-1.4258028268814087,0.07918563485145569,0.0
4.0,-1.4261536598205566,0.07259277254343033,0.0
4.0,-1.424476146697998,0.06590592116117477,0.0
4.0,-1.424765706062317,0.05931933596730232,0.0
4.0,-1.4250247478485107,0.0527314767241478,0.0
4.0,-1.423254370689392,0.04607778042554855,0.0
4.0,-1.4234521389007568,0.039497051388025284,0.0
4.0,-1.4236195087432861,0.03291548043489456,0.0
4.0,-1.42375648021698,0.02633320540189743,0.0
4.0,-1.421863317489624,0.019722629338502884,0.0
4.0,-1.4219392538070679,0.013148615136742592,0.0
4.0,-1.4219849109649658,0.006574319209903479,0.0
5.0,-1.4199999570846558,1.2414034245011862e-07,0.0
5.0,-1.4199848175048828,-0.006565064657479525,0.0
5.0,-1.4199392795562744,-0.013130112551152706,0.0
5.0,-1.4198633432388306,-0.01969487965106964,0.0
5.0,-1.4197571277618408,-0.026259226724505424,0.0
5.0,-1.4196205139160156,-0.03282301127910614,0.0
5.0,-1.4194536209106445,-0.039386097341775894,0.0
5.0,-1.4212554693222046,-0.046013057231903076,0.0
5.0,-1.4210275411605835,-0.05258355662226677,0.0
5.0,-1.420769214630127,-0.059152934700250626,0.0
5.0,-1.420480489730835,-0.0657210499048233,0.0
5.0,-1.420161485671997,-0.07228775322437286,0.0
5.0,-1.4198120832443237,-0.07885292172431946,0.0
5.0,-1.4194324016571045,-0.08541639894247055,0.0
5.0,-1.4190223217010498,-0.0919780507683754,0.0
5.0,-1.4185818433761597,-0.09853773564100266,0.0
5.0,-1.4201055765151978,-0.10524312406778336,0.0
5.0,-1.4196038246154785,-0.1118076741695404,0.0
5.0,-1.4190717935562134,-0.11836984008550644,0.0
5.0,-1.4185093641281128,-0.12492947280406952,0.0
5.0,-1.4179165363311768,-0.1314864307641983,0.0
5.0,-1.4172935485839844,-0.13804058730602264,0.0
5.0,-1.4166401624679565,-0.1445917785167694,0.0
5.0,-1.4159564971923828,-0.15113988518714905,0.0
5.0,-1.4152425527572632,-0.15768477320671082,0.0
5.0,-1.4144984483718872,-0.16422627866268158,0.0
5.0,-1.4137240648269653,-0.1707642823457718,0.0
5.0,-1.4129194021224976,-0.1772986203432083,0.0
5.0,-1.4140678644180298,-0.1840873658657074,0.0
5.0,-1.4171656370162964,-0.19115786254405975,0.0
5.0,-1.416266679763794,-0.1977079063653946,0.0
5.0,-1.4153375625610352,-0.20425371825695038,0.0
5.0,-1.414378046989441,-0.21079516410827637,0.0
5.0,-1.4133883714675903,-0.21733210980892181,0.0
5.0,-1.4123684167861938,-0.22386440634727478,0.0
5.0,-1.4132922887802124,-0.23071415722370148,0.0
5.0,-1.4141827821731567,-0.23757721483707428,0.0
5.0,-1.4130693674087524,-0.24411296844482422,0.0
5.0,-1.413894772529602,-0.2509930729866028,0.0
5.0,-1.4127192497253418,-0.25752735137939453,0.0
5.0,-1.4134793281555176,-0.2644239068031311,0.0
5.0,-1.4122416973114014,-0.2709560990333557,0.0
5.0,-1.4109739065170288,-0.2774825394153595,0.0
5.0,-1.4116365909576416,-0.28439804911613464,0.0
5.0,-1.410306692123413,-0.29092150926589966,0.0
5.0,-1.4109033346176147,-0.29785189032554626,0.0
5.0,-1.411466121673584,-0.30479398369789124,0.0
5.0,-1.4100419282913208,-0.31131646037101746,0.0
5.0,-1.4105384349822998,-0.31827250123023987,0.0
5.0,-1.409051775932312,-0.3247905373573303,0.0
5.0,-1.4094818830490112,-0.33175987005233765,0.0
5.0,-1.407932996749878,-0.3382728695869446,0.0
5.0,-1.4102389812469482,-0.34573110938072205,0.0
5.0,-1.4086254835128784,-0.3522474765777588,0.0
5.0,-1.4089198112487793,-0.3592504560947418,0.0
5.0,-1.409179449081421,-0.36626365780830383,0.0
5.0,-1.4074710607528687,-0.3727749288082123,0.0
5.0,-1.4076634645462036,-0.3797991871833801,0.0
5.0,-1.4058924913406372,-0.38630327582359314,0.0
5.0,-1.406017541885376,-0.3933379352092743,0.0
5.0,-1.4061075448989868,-0.40038201212882996,0.0
5.0,-1.4042413234710693,-0.40687867999076843,0.0
5.0,-1.4061819314956665,-0.41449761390686035,0.0
5.0,-1.4042505025863647,-0.42099449038505554,0.0
5.0,-1.4061152935028076,-0.42864876985549927,0.0
5.0,-1.4079391956329346,-0.4363292455673218,0.0
5.0,-1.4059067964553833,-0.4428339898586273,0.0
5.0,-1.4057492017745972,-0.44993895292282104,0.0
5.0,-1.4036539793014526,-0.4564334452152252,0.0
5.0,-1.4053269624710083,-0.46417272090911865,0.0
5.0,-1.4031658172607422,-0.4706651270389557,0.0
5.0,-1.4047611951828003,-0.47843700647354126,0.0
5.0,-1.4044243097305298,-0.485580176115036,0.0
5.0,-1.402164340019226,-0.49206817150115967,0.0
5.0,-1.4036425352096558,-0.499887615442276,0.0
5.0,-1.4013164043426514,-0.5063718557357788,0.0
5.0,-1.402715802192688,-0.5142219662666321,0.0
5.0,-1.404072642326355,-0.5220959186553955,0.0
5.0,-1.4016437530517578,-0.5285818576812744,0.0
5.0,-1.4029210805892944,-0.5364852547645569,0.0
5.0,-1.400425672531128,-0.5429657697677612,0.0
5.0,-1.401623249053955,-0.5508978962898254,0.0
5.0,-1.4027771949768066,-0.5588526129722595,0.0
5.0,-1.4001784324645996,-0.5653321743011475,0.0
5.0,-1.4031028747558594,-0.5740717649459839,0.0
5.0,-1.4004337787628174,-0.5805526971817017,0.0
5.0,-1.4014226198196411,-0.5885700583457947,0.0
5.0,-1.398686408996582,-0.5950430631637573,0.0
5.0,-1.3995939493179321,-0.6030862927436829,0.0
5.0,-1.4004566669464111,-0.6111505031585693,0.0
5.0,-1.3976161479949951,-0.6176188588142395,0.0
5.0,-1.4002225399017334,-0.6265245079994202,0.0
5.0,-1.3973109722137451,-0.6329915523529053,0.0
5.0,-1.3998231887817383,-0.6419461369514465,0.0
5.0,-1.3968403339385986,-0.6484111547470093,0.0
5.0,-1.397447943687439,-0.6565633416175842,0.0
5.0,-1.3998160362243652,-0.665593683719635,0.0
5.0,-1.396723747253418,-0.6720584630966187,0.0
5.0,-1.3989962339401245,-0.681135356426239,0.0
5.0,-1.3958321809768677,-0.6875961422920227,0.0
5.0,-1.3980083465576172,-0.6967185139656067,0.0
5.0,-1.3983439207077026,-0.7049752473831177,0.0
5.0,-1.3950695991516113,-0.7114328145980835,0.0
5.0,-1.3970979452133179,-0.720625638961792,0.0
5.0,-1.3937513828277588,-0.7270772457122803,0.0
5.0,-1.395681619644165,-0.7363129258155823,0.0
5.0,-1.3922624588012695,-0.7427577972412109,0.0
5.0,-1.3958543539047241,-0.7529850006103516,0.0
5.0,-1.3976255655288696,-0.7623035311698914,0.0
5.0,-1.394086241722107,-0.7687571048736572,0.0
5.0,-1.395757794380188,-0.7781158685684204,0.0
5.0,-1.3921453952789307,-0.7845606803894043,0.0
5.0,-1.3937164545059204,-0.7939585447311401,0.0
5.0,-1.3952305316925049,-0.8033877611160278,0.0
5.0,-1.3915011882781982,-0.809829831123352,0.0
5.0,-1.3946378231048584,-0.8203105330467224,0.0
5.0,-1.3908302783966064,-0.8267497420310974,0.0
5.0,-1.3938509225845337,-0.8372907042503357,0.0
5.0,-1.3899649381637573,-0.8437260985374451,0.0
5.0,-1.39116370677948,-0.8532804250717163,0.0
5.0,-1.3940038681030273,-0.8639174103736877,0.0
5.0,-1.389994740486145,-0.8703531622886658,0.0
5.0,-1.392716646194458,-0.881047248840332,0.0
5.0,-1.388628363609314,-0.8874768614768982,0.0
5.0,-1.3912312984466553,-0.898226797580719,0.0
5.0,-1.3870636224746704,-0.9046493768692017,0.0
5.0,-1.3895467519760132,-0.9154538512229919,0.0
5.0,-1.3936245441436768,-0.9274085164070129,0.0
5.0,-1.3893219232559204,-0.9338418841362,0.0
5.0,-1.38995361328125,-0.943625271320343,0.0
5.0,-1.3855760097503662,-0.9500414729118347,0.0
5.0,-1.3877458572387695,-0.9609918594360352,0.0
5.0,-1.3914828300476074,-0.9731286764144897,0.0
5.0,-1.3869688510894775,-0.9795516133308411,0.0
5.0,-1.3889384269714355,-0.9905988574028015,0.0
5.0,-1.3843436241149902,-0.9970098733901978,0.0
5.0,-1.3861892223358154,-1.0081048011779785,0.0
5.0,-1.392797827720642,-1.022789478302002,0.0
5.0,-1.3880542516708374,-1.0292179584503174,0.0
5.0,-1.381679892539978,-1.0344257354736328,0.0
5.0,-1.376882553100586,-1.0408027172088623,0.0
5.0,-1.354567289352417,-1.0338101387023926,0.0
5.0,-1.3497731685638428,-1.0400617122650146,0.0
5.0,-1.3323215246200562,-1.0364667177200317,0.0
5.0,-1.3165050745010376,-1.033968210220337,0.0
5.0,-1.3117105960845947,-1.0400439500808716,0.0
5.0,-1.2943968772888184,-1.0360987186431885,0.0
5.0,-1.2895927429199219,-1.0420721769332886,0.0
5.0,-1.2692633867263794,-1.0353813171386719,0.0
5.0,-1.252111554145813,-1.0310676097869873,0.0
5.0,-1.247331142425537,-1.0368455648422241,0.0
5.0,-1.2302674055099487,-1.03231680393219,0.0
5.0,-1.2254815101623535,-1.0379937887191772,0.0
5.0,-1.2085083723068237,-1.0332510471343994,0.0
5.0,-1.1946336030960083,-1.0309871435165405,0.0
5.0,-1.1898541450500488,-1.0364993810653687,0.0
5.0,-1.1745356321334839,-1.0327448844909668,0.0
5.0,-1.169748306274414,-1.0381642580032349,0.0
5.0,-1.1530184745788574,-1.0328854322433472,0.0
5.0,-1.1378462314605713,-1.0288158655166626,0.0
5.0,-1.1330775022506714,-1.0340654850006104,0.0
5.0,-1.1194581985473633,-1.031162977218628,0.0
5.0,-1.1146788597106934,-1.036327600479126,0.0
5.0,-1.101124882698059,-1.0332587957382202,0.0
5.0,-1.0876234769821167,-1.0300869941711426,0.0
5.0,-1.082849383354187,-1.035104513168335,0.0
5.0,-1.0679768323898315,-1.030379295349121,0.0
5.0,-1.0632015466690063,-1.0353058576583862,0.0
5.0,-1.0498450994491577,-1.031799077987671,0.0
5.0,-1.0365439653396606,-1.0281909704208374,0.0
5.0,-1.031779170036316,-1.0329723358154297,0.0
5.0,-1.0199581384658813,-1.0306237936019897,0.0
5.0,-1.0151822566986084,-1.0353285074234009,0.0
5.0,-1.0020228624343872,-1.03140389919281,0.0
5.0,-0.9903087019920349,-1.0288209915161133,0.0
5.0,-0.9855414628982544,-1.033388614654541,0.0
5.0,-0.973885178565979,-1.030665636062622,0.0
5.0,-0.9691095948219299,-1.0351572036743164,0.0
5.0,-0.9575128555297852,-1.0322951078414917,0.0
5.0,-0.9459633827209473,-1.0293480157852173,0.0
5.0,-0.9411942362785339,-1.0337104797363281,0.0
5.0,-0.9283671379089355,-1.0291407108306885,0.0
5.0,-0.923599123954773,-1.0334218740463257,0.0
5.0,-0.912182092666626,-1.0301941633224487,0.0
5.0,-0.9074093699455261,-1.034400463104248,0.0
5.0,-0.8960575461387634,-1.0310368537902832,0.0
5.0,-0.884756326675415,-1.0275903940200806,0.0
5.0,-0.8799959421157837,-1.0316699743270874,0.0
5.0,-0.870053231716156,-1.029617190361023,0.0
5.0,-0.8652836680412292,-1.0336287021636963,0.0
5.0,-0.8553887605667114,-1.031460165977478,0.0
5.0,-0.8455324769020081,-1.0292224884033203,0.0
5.0,-0.8407649993896484,-1.0331206321716309,0.0
5.0,-0.8309586048126221,-1.0307685136795044,0.0
5.0,-0.826184093952179,-1.0345994234085083,0.0
5.0,-0.8151880502700806,-1.0305651426315308,0.0
5.0,-0.8054805994033813,-1.02802574634552,0.0
5.0,-0.8007190823554993,-1.0317387580871582,0.0
5.0,-0.7910647988319397,-1.0290871858596802,0.0
5.0,-0.7862984538078308,-1.0327335596084595,0.0
5.0,-0.7766985893249512,-1.0299705266952515,0.0
5.0,-0.7671412229537964,-1.0271408557891846,0.0
5.0,-0.7623841762542725,-1.0306766033172607,0.0
5.0,-0.7540650963783264,-1.0293502807617188,0.0
5.0,-0.7492979764938354,-1.0328255891799927,0.0
5.0,-0.7398470044136047,-1.029781699180603,0.0
5.0,-0.7304403185844421,-1.0266727209091187,0.0
5.0,-0.7256858348846436,-1.030038833618164,0.0
5.0,-0.71748286485672,-1.0284620523452759,0.0
5.0,-0.7127202153205872,-1.0317683219909668,0.0
5.0,-0.7034260034561157,-1.028449296951294,0.0
5.0,-0.6941778063774109,-1.0250664949417114,0.0
5.0,-0.6894311308860779,-1.0282649993896484,0.0
5.0,-0.682457447052002,-1.028108835220337,0.0
5.0,-0.6776968240737915,-1.0312530994415283,0.0
5.0,-0.668559193611145,-1.0276694297790527,0.0
5.0,-0.6594693064689636,-1.0240236520767212,0.0
5.0,-0.6547278165817261,-1.0270615816116333,0.0
5.0,-0.6467704772949219,-1.025003433227539,0.0
5.0,-0.642024576663971,-1.0279827117919922,0.0
5.0,-0.6341102123260498,-1.0258363485336304,0.0
5.0,-0.6293606162071228,-1.028757095336914,0.0
5.0,-0.6225259304046631,-1.0282341241836548,0.0
5.0,-0.6146816611289978,-1.0259543657302856,0.0
5.0,-0.6099317073822021,-1.0287853479385376,0.0
5.0,-0.6021327972412109,-1.0264191627502441,0.0
5.0,-0.5973808765411377,-1.0291920900344849,0.0
5.0,-0.5896281599998474,-1.0267398357391357,0.0
5.0,-0.5819109082221985,-1.024238109588623,0.0
5.0,-0.5771692395210266,-1.0269174575805664,0.0
5.0,-0.5704716444015503,-1.0260790586471558,0.0
5.0,-0.5657215714454651,-1.0287055969238281,0.0
5.0,-0.5590481162071228,-1.0277962684631348,0.0
5.0,-0.5514478087425232,-1.0250860452651978,0.0
5.0,-0.5467025637626648,-1.0276246070861816,0.0
5.0,-0.5391520857810974,-1.0248311758041382,0.0
5.0,-0.5344080924987793,-1.027312994003296,0.0
5.0,-0.5278232097625732,-1.0262157917022705,0.0
5.0,-0.5212599039077759,-1.0250794887542725,0.0
5.0,-0.5165150165557861,-1.027478575706482,0.0
5.0,-0.5090890526771545,-1.0244824886322021,0.0
5.0,-0.5043470859527588,-1.0268253087997437,0.0
5.0,-0.49784740805625916,-1.0255476236343384,0.0
5.0,-0.49137043952941895,-1.024232029914856,0.0
5.0,-0.48662978410720825,-1.0264928340911865,0.0
5.0,-0.4793335795402527,-1.0232982635498047,0.0
5.0,-0.47459736466407776,-1.025503396987915,0.0
5.0,-0.4681878387928009,-1.024048924446106,0.0
5.0,-0.46344828605651855,-1.0262025594711304,0.0
5.0,-0.4570693075656891,-1.0246812105178833,0.0
5.0,-0.4507143795490265,-1.023123025894165,0.0
5.0,-0.4459792673587799,-1.025195837020874,0.0
5.0,-0.43965595960617065,-1.023571491241455,0.0
5.0,-0.43491891026496887,-1.0255931615829468,0.0
5.0,-0.42862799763679504,-1.0239033699035645,0.0
5.0,-0.42236196994781494,-1.0221772193908691,0.0
5.0,-0.4176315367221832,-1.0241190195083618,0.0
5.0,-0.41214555501937866,-1.0241835117340088,0.0
5.0,-0.4074059724807739,-1.0260781049728394,0.0
5.0,-0.4011988043785095,-1.0242263078689575,0.0
5.0,-0.39573830366134644,-1.0242047309875488,0.0
5.0,-0.3909987807273865,-1.0260233879089355,0.0
5.0,-0.38554733991622925,-1.02594792842865,0.0
5.0,-0.38079988956451416,-1.027719497680664,0.0
5.0,-0.37604427337646484,-1.0294691324234009,0.0
5.0,-0.37128064036369324,-1.0311967134475708,0.0
5.0,-0.3665090799331665,-1.0329022407531738,0.0
5.0,-0.3604094982147217,-1.0308098793029785,0.0
5.0,-0.35563981533050537,-1.0324652194976807,0.0
5.0,-0.3495773673057556,-1.0303105115890503,0.0
5.0,-0.3448100984096527,-1.0319157838821411,0.0
5.0,-0.3394103944301605,-1.0315990447998047,0.0
5.0,-0.3334047794342041,-1.029351830482483,0.0
5.0,-0.3286421298980713,-1.0308823585510254,0.0
5.0,-0.32327380776405334,-1.030482530593872,0.0
5.0,-0.31850606203079224,-1.0319660902023315,0.0
5.0,-0.3125694990158081,-1.0296000242233276,0.0
5.0,-0.3072338104248047,-1.0291178226470947,0.0
5.0,-0.3024725317955017,-1.0305272340774536,0.0
5.0,-0.29659605026245117,-1.028071403503418,0.0
5.0,-0.29183971881866455,-1.029431700706482,0.0
5.0,-0.28654053807258606,-1.0288432836532593,0.0
5.0,-0.28125306963920593,-1.0282279253005981,0.0
5.0,-0.27649617195129395,-1.0295172929763794,0.0
5.0,-0.270713746547699,-1.0269168615341187,0.0
5.0,-0.26596304774284363,-1.0281574726104736,0.0
5.0,-0.26071470975875854,-1.027437448501587,0.0
5.0,-0.25547876954078674,-1.0266910791397095,0.0
5.0,-0.2507292628288269,-1.02786123752594,0.0
5.0,-0.24550941586494446,-1.027064323425293,0.0
5.0,-0.2407582849264145,-1.0281884670257568,0.0
5.0,-0.23555505275726318,-1.0273411273956299,0.0
5.0,-0.2308027595281601,-1.0284192562103271,0.0
5.0,-0.22561660408973694,-1.0275218486785889,0.0
5.0,-0.22044365108013153,-1.0265984535217285,0.0
5.0,-0.21569494903087616,-1.027606725692749,0.0
5.0,-0.21053984761238098,-1.0266337394714355,0.0
5.0,-0.20579108595848083,-1.0275962352752686,0.0
5.0,-0.2006542831659317,-1.026573896408081,0.0
5.0,-0.19553132355213165,-1.0255260467529297,0.0
5.0,-0.19078783690929413,-1.0264190435409546,0.0
5.0,-0.18568389117717743,-1.0253221988677979,0.0
5.0,-0.18094146251678467,-1.026169776916504,0.0
5.0,-0.1761951595544815,-1.026995301246643,0.0
5.0,-0.1714451014995575,-1.0277990102767944,0.0
5.0,-0.1666913628578186,-1.028580665588379,0.0
5.0,-0.16131243109703064,-1.0253888368606567,0.0
5.0,-0.1565699577331543,-1.0261236429214478,0.0
5.0,-0.15153160691261292,-1.0248581171035767,0.0
5.0,-0.14679168164730072,-1.025547742843628,0.0
5.0,-0.14177440106868744,-1.024234414100647,0.0
5.0,-0.13677239418029785,-1.0228965282440186,0.0
5.0,-0.13204170763492584,-1.0235178470611572,0.0
5.0,-0.12706147134304047,-1.0221327543258667,0.0
5.0,-0.12233441323041916,-1.0227092504501343,0.0
5.0,-0.11760473996400833,-1.023263931274414,0.0
5.0,-0.11265338212251663,-1.0218087434768677,0.0
5.0,-0.10792797803878784,-1.022318720817566,0.0
5.0,-0.103200264275074,-1.0228067636489868,0.0
5.0,-0.09847034513950348,-1.02327299118042,0.0
5.0,-0.09373831748962402,-1.0237172842025757,0.0
5.0,-0.08900429308414459,-1.0241397619247437,0.0
5.0,-0.08410441875457764,-1.0225470066070557,0.0
5.0,-0.07922117412090302,-1.0209310054779053,0.0
5.0,-0.0745001882314682,-1.0212863683700562,0.0
5.0,-0.06977760046720505,-1.0216199159622192,0.0
5.0,-0.0650535300374031,-1.021931529045105,0.0
5.0,-0.06032806262373924,-1.0222214460372925,0.0
5.0,-0.05560130625963211,-1.0224894285202026,0.0
5.0,-0.05087336152791977,-1.022735595703125,0.0
5.0,-0.046234454959630966,-1.0249577760696411,0.0
5.0,-0.041495200246572495,-1.025160551071167,0.0
5.0,-0.03668341040611267,-1.0233427286148071,0.0
5.0,-0.031951725482940674,-1.0235013961791992,0.0
5.0,-0.02721935510635376,-1.0236382484436035,0.0
5.0,-0.02244248241186142,-1.0217535495758057,0.0
5.0,-0.017718294635415077,-1.0218462944030762,0.0
5.0,-0.012993729673326015,-1.0219173431396484,0.0
5.0,-0.008268886245787144,-1.0219664573669434,0.0
5.0,-0.0035438663326203823,-1.0219937562942505,0.0
5.0,0.0011812294833362103,-1.0219992399215698,0.0
5.0,0.005906300153583288,-1.0219829082489014,0.0
5.0,0.010631244629621506,-1.0219446420669556,0.0
5.0,0.01535596139729023,-1.021884560585022,0.0
5.0,0.02008035033941269,-1.0218026638031006,0.0
5.0,0.024804310873150826,-1.0216989517211914,0.0
5.0,0.029527738690376282,-1.0215733051300049,0.0
5.0,0.03425053879618645,-1.0214258432388306,0.0
5.0,0.038972605019807816,-1.0212565660476685,0.0
5.0,0.04369383677840233,-1.0210654735565186,0.0
5.0,0.048414137214422226,-1.0208525657653809,0.0
5.0,0.05313339829444885,-1.0206178426742554,0.0
5.0,0.05785152688622475,-1.020361304283142,0.0
5.0,0.06256841868162155,-1.0200828313827515,0.0
5.0,0.06741565465927124,-1.0217784643173218,0.0
5.0,0.07213899493217468,-1.0214558839797974,0.0
5.0,0.07686079293489456,-1.0211113691329956,0.0
5.0,0.08158095180988312,-1.0207451581954956,0.0
5.0,0.0862993597984314,-1.0203570127487183,0.0
5.0,0.09101593494415283,-1.0199471712112427,0.0
5.0,0.09573055803775787,-1.0195153951644897,0.0
5.0,0.10044313222169876,-1.0190619230270386,0.0
5.0,0.10515356063842773,-1.0185866355895996,0.0
5.0,0.10986173897981644,-1.0180896520614624,0.0
5.0,0.11479133367538452,-1.0195581912994385,0.0
5.0,0.11950390785932541,-1.0190166234970093,0.0
5.0,0.12421392649412155,-1.0184532403945923,0.0
5.0,0.1289212852716446,-1.0178680419921875,0.0
5.0,0.13362589478492737,-1.0172611474990845,0.0
5.0,0.13805799186229706,-1.0146507024765015,0.0
5.0,0.14274762570858002,-1.0140016078948975,0.0
5.0,0.14772216975688934,-1.0153099298477173,0.0
5.0,0.1524147391319275,-1.0146161317825317,0.0
5.0,0.15741030871868134,-1.0158770084381104,0.0
5.0,0.16242077946662903,-1.0171133279800415,0.0
5.0,0.1671215295791626,-1.0163514614105225,0.0
5.0,0.17181871831417084,-1.0155678987503052,0.0
5.0,0.1765122264623642,-1.0147627592086792,0.0
5.0,0.18155381083488464,-1.0159045457839966,0.0
5.0,0.186248779296875,-1.0150543451309204,0.0
5.0,0.1909397542476654,-1.0141823291778564,0.0
5.0,0.19600580632686615,-1.0152525901794434,0.0
5.0,0.20069760084152222,-1.0143355131149292,0.0
5.0,0.20578236877918243,-1.0153568983078003,0.0
5.0,0.21047453582286835,-1.0143946409225464,0.0
5.0,0.21557757258415222,-1.015367031097412,0.0
5.0,0.22069409489631653,-1.016313910484314,0.0
5.0,0.22539053857326508,-1.0152827501296997,0.0
5.0,0.23008215427398682,-1.0142297744750977,0.0
5.0,0.23476886749267578,-1.013155221939087,0.0
5.0,0.2399110496044159,-1.0140053033828735,0.0
5.0,0.24553555250167847,-1.0167734622955322,0.0
5.0,0.25023385882377625,-1.015627384185791,0.0
5.0,0.255414217710495,-1.0163992643356323,0.0
5.0,0.26011067628860474,-1.0152075290679932,0.0
5.0,0.26530691981315613,-1.0159292221069336,0.0
5.0,0.2700011134147644,-1.014691710472107,0.0
5.0,0.27521276473999023,-1.0153629779815674,0.0
5.0,0.28043636679649353,-1.016007661819458,0.0
5.0,0.28513073921203613,-1.014700174331665,0.0
5.0,0.2903689742088318,-1.0152939558029175,0.0
5.0,0.2950599491596222,-1.013940691947937,0.0
5.0,0.2997446060180664,-1.0125656127929688,0.0
5.0,0.305575966835022,-1.0149991512298584,0.0
5.0,0.3102654218673706,-1.0135754346847534,0.0
5.0,0.3155425190925598,-1.0140399932861328,0.0
5.0,0.3202274441719055,-1.0125702619552612,0.0
5.0,0.3261292278766632,-1.0148869752883911,0.0
5.0,0.3314386010169983,-1.0152696371078491,0.0
5.0,0.3361290395259857,-1.0137263536453247,0.0
5.0,0.3420887589454651,-1.015952467918396,0.0
5.0,0.34678223729133606,-1.014359951019287,0.0
5.0,0.35212400555610657,-1.0146352052688599,0.0
5.0,0.3568112850189209,-1.0129964351654053,0.0
5.0,0.36216408014297485,-1.0132192373275757,0.0
5.0,0.36820846796035767,-1.0152943134307861,0.0
5.0,0.3728986084461212,-1.0135811567306519,0.0
5.0,0.37827998399734497,-1.0137200355529785,0.0
5.0,0.38296276330947876,-1.0119602680206299,0.0
5.0,0.3883538544178009,-1.0120460987091064,0.0
5.0,0.39302876591682434,-1.0102397203445435,0.0
5.0,0.3984290063381195,-1.0102723836898804,0.0
5.0,0.40458035469055176,-1.0121338367462158,0.0
5.0,0.4092555046081543,-1.0102524757385254,0.0
5.0,0.4154408574104309,-1.0120497941970825,0.0
5.0,0.42011550068855286,-1.0101182460784912,0.0
5.0,0.42633432149887085,-1.0118513107299805,0.0
5.0,0.43257805705070496,-1.0135483741760254,0.0
5.0,0.4372594654560089,-1.0115375518798828,0.0
5.0,0.44353556632995605,-1.013169288635254,0.0
5.0,0.4482150971889496,-1.0111078023910522,0.0
5.0,0.4545229971408844,-1.01267409324646,0.0
5.0,0.45920008420944214,-1.0105618238449097,0.0
5.0,0.46553897857666016,-1.0120619535446167,0.0
5.0,0.47105735540390015,-1.0117119550704956,0.0
5.0,0.4757298529148102,-1.0095232725143433,0.0
5.0,0.4821139872074127,-1.0109233856201172,0.0
5.0,0.4867826998233795,-1.0086835622787476,0.0
5.0,0.4949513077735901,-1.0136109590530396,0.0
5.0,0.499632328748703,-1.0113117694854736,0.0
5.0,0.5060909390449524,-1.0125689506530762,0.0
5.0,0.5125718712806702,-1.0137879848480225,0.0
5.0,0.5172535181045532,-1.0114073753356934,0.0
5.0,0.5237618684768677,-1.012557864189148,0.0
5.0,0.5284376740455627,-1.0101255178451538,0.0
5.0,0.535908043384552,-1.0129750967025757,0.0
5.0,0.5415290594100952,-1.0122500658035278,0.0
5.0,0.5462033152580261,-1.0097355842590332,0.0
5.0,0.5527852177619934,-1.0107088088989258,0.0
5.0,0.5574522018432617,-1.008142352104187,0.0
5.0,0.5660107731819153,-1.0125372409820557,0.0
5.0,0.5726540088653564,-1.0133920907974243,0.0
5.0,0.5773331522941589,-1.0107336044311523,0.0
5.0,0.5849999189376831,-1.0132497549057007,0.0
5.0,0.5896783471107483,-1.0105341672897339,0.0
5.0,0.5963760614395142,-1.0112426280975342,0.0
5.0,0.6010450720787048,-1.008474588394165,0.0
5.0,0.6098286509513855,-1.012537956237793,0.0
5.0,0.6145034432411194,-1.0097076892852783,0.0
5.0,0.621260404586792,-1.0102630853652954,0.0
5.0,0.6259245872497559,-1.0073798894882202,0.0
5.0,0.63057541847229,-1.0044753551483154,0.0
5.0,0.6405686736106873,-1.0099939107894897,0.0
5.0,0.6452313661575317,-1.0070215463638306,0.0
5.0,0.6520538926124573,-1.0073856115341187,0.0
5.0,0.6599879264831543,-1.009381890296936,0.0
5.0,0.6646475791931152,-1.0063197612762451,0.0
5.0,0.671513020992279,-1.006563663482666,0.0
5.0,0.6761595606803894,-1.003448247909546,0.0
5.0,0.6841674447059631,-1.005271553993225,0.0
5.0,0.693339467048645,-1.008690357208252,0.0
5.0,0.6979956030845642,-1.0054740905761719,0.0
5.0,0.7072292566299438,-1.0087867975234985,0.0
5.0,0.7118856906890869,-1.005506157875061,0.0
5.0,0.7200165390968323,-1.0070850849151611,0.0
5.0,0.7246649265289307,-1.003745436668396,0.0
5.0,0.7328324317932129,-1.005232572555542,0.0
5.0,0.7410290837287903,-1.0066657066345215,0.0
5.0,0.7456753849983215,-1.0032289028167725,0.0
5.0,0.7551077008247375,-1.0061691999435425,0.0
5.0,0.7597514986991882,-1.0026673078536987,0.0
5.0,0.7680248022079468,-1.0039093494415283,0.0
5.0,0.7726580500602722,-1.0003477334976196,0.0
5.0,0.7834240794181824,-1.004650592803955,0.0
5.0,0.7930091023445129,-1.0073035955429077,0.0
5.0,0.7976577281951904,-1.0036264657974243,0.0
5.0,0.8072958588600159,-1.0061676502227783,0.0
5.0,0.8119391202926636,-1.0024244785308838,0.0
5.0,0.8228949904441833,-1.0064014196395874,0.0
5.0,0.8275391459465027,-1.002586007118225,0.0
5.0,0.837286651134491,-1.0048954486846924,0.0
5.0,0.8470731377601624,-1.0071361064910889,0.0
5.0,0.8517204523086548,-1.0032089948654175,0.0
5.0,0.8615553379058838,-1.0053349733352661,0.0
5.0,0.8661941289901733,-1.0013409852981567,0.0
5.0,0.8773915767669678,-1.004858136177063,0.0
5.0,0.8873175978660583,-1.006792664527893,0.0
5.0,0.8919628858566284,-1.002679467201233,0.0
5.0,0.9032701253890991,-1.0059856176376343,0.0
5.0,0.907911479473114,-1.0017987489700317,0.0
5.0,0.9192829728126526,-1.0049690008163452,0.0
5.0,0.9307030439376831,-1.0080554485321045,0.0
5.0,0.935353696346283,-1.00374174118042,0.0
5.0,0.9468355774879456,-1.0066907405853271,0.0
5.0,0.9514797925949097,-1.0023024082183838,0.0
5.0,0.9657891988754272,-1.0080015659332275,0.0
5.0,0.9704392552375793,-1.0035256147384644,0.0
5.0,0.9862440824508667,-1.0104783773422241,0.0
5.0,1.0035372972488403,-1.0187309980392456,0.0
5.0,1.0082365274429321,-1.014080286026001,0.0
5.0,1.0270808935165405,-1.0235257148742676,0.0
5.0,1.0318020582199097,-1.018766164779663,0.0
5.0,1.053657054901123,-1.0307680368423462,0.0
5.0,1.0584113597869873,-1.0258855819702148,0.0
5.0,1.0790109634399414,-1.0362197160720825,0.0
5.0,1.0982794761657715,-1.0450063943862915,0.0
5.0,1.1030992269515991,-1.0399174690246582,0.0
5.0,1.1239728927612305,-1.04982328414917,0.0
5.0,1.1288145780563354,-1.0446155071258545,0.0
5.0,1.1513222455978394,-1.0556046962738037,0.0
5.0,1.1561903953552246,-1.050270438194275,0.0
5.0,1.1773864030838013,-1.0596307516098022,0.0
5.0,1.1986932754516602,-1.0688172578811646,0.0
5.0,1.2036219835281372,-1.0632637739181519,0.0
5.0,1.225080132484436,-1.0721765756607056,0.0
5.0,1.2300242185592651,-1.0665011405944824,0.0
5.0,1.2546645402908325,-1.077744483947754,0.0
5.0,1.2596338987350464,-1.071932077407837,0.0
5.0,1.2844548225402832,-1.0828553438186646,0.0
5.0,1.157266616821289,-0.957464337348938,0.0
5.0,1.1616809368133545,-0.9521036148071289,0.0
5.0,1.1660704612731934,-0.9467225670814514,0.0
5.0,1.1704350709915161,-0.9413212537765503,0.0
5.0,1.1966744661331177,-0.9533467292785645,0.0
5.0,1.2010693550109863,-0.9478038549423218,0.0
5.0,1.2054386138916016,-0.9422407746315002,0.0
5.0,1.2097821235656738,-0.9366574883460999,0.0
5.0,1.237905502319336,-0.9493101239204407,0.0
5.0,1.2645787000656128,-0.9605127573013306,0.0
5.0,1.2690060138702393,-0.9546558856964111,0.0
5.0,1.2958592176437378,-0.9655076861381531,0.0
5.0,1.3003093004226685,-0.9595061540603638,0.0
5.0,1.3289530277252197,-0.9711848497390747,0.0
5.0,1.333428978919983,-0.9650302529335022,0.0
5.0,1.3671373128890991,-0.9798263311386108,0.0
5.0,1.3993793725967407,-0.9931732416152954,0.0
5.0,1.4039562940597534,-0.9866927862167358,0.0
5.0,1.4347689151763916,-0.998469889163971,0.0
5.0,1.4393699169158936,-0.9918257594108582,0.0
5.0,1.4670696258544922,-1.0009410381317139,0.0
5.0,1.4716815948486328,-0.9941474795341492,0.0
5.0,1.4945491552352905,-0.9995632171630859,0.0
5.0,1.515830397605896,-1.0036842823028564,0.0
5.0,1.5204545259475708,-0.9966652989387512,0.0
5.0,1.5435012578964233,-1.001600742340088,0.0
5.0,1.5481154918670654,-0.9944538474082947,0.0
5.0,1.5661983489990234,-0.9958707094192505,0.0
5.0,1.5707858800888062,-0.9886189699172974,0.0
5.0,1.575339913368225,-0.981346070766449,0.0
5.0,1.5730504989624023,-0.9698537588119507,0.0
5.0,1.5775176286697388,-0.9625706076622009,0.0
5.0,1.5733908414840698,-0.9500976800918579,0.0
5.0,1.5777666568756104,-0.9428131580352783,0.0
5.0,1.5735008716583252,-0.9304186105728149,0.0
5.0,1.5726070404052734,-0.9201038479804993,0.0
5.0,1.5768442153930664,-0.9128232598304749,0.0
5.0,1.5827832221984863,-0.9065171480178833,0.0
5.0,1.5869574546813965,-0.8991896510124207,0.0
5.0,1.6015654802322388,-0.8977103233337402,0.0
5.0,1.6214410066604614,-0.899024486541748,0.0
5.0,1.6255801916122437,-0.8915183544158936,0.0
5.0,1.647264838218689,-0.8935291767120361,0.0
5.0,1.6513783931732178,-0.8859037160873413,0.0
5.0,1.669590711593628,-0.8857578039169312,0.0
5.0,1.6736680269241333,-0.8780292272567749,0.0
5.0,1.6901371479034424,-0.8767284154891968,0.0
5.0,1.6941725015640259,-0.8689048886299133,0.0
5.0,1.4513030052185059,-0.7107572555541992,0.0
5.0,1.4545735120773315,-0.7040396928787231,0.0
5.0,1.457813024520874,-0.6973071694374084,0.0
5.0,1.4610214233398438,-0.6905596852302551,0.0
5.0,1.4786953926086426,-0.690567672252655,0.0
5.0,1.481872320175171,-0.6837237477302551,0.0
5.0,1.5013965368270874,-0.6843306422233582,0.0
5.0,1.5045443773269653,-0.6773818135261536,0.0
5.0,1.5222798585891724,-0.6769195199012756,0.0
5.0,1.5253932476043701,-0.6698742508888245,0.0
5.0,1.5394834280014038,-0.6675887703895569,0.0
5.0,1.5535849332809448,-0.6651872992515564,0.0
5.0,1.5566437244415283,-0.6579973697662354,0.0
5.0,1.5652064085006714,-0.6531038880348206,0.0
5.0,1.5682092905044556,-0.6458603739738464,0.0
5.0,1.5656201839447021,-0.6363438963890076,0.0
5.0,1.5648329257965088,-0.6276096105575562,0.0
5.0,1.5677179098129272,-0.6203681230545044,0.0
5.0,1.5649800300598145,-0.610931396484375,0.0
5.0,1.5677878856658936,-0.6036893725395203,0.0
5.0,1.5649532079696655,-0.5943043828010559,0.0
5.0,1.5676841735839844,-0.587062656879425,0.0
5.0,1.5647529363632202,-0.5777302384376526,0.0
5.0,1.5617691278457642,-0.5684374570846558,0.0
5.0,1.5643805265426636,-0.5612107515335083,0.0
5.0,1.5631872415542603,-0.552638828754425,0.0
5.0,1.565725564956665,-0.5454056859016418,0.0
5.0,1.564447045326233,-0.5368626117706299,0.0
5.0,1.5631229877471924,-0.5283430218696594,0.0
5.0,1.5655490159988403,-0.521110475063324,0.0
5.0,1.5641405582427979,-0.5126210451126099,0.0
5.0,1.5664938688278198,-0.5053839683532715,0.0
5.0,1.5650012493133545,-0.4969255328178406,0.0
5.0,1.5634640455245972,-0.4884917438030243,0.0
5.0,1.5657057762145996,-0.4812580347061157,0.0
5.0,1.5621708631515503,-0.4722777307033539,0.0
5.0,1.5643376111984253,-0.46505019068717957,0.0
5.0,1.5607119798660278,-0.4561295807361603,0.0
5.0,1.5608818531036377,-0.4483567774295807,0.0
5.0,1.5629380941390991,-0.441135436296463,0.0
5.0,1.5611063241958618,-0.43283596634864807,0.0
5.0,1.5630908012390137,-0.42561376094818115,0.0
5.0,1.5611776113510132,-0.4173494279384613,0.0
5.0,1.5592213869094849,-0.409111887216568,0.0
5.0,1.56109619140625,-0.40189865231513977,0.0
5.0,1.5551811456680298,-0.3927181363105774,0.0
5.0,1.5569802522659302,-0.3855237364768982,0.0
5.0,1.5451409816741943,-0.3750191032886505,0.0
5.0,1.546858310699463,-0.36787131428718567,0.0
5.0,1.5388033390045166,-0.35844704508781433,0.0
5.0,1.566230058670044,-0.15620256960391998,0.0
5.0,1.5669355392456055,-0.14895963668823242,0.0
5.0,1.5676075220108032,-0.14171351492404938,0.0
5.0,1.5682458877563477,-0.13446436822414398,0.0
5.0,1.5608769655227661,-0.12656578421592712,0.0
5.0,1.5614454746246338,-0.11934790760278702,0.0
5.0,1.5619806051254272,-0.11212749034166336,0.0
5.0,1.5545002222061157,-0.10436876118183136,0.0
5.0,1.5549662113189697,-0.09718061238527298,0.0
5.0,1.5553988218307495,-0.08999038487672806,0.0
5.0,1.5557982921600342,-0.08279823511838913,0.0
5.0,1.5621575117111206,-0.07589548081159592,0.0
5.0,1.570483922958374,-0.069023497402668,0.0
5.0,1.5707862377166748,-0.061761826276779175,0.0
5.0,1.5810490846633911,-0.054845523089170456,0.0
5.0,1.5812857151031494,-0.047535158693790436,0.0
5.0,1.589486002922058,-0.04042718559503555,0.0
5.0,1.589655876159668,-0.033077966421842575,0.0
5.0,1.5997905731201172,-0.02588985301554203,0.0
5.0,1.6118923425674438,-0.018631847575306892,0.0
5.0,1.6119612455368042,-0.011179269291460514,0.0
5.0,1.6219956874847412,-0.0037495694123208523,0.0
5.0,1.6219956874847412,0.0037495605647563934,0.0
5.0,1.6319607496261597,0.011317960917949677,0.0
5.0,1.6438902616500854,0.019001701846718788,0.0
5.0,1.643784761428833,0.026601815596222878,0.0
5.0,1.6516424417495728,0.03436778858304024,0.0
5.0,1.651465892791748,0.0420035794377327,0.0
5.0,1.6632486581802368,0.049999043345451355,0.0
5.0,1.6629997491836548,0.05768832564353943,0.0
5.0,1.6727075576782227,0.065769262611866,0.0
5.0,1.4375170469284058,0.23125851154327393,0.0
5.0,1.4364326000213623,0.2379022240638733,0.0
5.0,1.4353172779083252,0.24454084038734436,0.0
5.0,1.4341713190078735,0.2511742413043976,0.0
5.0,1.4435880184173584,0.26660409569740295,0.0
5.0,1.4423400163650513,0.2732754945755005,0.0
5.0,1.4410611391067505,0.27994105219841003,0.0
5.0,1.4397515058517456,0.28660061955451965,0.0
5.0,1.4521287679672241,0.2960507571697235,0.0
5.0,1.4507445096969604,0.3027613162994385,0.0
5.0,1.4630206823349,0.3123888671398163,0.0
5.0,1.4615607261657715,0.31914961338043213,0.0
5.0,1.4737331867218018,0.32895341515541077,0.0
5.0,1.4858461618423462,0.3388765752315521,0.0
5.0,1.48426353931427,0.3457425832748413,0.0
5.0,1.4962692260742188,0.3558402955532074,0.0
5.0,1.4946080446243286,0.36275428533554077,0.0
5.0,1.5123286247253418,0.3744675815105438,0.0
5.0,1.510581135749817,0.3814556300640106,0.0
5.0,1.5320435762405396,0.3944191336631775,0.0
5.0,1.5534178018569946,0.4075891077518463,0.0
5.0,1.5515167713165283,0.414766788482666,0.0
5.0,1.5708098411560059,0.42771556973457336,0.0
5.0,1.5688155889511108,0.43497341871261597,0.0
5.0,1.5821861028671265,0.44656816124916077,0.0
5.0,1.5801045894622803,0.4538784325122833,0.0
5.0,1.5933467149734497,0.46566733717918396,0.0
5.0,1.6045963764190674,0.4770183861255646,0.0
5.0,1.6023738384246826,0.4844319522380829,0.0
5.0,1.6154108047485352,0.4965360760688782,0.0
5.0,1.613097906112671,0.5039994120597839,0.0
5.0,1.6240938901901245,0.5156888365745544,0.0
5.0,1.6350160837173462,0.5274906754493713,0.0
5.0,1.632559895515442,0.5350443124771118,0.0
5.0,1.6433521509170532,0.5470080375671387,0.0
5.0,1.6408054828643799,0.5546000599861145,0.0
5.0,1.6495741605758667,0.5660751461982727,0.0
5.0,1.6469392776489258,0.573695719242096,0.0
5.0,1.659354329109192,0.5866370797157288,0.0
5.0,1.44148850440979,0.5246589183807373,0.0
5.0,1.4390474557876587,0.5313178300857544,0.0
5.0,1.4365755319595337,0.5379654169082642,0.0
5.0,1.4340729713439941,0.5446015000343323,0.0
5.0,1.4446046352386475,0.5562566518783569,0.0
5.0,1.4420174360275269,0.562929630279541,0.0
5.0,1.4561365842819214,0.5762137770652771,0.0
5.0,1.4534568786621094,0.582939863204956,0.0
5.0,1.467421531677246,0.5964311361312866,0.0
5.0,1.4794427156448364,0.6093022227287292,0.0
5.0,1.4766099452972412,0.6161357760429382,0.0
5.0,1.492167353630066,0.6307430267333984,0.0
5.0,1.4892351627349854,0.6376351118087769,0.0
5.0,1.5046203136444092,0.6524705290794373,0.0
5.0,1.5015875101089478,0.6594200134277344,0.0
5.0,1.516797423362732,0.6744816303253174,0.0
5.0,1.528252363204956,0.688055694103241,0.0
5.0,1.525054931640625,0.695114016532898,0.0
5.0,1.5290889739990234,0.7055090665817261,0.0
5.0,1.525810718536377,0.7125710844993591,0.0
5.0,1.5279245376586914,0.7221818566322327,0.0
5.0,1.5299819707870483,0.7318272590637207,0.0
5.0,1.52658212184906,0.7388931512832642,0.0
5.0,1.5285381078720093,0.748582124710083,0.0
5.0,1.525060772895813,0.7556411623954773,0.0
5.0,1.5269147157669067,0.765372633934021,0.0
5.0,1.523359775543213,0.7724239230155945,0.0
5.0,1.5251110792160034,0.7821969389915466,0.0
5.0,1.5268045663833618,0.7920025587081909,0.0
5.0,1.523126482963562,0.7990530729293823,0.0
5.0,1.5264829397201538,0.8098357319831848,0.0
5.0,1.5227224826812744,0.8168845772743225,0.0
5.0,1.5242034196853638,0.8267767429351807,0.0
5.0,1.5221182107925415,0.8347765803337097,0.0
5.0,1.5182424783706665,0.8418049812316895,0.0
5.0,1.5160789489746094,0.8497933149337769,0.0
5.0,1.5121338367462158,0.8567936420440674,0.0
5.0,1.5046852827072144,0.8617876172065735,0.0
5.0,1.4833760261535645,0.8587151169776917,0.0
5.0,1.4793899059295654,0.8655641674995422,0.0
5.0,1.258404016494751,1.1220585107803345,0.0
5.0,1.2532029151916504,1.1278645992279053,0.0
5.0,1.2479749917984009,1.1336464881896973,0.0
5.0,1.242720365524292,1.139404296875,0.0
5.0,1.2271639108657837,1.1356288194656372,0.0
5.0,1.2219003438949585,1.141290307044983,0.0
5.0,1.2166106700897217,1.1469274759292603,0.0
5.0,1.2112950086593628,1.1525399684906006,0.0
5.0,1.1987407207489014,1.1512012481689453,0.0
5.0,1.1905333995819092,1.1539472341537476,0.0
5.0,1.185185432434082,1.159439206123352,0.0
5.0,1.1755427122116089,1.1606907844543457,0.0
5.0,1.170163869857788,1.1661133766174316,0.0
5.0,1.1548892259597778,1.1615829467773438,0.0
5.0,1.1382780075073242,1.1555116176605225,0.0
5.0,1.1329234838485718,1.1607619524002075,0.0
5.0,1.1219834089279175,1.1602365970611572,0.0
5.0,1.1166073083877563,1.1654115915298462,0.0
5.0,0.9484407305717468,1.3009843826293945,0.0
5.0,0.9424156546592712,1.305355429649353,0.0
5.0,0.9363704323768616,1.3096985816955566,0.0
5.0,0.9303051829338074,1.3140138387680054,0.0
5.0,0.9196276664733887,1.3117502927780151,0.0
5.0,0.9135531187057495,1.3159880638122559,0.0
5.0,0.9040603041648865,1.3152531385421753,0.0
5.0,0.8979697227478027,1.3194189071655273,0.0
5.0,0.8907423615455627,1.3218978643417358,0.0
5.0,0.8835113048553467,1.3243381977081299,0.0
5.0,0.8773789405822754,1.3284088373184204,0.0
5.0,0.8701333403587341,1.3307772874832153,0.0
5.0,0.8639713525772095,1.3347859382629395,0.0
5.0,0.8567119836807251,1.3370821475982666,0.0
5.0,0.8505209684371948,1.3410288095474243,0.0
5.0,0.8443118333816528,1.3449467420578003,0.0
5.0,0.8380845785140991,1.3488359451293945,0.0
5.0,0.8318394422531128,1.3526962995529175,0.0
5.0,0.8245367407798767,1.3548191785812378,0.0
5.0,0.8182640671730042,1.358616828918457,0.0
5.0,0.8119739294052124,1.3623855113983154,0.0
5.0,0.805666446685791,1.3661249876022339,0.0
5.0,0.7993417382240295,1.3698352575302124,0.0
5.0,0.7919999361038208,1.3717842102050781,0.0
5.0,0.7856492400169373,1.3754312992095947,0.0
5.0,0.7792816758155823,1.3790489435195923,0.0
5.0,0.7728975415229797,1.3826371431350708,0.0
5.0,0.7664967775344849,1.3861957788467407,0.0
5.0,0.7610393762588501,1.3914793729782104,0.0
5.0,0.7545979619026184,1.3949830532073975,0.0
5.0,0.7481403350830078,1.3984569311141968,0.0
5.0,0.7416667342185974,1.4019010066986084,0.0
5.0,0.7351773381233215,1.4053149223327637,0.0
5.0,0.7286721467971802,1.4086989164352417,0.0
5.0,0.7221514582633972,1.412052869796753,0.0
5.0,0.47828006744384766,0.9459640979766846,0.0
5.0,0.4739013910293579,0.948165237903595,0.0
5.0,0.46951261162757874,0.9503461122512817,0.0
5.0,0.4624811112880707,0.9471152424812317,0.0
5.0,0.45809730887413025,0.9492433071136475,0.0
5.0,0.45370370149612427,0.9513511657714844,0.0
5.0,0.4493004083633423,0.9534386396408081,0.0
5.0,0.443199098110199,0.9518794417381287,0.0
5.0,0.4371218979358673,0.9502844214439392,0.0
5.0,0.4327237010002136,0.9522952437400818,0.0
5.0,0.4274972975254059,0.9524610638618469,0.0
5.0,0.4230891466140747,0.9544273614883423,0.0
5.0,0.41706782579421997,0.9527089595794678,0.0
5.0,0.4110715091228485,0.9509554505348206,0.0
5.0,0.4066705107688904,0.9528458118438721,0.0
5.0,0.4007076323032379,0.9510295987129211,0.0
5.0,0.3963063955307007,0.9528720378875732,0.0
5.0,0.3903777003288269,0.9509938359260559,0.0
5.0,0.38597673177719116,0.9527885317802429,0.0
5.0,0.3800828456878662,0.9508486390113831,0.0
5.0,0.3749488592147827,0.9507350921630859,0.0
5.0,0.3705492615699768,0.9524585008621216,0.0
5.0,0.36470869183540344,0.9504270553588867,0.0
5.0,0.35889488458633423,0.9483620524406433,0.0
5.0,0.35450640320777893,0.9500111937522888,0.0
5.0,0.3487292230129242,0.9478859901428223,0.0
5.0,0.34434306621551514,0.9494881629943848,0.0
5.0,0.33860325813293457,0.9473034739494324,0.0
5.0,0.33421990275382996,0.9488588571548462,0.0
5.0,0.32917362451553345,0.9485043883323669,0.0
5.0,0.3241378664970398,0.9481237530708313,0.0
5.0,0.3197508454322815,0.9496122002601624,0.0
5.0,0.3147275745868683,0.9491820335388184,0.0
5.0,0.31033578515052795,0.9506270289421082,0.0
5.0,0.304713636636734,0.9482434391975403,0.0
5.0,0.29972323775291443,0.9477351903915405,0.0
5.0,0.29533830285072327,0.9491108059883118,0.0
5.0,0.2897762358188629,0.9466413259506226,0.0
5.0,0.2853964567184448,0.9479709267616272,0.0
5.0,0.28157827258110046,0.9511979818344116,0.0
5.0,0.27717751264572144,0.9524896740913391,0.0
5.0,0.2722209095954895,0.9518381357192993,0.0
5.0,0.2661941647529602,0.9473102688789368,0.0
5.0,0.2618115544319153,0.9485308527946472,0.0
5.0,0.2569001317024231,0.9478007555007935,0.0
5.0,0.2520010471343994,0.9470456838607788,0.0
5.0,0.24761982262134552,0.9482006430625916,0.0
5.0,0.24273689091205597,0.9473978877067566,0.0
5.0,0.23835411667823792,0.9485100507736206,0.0
5.0,0.2334877997636795,0.947659969329834,0.0
5.0,0.2291039228439331,0.948729395866394,0.0
5.0,0.22425465285778046,0.9478321671485901,0.0
5.0,0.21941860020160675,0.9469105005264282,0.0
5.0,0.21503834426403046,0.9479148387908936,0.0
5.0,0.21022003889083862,0.9469464421272278,0.0
5.0,0.20583970844745636,0.9479082822799683,0.0
5.0,0.20103959739208221,0.9468933939933777,0.0
5.0,0.19625328481197357,0.9458544850349426,0.0
5.0,0.19187815487384796,0.9467517137527466,0.0
5.0,0.18711072206497192,0.9456667304039001,0.0
5.0,0.18273654580116272,0.9465216994285583,0.0
5.0,0.1779884397983551,0.9453909993171692,0.0
5.0,0.17361563444137573,0.9462038278579712,0.0
5.0,0.16888727247714996,0.9450275301933289,0.0
5.0,0.16417351365089417,0.9438278675079346,0.0
5.0,0.15980809926986694,0.9445767998695374,0.0
5.0,0.15511474013328552,0.9433320760726929,0.0
5.0,0.15075170993804932,0.9440391063690186,0.0
5.0,0.14638546109199524,0.9447259902954102,0.0
5.0,0.14201606810092926,0.9453927278518677,0.0
5.0,0.13764365017414093,0.9460391998291016,0.0
5.0,0.13298949599266052,0.9446850419044495,0.0
5.0,0.1286204308271408,0.9452897906303406,0.0
5.0,0.12398815900087357,0.9438914060592651,0.0
5.0,0.11937156319618225,0.942470371723175,0.0
5.0,0.11501289159059525,0.9430121779441833,0.0
5.0,0.11065176874399185,0.9435338973999023,0.0
5.0,0.10628827661275864,0.9440353512763977,0.0
5.0,0.10170794278383255,0.942528247833252,0.0
5.0,0.09734919667243958,0.942988395690918,0.0
5.0,0.09298837184906006,0.9434283971786499,0.0
5.0,0.08862555772066116,0.9438482522964478,0.0
5.0,0.08426084369421005,0.9442479014396667,0.0
5.0,0.07972577959299088,0.9426344633102417,0.0
5.0,0.0753667801618576,0.9429929852485657,0.0
5.0,0.0710061639547348,0.9433313608169556,0.0
5.0,0.06664403527975082,0.9436495900154114,0.0
5.0,0.062280476093292236,0.9439476132392883,0.0
5.0,0.05779314786195755,0.9422292709350586,0.0
5.0,0.05343625321984291,0.9424864053726196,0.0
5.0,0.049078214913606644,0.9427233338356018,0.0
5.0,0.04471912980079651,0.9429401755332947,0.0
5.0,0.04035909101366997,0.9431368708610535,0.0
5.0,0.035998184233903885,0.9433133602142334,0.0
5.0,0.03163651004433632,0.943469762802124,0.0
5.0,0.02721637673676014,0.9416067004203796,0.0
5.0,0.022862685844302177,0.9417225122451782,0.0
5.0,0.018508508801460266,0.941818118095398,0.0
5.0,0.014153935015201569,0.9418936371803284,0.0
5.0,0.009799058549106121,0.9419490098953247,0.0
5.0,0.005443972535431385,0.941984236240387,0.0
5.0,0.0010887705720961094,0.9419993162155151,0.0
5.0,-0.0032664549071341753,0.941994309425354,0.0
5.0,-0.007621610537171364,0.9419691562652588,0.0
5.0,-0.011976603418588638,0.9419238567352295,0.0
5.0,-0.01633133925497532,0.9418584108352661,0.0
5.0,-0.020685726776719093,0.9417728185653687,0.0
5.0,-0.0250396728515625,0.9416671395301819,0.0
5.0,-0.029393082484602928,0.941541314125061,0.0
5.0,-0.033745866268873215,0.9413953423500061,0.0
5.0,-0.03809792548418045,0.9412292242050171,0.0
5.0,-0.04244917258620262,0.9410430192947388,0.0
5.0,-0.04679951071739197,0.9408367276191711,0.0
5.0,-0.05114884674549103,0.9406102895736694,0.0
5.0,-0.05549709498882294,0.9403637647628784,0.0
5.0,-0.05984415113925934,0.9400971531867981,0.0
5.0,-0.06418993324041367,0.9398103952407837,0.0
5.0,-0.06853433698415756,0.9395036101341248,0.0
5.0,-0.07287728041410446,0.9391766786575317,0.0
5.0,-0.0772186666727066,0.9388297200202942,0.0
5.0,-0.08173156529664993,0.9404551982879639,0.0
5.0,-0.08607876300811768,0.9400672912597656,0.0
5.0,-0.09042412787675858,0.9396592378616333,0.0
5.0,-0.09476755559444427,0.9392311573028564,0.0
5.0,-0.09931892901659012,0.9407718777656555,0.0
5.0,-0.10366740822792053,0.9403026103973389,0.0
5.0,-0.10801366716623306,0.9398132562637329,0.0
5.0,-0.11259517073631287,0.9412897229194641,0.0
5.0,-0.11694590002298355,0.9407591223716736,0.0
5.0,-0.12129412591457367,0.940208375453949,0.0
5.0,-0.12563976645469666,0.9396375417709351,0.0
5.0,-0.12998270988464355,0.9390466213226318,0.0
5.0,-0.1343228816986084,0.9384356141090393,0.0
5.0,-0.13866019248962402,0.9378045797348022,0.0
5.0,-0.14329619705677032,0.9391305446624756,0.0
5.0,-0.14763662219047546,0.9384579658508301,0.0
5.0,-0.1522938311100006,0.9397396445274353,0.0
5.0,-0.15663696825504303,0.9390255212783813,0.0
5.0,-0.1613149493932724,0.9402624368667603,0.0
5.0,-0.16531310975551605,0.9375370144844055,0.0
5.0,-0.16964592039585114,0.9367626905441284,0.0
5.0,-0.1743406057357788,0.9379346370697021,0.0
5.0,-0.17867515981197357,0.9371185302734375,0.0
5.0,-0.1837732195854187,0.9402081966400146,0.0
5.0,-0.188510924577713,0.9413095116615295,0.0
5.0,-0.1928609311580658,0.9404278993606567,0.0
5.0,-0.19720681011676788,0.9395262002944946,0.0
5.0,-0.2015484869480133,0.9386043548583984,0.0
5.0,-0.2058858424425125,0.9376624822616577,0.0
5.0,-0.21021881699562073,0.9367005825042725,0.0
5.0,-0.21499426662921906,0.9376680850982666,0.0
5.0,-0.21978312730789185,0.9386113882064819,0.0
5.0,-0.2241203337907791,0.9375852346420288,0.0
5.0,-0.22940067946910858,0.9404250979423523,0.0
5.0,-0.23374615609645844,0.939354419708252,0.0
5.0,-0.23808665573596954,0.9382636547088623,0.0
5.0,-0.24292293190956116,0.9390891790390015,0.0
5.0,-0.24726209044456482,0.9379560351371765,0.0
5.0,-0.2521147131919861,0.9387343525886536,0.0
5.0,-0.25645214319229126,0.9375587105751038,0.0
5.0,-0.26132068037986755,0.9382896423339844,0.0
5.0,-0.2656559348106384,0.9370714426040649,0.0
5.0,-0.27053990960121155,0.9377548694610596,0.0
5.0,-0.2754358649253845,0.9384130239486694,0.0
5.0,-0.2797715663909912,0.937129557132721,0.0
5.0,-0.2846822738647461,0.9377398490905762,0.0
5.0,-0.2890147566795349,0.9364136457443237,0.0
5.0,-0.2939396798610687,0.9369757175445557,0.0
5.0,-0.298876017332077,0.937512218952179,0.0
5.0,-0.30320730805397034,0.9361203908920288,0.0
5.0,-0.30815714597702026,0.9366083145141602,0.0
5.0,-0.31248414516448975,0.9351736307144165,0.0
5.0,-0.31744706630706787,0.9356127977371216,0.0
5.0,-0.3217693567276001,0.9341351389884949,0.0
5.0,-0.3274049460887909,0.9364133477210999,0.0
5.0,-0.3323996663093567,0.936774492263794,0.0
5.0,-0.33672717213630676,0.9352276921272278,0.0
5.0,-0.3417336642742157,0.9355394840240479,0.0
5.0,-0.34605535864830017,0.9339494705200195,0.0
5.0,-0.35177677869796753,0.9360839128494263,0.0
5.0,-0.3561008870601654,0.9344475269317627,0.0
5.0,-0.3611381947994232,0.9346566796302795,0.0
5.0,-0.3669145405292511,0.9367015361785889,0.0
5.0,-0.37124133110046387,0.934995174407959,0.0
5.0,-0.37705346941947937,0.9369795322418213,0.0
5.0,-0.38138142228126526,0.9352262616157532,0.0
5.0,-0.3872288167476654,0.9371499419212341,0.0
5.0,-0.39232975244522095,0.9371944665908813,0.0
5.0,-0.3966585695743561,0.9353705644607544,0.0
5.0,-0.40176820755004883,0.9353642463684082,0.0
5.0,-0.4060884416103363,0.9334967732429504,0.0
5.0,-0.41201257705688477,0.9352697730064392,0.0
5.0,-0.41633227467536926,0.933354914188385,0.0
5.0,-0.42146629095077515,0.9332428574562073,0.0
5.0,-0.4266080856323242,0.9331032037734985,0.0
5.0,-0.4309176206588745,0.9311208724975586,0.0
5.0,-0.4377630352973938,0.934552013874054,0.0
5.0,-0.4420791268348694,0.9325180649757385,0.0
5.0,-0.44898107647895813,0.9358739256858826,0.0
5.0,-0.45330315828323364,0.9337881207466125,0.0
5.0,-0.45761555433273315,0.9316823482513428,0.0
5.0,-0.46369826793670654,0.9331387877464294,0.0
5.0,-0.46800753474235535,0.9309849739074707,0.0
5.0,-0.4741199016571045,0.9323767423629761,0.0
5.0,-0.478425532579422,0.930174708366394,0.0
5.0,-0.48548996448516846,0.9332757592201233,0.0
5.0,-0.4916619658470154,0.9345611333847046,0.0
5.0,-0.4959775507450104,0.9322779774665833,0.0
5.0,-0.5021774768829346,0.9334975481033325,0.0
5.0,-0.506488025188446,0.9311658143997192,0.0
5.0,-1.1073026657104492,1.9701473712921143,0.0
5.0,-1.1163995265960693,1.9650068283081055,0.0
5.0,-1.1254725456237793,1.9598243236541748,0.0
5.0,-1.1345216035842896,1.9545998573303223,0.0
5.0,-1.1475942134857178,1.9562338590621948,0.0
5.0,-1.1566263437271118,1.9509072303771973,0.0
5.0,-1.1656336784362793,1.945538878440857,0.0
5.0,-1.1808311939239502,1.9503942728042603,0.0
5.0,-1.1898359060287476,1.9449139833450317,0.0
5.0,-1.203021764755249,1.9461971521377563,0.0
5.0,-1.2120068073272705,1.9406143426895142,0.0
5.0,-1.2273696660995483,1.9451384544372559,0.0
5.0,-1.2406500577926636,1.946189045906067,0.0
5.0,-1.2496347427368164,1.9404323101043701,0.0
5.0,-1.265136480331421,1.944692611694336,0.0
5.0,-1.2741140127182007,1.938822627067566,0.0
5.0,-1.2897008657455444,1.9429091215133667,0.0
5.0,-1.2986699342727661,1.9369255304336548,0.0
5.0,-1.3143398761749268,1.9408366680145264,0.0
5.0,-1.3300734758377075,1.9446439743041992,0.0
5.0,-1.3390501737594604,1.9384738206863403,0.0
5.0,-1.352575421333313,1.9388233423233032,0.0
5.0,-1.3615248203277588,1.932549238204956,0.0
5.0,-1.3774017095565796,1.9360114336013794,0.0
5.0,-1.3956735134124756,1.942616581916809,0.0
5.0,-1.4046399593353271,1.936143159866333,0.0
5.0,-1.420668125152588,1.939308762550354,0.0
5.0,-1.4296190738677979,1.9327197074890137,0.0
5.0,-1.4457200765609741,1.9357037544250488,0.0
5.0,-1.4642876386642456,1.941773772239685,0.0
5.0,-1.4732495546340942,1.9349831342697144,0.0
5.0,-1.4894933700561523,1.9376649856567383,0.0
5.0,-1.4984359741210938,1.930757761001587,0.0
5.0,-1.5147476196289062,1.9332553148269653,0.0
5.0,-1.5236696004867554,1.9262313842773438,0.0
5.0,-1.5325590372085571,1.9191663265228271,0.0
5.0,-1.526352882385254,1.8933753967285156,0.0
5.0,-1.5350903272628784,1.8862982988357544,0.0
5.0,-1.526021122932434,1.8575456142425537,0.0
5.0,-1.5345929861068726,1.8504704236984253,0.0
5.0,-1.5302939414978027,1.8280199766159058,0.0
5.0,-1.5206568241119385,1.799538493156433,0.0
5.0,-1.5289604663848877,1.792488694190979,0.0
5.0,-1.5215721130371094,1.767213225364685,0.0
5.0,-1.5297263860702515,1.7601594924926758,0.0
5.0,-1.522020936012268,1.7350263595581055,0.0
5.0,-1.5141161680221558,1.7100023031234741,0.0
5.0,-1.5220059156417847,1.7029837369918823,0.0
5.0,-1.5164668560028076,1.6810781955718994,0.0
5.0,-1.5242228507995605,1.6740490198135376,0.0
5.0,-1.5184133052825928,1.6522581577301025,0.0
5.0,-1.526036024093628,1.6452202796936035,0.0
5.0,-1.5199575424194336,1.623547077178955,0.0
5.0,-1.5137115716934204,1.6019654273986816,0.0
5.0,-1.5211018323898315,1.5949499607086182,0.0
5.0,-1.5118157863616943,1.570609211921692,0.0
5.0,-1.505124807357788,1.549257755279541,0.0
5.0,-1.512271523475647,1.5422824621200562,0.0
5.0,-1.5053175687789917,1.5210586786270142,0.0
5.0,-1.512333869934082,1.5140827894210815,0.0
5.0,-1.505118489265442,1.4929895401000977,0.0
5.0,-1.512005090713501,1.4860148429870605,0.0
5.0,-1.504530429840088,1.4650554656982422,0.0
5.0,-1.4997735023498535,1.446974754333496,0.0
5.0,-1.5064473152160645,1.4400253295898438,0.0
5.0,-1.5014722347259521,1.422042727470398,0.0
5.0,-1.5080307722091675,1.4150856733322144,0.0
5.0,-1.5028390884399414,1.397204041481018,0.0
5.0,-1.49604332447052,1.378045678138733,0.0
5.0,-1.5023986101150513,1.3711141347885132,0.0
5.0,-1.4983372688293457,1.3547639846801758,0.0
5.0,-1.504584789276123,1.3478220701217651,0.0
5.0,-1.498833417892456,1.3302308320999146,0.0
5.0,-1.4929519891738892,1.312721848487854,0.0
5.0,-1.4990051984786987,1.3058053255081177,0.0
5.0,-1.4944275617599487,1.289713978767395,0.0
5.0,-1.500374436378479,1.2827908992767334,0.0
5.0,-1.4956063032150269,1.2667919397354126,0.0
5.0,-1.492254614830017,1.2521501779556274,0.0
5.0,-1.4980278015136719,1.2452374696731567,0.0
5.0,-1.4929616451263428,1.2293988466262817,0.0
5.0,-1.4986296892166138,1.2224831581115723,0.0
5.0,-1.49337637424469,1.2067421674728394,0.0
5.0,-1.4989396333694458,1.1998248100280762,0.0
5.0,-1.493500828742981,1.1841838359832764,0.0
5.0,-1.4895225763320923,1.1698541641235352,0.0
5.0,-1.494915246963501,1.1629550457000732,0.0
5.0,-1.4891862869262695,1.1474859714508057,0.0
5.0,-1.4849364757537842,1.1333082914352417,0.0
5.0,-1.490160346031189,1.1264307498931885,0.0
5.0,-1.485746145248413,1.1123372316360474,0.0
5.0,-1.4908729791641235,1.1054562330245972,0.0
5.0,-1.484683871269226,1.090265154838562,0.0
5.0,-1.489708662033081,1.083389163017273,0.0
5.0,-1.4849642515182495,1.0694772005081177,0.0
5.0,-1.4801230430603027,1.0556323528289795,0.0
5.0,-1.4849878549575806,1.0487778186798096,0.0
5.0,-1.4799870252609253,1.035023808479309,0.0
5.0,-1.484756588935852,1.0281702280044556,0.0
5.0,-1.481246829032898,1.0156396627426147,0.0
5.0,-1.4776531457901,1.0031635761260986,0.0
5.0,-1.482275366783142,0.9963211417198181,0.0
5.0,-1.4768757820129395,0.98280930519104,0.0
5.0,-1.4814038276672363,0.9759706854820251,0.0
5.0,-1.4758490324020386,0.9625556468963623,0.0
5.0,-1.4735625982284546,0.9513826966285706,0.0
5.0,-1.4779454469680786,0.9445596933364868,0.0
5.0,-1.4738457202911377,0.9323703646659851,0.0
5.0,-1.4781407117843628,0.9255462884902954,0.0
5.0,-1.4756040573120117,0.9144881367683411,0.0
5.0,-1.4695872068405151,0.9013820290565491,0.0
5.0,-1.4737389087677002,0.8945779204368591,0.0
5.0,-1.4692867994308472,0.8826053142547607,0.0
5.0,-1.4733517169952393,0.8758028149604797,0.0
5.0,-1.470489501953125,0.8649256825447083,0.0
5.0,-1.4675583839416504,0.8540938496589661,0.0
5.0,-1.4714914560317993,0.8472996354103088,0.0
5.0,-1.4684420824050903,0.8365274667739868,0.0
5.0,-1.4722938537597656,0.8297293782234192,0.0
5.0,-1.4708735942840576,0.819991946220398,0.0
5.0,-1.4746490716934204,0.8131827712059021,0.0
5.0,-1.4696139097213745,0.8015679121017456,0.0
5.0,-1.4645030498504639,0.7900170683860779,0.0
5.0,-1.468139886856079,0.7832376956939697,0.0
5.0,-1.4646697044372559,0.7727086544036865,0.0
5.0,-1.4682265520095825,0.7659286856651306,0.0
5.0,-1.4646421670913696,0.755465030670166,0.0
5.0,-1.460992455482483,0.7450509667396545,0.0
5.0,-1.4644215106964111,0.7382882833480835,0.0
5.0,-1.462449073791504,0.7288335561752319,0.0
5.0,-1.4658031463623047,0.7220643162727356,0.0
5.0,-1.4637314081192017,0.7126532196998596,0.0
5.0,-1.4598016738891602,0.7024095058441162,0.0
5.0,-1.4630335569381714,0.6956527829170227,0.0
5.0,-1.4589935541152954,0.6854793429374695,0.0
5.0,-1.4621471166610718,0.6787264943122864,0.0
5.0,-1.4598156213760376,0.6694580912590027,0.0
5.0,-1.4574298858642578,0.6602258682250977,0.0
5.0,-1.460466742515564,0.653480589389801,0.0
5.0,-1.457984447479248,0.6442961096763611,0.0
5.0,-1.4609476327896118,0.6375483870506287,0.0
5.0,-1.458369493484497,0.6284127235412598,0.0
5.0,-1.4538978338241577,0.6185316443443298,0.0
5.0,-1.4567419290542603,0.6118031144142151,0.0
5.0,-1.4540122747421265,0.6027637720108032,0.0
5.0,-1.4567835330963135,0.5960349440574646,0.0
5.0,-1.4539600610733032,0.5870469212532043,0.0
5.0,-1.4566586017608643,0.5803184509277344,0.0
5.0,-1.4556033611297607,0.5721144080162048,0.0
5.0,-1.4526386260986328,0.5632094740867615,0.0
5.0,-1.455227017402649,0.5564873814582825,0.0
5.0,-1.4521703720092773,0.5476362705230713,0.0
5.0,-1.4546867609024048,0.5409165024757385,0.0
5.0,-1.4515385627746582,0.5321199893951416,0.0
5.0,-1.4502214193344116,0.5240439176559448,0.0
5.0,-1.4526287317276,0.5173333883285522,0.0
5.0,-1.4493435621261597,0.5086249709129333,0.0
5.0,-1.4516795873641968,0.5019186735153198,0.0
5.0,-1.4501981735229492,0.49391207098960876,0.0
5.0,-1.4467778205871582,0.4852938950061798,0.0
5.0,-1.4490059614181519,0.4785997271537781,0.0
5.0,-1.4454972743988037,0.47003987431526184,0.0
5.0,-1.4476549625396729,0.4633517861366272,0.0
5.0,-1.4459666013717651,0.4554520845413208,0.0
5.0,-1.444236159324646,0.44757789373397827,0.0
5.0,-1.4462900161743164,0.44089585542678833,0.0
5.0,-1.4444814920425415,0.43305572867393494,0.0
5.0,-1.4464682340621948,0.4263727366924286,0.0
5.0,-1.4445819854736328,0.41856738924980164,0.0
5.0,-1.4465017318725586,0.411884069442749,0.0
5.0,-1.4426125288009644,0.40357550978660583,0.0
5.0,-1.440605878829956,0.3958416283130646,0.0
5.0,-1.4424206018447876,0.3891769349575043,0.0
5.0,-1.440337896347046,0.38147982954978943,0.0
5.0,-1.4420862197875977,0.37481653690338135,0.0
5.0,-1.4399276971817017,0.3671569228172302,0.0
5.0,-1.4396694898605347,0.3600104749202728,0.0
5.0,-1.4413186311721802,0.35335052013397217,0.0
5.0,-1.4390475749969482,0.34574854373931885,0.0
5.0,-1.4406307935714722,0.33909159898757935,0.0
5.0,-1.4402341842651367,0.3319781720638275,0.0
5.0,-1.4378516674041748,0.32443544268608093,0.0
5.0,-1.4393362998962402,0.31778424978256226,0.0
5.0,-1.436880350112915,0.31028199195861816,0.0
5.0,-1.438299536705017,0.3036354184150696,0.0
5.0,-1.4377292394638062,0.2965783476829529,0.0
5.0,-1.4390851259231567,0.28992801904678345,0.0
5.0,-1.4364852905273438,0.28249961137771606,0.0
5.0,-1.4358118772506714,0.275478333234787,0.0
5.0,-1.4370701313018799,0.2688370943069458,0.0
5.0,-1.434362530708313,0.26147276163101196,0.0
5.0,-1.4355560541152954,0.25483837723731995,0.0
5.0,-1.4347481727600098,0.24785807728767395,0.0
5.0,-1.4339064359664917,0.2408907115459442,0.0
5.0,-1.4350048303604126,0.23425865173339844,0.0
5.0,-1.4340972900390625,0.2273084968328476,0.0
5.0,-1.4351328611373901,0.22067570686340332,0.0
5.0,-1.4321813583374023,0.21344853937625885,0.0
5.0,-1.4331529140472412,0.20682474970817566,0.0
5.0,-1.4340938329696655,0.2001965492963791,0.0
5.0,-1.433022141456604,0.19329670071601868,0.0
5.0,-1.4339004755020142,0.1866692453622818,0.0
5.0,-1.4307793378829956,0.1795397698879242,0.0
5.0,-1.42762291431427,0.17244313657283783,0.0
5.0,-1.4284049272537231,0.16584086418151855,0.0
5.0,-1.4291564226150513,0.15923504531383514,0.0
5.0,-1.4298774003982544,0.15262581408023834,0.0
5.0,-1.4285781383514404,0.14581026136875153,0.0
5.0,-1.4292370080947876,0.13920384645462036,0.0
5.0,-1.4278738498687744,0.13240979611873627,0.0
5.0,-1.4284707307815552,0.1258067935705185,0.0
5.0,-1.429037094116211,0.11920109391212463,0.0
5.0,-1.4275791645050049,0.11243581771850586,0.0
5.0,-1.4280837774276733,0.10583438724279404,0.0
5.0,-1.4265625476837158,0.09909209609031677,0.0
5.0,-1.4250096082687378,0.09236614406108856,0.0
5.0,-1.4254214763641357,0.08577680587768555,0.0
5.0,-1.4258028268814087,0.07918563485145569,0.0
5.0,-1.4261536598205566,0.07259277254343033,0.0
5.0,-1.424476146697998,0.06590592116117477,0.0
5.0,-1.424765706062317,0.05931933596730232,0.0
5.0,-1.4250247478485107,0.0527314767241478,0.0
5.0,-1.423254370689392,0.04607778042554855,0.0
5.0,-1.4234521389007568,0.039497051388025284,0.0
5.0,-1.4236195087432861,0.03291548043489456,0.0
5.0,-1.42375648021698,0.02633320540189743,0.0
5.0,-1.421863317489624,0.019722629338502884,0.0
5.0,-1.4219392538070679,0.013148615136742592,0.0
5.0,-1.4219849109649658,0.006574319209903479,0.0
6.0,-1.4199999570846558,1.2414034245011862e-07,0.0
6.0,-1.4199848175048828,-0.006565064657479525,0.0
6.0,-1.4199392795562744,-0.013130112551152706,0.0
6.0,-1.4198633432388306,-0.01969487965106964,0.0
6.0,-1.4197571277618408,-0.026259226724505424,0.0
6.0,-1.4196205139160156,-0.03282301127910614,0.0
6.0,-1.4194536209106445,-0.039386097341775894,0.0
6.0,-1.427252173423767,-0.04620720073580742,0.0
6.0,-1.4270232915878296,-0.052805427461862564,0.0
6.0,-1.426763892173767,-0.05940252169966698,0.0
6.0,-1.4264739751815796,-0.06599834561347961,0.0
6.0,-1.420161485671997,-0.07228775322437286,0.0
6.0,-1.4198120832443237,-0.07885292172431946,0.0
6.0,-1.4194324016571045,-0.08541639894247055,0.0
6.0,-1.4190223217010498,-0.0919780507683754,0.0
6.0,-1.4185818433761597,-0.09853773564100266,0.0
6.0,-1.4181110858917236,-0.10509531199932098,0.0
6.0,-1.4176100492477417,-0.11165064573287964,0.0
6.0,-1.4190717935562134,-0.11836984008550644,0.0
6.0,-1.4165170192718506,-0.12475401163101196,0.0
6.0,-1.415925145149231,-0.13130176067352295,0.0
6.0,-1.4172935485839844,-0.13804058730602264,0.0
6.0,-1.4166401624679565,-0.1445917785167694,0.0
6.0,-1.4159564971923828,-0.15113988518714905,0.0
6.0,-1.417230248451233,-0.15790623426437378,0.0
6.0,-1.416485071182251,-0.16445693373680115,0.0
6.0,-1.4157096147537231,-0.17100411653518677,0.0
6.0,-1.4149038791656494,-0.1775476336479187,0.0
6.0,-1.4160510301589966,-0.184345543384552,0.0
6.0,-1.415183663368225,-0.19089050590991974,0.0
6.0,-1.416266679763794,-0.1977079063653946,0.0
6.0,-1.4153375625610352,-0.20425371825695038,0.0
6.0,-1.414378046989441,-0.21079516410827637,0.0
6.0,-1.4133883714675903,-0.21733210980892181,0.0
6.0,-1.4123684167861938,-0.22386440634727478,0.0
6.0,-1.4132922887802124,-0.23071415722370148,0.0
6.0,-1.4141827821731567,-0.23757721483707428,0.0
6.0,-1.4130693674087524,-0.24411296844482422,0.0
6.0,-1.413894772529602,-0.2509930729866028,0.0
6.0,-1.4127192497253418,-0.25752735137939453,0.0
6.0,-1.4134793281555176,-0.2644239068031311,0.0
6.0,-1.4142060279846191,-0.2713329792022705,0.0
6.0,-1.4129364490509033,-0.27786847949028015,0.0
6.0,-1.4135972261428833,-0.28479301929473877,0.0
6.0,-1.412265419960022,-0.29132556915283203,0.0
6.0,-1.4128602743148804,-0.2982649803161621,0.0
6.0,-1.411466121673584,-0.30479398369789124,0.0
6.0,-1.4100419282913208,-0.31131646037101746,0.0
6.0,-1.4105384349822998,-0.31827250123023987,0.0
6.0,-1.409051775932312,-0.3247905373573303,0.0
6.0,-1.4114288091659546,-0.33221811056137085,0.0
6.0,-1.4098777770996094,-0.33874011039733887,0.0
6.0,-1.4102389812469482,-0.34573110938072205,0.0
6.0,-1.4086254835128784,-0.3522474765777588,0.0
6.0,-1.4089198112487793,-0.3592504560947418,0.0
6.0,-1.409179449081421,-0.36626365780830383,0.0
6.0,-1.4074710607528687,-0.3727749288082123,0.0
6.0,-1.4095945358276367,-0.3803201913833618,0.0
6.0,-1.4078210592269897,-0.38683319091796875,0.0
6.0,-1.407943606376648,-0.3938767611980438,0.0
6.0,-1.4080309867858887,-0.400929719209671,0.0
6.0,-1.4061622619628906,-0.40743526816368103,0.0
6.0,-1.4081003665924072,-0.41506311297416687,0.0
6.0,-1.4061663150787354,-0.4215688407421112,0.0
6.0,-1.4061152935028076,-0.42864876985549927,0.0
6.0,-1.404118537902832,-0.43514516949653625,0.0
6.0,-1.4059067964553833,-0.4428339898586273,0.0
6.0,-1.407654047012329,-0.4505486488342285,0.0
6.0,-1.4055559635162354,-0.45705196261405945,0.0
6.0,-1.4053269624710083,-0.46417272090911865,0.0
6.0,-1.4031658172607422,-0.4706651270389557,0.0
6.0,-1.4047611951828003,-0.47843700647354126,0.0
6.0,-1.4063146114349365,-0.48623374104499817,0.0
6.0,-1.4040515422821045,-0.4927304685115814,0.0
6.0,-1.4036425352096558,-0.499887615442276,0.0
6.0,-1.4013164043426514,-0.5063718557357788,0.0
6.0,-1.402715802192688,-0.5142219662666321,0.0
6.0,-1.404072642326355,-0.5220959186553955,0.0
6.0,-1.4016437530517578,-0.5285818576812744,0.0
6.0,-1.4029210805892944,-0.5364852547645569,0.0
6.0,-1.400425672531128,-0.5429657697677612,0.0
6.0,-1.403484582901001,-0.5516294836997986,0.0
6.0,-1.4009191989898682,-0.558112382888794,0.0
6.0,-1.4001784324645996,-0.5653321743011475,0.0
6.0,-1.4031028747558594,-0.5740717649459839,0.0
6.0,-1.4004337787628174,-0.5805526971817017,0.0
6.0,-1.4032665491104126,-0.5893445014953613,0.0
6.0,-1.400526762008667,-0.5958260297775269,0.0
6.0,-1.3995939493179321,-0.6030862927436829,0.0
6.0,-1.4004566669464111,-0.6111505031585693,0.0
6.0,-1.3976161479949951,-0.6176188588142395,0.0
6.0,-1.402048110961914,-0.6273413300514221,0.0
6.0,-1.3991327285766602,-0.6338168382644653,0.0
6.0,-1.3998231887817383,-0.6419461369514465,0.0
6.0,-1.3968403339385986,-0.6484111547470093,0.0
6.0,-1.397447943687439,-0.6565633416175842,0.0
6.0,-1.3998160362243652,-0.665593683719635,0.0
6.0,-1.396723747253418,-0.6720584630966187,0.0
6.0,-1.3989962339401245,-0.681135356426239,0.0
6.0,-1.3958321809768677,-0.6875961422920227,0.0
6.0,-1.3980083465576172,-0.6967185139656067,0.0
6.0,-1.3947722911834717,-0.7031745910644531,0.0
6.0,-1.3950695991516113,-0.7114328145980835,0.0
6.0,-1.3970979452133179,-0.720625638961792,0.0
6.0,-1.3937513828277588,-0.7270772457122803,0.0
6.0,-1.395681619644165,-0.7363129258155823,0.0
6.0,-1.3922624588012695,-0.7427577972412109,0.0
6.0,-1.3958543539047241,-0.7529850006103516,0.0
6.0,-1.3976255655288696,-0.7623035311698914,0.0
6.0,-1.394086241722107,-0.7687571048736572,0.0
6.0,-1.395757794380188,-0.7781158685684204,0.0
6.0,-1.3921453952789307,-0.7845606803894043,0.0
6.0,-1.3937164545059204,-0.7939585447311401,0.0
6.0,-1.3952305316925049,-0.8033877611160278,0.0
6.0,-1.3915011882781982,-0.809829831123352,0.0
6.0,-1.3946378231048584,-0.8203105330467224,0.0
6.0,-1.3908302783966064,-0.8267497420310974,0.0
6.0,-1.3938509225845337,-0.8372907042503357,0.0
6.0,-1.3899649381637573,-0.8437260985374451,0.0
6.0,-1.39116370677948,-0.8532804250717163,0.0
6.0,-1.3957037925720215,-0.8649709224700928,0.0
6.0,-1.3916897773742676,-0.8714145421981812,0.0
6.0,-1.392716646194458,-0.881047248840332,0.0
6.0,-1.388628363609314,-0.8874768614768982,0.0
6.0,-1.3912312984466553,-0.898226797580719,0.0
6.0,-1.3870636224746704,-0.9046493768692017,0.0
6.0,-1.3895467519760132,-0.9154538512229919,0.0
6.0,-1.3936245441436768,-0.9274085164070129,0.0
6.0,-1.3893219232559204,-0.9338418841362,0.0
6.0,-1.391608476638794,-0.9447486996650696,0.0
6.0,-1.38722562789917,-0.9511725306510925,0.0
6.0,-1.389390230178833,-0.9621304869651794,0.0
6.0,-1.3914828300476074,-0.9731286764144897,0.0
6.0,-1.3869688510894775,-0.9795516133308411,0.0
6.0,-1.3889384269714355,-0.9905988574028015,0.0
6.0,-1.3843436241149902,-0.9970098733901978,0.0
6.0,-1.3861892223358154,-1.0081048011779785,0.0
6.0,-1.3815135955810547,-1.0145028829574585,0.0
6.0,-1.3880542516708374,-1.0292179584503174,0.0
6.0,-1.380078911781311,-1.0332270860671997,0.0
6.0,-1.3752871751785278,-1.039596676826477,0.0
6.0,-1.354567289352417,-1.0338101387023926,0.0
6.0,-1.3497731685638428,-1.0400617122650146,0.0
6.0,-1.3323215246200562,-1.0364667177200317,0.0
6.0,-1.3149322271347046,-1.0327329635620117,0.0
6.0,-1.3101434707641602,-1.0388013124465942,0.0
6.0,-1.2928354740142822,-1.034848928451538,0.0
6.0,-1.2880371809005737,-1.0408151149749756,0.0
6.0,-1.2692633867263794,-1.0353813171386719,0.0
6.0,-1.2505676746368408,-1.0297963619232178,0.0
6.0,-1.2457932233810425,-1.0355671644210815,0.0
6.0,-1.2302674055099487,-1.03231680393219,0.0
6.0,-1.2254815101623535,-1.0379937887191772,0.0
6.0,-1.2085083723068237,-1.0332510471343994,0.0
6.0,-1.1931195259094238,-1.0296804904937744,0.0
6.0,-1.1883461475372314,-1.035185694694519,0.0
6.0,-1.1745356321334839,-1.0327448844909668,0.0
6.0,-1.169748306274414,-1.0381642580032349,0.0
6.0,-1.1530184745788574,-1.0328854322433472,0.0
6.0,-1.1378462314605713,-1.0288158655166626,0.0
6.0,-1.1330775022506714,-1.0340654850006104,0.0
6.0,-1.1194581985473633,-1.031162977218628,0.0
6.0,-1.1146788597106934,-1.036327600479126,0.0
6.0,-1.101124882698059,-1.0332587957382202,0.0
6.0,-1.0861713886260986,-1.0287117958068848,0.0
6.0,-1.0814036130905151,-1.0337225198745728,0.0
6.0,-1.0679768323898315,-1.030379295349121,0.0
6.0,-1.0632015466690063,-1.0353058576583862,0.0
6.0,-1.0484187602996826,-1.0303971767425537,0.0
6.0,-1.043643593788147,-1.0352333784103394,0.0
6.0,-1.0303657054901123,-1.0315572023391724,0.0
6.0,-1.018551230430603,-1.0292022228240967,0.0
6.0,-1.013782024383545,-1.0339003801345825,0.0
6.0,-1.0020228624343872,-1.03140389919281,0.0
6.0,-0.9903087019920349,-1.0288209915161133,0.0
6.0,-0.9855414628982544,-1.033388614654541,0.0
6.0,-0.973885178565979,-1.030665636062622,0.0
6.0,-0.9691095948219299,-1.0351572036743164,0.0
6.0,-0.9561527371406555,-1.030828833580017,0.0
6.0,-0.9432567954063416,-1.0264028310775757,0.0
6.0,-0.938501238822937,-1.0307528972625732,0.0
6.0,-0.9270274639129639,-1.0276556015014648,0.0
6.0,-0.9222663044929504,-1.0319305658340454,0.0
6.0,-0.9108561873435974,-1.0286966562271118,0.0
6.0,-0.9060904383659363,-1.032896876335144,0.0
6.0,-0.8947455883026123,-1.029527187347412,0.0
6.0,-0.884756326675415,-1.0275903940200806,0.0
6.0,-0.8799959421157837,-1.0316699743270874,0.0
6.0,-0.870053231716156,-1.029617190361023,0.0
6.0,-0.8652836680412292,-1.0336287021636963,0.0
6.0,-0.8541120886802673,-1.0299206972122192,0.0
6.0,-0.844262957572937,-1.027677059173584,0.0
6.0,-0.8395025730133057,-1.031569480895996,0.0
6.0,-0.8309586048126221,-1.0307685136795044,0.0
6.0,-0.826184093952179,-1.0345994234085083,0.0
6.0,-0.8151880502700806,-1.0305651426315308,0.0
6.0,-0.8042471408843994,-1.0264514684677124,0.0
6.0,-0.7994928359985352,-1.0301588773727417,0.0
6.0,-0.789845883846283,-1.0275015830993652,0.0
6.0,-0.7850869297981262,-1.0311423540115356,0.0
6.0,-0.7754944562911987,-1.0283735990524292,0.0
6.0,-0.7671412229537964,-1.0271408557891846,0.0
6.0,-0.7623841762542725,-1.0306766033172607,0.0
6.0,-0.7528831958770752,-1.0277369022369385,0.0
6.0,-0.7481235265731812,-1.031206727027893,0.0
6.0,-0.7386800646781921,-1.0281574726104736,0.0
6.0,-0.7304403185844421,-1.0266727209091187,0.0
6.0,-0.7256858348846436,-1.030038833618164,0.0
6.0,-0.71748286485672,-1.0284620523452759,0.0
6.0,-0.7127202153205872,-1.0317683219909668,0.0
6.0,-0.7034260034561157,-1.028449296951294,0.0
6.0,-0.6941778063774109,-1.0250664949417114,0.0
6.0,-0.6894311308860779,-1.0282649993896484,0.0
6.0,-0.6813514232635498,-1.026442527770996,0.0
6.0,-0.6765984892845154,-1.0295816659927368,0.0
6.0,-0.6674685478210449,-1.0259929895401,0.0
6.0,-0.6594693064689636,-1.0240236520767212,0.0
6.0,-0.6547278165817261,-1.0270615816116333,0.0
6.0,-0.6467704772949219,-1.025003433227539,0.0
6.0,-0.642024576663971,-1.0279827117919922,0.0
6.0,-0.6341102123260498,-1.0258363485336304,0.0
6.0,-0.6293606162071228,-1.028757095336914,0.0
6.0,-0.6225259304046631,-1.0282341241836548,0.0
6.0,-0.6146816611289978,-1.0259543657302856,0.0
6.0,-0.6099317073822021,-1.0287853479385376,0.0
6.0,-0.6021327972412109,-1.0264191627502441,0.0
6.0,-0.5973808765411377,-1.0291920900344849,0.0
6.0,-0.5896281599998474,-1.0267398357391357,0.0
6.0,-0.5819109082221985,-1.024238109588623,0.0
6.0,-0.5771692395210266,-1.0269174575805664,0.0
6.0,-0.5704716444015503,-1.0260790586471558,0.0
6.0,-0.5657215714454651,-1.0287055969238281,0.0
6.0,-0.5590481162071228,-1.0277962684631348,0.0
6.0,-0.5514478087425232,-1.0250860452651978,0.0
6.0,-0.5467025637626648,-1.0276246070861816,0.0
6.0,-0.5391520857810974,-1.0248311758041382,0.0
6.0,-0.5344080924987793,-1.027312994003296,0.0
6.0,-0.5278232097625732,-1.0262157917022705,0.0
6.0,-0.5212599039077759,-1.0250794887542725,0.0
6.0,-0.5165150165557861,-1.027478575706482,0.0
6.0,-0.5090890526771545,-1.0244824886322021,0.0
6.0,-0.5043470859527588,-1.0268253087997437,0.0
6.0,-0.49784740805625916,-1.0255476236343384,0.0
6.0,-0.49137043952941895,-1.024232029914856,0.0
6.0,-0.48662978410720825,-1.0264928340911865,0.0
6.0,-0.4801819324493408,-1.0251094102859497,0.0
6.0,-0.47543734312057495,-1.0273184776306152,0.0
6.0,-0.4681878387928009,-1.024048924446106,0.0
6.0,-0.46344828605651855,-1.0262025594711304,0.0
6.0,-0.4570693075656891,-1.0246812105178833,0.0
6.0,-0.4507143795490265,-1.023123025894165,0.0
6.0,-0.4459792673587799,-1.025195837020874,0.0
6.0,-0.43965595960617065,-1.023571491241455,0.0
6.0,-0.43491891026496887,-1.0255931615829468,0.0
6.0,-0.42862799763679504,-1.0239033699035645,0.0
6.0,-0.42236196994781494,-1.0221772193908691,0.0
6.0,-0.4176315367221832,-1.0241190195083618,0.0
6.0,-0.41214555501937866,-1.0241835117340088,0.0
6.0,-0.4074059724807739,-1.0260781049728394,0.0
6.0,-0.40192824602127075,-1.0260885953903198,0.0
6.0,-0.39573830366134644,-1.0242047309875488,0.0
6.0,-0.3909987807273865,-1.0260233879089355,0.0
6.0,-0.38554733991622925,-1.02594792842865,0.0
6.0,-0.38079988956451416,-1.027719497680664,0.0
6.0,-0.37604427337646484,-1.0294691324234009,0.0
6.0,-0.37128064036369324,-1.0311967134475708,0.0
6.0,-0.3665090799331665,-1.0329022407531738,0.0
6.0,-0.3604094982147217,-1.0308098793029785,0.0
6.0,-0.35563981533050537,-1.0324652194976807,0.0
6.0,-0.3495773673057556,-1.0303105115890503,0.0
6.0,-0.3448100984096527,-1.0319157838821411,0.0
6.0,-0.3394103944301605,-1.0315990447998047,0.0
6.0,-0.3334047794342041,-1.029351830482483,0.0
6.0,-0.3286421298980713,-1.0308823585510254,0.0
6.0,-0.32327380776405334,-1.030482530593872,0.0
6.0,-0.31850606203079224,-1.0319660902023315,0.0
6.0,-0.3119885325431824,-1.027686357498169,0.0
6.0,-0.3066616952419281,-1.0272014141082764,0.0
6.0,-0.30190926790237427,-1.0286082029342651,0.0
6.0,-0.2971504032611847,-1.0299930572509766,0.0
6.0,-0.29238519072532654,-1.031355857849121,0.0
6.0,-0.2870771586894989,-1.0307700634002686,0.0
6.0,-0.282308429479599,-1.0320862531661987,0.0
6.0,-0.27649617195129395,-1.0295172929763794,0.0
6.0,-0.270713746547699,-1.0269168615341187,0.0
6.0,-0.26596304774284363,-1.0281574726104736,0.0
6.0,-0.26071470975875854,-1.027437448501587,0.0
6.0,-0.25596168637275696,-1.0286318063735962,0.0
6.0,-0.2512032091617584,-1.0298042297363281,0.0
6.0,-0.24550941586494446,-1.027064323425293,0.0
6.0,-0.2407582849264145,-1.0281884670257568,0.0
6.0,-0.23555505275726318,-1.0273411273956299,0.0
6.0,-0.2308027595281601,-1.0284192562103271,0.0
6.0,-0.22604551911354065,-1.0294753313064575,0.0
6.0,-0.22086356580257416,-1.028554081916809,0.0
6.0,-0.21610581874847412,-1.0295641422271729,0.0
6.0,-0.21053984761238098,-1.0266337394714355,0.0
6.0,-0.20579108595848083,-1.0275962352752686,0.0
6.0,-0.2006542831659317,-1.026573896408081,0.0
6.0,-0.19553132355213165,-1.0255260467529297,0.0
6.0,-0.19078783690929413,-1.0264190435409546,0.0
6.0,-0.18568389117717743,-1.0253221988677979,0.0
6.0,-0.18094146251678467,-1.026169776916504,0.0
6.0,-0.1761951595544815,-1.026995301246643,0.0
6.0,-0.17111600935459137,-1.025826096534729,0.0
6.0,-0.1663714051246643,-1.0266063213348389,0.0
6.0,-0.16131243109703064,-1.0253888368606567,0.0
6.0,-0.1565699577331543,-1.0261236429214478,0.0
6.0,-0.15153160691261292,-1.0248581171035767,0.0
6.0,-0.14679168164730072,-1.025547742843628,0.0
6.0,-0.14177440106868744,-1.024234414100647,0.0
6.0,-0.13677239418029785,-1.0228965282440186,0.0
6.0,-0.13204170763492584,-1.0235178470611572,0.0
6.0,-0.12706147134304047,-1.0221327543258667,0.0
6.0,-0.12233441323041916,-1.0227092504501343,0.0
6.0,-0.11760473996400833,-1.023263931274414,0.0
6.0,-0.11265338212251663,-1.0218087434768677,0.0
6.0,-0.10792797803878784,-1.022318720817566,0.0
6.0,-0.103200264275074,-1.0228067636489868,0.0
6.0,-0.09847034513950348,-1.02327299118042,0.0
6.0,-0.09373831748962402,-1.0237172842025757,0.0
6.0,-0.08900429308414459,-1.0241397619247437,0.0
6.0,-0.08410441875457764,-1.0225470066070557,0.0
6.0,-0.07937590032815933,-1.0229250192642212,0.0
6.0,-0.07464569061994553,-1.0232809782028198,0.0
6.0,-0.06991388648748398,-1.0236152410507202,0.0
6.0,-0.06518058478832245,-1.0239274501800537,0.0
6.0,-0.06032806262373924,-1.0222214460372925,0.0
6.0,-0.05560130625963211,-1.0224894285202026,0.0
6.0,-0.05087336152791977,-1.022735595703125,0.0
6.0,-0.046144332736730576,-1.02295982837677,0.0
6.0,-0.04141431301832199,-1.0231622457504272,0.0
6.0,-0.03661176189780235,-1.0213439464569092,0.0
6.0,-0.03188931569457054,-1.0215022563934326,0.0
6.0,-0.02716618962585926,-1.0216388702392578,0.0
6.0,-0.02244248241186142,-1.0217535495758057,0.0
6.0,-0.017718294635415077,-1.0218462944030762,0.0
6.0,-0.012993729673326015,-1.0219173431396484,0.0
6.0,-0.008268886245787144,-1.0219664573669434,0.0
6.0,-0.0035438663326203823,-1.0219937562942505,0.0
6.0,0.0011812294833362103,-1.0219992399215698,0.0
6.0,0.005906300153583288,-1.0219829082489014,0.0
6.0,0.010631244629621506,-1.0219446420669556,0.0
6.0,0.01535596139729023,-1.021884560585022,0.0
6.0,0.02008035033941269,-1.0218026638031006,0.0
6.0,0.024804310873150826,-1.0216989517211914,0.0
6.0,0.029527738690376282,-1.0215733051300049,0.0
6.0,0.03425053879618645,-1.0214258432388306,0.0
6.0,0.038972605019807816,-1.0212565660476685,0.0
6.0,0.04369383677840233,-1.0210654735565186,0.0
6.0,0.048414137214422226,-1.0208525657653809,0.0
6.0,0.05313339829444885,-1.0206178426742554,0.0
6.0,0.05785152688622475,-1.020361304283142,0.0
6.0,0.06256841868162155,-1.0200828313827515,0.0
6.0,0.06741565465927124,-1.0217784643173218,0.0
6.0,0.07213899493217468,-1.0214558839797974,0.0
6.0,0.07686079293489456,-1.0211113691329956,0.0
6.0,0.08158095180988312,-1.0207451581954956,0.0
6.0,0.0862993597984314,-1.0203570127487183,0.0
6.0,0.09101593494415283,-1.0199471712112427,0.0
6.0,0.09573055803775787,-1.0195153951644897,0.0
6.0,0.10044313222169876,-1.0190619230270386,0.0
6.0,0.10515356063842773,-1.0185866355895996,0.0
6.0,0.10986173897981644,-1.0180896520614624,0.0
6.0,0.1145675778388977,-1.0175708532333374,0.0
6.0,0.11927095800638199,-1.0170302391052246,0.0
6.0,0.12397179752588272,-1.0164679288864136,0.0
6.0,0.12866997718811035,-1.0158839225769043,0.0
6.0,0.13336540758609772,-1.0152782201766968,0.0
6.0,0.13832764327526093,-1.0166324377059937,0.0
6.0,0.1430264264345169,-1.0159820318222046,0.0
6.0,0.14801011979579926,-1.0172890424728394,0.0
6.0,0.15271183848381042,-1.0165938138961792,0.0
6.0,0.1577165424823761,-1.0178533792495728,0.0
6.0,0.16242077946662903,-1.0171133279800415,0.0
6.0,0.1671215295791626,-1.0163514614105225,0.0
6.0,0.17181871831417084,-1.0155678987503052,0.0
6.0,0.1765122264623642,-1.0147627592086792,0.0
6.0,0.1812019646167755,-1.0139358043670654,0.0
6.0,0.18588782846927643,-1.0130871534347534,0.0
6.0,0.1909397542476654,-1.0141823291778564,0.0
6.0,0.19600580632686615,-1.0152525901794434,0.0
6.0,0.20069760084152222,-1.0143355131149292,0.0
6.0,0.20578236877918243,-1.0153568983078003,0.0
6.0,0.21047453582286835,-1.0143946409225464,0.0
6.0,0.21557757258415222,-1.015367031097412,0.0
6.0,0.22069409489631653,-1.016313910484314,0.0
6.0,0.22539053857326508,-1.0152827501296997,0.0
6.0,0.23052464425563812,-1.016180396080017,0.0
6.0,0.23522035777568817,-1.0151036977767944,0.0
6.0,0.2399110496044159,-1.0140053033828735,0.0
6.0,0.24459661543369293,-1.012885332107544,0.0
6.0,0.249755397439003,-1.0136854648590088,0.0
6.0,0.25590163469314575,-1.018338918685913,0.0
6.0,0.2606070637702942,-1.0171449184417725,0.0
6.0,0.26581230759620667,-1.0178643465042114,0.0
6.0,0.27051541209220886,-1.0166245698928833,0.0
6.0,0.27521276473999023,-1.0153629779815674,0.0
6.0,0.28043636679649353,-1.016007661819458,0.0
6.0,0.28513073921203613,-1.014700174331665,0.0
6.0,0.2903689742088318,-1.0152939558029175,0.0
6.0,0.2950599491596222,-1.013940691947937,0.0
6.0,0.3003123104572296,-1.0144833326339722,0.0
6.0,0.305575966835022,-1.0149991512298584,0.0
6.0,0.3102654218673706,-1.0135754346847534,0.0
6.0,0.31613674759864807,-1.0159496068954468,0.0
6.0,0.32083049416542053,-1.0144771337509155,0.0
6.0,0.32551735639572144,-1.012982964515686,0.0
6.0,0.330197274684906,-1.0114670991897583,0.0
6.0,0.3361290395259857,-1.0137263536453247,0.0
6.0,0.3420887589454651,-1.015952467918396,0.0
6.0,0.34678223729133606,-1.014359951019287,0.0
6.0,0.35212400555610657,-1.0146352052688599,0.0
6.0,0.3568112850189209,-1.0129964351654053,0.0
6.0,0.36216408014297485,-1.0132192373275757,0.0
6.0,0.36684468388557434,-1.0115339756011963,0.0
6.0,0.3728986084461212,-1.0135811567306519,0.0
6.0,0.37827998399734497,-1.0137200355529785,0.0
6.0,0.38296276330947876,-1.0119602680206299,0.0
6.0,0.3883538544178009,-1.0120460987091064,0.0
6.0,0.39302876591682434,-1.0102397203445435,0.0
6.0,0.3984290063381195,-1.0102723836898804,0.0
6.0,0.40458035469055176,-1.0121338367462158,0.0
6.0,0.4092555046081543,-1.0102524757385254,0.0
6.0,0.4146813750267029,-1.0101996660232544,0.0
6.0,0.41934746503829956,-1.0082716941833496,0.0
6.0,0.4247811734676361,-1.0081651210784912,0.0
6.0,0.4294377565383911,-1.0061904191970825,0.0
6.0,0.43646588921546936,-1.0097017288208008,0.0
6.0,0.44353556632995605,-1.013169288635254,0.0
6.0,0.4482150971889496,-1.0111078023910522,0.0
6.0,0.4545229971408844,-1.01267409324646,0.0
6.0,0.45920008420944214,-1.0105618238449097,0.0
6.0,0.46553897857666016,-1.0120619535446167,0.0
6.0,0.47105735540390015,-1.0117119550704956,0.0
6.0,0.4757298529148102,-1.0095232725143433,0.0
6.0,0.4821139872074127,-1.0109233856201172,0.0
6.0,0.4867826998233795,-1.0086835622787476,0.0
6.0,0.4949513077735901,-1.0136109590530396,0.0
6.0,0.499632328748703,-1.0113117694854736,0.0
6.0,0.5060909390449524,-1.0125689506530762,0.0
6.0,0.5125718712806702,-1.0137879848480225,0.0
6.0,0.5172535181045532,-1.0114073753356934,0.0
6.0,0.5237618684768677,-1.012557864189148,0.0
6.0,0.5284376740455627,-1.0101255178451538,0.0
6.0,0.5340374708175659,-1.0094393491744995,0.0
6.0,0.5405856370925903,-1.0104866027832031,0.0
6.0,0.545251727104187,-1.0079765319824219,0.0
6.0,0.5527852177619934,-1.0107088088989258,0.0
6.0,0.5574522018432617,-1.008142352104187,0.0
6.0,0.5650349259376526,-1.010791540145874,0.0
6.0,0.5697021484375,-1.008168339729309,0.0
6.0,0.5773331522941589,-1.0107336044311523,0.0
6.0,0.5839999318122864,-1.0115176439285278,0.0
6.0,0.5886703133583069,-1.008806824684143,0.0
6.0,0.5953601002693176,-1.0095199346542358,0.0
6.0,0.6000211238861084,-1.0067565441131592,0.0
6.0,0.6087967157363892,-1.0108246803283691,0.0
6.0,0.6134636402130127,-1.0079991817474365,0.0
6.0,0.6202127933502197,-1.0085594654083252,0.0
6.0,0.6259245872497559,-1.0073798894882202,0.0
6.0,0.63057541847229,-1.0044753551483154,0.0
6.0,0.6394974589347839,-1.0083049535751343,0.0
6.0,0.6441524028778076,-1.0053375959396362,0.0
6.0,0.6520538926124573,-1.0073856115341187,0.0
6.0,0.6599879264831543,-1.009381890296936,0.0
6.0,0.6646475791931152,-1.0063197612762451,0.0
6.0,0.6726229190826416,-1.0082273483276367,0.0
6.0,0.677277147769928,-1.005106806755066,0.0
6.0,0.6841674447059631,-1.005271553993225,0.0
6.0,0.6888078451156616,-1.0020976066589355,0.0
6.0,0.6979956030845642,-1.0054740905761719,0.0
6.0,0.7072292566299438,-1.0087867975234985,0.0
6.0,0.7118856906890869,-1.005506157875061,0.0
6.0,0.7200165390968323,-1.0070850849151611,0.0
6.0,0.7246649265289307,-1.003745436668396,0.0
6.0,0.7328324317932129,-1.005232572555542,0.0
6.0,0.7374721169471741,-1.0018336772918701,0.0
6.0,0.7456753849983215,-1.0032289028167725,0.0
6.0,0.7551077008247375,-1.0061691999435425,0.0
6.0,0.7597514986991882,-1.0026673078536987,0.0
6.0,0.7680248022079468,-1.0039093494415283,0.0
6.0,0.7726580500602722,-1.0003477334976196,0.0
6.0,0.7834240794181824,-1.004650592803955,0.0
6.0,0.7930091023445129,-1.0073035955429077,0.0
6.0,0.7976577281951904,-1.0036264657974243,0.0
6.0,0.8072958588600159,-1.0061676502227783,0.0
6.0,0.8119391202926636,-1.0024244785308838,0.0
6.0,0.8228949904441833,-1.0064014196395874,0.0
6.0,0.8275391459465027,-1.002586007118225,0.0
6.0,0.837286651134491,-1.0048954486846924,0.0
6.0,0.8470731377601624,-1.0071361064910889,0.0
6.0,0.8517204523086548,-1.0032089948654175,0.0
6.0,0.8615553379058838,-1.0053349733352661,0.0
6.0,0.8661941289901733,-1.0013409852981567,0.0
6.0,0.8773915767669678,-1.004858136177063,0.0
6.0,0.8820280432701111,-1.0007909536361694,0.0
6.0,0.8919628858566284,-1.002679467201233,0.0
6.0,0.9032701253890991,-1.0059856176376343,0.0
6.0,0.907911479473114,-1.0017987489700317,0.0
6.0,0.9192829728126526,-1.0049690008163452,0.0
6.0,0.9239194989204407,-1.0007081031799316,0.0
6.0,0.935353696346283,-1.00374174118042,0.0
6.0,0.9399843811988831,-0.9994064569473267,0.0
6.0,0.9514797925949097,-1.0023024082183838,0.0
6.0,0.9671728610992432,-1.0094456672668457,0.0
6.0,0.9718295335769653,-1.0049632787704468,0.0
6.0,0.9890379905700684,-1.013340950012207,0.0
6.0,0.9937124848365784,-1.0087573528289795,0.0
6.0,1.0082365274429321,-1.014080286026001,0.0
6.0,1.0270808935165405,-1.0235257148742676,0.0
6.0,1.0318020582199097,-1.018766164779663,0.0
6.0,1.053657054901123,-1.0307680368423462,0.0
6.0,1.0584113597869873,-1.0258855819702148,0.0
6.0,1.0775684118270874,-1.034834384918213,0.0
6.0,1.0823413133621216,-1.0298413038253784,0.0
6.0,1.1030992269515991,-1.0399174690246582,0.0
6.0,1.1239728927612305,-1.04982328414917,0.0
6.0,1.1288145780563354,-1.0446155071258545,0.0
6.0,1.1513222455978394,-1.0556046962738037,0.0
6.0,1.1561903953552246,-1.050270438194275,0.0
6.0,1.1773864030838013,-1.0596307516098022,0.0
6.0,1.1822727918624878,-1.0541759729385376,0.0
6.0,1.2036219835281372,-1.0632637739181519,0.0
6.0,1.225080132484436,-1.0721765756607056,0.0
6.0,1.2300242185592651,-1.0665011405944824,0.0
6.0,1.2546645402908325,-1.077744483947754,0.0
6.0,1.2596338987350464,-1.071932077407837,0.0
6.0,1.2844548225402832,-1.0828553438186646,0.0
6.0,1.289447546005249,-1.0769052505493164,0.0
6.0,1.178840160369873,-0.9753131866455078,0.0
6.0,1.1833367347717285,-0.9698525667190552,0.0
6.0,1.1878081560134888,-0.9643712043762207,0.0
6.0,1.1922540664672852,-0.958869218826294,0.0
6.0,1.2274988889694214,-0.9594843983650208,0.0
6.0,1.231921911239624,-0.9537989497184753,0.0
6.0,1.2363184690475464,-0.9480931162834167,0.0
6.0,1.240688681602478,-0.9423670172691345,0.0
6.0,1.2690060138702393,-0.9546558856964111,0.0
6.0,1.2958592176437378,-0.9655076861381531,0.0
6.0,1.3003093004226685,-0.9595061540603638,0.0
6.0,1.3289530277252197,-0.9711848497390747,0.0
6.0,1.333428978919983,-0.9650302529335022,0.0
6.0,1.3655116558074951,-0.9786611795425415,0.0
6.0,1.3700218200683594,-0.9723374247550964,0.0
6.0,1.4006836414337158,-0.9843928217887878,0.0
6.0,1.431485652923584,-0.9961850047111511,0.0
6.0,1.4360761642456055,-0.989556074142456,0.0
6.0,1.4670696258544922,-1.0009410381317139,0.0
6.0,1.4716815948486328,-0.9941474795341492,0.0
6.0,1.4945491552352905,-0.9995632171630859,0.0
6.0,1.4991545677185059,-0.9926426410675049,0.0
6.0,1.5187819004058838,-0.9955688714981079,0.0
6.0,1.5418235063552856,-1.0005120038986206,0.0
6.0,1.5464328527450562,-0.993372917175293,0.0
6.0,1.5661983489990234,-0.9958707094192505,0.0
6.0,1.5707858800888062,-0.9886189699172974,0.0
6.0,1.575339913368225,-0.981346070766449,0.0
6.0,1.5798602104187012,-0.9740521907806396,0.0
6.0,1.5775176286697388,-0.9625706076622009,0.0
6.0,1.5733908414840698,-0.9500976800918579,0.0
6.0,1.5777666568756104,-0.9428131580352783,0.0
6.0,1.5752224922180176,-0.9314365983009338,0.0
6.0,1.579512119293213,-0.9241437911987305,0.0
6.0,1.5768442153930664,-0.9128232598304749,0.0
6.0,1.581047773361206,-0.9055231213569641,0.0
6.0,1.5852173566818237,-0.8982036709785461,0.0
6.0,1.6015654802322388,-0.8977103233337402,0.0
6.0,1.605698823928833,-0.8902961015701294,0.0
6.0,1.6255801916122437,-0.8915183544158936,0.0
6.0,1.647264838218689,-0.8935291767120361,0.0
6.0,1.6513783931732178,-0.8859037160873413,0.0
6.0,1.669590711593628,-0.8857578039169312,0.0
6.0,1.6736680269241333,-0.8780292272567749,0.0
6.0,1.6901371479034424,-0.8767284154891968,0.0
6.0,1.6941725015640259,-0.8689048886299133,0.0
6.0,1.4689751863479614,-0.7110103964805603,0.0
6.0,1.472246766090393,-0.7042111754417419,0.0
6.0,1.4754868745803833,-0.6973968744277954,0.0
6.0,1.4786953926086426,-0.690567672252655,0.0
6.0,1.4982165098190308,-0.691264808177948,0.0
6.0,1.5013965368270874,-0.6843306422233582,0.0
6.0,1.5045443773269653,-0.6773818135261536,0.0
6.0,1.5222798585891724,-0.6769195199012756,0.0
6.0,1.5253932476043701,-0.6698742508888245,0.0
6.0,1.5394834280014038,-0.6675887703895569,0.0
6.0,1.542553424835205,-0.6604640483856201,0.0
6.0,1.5584858655929565,-0.658776044845581,0.0
6.0,1.5652064085006714,-0.6531038880348206,0.0
6.0,1.5682092905044556,-0.6458603739738464,0.0
6.0,1.56747305393219,-0.6370969414710999,0.0
6.0,1.5704017877578735,-0.6298431158065796,0.0
6.0,1.5677179098129272,-0.6203681230545044,0.0
6.0,1.5649800300598145,-0.610931396484375,0.0
6.0,1.5677878856658936,-0.6036893725395203,0.0
6.0,1.5649532079696655,-0.5943043828010559,0.0
6.0,1.5676841735839844,-0.587062656879425,0.0
6.0,1.5647529363632202,-0.5777302384376526,0.0
6.0,1.5617691278457642,-0.5684374570846558,0.0
6.0,1.5643805265426636,-0.5612107515335083,0.0
6.0,1.5631872415542603,-0.552638828754425,0.0
6.0,1.565725564956665,-0.5454056859016418,0.0
6.0,1.5663387775421143,-0.5375117659568787,0.0
6.0,1.5688071250915527,-0.5302642583847046,0.0
6.0,1.5655490159988403,-0.521110475063324,0.0
6.0,1.5641405582427979,-0.5126210451126099,0.0
6.0,1.5664938688278198,-0.5053839683532715,0.0
6.0,1.5650012493133545,-0.4969255328178406,0.0
6.0,1.56728196144104,-0.4896846413612366,0.0
6.0,1.5637941360473633,-0.4806704521179199,0.0
6.0,1.5621708631515503,-0.4722777307033539,0.0
6.0,1.5643376111984253,-0.46505019068717957,0.0
6.0,1.5626317262649536,-0.45669063925743103,0.0
6.0,1.56472647190094,-0.4494611322879791,0.0
6.0,1.5629380941390991,-0.441135436296463,0.0
6.0,1.5611063241958618,-0.43283596634864807,0.0
6.0,1.5630908012390137,-0.42561376094818115,0.0
6.0,1.5611776113510132,-0.4173494279384613,0.0
6.0,1.5630905628204346,-0.41012707352638245,0.0
6.0,1.56109619140625,-0.40189865231513977,0.0
6.0,1.5551811456680298,-0.3927181363105774,0.0
6.0,1.5569802522659302,-0.3855237364768982,0.0
6.0,1.5451409816741943,-0.3750191032886505,0.0
6.0,1.546858310699463,-0.36787131428718567,0.0
6.0,1.5388033390045166,-0.35844704508781433,0.0
6.0,1.566230058670044,-0.15620256960391998,0.0
6.0,1.5669355392456055,-0.14895963668823242,0.0
6.0,1.5676075220108032,-0.14171351492404938,0.0
6.0,1.5682458877563477,-0.13446436822414398,0.0
6.0,1.558883547782898,-0.12640413641929626,0.0
6.0,1.5594513416290283,-0.11919549107551575,0.0
6.0,1.5599857568740845,-0.11198429018259048,0.0
6.0,1.5545002222061157,-0.10436876118183136,0.0
6.0,1.5549662113189697,-0.09718061238527298,0.0
6.0,1.5553988218307495,-0.08999038487672806,0.0
6.0,1.5557982921600342,-0.08279823511838913,0.0
6.0,1.5601598024368286,-0.07579842954874039,0.0
6.0,1.5604935884475708,-0.06858441978693008,0.0
6.0,1.5707862377166748,-0.061761826276779175,0.0
6.0,1.5810490846633911,-0.054845523089170456,0.0
6.0,1.5812857151031494,-0.047535158693790436,0.0
6.0,1.589486002922058,-0.04042718559503555,0.0
6.0,1.589655876159668,-0.033077966421842575,0.0
6.0,1.5997905731201172,-0.02588985301554203,0.0
6.0,1.6118923425674438,-0.018631847575306892,0.0
6.0,1.6119612455368042,-0.011179269291460514,0.0
6.0,1.6219956874847412,-0.0037495694123208523,0.0
6.0,1.6219956874847412,0.0037495605647563934,0.0
6.0,1.6319607496261597,0.011317960917949677,0.0
6.0,1.6438902616500854,0.019001701846718788,0.0
6.0,1.643784761428833,0.026601815596222878,0.0
6.0,1.6516424417495728,0.03436778858304024,0.0
6.0,1.651465892791748,0.0420035794377327,0.0
6.0,1.6632486581802368,0.049999043345451355,0.0
6.0,1.6629997491836548,0.05768832564353943,0.0
6.0,1.6727075576782227,0.065769262611866,0.0
6.0,1.672385573387146,0.07350210845470428,0.0
6.0,1.4276440143585205,0.2296701967716217,0.0
6.0,1.4265669584274292,0.2362682819366455,0.0
6.0,1.425459384918213,0.2428613007068634,0.0
6.0,1.4243212938308716,0.24944913387298584,0.0
6.0,1.4329947233200073,0.25780224800109863,0.0
6.0,1.4317874908447266,0.26442477107048035,0.0
6.0,1.4305496215820312,0.2710416316986084,0.0
6.0,1.4410611391067505,0.27994105219841003,0.0
6.0,1.4397515058517456,0.28660061955451965,0.0
6.0,1.4521287679672241,0.2960507571697235,0.0
6.0,1.4507445096969604,0.3027613162994385,0.0
6.0,1.4630206823349,0.3123888671398163,0.0
6.0,1.4615607261657715,0.31914961338043213,0.0
6.0,1.4737331867218018,0.32895341515541077,0.0
6.0,1.4858461618423462,0.3388765752315521,0.0
6.0,1.48426353931427,0.3457425832748413,0.0
6.0,1.4962692260742188,0.3558402955532074,0.0
6.0,1.4946080446243286,0.36275428533554077,0.0
6.0,1.5123286247253418,0.3744675815105438,0.0
6.0,1.510581135749817,0.3814556300640106,0.0
6.0,1.5320435762405396,0.3944191336631775,0.0
6.0,1.5534178018569946,0.4075891077518463,0.0
6.0,1.5515167713165283,0.414766788482666,0.0
6.0,1.5727394819259644,0.42824098467826843,0.0
6.0,1.5707428455352783,0.43550777435302734,0.0
6.0,1.5821861028671265,0.44656816124916077,0.0
6.0,1.5801045894622803,0.4538784325122833,0.0
6.0,1.5914270877838135,0.4651062786579132,0.0
6.0,1.6045963764190674,0.4770183861255646,0.0
6.0,1.6023738384246826,0.4844319522380829,0.0
6.0,1.6154108047485352,0.4965360760688782,0.0
6.0,1.613097906112671,0.5039994120597839,0.0
6.0,1.6240938901901245,0.5156888365745544,0.0
6.0,1.6216922998428345,0.5231921076774597,0.0
6.0,1.632559895515442,0.5350443124771118,0.0
6.0,1.6433521509170532,0.5470080375671387,0.0
6.0,1.6408054828643799,0.5546000599861145,0.0
6.0,1.6495741605758667,0.5660751461982727,0.0
6.0,1.6469392776489258,0.573695719242096,0.0
6.0,1.655583143234253,0.5853038430213928,0.0
6.0,1.4288384914398193,0.5125859975814819,0.0
6.0,1.4264533519744873,0.5191866159439087,0.0
6.0,1.4240378141403198,0.5257760882377625,0.0
6.0,1.4365755319595337,0.5379654169082642,0.0
6.0,1.4340729713439941,0.5446015000343323,0.0
6.0,1.4427381753921509,0.5555379986763,0.0
6.0,1.4401543140411377,0.5622023940086365,0.0
6.0,1.4542769193649292,0.5754778981208801,0.0
6.0,1.4516006708145142,0.5821954011917114,0.0
6.0,1.46371591091156,0.594925045967102,0.0
6.0,1.4775934219360352,0.6085406541824341,0.0
6.0,1.4747642278671265,0.6153655648231506,0.0
6.0,1.492167353630066,0.6307430267333984,0.0
6.0,1.4892351627349854,0.6376351118087769,0.0
6.0,1.5046203136444092,0.6524705290794373,0.0
6.0,1.5015875101089478,0.6594200134277344,0.0
6.0,1.516797423362732,0.6744816303253174,0.0
6.0,1.528252363204956,0.688055694103241,0.0
6.0,1.525054931640625,0.695114016532898,0.0
6.0,1.5290889739990234,0.7055090665817261,0.0
6.0,1.525810718536377,0.7125710844993591,0.0
6.0,1.5279245376586914,0.7221818566322327,0.0
6.0,1.5299819707870483,0.7318272590637207,0.0
6.0,1.52658212184906,0.7388931512832642,0.0
6.0,1.5285381078720093,0.748582124710083,0.0
6.0,1.525060772895813,0.7556411623954773,0.0
6.0,1.5269147157669067,0.765372633934021,0.0
6.0,1.523359775543213,0.7724239230155945,0.0
6.0,1.5251110792160034,0.7821969389915466,0.0
6.0,1.5268045663833618,0.7920025587081909,0.0
6.0,1.523126482963562,0.7990530729293823,0.0
6.0,1.5264829397201538,0.8098357319831848,0.0
6.0,1.5227224826812744,0.8168845772743225,0.0
6.0,1.5242034196853638,0.8267767429351807,0.0
6.0,1.523871898651123,0.8357383608818054,0.0
6.0,1.5199916362762451,0.8427748680114746,0.0
6.0,1.5160789489746094,0.8497933149337769,0.0
6.0,1.5121338367462158,0.8567936420440674,0.0
6.0,1.5064208507537842,0.8627815842628479,0.0
6.0,1.5024157762527466,0.8697371482849121,0.0
6.0,1.4793899059295654,0.8655641674995422,0.0
6.0,1.258404016494751,1.1220585107803345,0.0
6.0,1.2532029151916504,1.1278645992279053,0.0
6.0,1.2479749917984009,1.1336464881896973,0.0
6.0,1.242720365524292,1.139404296875,0.0
6.0,1.2271639108657837,1.1356288194656372,0.0
6.0,1.2219003438949585,1.141290307044983,0.0
6.0,1.2166106700897217,1.1469274759292603,0.0
6.0,1.2112950086593628,1.1525399684906006,0.0
6.0,1.1987407207489014,1.1512012481689453,0.0
6.0,1.1905333995819092,1.1539472341537476,0.0
6.0,1.185185432434082,1.159439206123352,0.0
6.0,1.1755427122116089,1.1606907844543457,0.0
6.0,1.170163869857788,1.1661133766174316,0.0
6.0,1.1548892259597778,1.1615829467773438,0.0
6.0,1.1382780075073242,1.1555116176605225,0.0
6.0,1.1329234838485718,1.1607619524002075,0.0
6.0,0.9484407305717468,1.3009843826293945,0.0
6.0,0.9424156546592712,1.305355429649353,0.0
6.0,0.9363704323768616,1.3096985816955566,0.0
6.0,0.9303051829338074,1.3140138387680054,0.0
6.0,0.9196276664733887,1.3117502927780151,0.0
6.0,0.9135531187057495,1.3159880638122559,0.0
6.0,0.9040603041648865,1.3152531385421753,0.0
6.0,0.8968445062637329,1.317765474319458,0.0
6.0,0.8907423615455627,1.3218978643417358,0.0
6.0,0.8835113048553467,1.3243381977081299,0.0
6.0,0.8773789405822754,1.3284088373184204,0.0
6.0,0.8701333403587341,1.3307772874832153,0.0
6.0,0.8628846406936646,1.3331069946289062,0.0
6.0,0.8567119836807251,1.3370821475982666,0.0
6.0,0.8505209684371948,1.3410288095474243,0.0
6.0,0.8443118333816528,1.3449467420578003,0.0
6.0,0.8380845785140991,1.3488359451293945,0.0
6.0,0.8318394422531128,1.3526962995529175,0.0
6.0,0.8255765438079834,1.3565278053283691,0.0
6.0,0.8182640671730042,1.358616828918457,0.0
6.0,0.8119739294052124,1.3623855113983154,0.0
6.0,0.805666446685791,1.3661249876022339,0.0
6.0,0.7993417382240295,1.3698352575302124,0.0
6.0,0.7929999232292175,1.373516321182251,0.0
6.0,0.7856492400169373,1.3754312992095947,0.0
6.0,0.7792816758155823,1.3790489435195923,0.0
6.0,0.7728975415229797,1.3826371431350708,0.0
6.0,0.7664967775344849,1.3861957788467407,0.0
6.0,0.7610393762588501,1.3914793729782104,0.0
6.0,0.7545979619026184,1.3949830532073975,0.0
6.0,0.7481403350830078,1.3984569311141968,0.0
6.0,0.7407315373420715,1.4001331329345703,0.0
6.0,0.7342502474784851,1.4035428762435913,0.0
6.0,0.7277532815933228,1.4069225788116455,0.0
6.0,0.7212408185005188,1.410272240638733,0.0
6.0,0.47828006744384766,0.9459640979766846,0.0
6.0,0.4739013910293579,0.948165237903595,0.0
6.0,0.46951261162757874,0.9503461122512817,0.0
6.0,0.46335867047309875,0.9489123821258545,0.0
6.0,0.45896655321121216,0.9510445594787598,0.0
6.0,0.4545646011829376,0.9531563520431519,0.0
6.0,0.4484478533267975,0.9516294598579407,0.0
6.0,0.4440433084964752,0.953692615032196,0.0
6.0,0.43795767426490784,0.9521013498306274,0.0
6.0,0.4335510730743408,0.9541160464286804,0.0
6.0,0.4274972975254059,0.9524610638618469,0.0
6.0,0.4230891466140747,0.9544273614883423,0.0
6.0,0.41706782579421997,0.9527089595794678,0.0
6.0,0.4110715091228485,0.9509554505348206,0.0
6.0,0.4066705107688904,0.9528458118438721,0.0
6.0,0.4007076323032379,0.9510295987129211,0.0
6.0,0.3963063955307007,0.9528720378875732,0.0
6.0,0.3903777003288269,0.9509938359260559,0.0
6.0,0.3852258324623108,0.950934886932373,0.0
6.0,0.3808251619338989,0.9527057409286499,0.0
6.0,0.3749488592147827,0.9507350921630859,0.0
6.0,0.3705492615699768,0.9524585008621216,0.0
6.0,0.3654251992702484,0.9522942900657654,0.0
6.0,0.35960274934768677,0.9502325654029846,0.0
6.0,0.35520562529563904,0.9518849849700928,0.0
6.0,0.35011035203933716,0.9516400694847107,0.0
6.0,0.34570685029029846,0.9532486200332642,0.0
6.0,0.3399495482444763,0.9510700702667236,0.0
6.0,0.3348843455314636,0.9507452249526978,0.0
6.0,0.33048510551452637,0.9522833824157715,0.0
6.0,0.3241378664970398,0.9481237530708313,0.0
6.0,0.3197508454322815,0.9496122002601624,0.0
6.0,0.3147275745868683,0.9491820335388184,0.0
6.0,0.30909445881843567,0.9468244910240173,0.0
6.0,0.304713636636734,0.9482434391975403,0.0
6.0,0.29972323775291443,0.9477351903915405,0.0
6.0,0.29533830285072327,0.9491108059883118,0.0
6.0,0.2897762358188629,0.9466413259506226,0.0
6.0,0.2853964567184448,0.9479709267616272,0.0
6.0,0.28101059794425964,0.9492802619934082,0.0
6.0,0.2760598659515381,0.948648989200592,0.0
6.0,0.27167096734046936,0.9499151706695557,0.0
6.0,0.2661941647529602,0.9473102688789368,0.0
6.0,0.2618115544319153,0.9485308527946472,0.0
6.0,0.2569001317024231,0.9478007555007935,0.0
6.0,0.2520010471343994,0.9470456838607788,0.0
6.0,0.24761982262134552,0.9482006430625916,0.0
6.0,0.24273689091205597,0.9473978877067566,0.0
6.0,0.23835411667823792,0.9485100507736206,0.0
6.0,0.2334877997636795,0.947659969329834,0.0
6.0,0.22863443195819855,0.9467852115631104,0.0
6.0,0.22425465285778046,0.9478321671485901,0.0
6.0,0.21941860020160675,0.9469105005264282,0.0
6.0,0.21503834426403046,0.9479148387908936,0.0
6.0,0.21022003889083862,0.9469464421272278,0.0
6.0,0.2054152935743332,0.9459537863731384,0.0
6.0,0.20103959739208221,0.9468933939933777,0.0
6.0,0.19625328481197357,0.9458544850349426,0.0
6.0,0.19187815487384796,0.9467517137527466,0.0
6.0,0.18711072206497192,0.9456667304039001,0.0
6.0,0.18235743045806885,0.9445579648017883,0.0
6.0,0.1779884397983551,0.9453909993171692,0.0
6.0,0.17325468361377716,0.9442366361618042,0.0
6.0,0.16888727247714996,0.9450275301933289,0.0
6.0,0.16417351365089417,0.9438278675079346,0.0
6.0,0.15980809926986694,0.9445767998695374,0.0
6.0,0.15543925762176514,0.945305585861206,0.0
6.0,0.15075170993804932,0.9440391063690186,0.0
6.0,0.14638546109199524,0.9447259902954102,0.0
6.0,0.14201606810092926,0.9453927278518677,0.0
6.0,0.13764365017414093,0.9460391998291016,0.0
6.0,0.13298949599266052,0.9446850419044495,0.0
6.0,0.12835079431533813,0.9433080554008484,0.0
6.0,0.12398815900087357,0.9438914060592651,0.0
6.0,0.11962287127971649,0.944454550743103,0.0
6.0,0.11525502800941467,0.9449975490570068,0.0
6.0,0.11065176874399185,0.9435338973999023,0.0
6.0,0.10628827661275864,0.9440353512763977,0.0
6.0,0.10192251205444336,0.9445167183876038,0.0
6.0,0.09755457192659378,0.9449778199195862,0.0
6.0,0.09318454563617706,0.9454187750816345,0.0
6.0,0.08862555772066116,0.9438482522964478,0.0
6.0,0.08408308029174805,0.9422557950019836,0.0
6.0,0.07972577959299088,0.9426344633102417,0.0
6.0,0.0753667801618576,0.9429929852485657,0.0
6.0,0.0710061639547348,0.9433313608169556,0.0
6.0,0.06664403527975082,0.9436495900154114,0.0
6.0,0.062280476093292236,0.9439476132392883,0.0
6.0,0.05779314786195755,0.9422292709350586,0.0
6.0,0.05343625321984291,0.9424864053726196,0.0
6.0,0.049078214913606644,0.9427233338356018,0.0
6.0,0.04471912980079651,0.9429401755332947,0.0
6.0,0.04035909101366997,0.9431368708610535,0.0
6.0,0.035998184233903885,0.9433133602142334,0.0
6.0,0.03163651004433632,0.943469762802124,0.0
6.0,0.02727416157722473,0.943605899810791,0.0
6.0,0.022862685844302177,0.9417225122451782,0.0
6.0,0.018508508801460266,0.941818118095398,0.0
6.0,0.014153935015201569,0.9418936371803284,0.0
6.0,0.009799058549106121,0.9419490098953247,0.0
6.0,0.005443972535431385,0.941984236240387,0.0
6.0,0.0010887705720961094,0.9419993162155151,0.0
6.0,-0.0032664549071341753,0.941994309425354,0.0
6.0,-0.00760542880743742,0.9399692416191101,0.0
6.0,-0.011951175518333912,0.9399240016937256,0.0
6.0,-0.01633133925497532,0.9418584108352661,0.0
6.0,-0.020685726776719093,0.9417728185653687,0.0
6.0,-0.0250396728515625,0.9416671395301819,0.0
6.0,-0.029393082484602928,0.941541314125061,0.0
6.0,-0.033745866268873215,0.9413953423500061,0.0
6.0,-0.03809792548418045,0.9412292242050171,0.0
6.0,-0.04244917258620262,0.9410430192947388,0.0
6.0,-0.04679951071739197,0.9408367276191711,0.0
6.0,-0.05114884674549103,0.9406102895736694,0.0
6.0,-0.05549709498882294,0.9403637647628784,0.0
6.0,-0.05984415113925934,0.9400971531867981,0.0
6.0,-0.06418993324041367,0.9398103952407837,0.0
6.0,-0.06853433698415756,0.9395036101341248,0.0
6.0,-0.07287728041410446,0.9391766786575317,0.0
6.0,-0.0772186666727066,0.9388297200202942,0.0
6.0,-0.08173156529664993,0.9404551982879639,0.0
6.0,-0.08607876300811768,0.9400672912597656,0.0
6.0,-0.09042412787675858,0.9396592378616333,0.0
6.0,-0.09476755559444427,0.9392311573028564,0.0
6.0,-0.09910895675420761,0.9387829303741455,0.0
6.0,-0.10366740822792053,0.9403026103973389,0.0
6.0,-0.10801366716623306,0.9398132562637329,0.0
6.0,-0.11235762387514114,0.9393038749694824,0.0
6.0,-0.11669917404651642,0.9387743473052979,0.0
6.0,-0.12129412591457367,0.940208375453949,0.0
6.0,-0.12563976645469666,0.9396375417709351,0.0
6.0,-0.12998270988464355,0.9390466213226318,0.0
6.0,-0.1343228816986084,0.9384356141090393,0.0
6.0,-0.13866019248962402,0.9378045797348022,0.0
6.0,-0.14329619705677032,0.9391305446624756,0.0
6.0,-0.14763662219047546,0.9384579658508301,0.0
6.0,-0.1522938311100006,0.9397396445274353,0.0
6.0,-0.15696603059768677,0.9409981966018677,0.0
6.0,-0.1613149493932724,0.9402624368667603,0.0
6.0,-0.16531310975551605,0.9375370144844055,0.0
6.0,-0.16964592039585114,0.9367626905441284,0.0
6.0,-0.1743406057357788,0.9379346370697021,0.0
6.0,-0.17942433059215546,0.9410477876663208,0.0
6.0,-0.1837732195854187,0.9402081966400146,0.0
6.0,-0.18890365958213806,0.9432706236839294,0.0
6.0,-0.1932627260684967,0.9423871636390686,0.0
6.0,-0.19720681011676788,0.9395262002944946,0.0
6.0,-0.2015484869480133,0.9386043548583984,0.0
6.0,-0.2058858424425125,0.9376624822616577,0.0
6.0,-0.2106567770242691,0.9386520981788635,0.0
6.0,-0.21499426662921906,0.9376680850982666,0.0
6.0,-0.22023911774158478,0.9405587315559387,0.0
6.0,-0.22458532452583313,0.9395304322242737,0.0
6.0,-0.22940067946910858,0.9404250979423523,0.0
6.0,-0.23374615609645844,0.939354419708252,0.0
6.0,-0.23808665573596954,0.9382636547088623,0.0
6.0,-0.24292293190956116,0.9390891790390015,0.0
6.0,-0.24726209044456482,0.9379560351371765,0.0
6.0,-0.2521147131919861,0.9387343525886536,0.0
6.0,-0.2569798231124878,0.9394878149032593,0.0
6.0,-0.26132068037986755,0.9382896423339844,0.0
6.0,-0.2662014365196228,0.9389956593513489,0.0
6.0,-0.27053990960121155,0.9377548694610596,0.0
6.0,-0.2754358649253845,0.9384130239486694,0.0
6.0,-0.2797715663909912,0.937129557132721,0.0
6.0,-0.2846822738647461,0.9377398490905762,0.0
6.0,-0.2896045744419098,0.9383246898651123,0.0
6.0,-0.2939396798610687,0.9369757175445557,0.0
6.0,-0.298876017332077,0.937512218952179,0.0
6.0,-0.30320730805397034,0.9361203908920288,0.0
6.0,-0.30815714597702026,0.9366083145141602,0.0
6.0,-0.31248414516448975,0.9351736307144165,0.0
6.0,-0.31744706630706787,0.9356127977371216,0.0
6.0,-0.32307204604148865,0.9379170536994934,0.0
6.0,-0.3274049460887909,0.9364133477210999,0.0
6.0,-0.3323996663093567,0.936774492263794,0.0
6.0,-0.33672717213630676,0.9352276921272278,0.0
6.0,-0.3417336642742157,0.9355394840240479,0.0
6.0,-0.34744516015052795,0.9377003312110901,0.0
6.0,-0.35177677869796753,0.9360839128494263,0.0
6.0,-0.35681307315826416,0.9363163709640503,0.0
6.0,-0.3611381947994232,0.9346566796302795,0.0
6.0,-0.3669145405292511,0.9367015361785889,0.0
6.0,-0.37124133110046387,0.934995174407959,0.0
6.0,-0.37705346941947937,0.9369795322418213,0.0
6.0,-0.3828918933868408,0.9389302134513855,0.0
6.0,-0.3872288167476654,0.9371499419212341,0.0
6.0,-0.39232975244522095,0.9371944665908813,0.0
6.0,-0.3966585695743561,0.9353705644607544,0.0
6.0,-0.40176820755004883,0.9353642463684082,0.0
6.0,-0.4076840579509735,0.9371646642684937,0.0
6.0,-0.41201257705688477,0.9352697730064392,0.0
6.0,-0.41714704036712646,0.9351814985275269,0.0
6.0,-0.42146629095077515,0.9332428574562073,0.0
6.0,-0.4266080856323242,0.9331032037734985,0.0
6.0,-0.4309176206588745,0.9311208724975586,0.0
6.0,-0.4369146525859833,0.9327408671379089,0.0
6.0,-0.44293591380119324,0.9343253374099731,0.0
6.0,-0.4472509026527405,0.9322674870491028,0.0
6.0,-0.45330315828323364,0.9337881207466125,0.0
6.0,-0.45761555433273315,0.9316823482513428,0.0
6.0,-0.4645882546901703,0.9349298477172852,0.0
6.0,-0.46890580654144287,0.9327718615531921,0.0
6.0,-0.4750264286994934,0.9341594576835632,0.0
6.0,-0.4811698794364929,0.9355103373527527,0.0
6.0,-0.48548996448516846,0.9332757592201233,0.0
6.0,-0.4916619658470154,0.9345611333847046,0.0
6.0,-0.4959775507450104,0.9322779774665833,0.0
6.0,-0.5021774768829346,0.9334975481033325,0.0
6.0,-1.1073026657104492,1.9701473712921143,0.0
6.0,-1.1163995265960693,1.9650068283081055,0.0
6.0,-1.1254725456237793,1.9598243236541748,0.0
6.0,-1.1345216035842896,1.9545998573303223,0.0
6.0,-1.1475942134857178,1.9562338590621948,0.0
6.0,-1.1566263437271118,1.9509072303771973,0.0
6.0,-1.1656336784362793,1.945538878440857,0.0
6.0,-1.1808311939239502,1.9503942728042603,0.0
6.0,-1.1898359060287476,1.9449139833450317,0.0
6.0,-1.203021764755249,1.9461971521377563,0.0
6.0,-1.2183634042739868,1.9507921934127808,0.0
6.0,-1.2273696660995483,1.9451384544372559,0.0
6.0,-1.2406500577926636,1.946189045906067,0.0
6.0,-1.2496347427368164,1.9404323101043701,0.0
6.0,-1.265136480331421,1.944692611694336,0.0
6.0,-1.2741140127182007,1.938822627067566,0.0
6.0,-1.2897008657455444,1.9429091215133667,0.0
6.0,-1.3053525686264038,1.9468926191329956,0.0
6.0,-1.3143398761749268,1.9408366680145264,0.0
6.0,-1.3300734758377075,1.9446439743041992,0.0
6.0,-1.3390501737594604,1.9384738206863403,0.0
6.0,-1.3548640012741089,1.9421039819717407,0.0
6.0,-1.3684360980987549,1.9423589706420898,0.0
6.0,-1.3774017095565796,1.9360114336013794,0.0
6.0,-1.3956735134124756,1.942616581916809,0.0
6.0,-1.4046399593353271,1.936143159866333,0.0
6.0,-1.420668125152588,1.939308762550354,0.0
6.0,-1.4296190738677979,1.9327197074890137,0.0
6.0,-1.4457200765609741,1.9357037544250488,0.0
6.0,-1.4618792533874512,1.9385801553726196,0.0
6.0,-1.4708263874053955,1.9318006038665771,0.0
6.0,-1.4894933700561523,1.9376649856567383,0.0
6.0,-1.4984359741210938,1.930757761001587,0.0
6.0,-1.5147476196289062,1.9332553148269653,0.0
6.0,-1.5236696004867554,1.9262313842773438,0.0
6.0,-1.5325590372085571,1.9191663265228271,0.0
6.0,-1.5288634300231934,1.8964897394180298,0.0
6.0,-1.5376152992248535,1.8894009590148926,0.0
6.0,-1.5285601615905762,1.8606363534927368,0.0
6.0,-1.521825909614563,1.8350754976272583,0.0
6.0,-1.5302939414978027,1.8280199766159058,0.0
6.0,-1.5206568241119385,1.799538493156433,0.0
6.0,-1.5289604663848877,1.792488694190979,0.0
6.0,-1.5215721130371094,1.767213225364685,0.0
6.0,-1.5297263860702515,1.7601594924926758,0.0
6.0,-1.522020936012268,1.7350263595581055,0.0
6.0,-1.516767978668213,1.7129971981048584,0.0
6.0,-1.5246715545654297,1.7059663534164429,0.0
6.0,-1.5164668560028076,1.6810781955718994,0.0
6.0,-1.5242228507995605,1.6740490198135376,0.0
6.0,-1.5184133052825928,1.6522581577301025,0.0
6.0,-1.5124350786209106,1.6305570602416992,0.0
6.0,-1.5199575424194336,1.623547077178955,0.0
6.0,-1.5137115716934204,1.6019654273986816,0.0
6.0,-1.5211018323898315,1.5949499607086182,0.0
6.0,-1.5118157863616943,1.570609211921692,0.0
6.0,-1.505124807357788,1.549257755279541,0.0
6.0,-1.512271523475647,1.5422824621200562,0.0
6.0,-1.5053175687789917,1.5210586786270142,0.0
6.0,-1.512333869934082,1.5140827894210815,0.0
6.0,-1.505118489265442,1.4929895401000977,0.0
6.0,-1.500593900680542,1.4747997522354126,0.0
6.0,-1.5073963403701782,1.4678462743759155,0.0
6.0,-1.5026520490646362,1.4497520923614502,0.0
6.0,-1.5093387365341187,1.4427891969680786,0.0
6.0,-1.5043762922286987,1.4247932434082031,0.0
6.0,-1.510947585105896,1.4178227186203003,0.0
6.0,-1.5043036937713623,1.398565649986267,0.0
6.0,-1.4989855289459229,1.3807557821273804,0.0
6.0,-1.505353331565857,1.3738106489181519,0.0
6.0,-1.4998208284378052,1.3561054468154907,0.0
6.0,-1.494157075881958,1.338480830192566,0.0
6.0,-1.5003293752670288,1.3315584659576416,0.0
6.0,-1.4944539070129395,1.3140424489974976,0.0
6.0,-1.5005131959915161,1.3071190118789673,0.0
6.0,-1.4944275617599487,1.289713978767395,0.0
6.0,-1.4912536144256592,1.274992823600769,0.0
6.0,-1.497132420539856,1.2680845260620117,0.0
6.0,-1.492254614830017,1.2521501779556274,0.0
6.0,-1.4980278015136719,1.2452374696731567,0.0
6.0,-1.4929616451263428,1.2293988466262817,0.0
6.0,-1.4986296892166138,1.2224831581115723,0.0
6.0,-1.49337637424469,1.2067421674728394,0.0
6.0,-1.4895713329315186,1.1923259496688843,0.0
6.0,-1.4950679540634155,1.1854263544082642,0.0
6.0,-1.4910954236984253,1.17108952999115,0.0
6.0,-1.4964938163757324,1.1641831398010254,0.0
6.0,-1.4907705783843994,1.1487066745758057,0.0
6.0,-1.4849364757537842,1.1333082914352417,0.0
6.0,-1.490160346031189,1.1264307498931885,0.0
6.0,-1.485746145248413,1.1123372316360474,0.0
6.0,-1.4908729791641235,1.1054562330245972,0.0
6.0,-1.484683871269226,1.090265154838562,0.0
6.0,-1.4816211462020874,1.0775076150894165,0.0
6.0,-1.4865870475769043,1.070646047592163,0.0
6.0,-1.4817514419555664,1.0567936897277832,0.0
6.0,-1.4866214990615845,1.0499316453933716,0.0
6.0,-1.481626033782959,1.0361700057983398,0.0
6.0,-1.4781795740127563,1.0236157178878784,0.0
6.0,-1.482896327972412,1.016770601272583,0.0
6.0,-1.4793078899383545,1.0042870044708252,0.0
6.0,-1.4839352369308472,0.9974368214607239,0.0
6.0,-1.4785407781600952,0.9839172959327698,0.0
6.0,-1.4830739498138428,0.9770709276199341,0.0
6.0,-1.4775242805480957,0.9636483192443848,0.0
6.0,-1.4752428531646729,0.9524675607681274,0.0
6.0,-1.479630708694458,0.9456368088722229,0.0
6.0,-1.4738457202911377,0.9323703646659851,0.0
6.0,-1.471360206604004,0.9213006496429443,0.0
6.0,-1.4756040573120117,0.9144881367683411,0.0
6.0,-1.4729969501495361,0.903473436832428,0.0
6.0,-1.4771583080291748,0.8966535329818726,0.0
6.0,-1.4727157354354858,0.8846651315689087,0.0
6.0,-1.476790189743042,0.8778467774391174,0.0
6.0,-1.4722133874893188,0.8659396767616272,0.0
6.0,-1.4692870378494263,0.8550998568534851,0.0
6.0,-1.4732247591018677,0.848297655582428,0.0
6.0,-1.470179796218872,0.8375174403190613,0.0
6.0,-1.4740362167358398,0.830711305141449,0.0
6.0,-1.4708735942840576,0.819991946220398,0.0
6.0,-1.4676436185836792,0.8093196749687195,0.0
6.0,-1.4713696241378784,0.8025255799293518,0.0
6.0,-1.4662631750106812,0.7909665703773499,0.0
6.0,-1.4699045419692993,0.7841790914535522,0.0
6.0,-1.4664386510849,0.7736418843269348,0.0
6.0,-1.462906837463379,0.7631535530090332,0.0
6.0,-1.4664195775985718,0.7563818097114563,0.0
6.0,-1.4627741575241089,0.7459595203399658,0.0
6.0,-1.4662073850631714,0.7391886115074158,0.0
6.0,-1.464239239692688,0.7297256588935852,0.0
6.0,-1.460420846939087,0.7194129824638367,0.0
6.0,-1.4637314081192017,0.7126532196998596,0.0
6.0,-1.4598016738891602,0.7024095058441162,0.0
6.0,-1.4630335569381714,0.6956527829170227,0.0
6.0,-1.4589935541152954,0.6854793429374695,0.0
6.0,-1.4585189819335938,0.6770423650741577,0.0
6.0,-1.4616336822509766,0.6702918410301208,0.0
6.0,-1.4592516422271729,0.6610511541366577,0.0
6.0,-1.4622923135757446,0.654297411441803,0.0
6.0,-1.4598137140274048,0.6451044678688049,0.0
6.0,-1.4627807140350342,0.6383483409881592,0.0
6.0,-1.458369493484497,0.6284127235412598,0.0
6.0,-1.4557381868362427,0.6193145513534546,0.0
6.0,-1.4585858583450317,0.6125775575637817,0.0
6.0,-1.4558597803115845,0.603529691696167,0.0
6.0,-1.458634614944458,0.5967922806739807,0.0
6.0,-1.4558147192001343,0.5877957344055176,0.0
6.0,-1.4529427289962769,0.578838050365448,0.0
6.0,-1.4556033611297607,0.5721144080162048,0.0
6.0,-1.4526386260986328,0.5632094740867615,0.0
6.0,-1.455227017402649,0.5564873814582825,0.0
6.0,-1.4521703720092773,0.5476362705230713,0.0
6.0,-1.4546867609024048,0.5409165024757385,0.0
6.0,-1.453416347503662,0.5328083634376526,0.0
6.0,-1.4521023035049438,0.5247235894203186,0.0
6.0,-1.4545128345489502,0.5180043578147888,0.0
6.0,-1.4512306451797485,0.5092872381210327,0.0
6.0,-1.453569769859314,0.502572238445282,0.0
6.0,-1.4501981735229492,0.49391207098960876,0.0
6.0,-1.4467778205871582,0.4852938950061798,0.0
6.0,-1.4490059614181519,0.4785997271537781,0.0
6.0,-1.4454972743988037,0.47003987431526184,0.0
6.0,-1.4476549625396729,0.4633517861366272,0.0
6.0,-1.4459666013717651,0.4554520845413208,0.0
6.0,-1.444236159324646,0.44757789373397827,0.0
6.0,-1.4462900161743164,0.44089585542678833,0.0
6.0,-1.4444814920425415,0.43305572867393494,0.0
6.0,-1.4464682340621948,0.4263727366924286,0.0
6.0,-1.4445819854736328,0.41856738924980164,0.0
6.0,-1.4426547288894653,0.4107886552810669,0.0
6.0,-1.4445385932922363,0.40411433577537537,0.0
6.0,-1.4425344467163086,0.3963715732097626,0.0
6.0,-1.4443516731262207,0.38969796895980835,0.0
6.0,-1.4422712326049805,0.3819918930530548,0.0
6.0,-1.440150499343872,0.37431344389915466,0.0
6.0,-1.4418656826019287,0.367651104927063,0.0
6.0,-1.4396694898605347,0.3600104749202728,0.0
6.0,-1.4413186311721802,0.35335052013397217,0.0
6.0,-1.4390475749969482,0.34574854373931885,0.0
6.0,-1.4406307935714722,0.33909159898757935,0.0
6.0,-1.4402341842651367,0.3319781720638275,0.0
6.0,-1.4378516674041748,0.32443544268608093,0.0
6.0,-1.4393362998962402,0.31778424978256226,0.0
6.0,-1.436880350112915,0.31028199195861816,0.0
6.0,-1.438299536705017,0.3036354184150696,0.0
6.0,-1.4377292394638062,0.2965783476829529,0.0
6.0,-1.4371243715286255,0.28953298926353455,0.0
6.0,-1.4384477138519287,0.2828855514526367,0.0
6.0,-1.4358118772506714,0.275478333234787,0.0
6.0,-1.4370701313018799,0.2688370943069458,0.0
6.0,-1.4363301992416382,0.26183146238327026,0.0
6.0,-1.433586835861206,0.2544887959957123,0.0
6.0,-1.4347481727600098,0.24785807728767395,0.0
6.0,-1.4339064359664917,0.2408907115459442,0.0
6.0,-1.4350048303604126,0.23425865173339844,0.0
6.0,-1.4340972900390625,0.2273084968328476,0.0
6.0,-1.4351328611373901,0.22067570686340332,0.0
6.0,-1.4321813583374023,0.21344853937625885,0.0
6.0,-1.4331529140472412,0.20682474970817566,0.0
6.0,-1.4340938329696655,0.2001965492963791,0.0
6.0,-1.433022141456604,0.19329670071601868,0.0
6.0,-1.4339004755020142,0.1866692453622818,0.0
6.0,-1.4307793378829956,0.1795397698879242,0.0
6.0,-1.4296085834503174,0.172682985663414,0.0
6.0,-1.4303916692733765,0.16607153415679932,0.0
6.0,-1.4291564226150513,0.15923504531383514,0.0
6.0,-1.4298774003982544,0.15262581408023834,0.0
6.0,-1.4285781383514404,0.14581026136875153,0.0
6.0,-1.4272464513778687,0.1390099823474884,0.0
6.0,-1.4278738498687744,0.13240979611873627,0.0
6.0,-1.4284707307815552,0.1258067935705185,0.0
6.0,-1.429037094116211,0.11920109391212463,0.0
6.0,-1.4275791645050049,0.11243581771850586,0.0
6.0,-1.4260891675949097,0.10568656772375107,0.0
6.0,-1.4265625476837158,0.09909209609031677,0.0
6.0,-1.427005410194397,0.09249550849199295,0.0
6.0,-1.4274177551269531,0.08589693903923035,0.0
6.0,-1.4258028268814087,0.07918563485145569,0.0
6.0,-1.4261536598205566,0.07259277254343033,0.0
6.0,-1.424476146697998,0.06590592116117477,0.0
6.0,-1.424765706062317,0.05931933596730232,0.0
6.0,-1.4250247478485107,0.0527314767241478,0.0
6.0,-1.423254370689392,0.04607778042554855,0.0
6.0,-1.4234521389007568,0.039497051388025284,0.0
6.0,-1.4236195087432861,0.03291548043489456,0.0
6.0,-1.4217568635940552,0.0262962207198143,0.0
6.0,-1.421863317489624,0.019722629338502884,0.0
6.0,-1.4219392538070679,0.013148615136742592,0.0
6.0,-1.4219849109649658,0.006574319209903479,0.0
6.0,-1.4220000505447388,-1.1636915075996512e-07,0.0
7.0,-1.4220000505447388,1.2431519280653447e-07,0.0
7.0,-1.4199848175048828,-0.006565064657479525,0.0
7.0,-1.4199392795562744,-0.013130112551152706,0.0
7.0,-1.4198633432388306,-0.01969487965106964,0.0
7.0,-1.4197571277618408,-0.026259226724505424,0.0
7.0,-1.4196205139160156,-0.03282301127910614,0.0
7.0,-1.4194536209106445,-0.039386097341775894,0.0
7.0,-1.423254370689392,-0.04607777297496796,0.0
7.0,-1.4230260848999023,-0.052657514810562134,0.0
7.0,-1.4227674007415771,-0.059236131608486176,0.0
7.0,-1.4224783182144165,-0.06581348180770874,0.0
7.0,-1.420161485671997,-0.07228775322437286,0.0
7.0,-1.4198120832443237,-0.07885292172431946,0.0
7.0,-1.4194324016571045,-0.08541639894247055,0.0
7.0,-1.4190223217010498,-0.0919780507683754,0.0
7.0,-1.4185818433761597,-0.09853773564100266,0.0
7.0,-1.4181110858917236,-0.10509531199932098,0.0
7.0,-1.4176100492477417,-0.11165064573287964,0.0
7.0,-1.4190717935562134,-0.11836984008550644,0.0
7.0,-1.4165170192718506,-0.12475401163101196,0.0
7.0,-1.415925145149231,-0.13130176067352295,0.0
7.0,-1.4172935485839844,-0.13804058730602264,0.0
7.0,-1.4166401624679565,-0.1445917785167694,0.0
7.0,-1.4159564971923828,-0.15113988518714905,0.0
7.0,-1.417230248451233,-0.15790623426437378,0.0
7.0,-1.416485071182251,-0.16445693373680115,0.0
7.0,-1.4157096147537231,-0.17100411653518677,0.0
7.0,-1.4149038791656494,-0.1775476336479187,0.0
7.0,-1.4160510301589966,-0.184345543384552,0.0
7.0,-1.415183663368225,-0.19089050590991974,0.0
7.0,-1.416266679763794,-0.1977079063653946,0.0
7.0,-1.4153375625610352,-0.20425371825695038,0.0
7.0,-1.414378046989441,-0.21079516410827637,0.0
7.0,-1.4133883714675903,-0.21733210980892181,0.0
7.0,-1.4143438339233398,-0.2241775244474411,0.0
7.0,-1.4152661561965942,-0.23103637993335724,0.0
7.0,-1.4141827821731567,-0.23757721483707428,0.0
7.0,-1.4130693674087524,-0.24411296844482422,0.0
7.0,-1.4119255542755127,-0.2506435215473175,0.0
7.0,-1.4127192497253418,-0.25752735137939453,0.0
7.0,-1.4115134477615356,-0.26405614614486694,0.0
7.0,-1.4142060279846191,-0.2713329792022705,0.0
7.0,-1.4129364490509033,-0.27786847949028015,0.0
7.0,-1.4116365909576416,-0.28439804911613464,0.0
7.0,-1.410306692123413,-0.29092150926589966,0.0
7.0,-1.4089465141296387,-0.2974388003349304,0.0
7.0,-1.4095112085342407,-0.30437183380126953,0.0
7.0,-1.4119948148727417,-0.31174764037132263,0.0
7.0,-1.4105384349822998,-0.31827250123023987,0.0
7.0,-1.4110007286071777,-0.32523974776268005,0.0
7.0,-1.4094818830490112,-0.33175987005233765,0.0
7.0,-1.4098777770996094,-0.33874011039733887,0.0
7.0,-1.4082965850830078,-0.34525489807128906,0.0
7.0,-1.4086254835128784,-0.3522474765777588,0.0
7.0,-1.4089198112487793,-0.3592504560947418,0.0
7.0,-1.4072438478469849,-0.36576056480407715,0.0
7.0,-1.4094043970108032,-0.3732869625091553,0.0
7.0,-1.4076634645462036,-0.3797991871833801,0.0
7.0,-1.4058924913406372,-0.38630327582359314,0.0
7.0,-1.406017541885376,-0.3933379352092743,0.0
7.0,-1.4041839838027954,-0.3998342752456665,0.0
7.0,-1.4061622619628906,-0.40743526816368103,0.0
7.0,-1.4042636156082153,-0.4139321446418762,0.0
7.0,-1.4061663150787354,-0.4215688407421112,0.0
7.0,-1.4042022228240967,-0.42806556820869446,0.0
7.0,-1.4060288667678833,-0.4357371926307678,0.0
7.0,-1.4059067964553833,-0.4428339898586273,0.0
7.0,-1.4038443565368652,-0.44932928681373596,0.0
7.0,-1.4036539793014526,-0.4564334452152252,0.0
7.0,-1.4015287160873413,-0.4629181921482086,0.0
7.0,-1.4031658172607422,-0.4706651270389557,0.0
7.0,-1.4047611951828003,-0.47843700647354126,0.0
7.0,-1.4025341272354126,-0.48492664098739624,0.0
7.0,-1.4040515422821045,-0.4927304685115814,0.0
7.0,-1.4017584323883057,-0.49921664595603943,0.0
7.0,-1.4031972885131836,-0.5070515275001526,0.0
7.0,-1.400838017463684,-0.5135335922241211,0.0
7.0,-1.4003233909606934,-0.5207017660140991,0.0
7.0,-1.403515100479126,-0.529287576675415,0.0
7.0,-1.4010529518127441,-0.5357708930969238,0.0
7.0,-1.4022904634475708,-0.5436887145042419,0.0
7.0,-1.3997617959976196,-0.5501662492752075,0.0
7.0,-1.4009191989898682,-0.558112382888794,0.0
7.0,-1.4020328521728516,-0.5660809278488159,0.0
7.0,-1.3994007110595703,-0.5725570321083069,0.0
7.0,-1.4022812843322754,-0.5813185572624207,0.0
7.0,-1.39957857131958,-0.587795615196228,0.0
7.0,-1.400526762008667,-0.5958260297775269,0.0
7.0,-1.401430606842041,-0.6038777232170105,0.0
7.0,-1.3986237049102783,-0.6103506088256836,0.0
7.0,-1.4012748003005981,-0.619235634803772,0.0
7.0,-1.3983968496322632,-0.6257076263427734,0.0
7.0,-1.3991327285766602,-0.6338168382644653,0.0
7.0,-1.3961873054504395,-0.6402787566184998,0.0
7.0,-1.3986544609069824,-0.6492533087730408,0.0
7.0,-1.399258017539978,-0.6574137806892395,0.0
7.0,-1.396203637123108,-0.6638760566711426,0.0
7.0,-1.3985260725021362,-0.6729256510734558,0.0
7.0,-1.3953999280929565,-0.6793843507766724,0.0
7.0,-1.397626280784607,-0.6884799599647522,0.0
7.0,-1.3944282531738281,-0.6949343085289001,0.0
7.0,-1.3947722911834717,-0.7031745910644531,0.0
7.0,-1.3968513011932373,-0.7123413681983948,0.0
7.0,-1.393543004989624,-0.7187919616699219,0.0
7.0,-1.395524501800537,-0.7280022501945496,0.0
7.0,-1.3921438455581665,-0.7344465255737305,0.0
7.0,-1.3957916498184204,-0.7446406483650208,0.0
7.0,-1.3976147174835205,-0.7539345622062683,0.0
7.0,-1.3941140174865723,-0.760388195514679,0.0
7.0,-1.395837664604187,-0.7697228789329529,0.0
7.0,-1.3922640085220337,-0.7761681079864502,0.0
7.0,-1.3938877582550049,-0.7855426073074341,0.0
7.0,-1.3902409076690674,-0.791978657245636,0.0
7.0,-1.3917640447616577,-0.8013917207717896,0.0
7.0,-1.3949583768844604,-0.8118418455123901,0.0
7.0,-1.3911899328231812,-0.8182825446128845,0.0
7.0,-1.3942686319351196,-0.8287935853004456,0.0
7.0,-1.390421986579895,-0.8352309465408325,0.0
7.0,-1.391674518585205,-0.8447638750076294,0.0
7.0,-1.3928685188293457,-0.854326069355011,0.0
7.0,-1.3889037370681763,-0.8607566952705383,0.0
7.0,-1.3916897773742676,-0.8714145421981812,0.0
7.0,-1.3876460790634155,-0.8778395056724548,0.0
7.0,-1.3903136253356934,-0.8885539174079895,0.0
7.0,-1.38619065284729,-0.8949723243713379,0.0
7.0,-1.3887388706207275,-0.9057419300079346,0.0
7.0,-1.392886996269226,-0.9176544547080994,0.0
7.0,-1.38862943649292,-0.924084484577179,0.0
7.0,-1.3909817934036255,-0.9349575638771057,0.0
7.0,-1.3866442441940308,-0.9413785934448242,0.0
7.0,-1.38722562789917,-0.9511725306510925,0.0
7.0,-1.3910343647003174,-0.9632691144943237,0.0
7.0,-1.3865660429000854,-0.9696900844573975,0.0
7.0,-1.3886024951934814,-0.9807054400444031,0.0
7.0,-1.3840535879135132,-0.9871149659156799,0.0
7.0,-1.3859665393829346,-0.9981786608695984,0.0
7.0,-1.3813366889953613,-1.0045758485794067,0.0
7.0,-1.3863496780395508,-1.0180542469024658,0.0
7.0,-1.3816280364990234,-1.024453043937683,0.0
7.0,-1.3768768310546875,-1.030829906463623,0.0
7.0,-1.365714430809021,-1.032360553741455,0.0
7.0,-1.360926866531372,-1.0386637449264526,0.0
7.0,-1.3450204133987427,-1.036399483680725,0.0
7.0,-1.3275858163833618,-1.0327826738357544,0.0
7.0,-1.3227967023849487,-1.0389095544815063,0.0
7.0,-1.3070091009140015,-1.036316156387329,0.0
7.0,-1.302203893661499,-1.04234778881073,0.0
7.0,-1.2833703756332397,-1.0370440483093262,0.0
7.0,-1.278562068939209,-1.0429664850234985,0.0
7.0,-1.259831190109253,-1.0374244451522827,0.0
7.0,-1.24117910861969,-1.0317317247390747,0.0
7.0,-1.2363957166671753,-1.037459135055542,0.0
7.0,-1.219377040863037,-1.0328232049942017,0.0
7.0,-1.203947901725769,-1.0293519496917725,0.0
7.0,-1.1991759538650513,-1.0349072217941284,0.0
7.0,-1.1838220357894897,-1.0312446355819702,0.0
7.0,-1.1790415048599243,-1.0367069244384766,0.0
7.0,-1.1652607917785645,-1.0341814756393433,0.0
7.0,-1.1604669094085693,-1.0395578145980835,0.0
7.0,-1.1452637910842896,-1.0355225801467896,0.0
7.0,-1.128645658493042,-1.0300209522247314,0.0
7.0,-1.1238713264465332,-1.0352280139923096,0.0
7.0,-1.1102845668792725,-1.0322422981262207,0.0
7.0,-1.0952911376953125,-1.0277845859527588,0.0
7.0,-1.0905276536941528,-1.0328376293182373,0.0
7.0,-1.0756207704544067,-1.0281946659088135,0.0
7.0,-1.0708554983139038,-1.0331566333770752,0.0
7.0,-1.0574699640274048,-1.0297247171401978,0.0
7.0,-1.0526978969573975,-1.0346027612686157,0.0
7.0,-1.0408036708831787,-1.0324163436889648,0.0
7.0,-1.0289523601531982,-1.0301421880722046,0.0
7.0,-1.0241786241531372,-1.0348883867263794,0.0
7.0,-1.0095813274383545,-1.029616355895996,0.0
7.0,-0.9964483380317688,-1.0256658792495728,0.0
7.0,-0.9916956424713135,-1.0302618741989136,0.0
7.0,-0.9814006090164185,-1.029046654701233,0.0
7.0,-0.9766324162483215,-1.033573031425476,0.0
7.0,-0.9650089740753174,-1.030777096748352,0.0
7.0,-0.9602330327033997,-1.035227656364441,0.0
7.0,-0.9473166465759277,-1.030820608139038,0.0
7.0,-0.9358082413673401,-1.0277951955795288,0.0
7.0,-0.9310463666915894,-1.0321108102798462,0.0
7.0,-0.9196008443832397,-1.028948187828064,0.0
7.0,-0.9148337841033936,-1.033188819885254,0.0
7.0,-0.9034526348114014,-1.0298899412155151,0.0
7.0,-0.8921217322349548,-1.026508092880249,0.0
7.0,-0.8873662352561951,-1.0306217670440674,0.0
7.0,-0.8761021494865417,-1.0271052122116089,0.0
7.0,-0.8713441491127014,-1.0311447381973267,0.0
7.0,-0.8614321947097778,-1.0290279388427734,0.0
7.0,-0.8515586256980896,-1.0268417596817017,0.0
7.0,-0.8468020558357239,-1.030767798423767,0.0
7.0,-0.8369777202606201,-1.0284669399261475,0.0
7.0,-0.832213819026947,-1.0323256254196167,0.0
7.0,-0.8224400281906128,-1.0299108028411865,0.0
7.0,-0.8114656805992126,-1.0258593559265137,0.0
7.0,-0.8067141175270081,-1.0296000242233276,0.0
7.0,-0.7970404028892517,-1.02699875831604,0.0
7.0,-0.7922836542129517,-1.0306727886199951,0.0
7.0,-0.7838754057884216,-1.0295510292053223,0.0
7.0,-0.7742902636528015,-1.0267767906188965,0.0
7.0,-0.7695348262786865,-1.0303456783294678,0.0
7.0,-0.7600054740905762,-1.0274608135223389,0.0
7.0,-0.7552469968795776,-1.030963659286499,0.0
7.0,-0.7469490170478821,-1.029587745666504,0.0
7.0,-0.7386800646781921,-1.0281574726104736,0.0
7.0,-0.7339186072349548,-1.0315617322921753,0.0
7.0,-0.7245339155197144,-1.028403878211975,0.0
7.0,-0.7197715044021606,-1.0317426919937134,0.0
7.0,-0.710446834564209,-1.0284771919250488,0.0
7.0,-0.7011678218841553,-1.0251476764678955,0.0
7.0,-0.6964206695556641,-1.0283784866333008,0.0
7.0,-0.6883172988891602,-1.0266036987304688,0.0
7.0,-0.6835635304450989,-1.0297751426696777,0.0
7.0,-0.6744017601013184,-1.0262389183044434,0.0
7.0,-0.6663779616355896,-1.0243165493011475,0.0
7.0,-0.6616350412368774,-1.0273865461349487,0.0
7.0,-0.6536526679992676,-1.0253751277923584,0.0
7.0,-0.6489050388336182,-1.0283862352371216,0.0
7.0,-0.6409651637077332,-1.0262863636016846,0.0
7.0,-0.6330586075782776,-1.0241351127624512,0.0
7.0,-0.6283168792724609,-1.0270510911941528,0.0
7.0,-0.6214901208877563,-1.0265233516693115,0.0
7.0,-0.6167374849319458,-1.0293856859207153,0.0
7.0,-0.6089117527008057,-1.0270649194717407,0.0
7.0,-0.6041567921638489,-1.0298691987991333,0.0
7.0,-0.5963768362998962,-1.0274622440338135,0.0
7.0,-0.5886321663856506,-1.0250054597854614,0.0
7.0,-0.5838868618011475,-1.027716040611267,0.0
7.0,-0.5761893391609192,-1.0251740217208862,0.0
7.0,-0.5714434385299683,-1.0278270244598389,0.0
7.0,-0.5647578239440918,-1.026953101158142,0.0
7.0,-0.5580925345420837,-1.0260393619537354,0.0
7.0,-0.5533427596092224,-1.0286086797714233,0.0
7.0,-0.5457631349563599,-1.0258588790893555,0.0
7.0,-0.5410143733024597,-1.0283712148666382,0.0
7.0,-0.5344080924987793,-1.027312994003296,0.0
7.0,-0.5269083976745605,-1.0244370698928833,0.0
7.0,-0.5221664309501648,-1.0268622636795044,0.0
7.0,-0.5156167149543762,-1.0256916284561157,0.0
7.0,-0.5108690857887268,-1.0280646085739136,0.0
7.0,-0.5043470859527588,-1.0268253087997437,0.0
7.0,-0.49697399139404297,-1.0237483978271484,0.0
7.0,-0.4922355115413666,-1.026035189628601,0.0
7.0,-0.4849162697792053,-1.0228784084320068,0.0
7.0,-0.4801819324493408,-1.0251094102859497,0.0
7.0,-0.47375738620758057,-1.0236884355545044,0.0
7.0,-0.46901941299438477,-1.0258678197860718,0.0
7.0,-0.46262505650520325,-1.0243797302246094,0.0
7.0,-0.4562545716762543,-1.0228546857833862,0.0
7.0,-0.4515206515789032,-1.0249532461166382,0.0
7.0,-0.4459792673587799,-1.025195837020874,0.0
7.0,-0.44123464822769165,-1.0272468328475952,0.0
7.0,-0.43491891026496887,-1.0255931615829468,0.0
7.0,-0.42862799763679504,-1.0239033699035645,0.0
7.0,-0.42388951778411865,-1.025874137878418,0.0
7.0,-0.4176315367221832,-1.0241190195083618,0.0
7.0,-0.4128921926021576,-1.0260390043258667,0.0
7.0,-0.40666791796684265,-1.024219274520874,0.0
7.0,-0.4004693627357483,-1.0223641395568848,0.0
7.0,-0.39573830366134644,-1.0242047309875488,0.0
7.0,-0.3917109966278076,-1.0278922319412231,0.0
7.0,-0.3869544565677643,-1.02969229221344,0.0
7.0,-0.38149479031562805,-1.0295950174331665,0.0
7.0,-0.37604427337646484,-1.0294691324234009,0.0
7.0,-0.37128064036369324,-1.0311967134475708,0.0
7.0,-0.36584025621414185,-1.0310174226760864,0.0
7.0,-0.36106956005096436,-1.0326977968215942,0.0
7.0,-0.3549884855747223,-1.0305742025375366,0.0
7.0,-0.3502199649810791,-1.032204508781433,0.0
7.0,-0.3441762328147888,-1.0300188064575195,0.0
7.0,-0.3387853503227234,-1.0296992063522339,0.0
7.0,-0.33402103185653687,-1.031254529953003,0.0
7.0,-0.3286421298980713,-1.0308823585510254,0.0
7.0,-0.32387247681617737,-1.0323907136917114,0.0
7.0,-0.31791621446609497,-1.0300549268722534,0.0
7.0,-0.3125694990158081,-1.0296000242233276,0.0
7.0,-0.3078059256076813,-1.0310341119766235,0.0
7.0,-0.3024725317955017,-1.0305272340774536,0.0
7.0,-0.2977047860622406,-1.0319147109985352,0.0
7.0,-0.29183971881866455,-1.029431700706482,0.0
7.0,-0.28654053807258606,-1.0288432836532593,0.0
7.0,-0.28178074955940247,-1.0301570892333984,0.0
7.0,-0.2759774327278137,-1.027585744857788,0.0
7.0,-0.2712235748767853,-1.0288506746292114,0.0
7.0,-0.26596304774284363,-1.0281574726104736,0.0
7.0,-0.26071470975875854,-1.027437448501587,0.0
7.0,-0.25596168637275696,-1.0286318063735962,0.0
7.0,-0.2507292628288269,-1.02786123752594,0.0
7.0,-0.24597439169883728,-1.029009461402893,0.0
7.0,-0.2407582849264145,-1.0281884670257568,0.0
7.0,-0.23555505275726318,-1.0273411273956299,0.0
7.0,-0.2308027595281601,-1.0284192562103271,0.0
7.0,-0.22604551911354065,-1.0294753313064575,0.0
7.0,-0.2212834507226944,-1.0305094718933105,0.0
7.0,-0.21610581874847412,-1.0295641422271729,0.0
7.0,-0.211343452334404,-1.0305522680282593,0.0
7.0,-0.20579108595848083,-1.0275962352752686,0.0
7.0,-0.2006542831659317,-1.026573896408081,0.0
7.0,-0.1959058940410614,-1.0274906158447266,0.0
7.0,-0.19078783690929413,-1.0264190435409546,0.0
7.0,-0.18604028224945068,-1.0272901058197021,0.0
7.0,-0.18094146251678467,-1.026169776916504,0.0
7.0,-0.1761951595544815,-1.026995301246643,0.0
7.0,-0.1714451014995575,-1.0277990102767944,0.0
7.0,-0.1660514622926712,-1.0246320962905884,0.0
7.0,-0.16131243109703064,-1.0253888368606567,0.0
7.0,-0.15626828372478485,-1.024146556854248,0.0
7.0,-0.15153160691261292,-1.0248581171035767,0.0
7.0,-0.14650830626487732,-1.0235679149627686,0.0
7.0,-0.14177440106868744,-1.024234414100647,0.0
7.0,-0.1370374709367752,-1.024878978729248,0.0
7.0,-0.1322976052761078,-1.0255014896392822,0.0
7.0,-0.12755492329597473,-1.0261023044586182,0.0
7.0,-0.12257195264101028,-1.0246950387954712,0.0
7.0,-0.11760473996400833,-1.023263931274414,0.0
7.0,-0.11287254840135574,-1.0237966775894165,0.0
7.0,-0.10813795030117035,-1.0243076086044312,0.0
7.0,-0.10340104252099991,-1.0247966051101685,0.0
7.0,-0.09847034513950348,-1.02327299118042,0.0
7.0,-0.09373831748962402,-1.0237172842025757,0.0
7.0,-0.08900429308414459,-1.0241397619247437,0.0
7.0,-0.08410441875457764,-1.0225470066070557,0.0
7.0,-0.07937590032815933,-1.0229250192642212,0.0
7.0,-0.07464569061994553,-1.0232809782028198,0.0
7.0,-0.06991388648748398,-1.0236152410507202,0.0
7.0,-0.06518058478832245,-1.0239274501800537,0.0
7.0,-0.060445886105298996,-1.024217963218689,0.0
7.0,-0.055709902197122574,-1.0244864225387573,0.0
7.0,-0.05087336152791977,-1.022735595703125,0.0
7.0,-0.046144332736730576,-1.02295982837677,0.0
7.0,-0.04141431301832199,-1.0231622457504272,0.0
7.0,-0.03661176189780235,-1.0213439464569092,0.0
7.0,-0.03188931569457054,-1.0215022563934326,0.0
7.0,-0.02716618962585926,-1.0216388702392578,0.0
7.0,-0.02244248241186142,-1.0217535495758057,0.0
7.0,-0.017718294635415077,-1.0218462944030762,0.0
7.0,-0.012993729673326015,-1.0219173431396484,0.0
7.0,-0.008268886245787144,-1.0219664573669434,0.0
7.0,-0.0035508018918335438,-1.0239938497543335,0.0
7.0,0.0011835411423817277,-1.0239993333816528,0.0
7.0,0.005917858798056841,-1.0239830017089844,0.0
7.0,0.010631244629621506,-1.0219446420669556,0.0
7.0,0.01535596139729023,-1.021884560585022,0.0
7.0,0.02008035033941269,-1.0218026638031006,0.0
7.0,0.024804310873150826,-1.0216989517211914,0.0
7.0,0.029527738690376282,-1.0215733051300049,0.0
7.0,0.03425053879618645,-1.0214258432388306,0.0
7.0,0.038972605019807816,-1.0212565660476685,0.0
7.0,0.04369383677840233,-1.0210654735565186,0.0
7.0,0.048414137214422226,-1.0208525657653809,0.0
7.0,0.05313339829444885,-1.0206178426742554,0.0
7.0,0.05785152688622475,-1.020361304283142,0.0
7.0,0.06256841868162155,-1.0200828313827515,0.0
7.0,0.06741565465927124,-1.0217784643173218,0.0
7.0,0.07213899493217468,-1.0214558839797974,0.0
7.0,0.07686079293489456,-1.0211113691329956,0.0
7.0,0.08158095180988312,-1.0207451581954956,0.0
7.0,0.0862993597984314,-1.0203570127487183,0.0
7.0,0.09101593494415283,-1.0199471712112427,0.0
7.0,0.09573055803775787,-1.0195153951644897,0.0
7.0,0.10044313222169876,-1.0190619230270386,0.0
7.0,0.10515356063842773,-1.0185866355895996,0.0
7.0,0.10986173897981644,-1.0180896520614624,0.0
7.0,0.1145675778388977,-1.0175708532333374,0.0
7.0,0.11927095800638199,-1.0170302391052246,0.0
7.0,0.12421392649412155,-1.0184532403945923,0.0
7.0,0.1289212852716446,-1.0178680419921875,0.0
7.0,0.13362589478492737,-1.0172611474990845,0.0
7.0,0.13832764327526093,-1.0166324377059937,0.0
7.0,0.1430264264345169,-1.0159820318222046,0.0
7.0,0.14772216975688934,-1.0153099298477173,0.0
7.0,0.15271183848381042,-1.0165938138961792,0.0
7.0,0.15741030871868134,-1.0158770084381104,0.0
7.0,0.16210539638996124,-1.0151383876800537,0.0
7.0,0.16679702699184418,-1.0143779516220093,0.0
7.0,0.17148509621620178,-1.0135960578918457,0.0
7.0,0.1765122264623642,-1.0147627592086792,0.0
7.0,0.18155381083488464,-1.0159045457839966,0.0
7.0,0.186248779296875,-1.0150543451309204,0.0
7.0,0.19130980968475342,-1.0161479711532593,0.0
7.0,0.19600580632686615,-1.0152525901794434,0.0
7.0,0.20069760084152222,-1.0143355131149292,0.0
7.0,0.20538510382175446,-1.0133967399597168,0.0
7.0,0.21047453582286835,-1.0143946409225464,0.0
7.0,0.21599294245243073,-1.01732337474823,0.0
7.0,0.22069409489631653,-1.016313910484314,0.0
7.0,0.2258239984512329,-1.017235279083252,0.0
7.0,0.23052464425563812,-1.016180396080017,0.0
7.0,0.23522035777568817,-1.0151036977767944,0.0
7.0,0.24037152528762817,-1.0159515142440796,0.0
7.0,0.2450660765171051,-1.014829397201538,0.0
7.0,0.25119075179100037,-1.0195112228393555,0.0
7.0,0.25590163469314575,-1.018338918685913,0.0
7.0,0.2606070637702942,-1.0171449184417725,0.0
7.0,0.26581230759620667,-1.0178643465042114,0.0
7.0,0.27051541209220886,-1.0166245698928833,0.0
7.0,0.2757359743118286,-1.0172933340072632,0.0
7.0,0.28043636679649353,-1.016007661819458,0.0
7.0,0.28567177057266235,-1.0166256427764893,0.0
7.0,0.2903689742088318,-1.0152939558029175,0.0
7.0,0.2950599491596222,-1.013940691947937,0.0
7.0,0.3003123104572296,-1.0144833326339722,0.0
7.0,0.304999440908432,-1.013084053993225,0.0
7.0,0.3102654218673706,-1.0135754346847534,0.0
7.0,0.31494826078414917,-1.0121301412582397,0.0
7.0,0.3202274441719055,-1.0125702619552612,0.0
7.0,0.32551735639572144,-1.012982964515686,0.0
7.0,0.330197274684906,-1.0114670991897583,0.0
7.0,0.3367585241794586,-1.0156248807907104,0.0
7.0,0.3414505422115326,-1.0140570402145386,0.0
7.0,0.34742918610572815,-1.0162523984909058,0.0
7.0,0.35212400555610657,-1.0146352052688599,0.0
7.0,0.35747572779655457,-1.0148828029632568,0.0
7.0,0.3628372251987457,-1.015102505683899,0.0
7.0,0.3675265610218048,-1.0134141445159912,0.0
7.0,0.3728986084461212,-1.0135811567306519,0.0
7.0,0.37758079171180725,-1.0118463039398193,0.0
7.0,0.38296276330947876,-1.0119602680206299,0.0
7.0,0.38763734698295593,-1.010178804397583,0.0
7.0,0.39302876591682434,-1.0102397203445435,0.0
7.0,0.39916279911994934,-1.012133002281189,0.0
7.0,0.40383800864219666,-1.0102766752243042,0.0
7.0,0.4107573330402374,-1.0139597654342651,0.0
7.0,0.4154408574104309,-1.0120497941970825,0.0
7.0,0.42165160179138184,-1.0138115882873535,0.0
7.0,0.4278874397277832,-1.0155375003814697,0.0
7.0,0.43257805705070496,-1.0135483741760254,0.0
7.0,0.4388465881347656,-1.0152090787887573,0.0
7.0,0.44353556632995605,-1.013169288635254,0.0
7.0,0.4498361647129059,-1.0147647857666016,0.0
7.0,0.4553419351577759,-1.0144987106323242,0.0
7.0,0.4600274860858917,-1.0123826265335083,0.0
7.0,0.46553897857666016,-1.0120619535446167,0.0
7.0,0.4702131152153015,-1.0098987817764282,0.0
7.0,0.4774349331855774,-1.0131416320800781,0.0
7.0,0.4821139872074127,-1.0109233856201172,0.0
7.0,0.48852118849754333,-1.0122859477996826,0.0
7.0,0.494073748588562,-1.0118138790130615,0.0
7.0,0.49874645471572876,-1.0095187425613403,0.0
7.0,0.506985068321228,-1.0143579244613647,0.0
7.0,0.511669397354126,-1.0120030641555786,0.0
7.0,0.5181641578674316,-1.0131880044937134,0.0
7.0,0.5228429436683655,-1.0107815265655518,0.0
7.0,0.5284376740455627,-1.0101255178451538,0.0
7.0,0.5349727869033813,-1.0112073421478271,0.0
7.0,0.5396422743797302,-1.0087231397628784,0.0
7.0,0.5471548438072205,-1.0114946365356445,0.0
7.0,0.5518255233764648,-1.0089541673660278,0.0
7.0,0.5593878030776978,-1.0116428136825562,0.0
7.0,0.5660107731819153,-1.0125372409820557,0.0
7.0,0.5706861019134521,-1.0099095106124878,0.0
7.0,0.5783251523971558,-1.0124702453613281,0.0
7.0,0.5829999446868896,-1.0097856521606445,0.0
7.0,0.5896783471107483,-1.0105341672897339,0.0
7.0,0.5953601002693176,-1.0095199346542358,0.0
7.0,0.6000211238861084,-1.0067565441131592,0.0
7.0,0.6067330241203308,-1.0073981285095215,0.0
7.0,0.6113840937614441,-1.0045822858810425,0.0
7.0,0.6202127933502197,-1.0085594654083252,0.0
7.0,0.6248691082000732,-1.0056811571121216,0.0
7.0,0.6337655186653137,-1.0095570087432861,0.0
7.0,0.6384263038635254,-1.0066161155700684,0.0
7.0,0.6463103294372559,-1.008705496788025,0.0
7.0,0.6531406044960022,-1.0090645551681519,0.0
7.0,0.6577989459037781,-1.0060341358184814,0.0
7.0,0.6646475791931152,-1.0063197612762451,0.0
7.0,0.6692931056022644,-1.0032360553741455,0.0
7.0,0.677277147769928,-1.005106806755066,0.0
7.0,0.6852927207946777,-1.0069249868392944,0.0
7.0,0.6899408102035522,-1.0037459135055542,0.0
7.0,0.6991361379623413,-1.0071169137954712,0.0
7.0,0.7037849426269531,-1.0038738250732422,0.0
7.0,0.713041365146637,-1.0071384906768799,0.0
7.0,0.717690110206604,-1.0038310289382935,0.0
7.0,0.7246649265289307,-1.003745436668396,0.0
7.0,0.734010636806488,-1.0068488121032715,0.0
7.0,0.7386578321456909,-1.0034444332122803,0.0
7.0,0.7480615377426147,-1.006439208984375,0.0
7.0,0.7527066469192505,-1.0029698610305786,0.0
7.0,0.76216721534729,-1.0058553218841553,0.0
7.0,0.7716704607009888,-1.0086747407913208,0.0
7.0,0.7763256430625916,-1.005096197128296,0.0
7.0,0.784653902053833,-1.006227731704712,0.0
7.0,0.7892976999282837,-1.002589225769043,0.0
7.0,0.7989022135734558,-1.0051921606063843,0.0
7.0,0.8035410642623901,-1.0014878511428833,0.0
7.0,0.8144568204879761,-1.0055327415466309,0.0
7.0,0.8254269957542419,-1.0094980001449585,0.0
7.0,0.8300854563713074,-1.0056710243225098,0.0
7.0,0.839847207069397,-1.0079686641693115,0.0
7.0,0.8444984555244446,-1.0040749311447144,0.0
7.0,0.8530148267745972,-1.0047335624694824,0.0
7.0,0.8576509356498718,-1.0007790327072144,0.0
7.0,0.8675025701522827,-1.002853512763977,0.0
7.0,0.8787069916725159,-1.0063647031784058,0.0
7.0,0.8833504319190979,-1.0022913217544556,0.0
7.0,0.8946214914321899,-1.005668044090271,0.0
7.0,0.899261474609375,-1.0015212297439575,0.0
7.0,0.9092545509338379,-1.0032806396484375,0.0
7.0,0.9206328392028809,-1.0064446926116943,0.0
7.0,0.9252762198448181,-1.0021775960922241,0.0
7.0,0.9367172122001648,-1.0052047967910767,0.0
7.0,0.9413546323776245,-1.0008633136749268,0.0
7.0,0.9542337656021118,-1.0052034854888916,0.0
7.0,0.9588709473609924,-1.0007809400558472,0.0
7.0,0.9732198715209961,-1.0064010620117188,0.0
7.0,0.9904349446296692,-1.0147721767425537,0.0
7.0,0.9951160550117493,-1.0101821422576904,0.0
7.0,1.0110567808151245,-1.0169169902801514,0.0
7.0,1.0157476663589478,-1.0122315883636475,0.0
7.0,1.036071538925171,-1.0229817628860474,0.0
7.0,1.04079008102417,-1.0181806087493896,0.0
7.0,1.0627198219299316,-1.0300614833831787,0.0
7.0,1.0833384990692139,-1.0403757095336914,0.0
7.0,1.0881370306015015,-1.0353559255599976,0.0
7.0,1.1074649095535278,-1.044033169746399,0.0
7.0,1.1122801303863525,-1.0389018058776855,0.0
7.0,1.1332184076309204,-1.048690676689148,0.0
7.0,1.1380547285079956,-1.0434402227401733,0.0
7.0,1.160631537437439,-1.0543047189712524,0.0
7.0,1.1833328008651733,-1.0649824142456055,0.0
7.0,1.1882439851760864,-1.0595000982284546,0.0
7.0,1.2096176147460938,-1.068560242652893,0.0
7.0,1.2145450115203857,-1.0629563331604004,0.0
7.0,1.2360684871673584,-1.0717419385910034,0.0
7.0,1.2410104274749756,-1.066015601158142,0.0
7.0,1.2657264471054077,-1.0771167278289795,0.0
7.0,1.292100429534912,-1.0893009901046753,0.0
7.0,1.297122836112976,-1.0833154916763306,0.0
7.0,1.1678683757781982,-0.9571747779846191,0.0
7.0,1.172281265258789,-0.9517650604248047,0.0
7.0,1.1766690015792847,-0.9463350176811218,0.0
7.0,1.1810317039489746,-0.9408847093582153,0.0
7.0,1.2073495388031006,-0.9527597427368164,0.0
7.0,1.21174156665802,-0.9471675157546997,0.0
7.0,1.216107726097107,-0.9415550827980042,0.0
7.0,1.2426667213439941,-0.9529613852500916,0.0
7.0,1.2470593452453613,-0.9472059011459351,0.0
7.0,1.2753989696502686,-0.9594651460647583,0.0
7.0,1.2798212766647339,-0.9535582661628723,0.0
7.0,1.3099650144577026,-0.9666311740875244,0.0
7.0,1.3144201040267944,-0.960564374923706,0.0
7.0,1.3447703123092651,-0.9732382297515869,0.0
7.0,1.37526535987854,-0.9856516718864441,0.0
7.0,1.379807710647583,-0.9792827367782593,0.0
7.0,1.410501480102539,-0.9912927746772766,0.0
7.0,1.415069580078125,-0.9847608804702759,0.0
7.0,1.4459574222564697,-0.9963650107383728,0.0
7.0,1.450548529624939,-0.989669144153595,0.0
7.0,1.4749962091445923,-0.9963865280151367,0.0
7.0,1.4962116479873657,-1.000675082206726,0.0
7.0,1.5008221864700317,-0.993746817111969,0.0
7.0,1.527145266532898,-1.0010510683059692,0.0
7.0,1.5317572355270386,-0.993979811668396,0.0
7.0,1.5598946809768677,-1.002020239830017,0.0
7.0,1.564510703086853,-0.9947975873947144,0.0
7.0,1.5775564908981323,-0.9928802847862244,0.0
7.0,1.573642373085022,-0.9802886247634888,0.0
7.0,1.5781577825546265,-0.9730026125907898,0.0
7.0,1.5758103132247925,-0.9615287780761719,0.0
7.0,1.580238938331604,-0.9542329907417297,0.0
7.0,1.5760496854782104,-0.9417871832847595,0.0
7.0,1.5735008716583252,-0.9304186105728149,0.0
7.0,1.5777857303619385,-0.9231337904930115,0.0
7.0,1.5768442153930664,-0.9128232598304749,0.0
7.0,1.581047773361206,-0.9055231213569641,0.0
7.0,1.5852173566818237,-0.8982036709785461,0.0
7.0,1.5893532037734985,-0.8908650279045105,0.0
7.0,1.6091971397399902,-0.8922357559204102,0.0
7.0,1.6290874481201172,-0.8934417963027954,0.0
7.0,1.633200764656067,-0.8859003782272339,0.0
7.0,1.6531407833099365,-0.8868492245674133,0.0
7.0,1.6572233438491821,-0.8791967034339905,0.0
7.0,1.6754391193389893,-0.8789583444595337,0.0
7.0,1.6794849634170532,-0.8712027668952942,0.0
7.0,1.4581739902496338,-0.7057823538780212,0.0
7.0,1.4614214897155762,-0.6990331411361694,0.0
7.0,1.4646377563476562,-0.692268967628479,0.0
7.0,1.4678226709365845,-0.6854900121688843,0.0
7.0,1.4855045080184937,-0.68539959192276,0.0
7.0,1.4886574745178223,-0.6785241961479187,0.0
7.0,1.5063680410385132,-0.6782028675079346,0.0
7.0,1.509487509727478,-0.6712310910224915,0.0
7.0,1.5272244215011597,-0.6706783771514893,0.0
7.0,1.5449881553649902,-0.6699758768081665,0.0
7.0,1.5480692386627197,-0.6628256440162659,0.0
7.0,1.5603280067443848,-0.6595547199249268,0.0
7.0,1.5633606910705566,-0.6523337364196777,0.0
7.0,1.5682092905044556,-0.6458603739738464,0.0
7.0,1.5711785554885864,-0.6386030316352844,0.0
7.0,1.5685455799102783,-0.629098653793335,0.0
7.0,1.565858244895935,-0.6196321845054626,0.0
7.0,1.5687062740325928,-0.6123860478401184,0.0
7.0,1.5659215450286865,-0.6029707193374634,0.0
7.0,1.5686925649642944,-0.5957244634628296,0.0
7.0,1.5658111572265625,-0.586361289024353,0.0
7.0,1.5647529363632202,-0.5777302384376526,0.0
7.0,1.567407250404358,-0.5704895853996277,0.0
7.0,1.5662630796432495,-0.5618861317634583,0.0
7.0,1.568844199180603,-0.5546387434005737,0.0
7.0,1.565725564956665,-0.5454056859016418,0.0
7.0,1.5625553131103516,-0.5362133979797363,0.0
7.0,1.5650177001953125,-0.5289834141731262,0.0
7.0,1.563651442527771,-0.5204788446426392,0.0
7.0,1.566041111946106,-0.5132439136505127,0.0
7.0,1.564590573310852,-0.5047699213027954,0.0
7.0,1.566907525062561,-0.49753081798553467,0.0
7.0,1.5653730630874634,-0.48908817768096924,0.0
7.0,1.5637941360473633,-0.4806704521179199,0.0
7.0,1.5659997463226318,-0.47343531250953674,0.0
7.0,1.5624206066131592,-0.46448028087615967,0.0
7.0,1.5607119798660278,-0.4561295807361603,0.0
7.0,1.5628042221069336,-0.4489089548587799,0.0
7.0,1.5629380941390991,-0.441135436296463,0.0
7.0,1.5649608373641968,-0.4339046776294708,0.0
7.0,1.5630908012390137,-0.42561376094818115,0.0
7.0,1.5650418996810913,-0.418382465839386,0.0
7.0,1.5630905628204346,-0.41012707352638245,0.0
7.0,1.5591593980789185,-0.40140002965927124,0.0
7.0,1.560998558998108,-0.39418715238571167,0.0
7.0,1.5511561632156372,-0.3840816617012024,0.0
7.0,1.552915334701538,-0.37690597772598267,0.0
7.0,1.5410211086273193,-0.3664831221103668,0.0
7.0,1.5465948581695557,-0.3602619469165802,0.0
7.0,1.5482438802719116,-0.35310763120651245,0.0
7.0,1.5788816213607788,-0.15009528398513794,0.0
7.0,1.5795587301254272,-0.1427939236164093,0.0
7.0,1.5802019834518433,-0.13548950850963593,0.0
7.0,1.580811619758606,-0.12818220257759094,0.0
7.0,1.5674281120300293,-0.11980518698692322,0.0
7.0,1.5579909086227417,-0.11184109002351761,0.0
7.0,1.5584913492202759,-0.10463672131299973,0.0
7.0,1.5549662113189697,-0.09718061238527298,0.0
7.0,1.5553988218307495,-0.08999038487672806,0.0
7.0,1.5577954053878784,-0.08290452510118484,0.0
7.0,1.5581620931625366,-0.07570137083530426,0.0
7.0,1.564489722251892,-0.06876004487276077,0.0
7.0,1.572784662246704,-0.06184040382504463,0.0
7.0,1.5730538368225098,-0.05456817150115967,0.0
7.0,1.5832847356796265,-0.047595251351594925,0.0
7.0,1.583487868309021,-0.04027462750673294,0.0
7.0,1.593654990196228,-0.03316117823123932,0.0
7.0,1.6057896614074707,-0.025986937806010246,0.0
7.0,1.6058926582336426,-0.018562497571110725,0.0
7.0,1.6159611940383911,-0.01120700966566801,0.0
7.0,1.6159957647323608,-0.0037356994580477476,0.0
7.0,1.6239956617355347,0.0037541838828474283,0.0
7.0,1.6339606046676636,0.01133183017373085,0.0
7.0,1.6338907480239868,0.01888611726462841,0.0
7.0,1.6457844972610474,0.026634177193045616,0.0
7.0,1.6456438302993774,0.034242965281009674,0.0
7.0,1.6554646492004395,0.042105283588171005,0.0
7.0,1.6552523374557495,0.0497586615383625,0.0
7.0,1.6669973134994507,0.05782699957489967,0.0
7.0,1.674705982208252,0.06584784388542175,0.0
7.0,1.6743836402893066,0.07358992844820023,0.0
7.0,1.4285399913787842,0.2365950644016266,0.0
7.0,1.4274308681488037,0.24319720268249512,0.0
7.0,1.4262912273406982,0.2497941553592682,0.0
7.0,1.4251210689544678,0.2563857436180115,0.0
7.0,1.4357210397720337,0.2651512324810028,0.0
7.0,1.434479832649231,0.27178627252578735,0.0
7.0,1.4332078695297241,0.2784155011177063,0.0
7.0,1.4436744451522827,0.28738152980804443,0.0
7.0,1.4423303604125977,0.2940531075000763,0.0
7.0,1.4546600580215454,0.3035784959793091,0.0
7.0,1.4669324159622192,0.31322410702705383,0.0
7.0,1.4654685258865356,0.320002943277359,0.0
7.0,1.4756851196289062,0.32938912510871887,0.0
7.0,1.4741464853286743,0.3362082540988922,0.0
7.0,1.4862112998962402,0.3461962938308716,0.0
7.0,1.4845948219299316,0.3530639111995697,0.0
7.0,1.49849534034729,0.36369776725769043,0.0
7.0,1.496797800064087,0.3706219792366028,0.0
7.0,1.514459490776062,0.38243499398231506,0.0
7.0,1.5359172821044922,0.39541640877723694,0.0
7.0,1.5340726375579834,0.4025132954120636,0.0
7.0,1.5592453479766846,0.41683289408683777,0.0
7.0,1.5573015213012695,0.4240373969078064,0.0
7.0,1.5745973587036133,0.4365764856338501,0.0
7.0,1.5879604816436768,0.44819796085357666,0.0
7.0,1.5858713388442993,0.4555349051952362,0.0
7.0,1.5971862077713013,0.4667894244194031,0.0
7.0,1.5950109958648682,0.4741688370704651,0.0
7.0,1.6081169843673706,0.48616823554039,0.0
7.0,1.6058521270751953,0.49359795451164246,0.0
7.0,1.6150068044662476,0.5045958757400513,0.0
7.0,1.6260000467300415,0.5162941217422485,0.0
7.0,1.6235957145690918,0.5238062143325806,0.0
7.0,1.6363608837127686,0.5362900495529175,0.0
7.0,1.633863925933838,0.5438498258590698,0.0
7.0,1.6445949077606201,0.5558808445930481,0.0
7.0,1.6552492380142212,0.5680226683616638,0.0
7.0,1.652605414390564,0.5756694674491882,0.0
7.0,1.6612399816513062,0.5873036980628967,0.0
7.0,1.6585068702697754,0.5949779748916626,0.0
7.0,1.428332805633545,0.5198706388473511,0.0
7.0,1.42591392993927,0.5264687538146973,0.0
7.0,1.4234646558761597,0.5330556631088257,0.0
7.0,1.4359426498413086,0.5453115105628967,0.0
7.0,1.433406114578247,0.5519446134567261,0.0
7.0,1.4457435607910156,0.5643842816352844,0.0
7.0,1.4579962491989136,0.5769496560096741,0.0
7.0,1.4553132057189941,0.5836843848228455,0.0
7.0,1.4711271524429321,0.597937285900116,0.0
7.0,1.4683469533920288,0.6047325134277344,0.0
7.0,1.4821470975875854,0.6184462308883667,0.0
7.0,1.4792720079421997,0.6252921223640442,0.0
7.0,1.4947509765625,0.6399967670440674,0.0
7.0,1.5119599103927612,0.6556533575057983,0.0
7.0,1.508912444114685,0.6626366972923279,0.0
7.0,1.5204523801803589,0.6761069297790527,0.0
7.0,1.5173102617263794,0.6831293106079102,0.0
7.0,1.5268747806549072,0.6959435343742371,0.0
7.0,1.5236408710479736,0.7029953598976135,0.0
7.0,1.5276228189468384,0.7134173512458801,0.0
7.0,1.5279245376586914,0.7221818566322327,0.0
7.0,1.5245693922042847,0.7292382717132568,0.0
7.0,1.52658212184906,0.7388931512832642,0.0
7.0,1.5231496095657349,0.7459431886672974,0.0
7.0,1.5268528461456299,0.7565290927886963,0.0
7.0,1.528702735900879,0.7662689089775085,0.0
7.0,1.5251436233520508,0.7733284831047058,0.0
7.0,1.5251110792160034,0.7821969389915466,0.0
7.0,1.5214784145355225,0.7892397046089172,0.0
7.0,1.523126482963562,0.7990530729293823,0.0
7.0,1.5194158554077148,0.8060864806175232,0.0
7.0,1.5227224826812744,0.8168845772743225,0.0
7.0,1.5259613990783691,0.8277303576469421,0.0
7.0,1.5221182107925415,0.8347765803337097,0.0
7.0,1.5199916362762451,0.8427748680114746,0.0
7.0,1.5160789489746094,0.8497933149337769,0.0
7.0,1.5121338367462158,0.8567936420440674,0.0
7.0,1.5064208507537842,0.8627815842628479,0.0
7.0,1.5024157762527466,0.8697371482849121,0.0
7.0,1.4776637554168701,0.8645541667938232,0.0
7.0,1.4736508131027222,0.8713767528533936,0.0
7.0,1.2487430572509766,1.1238508224487305,0.0
7.0,1.243533730506897,1.1296122074127197,0.0
7.0,1.2382978200912476,1.1353493928909302,0.0
7.0,1.2330354452133179,1.1410623788833618,0.0
7.0,1.2189770936965942,1.1385599374771118,0.0
7.0,1.2137001752853394,1.1441835165023804,0.0
7.0,1.2083971500396729,1.149782657623291,0.0
7.0,1.1987407207489014,1.1512012481689453,0.0
7.0,1.1934055089950562,1.1567312479019165,0.0
7.0,1.185185432434082,1.159439206123352,0.0
7.0,1.1798123121261597,1.16490638256073,0.0
7.0,1.1687471866607666,1.1647015810012817,0.0
7.0,1.1534790992736816,1.160164713859558,0.0
7.0,1.148102879524231,1.1654852628707886,0.0
7.0,1.1357173919677734,1.1636245250701904,0.0
7.0,0.9843355417251587,1.2866559028625488,0.0
7.0,0.9783763289451599,1.2911931276321411,0.0
7.0,0.972396194934845,1.2957026958465576,0.0
7.0,0.9663953185081482,1.3001846075057983,0.0
7.0,0.9472625255584717,1.2993682622909546,0.0
7.0,0.9412449598312378,1.3037339448928833,0.0
7.0,0.9352072477340698,1.3080717325210571,0.0
7.0,0.9291495680809021,1.3123815059661865,0.0
7.0,0.9173315167427063,1.308475136756897,0.0
7.0,0.9112721085548401,1.3127022981643677,0.0
7.0,0.9029273986816406,1.3136049509048462,0.0
7.0,0.8968445062637329,1.317765474319458,0.0
7.0,0.8907423615455627,1.3218978643417358,0.0
7.0,0.8846212029457092,1.3260020017623901,0.0
7.0,0.8773789405822754,1.3284088373184204,0.0
7.0,0.8701333403587341,1.3307772874832153,0.0
7.0,0.8639713525772095,1.3347859382629395,0.0
7.0,0.8577909469604492,1.3387662172317505,0.0
7.0,0.8515921235084534,1.3427177667617798,0.0
7.0,0.8443118333816528,1.3449467420578003,0.0
7.0,0.8370290398597717,1.3471370935440063,0.0
7.0,0.8307917714118958,1.3509925603866577,0.0
7.0,0.8245367407798767,1.3548191785812378,0.0
7.0,0.8182640671730042,1.358616828918457,0.0
7.0,0.8119739294052124,1.3623855113983154,0.0
7.0,0.805666446685791,1.3661249876022339,0.0
7.0,0.7993417382240295,1.3698352575302124,0.0
7.0,0.7919999361038208,1.3717842102050781,0.0
7.0,0.7856492400169373,1.3754312992095947,0.0
7.0,0.7802656292915344,1.380790114402771,0.0
7.0,0.7738733887672424,1.3843828439712524,0.0
7.0,0.7664967775344849,1.3861957788467407,0.0
7.0,0.7600797414779663,1.3897247314453125,0.0
7.0,0.7536463737487793,1.3932240009307861,0.0
7.0,0.7481403350830078,1.3984569311141968,0.0
7.0,0.7416667342185974,1.4019010066986084,0.0
7.0,0.7351773381233215,1.4053149223327637,0.0
7.0,0.7277532815933228,1.4069225788116455,0.0
7.0,0.7212408185005188,1.410272240638733,0.0
7.0,0.4818897247314453,0.9531034827232361,0.0
7.0,0.47747802734375,0.9553212523460388,0.0
7.0,0.4730561077594757,0.9575185775756836,0.0
7.0,0.468624085187912,0.9596954584121704,0.0
7.0,0.45983579754829407,0.9528457522392273,0.0
7.0,0.45370370149612427,0.9513511657714844,0.0
7.0,0.4493004083633423,0.9534386396408081,0.0
7.0,0.443199098110199,0.9518794417381287,0.0
7.0,0.43879345059394836,0.9539183378219604,0.0
7.0,0.4327237010002136,0.9522952437400818,0.0
7.0,0.4266783595085144,0.9506364464759827,0.0
7.0,0.42227864265441895,0.9525989890098572,0.0
7.0,0.41706782579421997,0.9527089595794678,0.0
7.0,0.4126586318016052,0.9546270370483398,0.0
7.0,0.4058854281902313,0.9510063529014587,0.0
7.0,0.4014842212200165,0.9528727531433105,0.0
7.0,0.3955383598804474,0.9510254263877869,0.0
7.0,0.3903777003288269,0.9509938359260559,0.0
7.0,0.38597673177719116,0.9527885317802429,0.0
7.0,0.3800828456878662,0.9508486390113831,0.0
7.0,0.3749488592147827,0.9507350921630859,0.0
7.0,0.3705492615699768,0.9524585008621216,0.0
7.0,0.36470869183540344,0.9504270553588867,0.0
7.0,0.3603106141090393,0.9521030783653259,0.0
7.0,0.35450640320777893,0.9500111937522888,0.0
7.0,0.35011035203933716,0.9516400694847107,0.0
7.0,0.3450249433517456,0.9513683319091797,0.0
7.0,0.33927640318870544,0.9491868019104004,0.0
7.0,0.3348843455314636,0.9507452249526978,0.0
7.0,0.32917362451553345,0.9485043883323669,0.0
7.0,0.3247848153114319,0.9500161409378052,0.0
7.0,0.3197508454322815,0.9496122002601624,0.0
7.0,0.3147275745868683,0.9491820335388184,0.0
7.0,0.31033578515052795,0.9506270289421082,0.0
7.0,0.304713636636734,0.9482434391975403,0.0
7.0,0.30032628774642944,0.9496421217918396,0.0
7.0,0.29533830285072327,0.9491108059883118,0.0
7.0,0.2909470498561859,0.9504660964012146,0.0
7.0,0.2859730124473572,0.9498860239982605,0.0
7.0,0.28101059794425964,0.9492802619934082,0.0
7.0,0.27661871910095215,0.9505693912506104,0.0
7.0,0.27167096734046936,0.9499151706695557,0.0
7.0,0.26727625727653503,0.9511610865592957,0.0
7.0,0.2618115544319153,0.9485308527946472,0.0
7.0,0.2569001317024231,0.9478007555007935,0.0
7.0,0.25251534581184387,0.9489783644676208,0.0
7.0,0.24711446464061737,0.9462655186653137,0.0
7.0,0.24273689091205597,0.9473978877067566,0.0
7.0,0.23786669969558716,0.9465703368186951,0.0
7.0,0.23300933837890625,0.9457180500030518,0.0
7.0,0.22863443195819855,0.9467852115631104,0.0
7.0,0.22379417717456818,0.9458858966827393,0.0
7.0,0.21941860020160675,0.9469105005264282,0.0
7.0,0.21459588408470154,0.9459643959999084,0.0
7.0,0.20978659391403198,0.9449939727783203,0.0
7.0,0.2054152935743332,0.9459537863731384,0.0
7.0,0.2006242275238037,0.944936990737915,0.0
7.0,0.19625328481197357,0.9458544850349426,0.0
7.0,0.19187815487384796,0.9467517137527466,0.0
7.0,0.1867225170135498,0.9437047839164734,0.0
7.0,0.18235743045806885,0.9445579648017883,0.0
7.0,0.1779884397983551,0.9453909993171692,0.0
7.0,0.17361563444137573,0.9462038278579712,0.0
7.0,0.16888727247714996,0.9450275301933289,0.0
7.0,0.16451625525951385,0.9457982778549194,0.0
7.0,0.15980809926986694,0.9445767998695374,0.0
7.0,0.15543925762176514,0.945305585861206,0.0
7.0,0.1510670930147171,0.9460141062736511,0.0
7.0,0.14638546109199524,0.9447259902954102,0.0
7.0,0.14201606810092926,0.9453927278518677,0.0
7.0,0.13764365017414093,0.9460391998291016,0.0
7.0,0.13298949599266052,0.9446850419044495,0.0
7.0,0.1286204308271408,0.9452897906303406,0.0
7.0,0.12398815900087357,0.9438914060592651,0.0
7.0,0.11962287127971649,0.944454550743103,0.0
7.0,0.11525502800941467,0.9449975490570068,0.0
7.0,0.11088472604751587,0.945520281791687,0.0
7.0,0.10628827661275864,0.9440353512763977,0.0
7.0,0.10170794278383255,0.942528247833252,0.0
7.0,0.09734919667243958,0.942988395690918,0.0
7.0,0.09298837184906006,0.9434283971786499,0.0
7.0,0.08862555772066116,0.9438482522964478,0.0
7.0,0.08408308029174805,0.9422557950019836,0.0
7.0,0.07972577959299088,0.9426344633102417,0.0
7.0,0.0753667801618576,0.9429929852485657,0.0
7.0,0.0710061639547348,0.9433313608169556,0.0
7.0,0.06664403527975082,0.9436495900154114,0.0
7.0,0.062280476093292236,0.9439476132392883,0.0
7.0,0.057915590703487396,0.9442254900932312,0.0
7.0,0.05343625321984291,0.9424864053726196,0.0
7.0,0.049078214913606644,0.9427233338356018,0.0
7.0,0.04471912980079651,0.9429401755332947,0.0
7.0,0.04035909101366997,0.9431368708610535,0.0
7.0,0.035921916365623474,0.9413148164749146,0.0
7.0,0.03156948462128639,0.9414708018302917,0.0
7.0,0.02721637673676014,0.9416067004203796,0.0
7.0,0.022862685844302177,0.9417225122451782,0.0
7.0,0.018508508801460266,0.941818118095398,0.0
7.0,0.014153935015201569,0.9418936371803284,0.0
7.0,0.009799058549106121,0.9419490098953247,0.0
7.0,0.005443972535431385,0.941984236240387,0.0
7.0,0.0010887705720961094,0.9419993162155151,0.0
7.0,-0.0032664549071341753,0.941994309425354,0.0
7.0,-0.007621610537171364,0.9419691562652588,0.0
7.0,-0.011951175518333912,0.9399240016937256,0.0
7.0,-0.01633133925497532,0.9418584108352661,0.0
7.0,-0.020685726776719093,0.9417728185653687,0.0
7.0,-0.0250396728515625,0.9416671395301819,0.0
7.0,-0.029393082484602928,0.941541314125061,0.0
7.0,-0.033745866268873215,0.9413953423500061,0.0
7.0,-0.038178812712430954,0.9432276487350464,0.0
7.0,-0.04253929853439331,0.9430410265922546,0.0
7.0,-0.04699823632836342,0.9448317885398865,0.0
7.0,-0.05136604234576225,0.9446043968200684,0.0
7.0,-0.05561492219567299,0.9423603415489197,0.0
7.0,-0.05997121334075928,0.9420931339263916,0.0
7.0,-0.06418993324041367,0.9398103952407837,0.0
7.0,-0.06853433698415756,0.9395036101341248,0.0
7.0,-0.07287728041410446,0.9391766786575317,0.0
7.0,-0.0772186666727066,0.9388297200202942,0.0
7.0,-0.08155839890241623,0.9384626746177673,0.0
7.0,-0.08607876300811768,0.9400672912597656,0.0
7.0,-0.09042412787675858,0.9396592378616333,0.0
7.0,-0.09476755559444427,0.9392311573028564,0.0
7.0,-0.09931892901659012,0.9407718777656555,0.0
7.0,-0.10366740822792053,0.9403026103973389,0.0
7.0,-0.10801366716623306,0.9398132562637329,0.0
7.0,-0.11235762387514114,0.9393038749694824,0.0
7.0,-0.11669917404651642,0.9387743473052979,0.0
7.0,-0.12129412591457367,0.940208375453949,0.0
7.0,-0.12563976645469666,0.9396375417709351,0.0
7.0,-0.12998270988464355,0.9390466213226318,0.0
7.0,-0.1343228816986084,0.9384356141090393,0.0
7.0,-0.13866019248962402,0.9378045797348022,0.0
7.0,-0.14299452304840088,0.9371534585952759,0.0
7.0,-0.14794743061065674,0.9404337406158447,0.0
7.0,-0.15293371677398682,0.9436880946159363,0.0
7.0,-0.1572951078414917,0.9429709315299988,0.0
7.0,-0.1613149493932724,0.9402624368667603,0.0
7.0,-0.16566039621829987,0.9395065903663635,0.0
7.0,-0.17000232636928558,0.9387306571006775,0.0
7.0,-0.1747061014175415,0.9399009346961975,0.0
7.0,-0.17904974520206451,0.9390831589698792,0.0
7.0,-0.1837732195854187,0.9402081966400146,0.0
7.0,-0.18811818957328796,0.9393484592437744,0.0
7.0,-0.1928609311580658,0.9404278993606567,0.0
7.0,-0.19720681011676788,0.9395262002944946,0.0
7.0,-0.2015484869480133,0.9386043548583984,0.0
7.0,-0.2063147872686386,0.9396160244941711,0.0
7.0,-0.2106567770242691,0.9386520981788635,0.0
7.0,-0.21544122695922852,0.9396175146102905,0.0
7.0,-0.21978312730789185,0.9386113882064819,0.0
7.0,-0.2241203337907791,0.9375852346420288,0.0
7.0,-0.22892671823501587,0.9384820461273193,0.0
7.0,-0.23326322436332703,0.9374136328697205,0.0
7.0,-0.23808665573596954,0.9382636547088623,0.0
7.0,-0.24242204427719116,0.9371528625488281,0.0
7.0,-0.24726209044456482,0.9379560351371765,0.0
7.0,-0.2521147131919861,0.9387343525886536,0.0
7.0,-0.25645214319229126,0.9375587105751038,0.0
7.0,-0.26132068037986755,0.9382896423339844,0.0
7.0,-0.2656559348106384,0.9370714426040649,0.0
7.0,-0.27053990960121155,0.9377548694610596,0.0
7.0,-0.27487263083457947,0.9364940524101257,0.0
7.0,-0.2797715663909912,0.937129557132721,0.0
7.0,-0.2846822738647461,0.9377398490905762,0.0
7.0,-0.2890147566795349,0.9364136457443237,0.0
7.0,-0.2939396798610687,0.9369757175445557,0.0
7.0,-0.29826852679252625,0.9356066584587097,0.0
7.0,-0.30320730805397034,0.9361203908920288,0.0
7.0,-0.30753210186958313,0.9347085356712341,0.0
7.0,-0.31248414516448975,0.9351736307144165,0.0
7.0,-0.31744706630706787,0.9356127977371216,0.0
7.0,-0.3217693567276001,0.9341351389884949,0.0
7.0,-0.3274049460887909,0.9364133477210999,0.0
7.0,-0.33173084259033203,0.9348896145820618,0.0
7.0,-0.33672717213630676,0.9352276921272278,0.0
7.0,-0.3417336642742157,0.9355394840240479,0.0
7.0,-0.34605535864830017,0.9339494705200195,0.0
7.0,-0.35177677869796753,0.9360839128494263,0.0
7.0,-0.3561008870601654,0.9344475269317627,0.0
7.0,-0.3618590235710144,0.9365222454071045,0.0
7.0,-0.3669145405292511,0.9367015361785889,0.0
7.0,-0.37124133110046387,0.934995174407959,0.0
7.0,-0.37705346941947937,0.9369795322418213,0.0
7.0,-0.38138142228126526,0.9352262616157532,0.0
7.0,-0.3872288167476654,0.9371499419212341,0.0
7.0,-0.3915574550628662,0.9353495836257935,0.0
7.0,-0.3966585695743561,0.9353705644607544,0.0
7.0,-0.40255752205848694,0.9372019171714783,0.0
7.0,-0.4068862497806549,0.9353306889533997,0.0
7.0,-0.41201257705688477,0.9352697730064392,0.0
7.0,-0.41633227467536926,0.933354914188385,0.0
7.0,-0.4222894310951233,0.9350655674934387,0.0
7.0,-0.4266080856323242,0.9331032037734985,0.0
7.0,-0.4309176206588745,0.9311208724975586,0.0
7.0,-0.4369146525859833,0.9327408671379089,0.0
7.0,-0.4412223994731903,0.9307108521461487,0.0
7.0,-0.4472509026527405,0.9322674870491028,0.0
7.0,-0.45155635476112366,0.9301897287368774,0.0
7.0,-0.4584972858428955,0.9334774613380432,0.0
7.0,-0.4645882546901703,0.9349298477172852,0.0
7.0,-0.46890580654144287,0.9327718615531921,0.0
7.0,-0.4750264286994934,0.9341594576835632,0.0
7.0,-0.4793403148651123,0.9319532513618469,0.0
7.0,-0.48548996448516846,0.9332757592201233,0.0
7.0,-0.4897996485233307,0.9310211539268494,0.0
7.0,-0.4959775507450104,0.9322779774665833,0.0
7.0,-0.5021774768829346,0.9334975481033325,0.0
7.0,-0.506488025188446,0.9311658143997192,0.0
7.0,-1.1033830642700195,1.963173508644104,0.0
7.0,-1.112447738647461,1.9580512046813965,0.0
7.0,-1.1214886903762817,1.952886939048767,0.0
7.0,-1.1305055618286133,1.9476810693740845,0.0
7.0,-1.143546223640442,1.949333667755127,0.0
7.0,-1.1525465250015259,1.9440258741378784,0.0
7.0,-1.167689561843872,1.9489703178405762,0.0
7.0,-1.1829028129577637,1.9538159370422363,0.0
7.0,-1.1919233798980713,1.9483259916305542,0.0
7.0,-1.205124855041504,1.9495995044708252,0.0
7.0,-1.2141257524490356,1.9440069198608398,0.0
7.0,-1.2295042276382446,1.9485212564468384,0.0
7.0,-1.2384997606277466,1.942815899848938,0.0
7.0,-1.251800537109375,1.9437952041625977,0.0
7.0,-1.267317771911621,1.9480454921722412,0.0
7.0,-1.276310682296753,1.9421653747558594,0.0
7.0,-1.2919130325317383,1.9462416172027588,0.0
7.0,-1.3008973598480225,1.940247893333435,0.0
7.0,-1.3165827989578247,1.9441486597061157,0.0
7.0,-1.3300734758377075,1.9446439743041992,0.0
7.0,-1.3390501737594604,1.9384738206863403,0.0
7.0,-1.3548640012741089,1.9421039819717407,0.0
7.0,-1.3638285398483276,1.935819149017334,0.0
7.0,-1.3820394277572632,1.9425301551818848,0.0
7.0,-1.3910057544708252,1.9361196756362915,0.0
7.0,-1.4046399593353271,1.936143159866333,0.0
7.0,-1.420668125152588,1.939308762550354,0.0
7.0,-1.4296190738677979,1.9327197074890137,0.0
7.0,-1.4481137990951538,1.9389086961746216,0.0
7.0,-1.4570626020431519,1.9321928024291992,0.0
7.0,-1.4732495546340942,1.9349831342697144,0.0
7.0,-1.4894933700561523,1.9376649856567383,0.0
7.0,-1.4984359741210938,1.930757761001587,0.0
7.0,-1.5172146558761597,1.9364038705825806,0.0
7.0,-1.526151180267334,1.929368495941162,0.0
7.0,-1.5325590372085571,1.9191663265228271,0.0
7.0,-1.523842453956604,1.8902614116668701,0.0
7.0,-1.5325655937194824,1.8831958770751953,0.0
7.0,-1.5234819650650024,1.8544548749923706,0.0
7.0,-1.5320395231246948,1.8473914861679077,0.0
7.0,-1.5225909948349,1.81881844997406,0.0
7.0,-1.530983805656433,1.8117594718933105,0.0
7.0,-1.5263646841049194,1.789445400238037,0.0
7.0,-1.5215721130371094,1.767213225364685,0.0
7.0,-1.5297263860702515,1.7601594924926758,0.0
7.0,-1.5193830728530884,1.732019305229187,0.0
7.0,-1.5273746252059937,1.7249760627746582,0.0
7.0,-1.5193405151367188,1.7000013589859009,0.0
7.0,-1.5164668560028076,1.6810781955718994,0.0
7.0,-1.5242228507995605,1.6740490198135376,0.0
7.0,-1.5157066583633423,1.649312973022461,0.0
7.0,-1.5233159065246582,1.6422876119613647,0.0
7.0,-1.517223834991455,1.6206270456314087,0.0
7.0,-1.5109643936157227,1.5990581512451172,0.0
7.0,-1.518341302871704,1.592055320739746,0.0
7.0,-1.5118157863616943,1.570609211921692,0.0
7.0,-1.5190612077713013,1.5636026859283447,0.0
7.0,-1.512271523475647,1.5422824621200562,0.0
7.0,-1.5053175687789917,1.5210586786270142,0.0
7.0,-1.512333869934082,1.5140827894210815,0.0
7.0,-1.505118489265442,1.4929895401000977,0.0
7.0,-1.512005090713501,1.4860148429870605,0.0
7.0,-1.504530429840088,1.4650554656982422,0.0
7.0,-1.5112879276275635,1.4580838680267334,0.0
7.0,-1.5064473152160645,1.4400253295898438,0.0
7.0,-1.5014722347259521,1.422042727470398,0.0
7.0,-1.5080307722091675,1.4150856733322144,0.0
7.0,-1.5013742446899414,1.3958420753479004,0.0
7.0,-1.5078116655349731,1.388885736465454,0.0
7.0,-1.5023986101150513,1.3711141347885132,0.0
7.0,-1.4983372688293457,1.3547639846801758,0.0
7.0,-1.504584789276123,1.3478220701217651,0.0
7.0,-1.498833417892456,1.3302308320999146,0.0
7.0,-1.5049675703048706,1.323287010192871,0.0
7.0,-1.4990051984786987,1.3058053255081177,0.0
7.0,-1.4944275617599487,1.289713978767395,0.0
7.0,-1.500374436378479,1.2827908992767334,0.0
7.0,-1.4956063032150269,1.2667919397354126,0.0
7.0,-1.5014472007751465,1.2598636150360107,0.0
7.0,-1.4980278015136719,1.2452374696731567,0.0
7.0,-1.4929616451263428,1.2293988466262817,0.0
7.0,-1.4986296892166138,1.2224831581115723,0.0
7.0,-1.49337637424469,1.2067421674728394,0.0
7.0,-1.4989396333694458,1.1998248100280762,0.0
7.0,-1.493500828742981,1.1841838359832764,0.0
7.0,-1.4895225763320923,1.1698541641235352,0.0
7.0,-1.494915246963501,1.1629550457000732,0.0
7.0,-1.4891862869262695,1.1474859714508057,0.0
7.0,-1.4944757223129272,1.140588641166687,0.0
7.0,-1.490160346031189,1.1264307498931885,0.0
7.0,-1.484145164489746,1.1111387014389038,0.0
7.0,-1.4892665147781372,1.1042649745941162,0.0
7.0,-1.484683871269226,1.090265154838562,0.0
7.0,-1.489708662033081,1.083389163017273,0.0
7.0,-1.4849642515182495,1.0694772005081177,0.0
7.0,-1.4801230430603027,1.0556323528289795,0.0
7.0,-1.4849878549575806,1.0487778186798096,0.0
7.0,-1.4799870252609253,1.035023808479309,0.0
7.0,-1.484756588935852,1.0281702280044556,0.0
7.0,-1.481246829032898,1.0156396627426147,0.0
7.0,-1.485926628112793,1.0087803602218628,0.0
7.0,-1.482275366783142,0.9963211417198181,0.0
7.0,-1.4768757820129395,0.98280930519104,0.0
7.0,-1.4814038276672363,0.9759706854820251,0.0
7.0,-1.4758490324020386,0.9625556468963623,0.0
7.0,-1.480283498764038,0.9557219743728638,0.0
7.0,-1.4779454469680786,0.9445596933364868,0.0
7.0,-1.4738457202911377,0.9323703646659851,0.0
7.0,-1.4781407117843628,0.9255462884902954,0.0
7.0,-1.4756040573120117,0.9144881367683411,0.0
7.0,-1.4798163175582886,0.9076561331748962,0.0
7.0,-1.4737389087677002,0.8945779204368591,0.0
7.0,-1.4692867994308472,0.8826053142547607,0.0
7.0,-1.4733517169952393,0.8758028149604797,0.0
7.0,-1.470489501953125,0.8649256825447083,0.0
7.0,-1.4744726419448853,0.8581178188323975,0.0
7.0,-1.4714914560317993,0.8472996354103088,0.0
7.0,-1.4684420824050903,0.8365274667739868,0.0
7.0,-1.4722938537597656,0.8297293782234192,0.0
7.0,-1.4708735942840576,0.819991946220398,0.0
7.0,-1.4746490716934204,0.8131827712059021,0.0
7.0,-1.4696139097213745,0.8015679121017456,0.0
7.0,-1.4645030498504639,0.7900170683860779,0.0
7.0,-1.468139886856079,0.7832376956939697,0.0
7.0,-1.4646697044372559,0.7727086544036865,0.0
7.0,-1.4682265520095825,0.7659286856651306,0.0
7.0,-1.4646421670913696,0.755465030670166,0.0
7.0,-1.4681192636489868,0.748685359954834,0.0
7.0,-1.4644215106964111,0.7382882833480835,0.0
7.0,-1.462449073791504,0.7288335561752319,0.0
7.0,-1.4658031463623047,0.7220643162727356,0.0
7.0,-1.4637314081192017,0.7126532196998596,0.0
7.0,-1.4579994678497314,0.701542317867279,0.0
7.0,-1.4612274169921875,0.6947939991950989,0.0
7.0,-1.4589935541152954,0.6854793429374695,0.0
7.0,-1.4621471166610718,0.6787264943122864,0.0
7.0,-1.4598156213760376,0.6694580912590027,0.0
7.0,-1.462895154953003,0.6627016663551331,0.0
7.0,-1.460466742515564,0.653480589389801,0.0
7.0,-1.457984447479248,0.6442961096763611,0.0
7.0,-1.4609476327896118,0.6375483870506287,0.0
7.0,-1.4565327167510986,0.6276212334632874,0.0
7.0,-1.4594188928604126,0.6208804845809937,0.0
7.0,-1.4567419290542603,0.6118031144142151,0.0
7.0,-1.4540122747421265,0.6027637720108032,0.0
7.0,-1.4567835330963135,0.5960349440574646,0.0
7.0,-1.4539600610733032,0.5870469212532043,0.0
7.0,-1.4566586017608643,0.5803184509277344,0.0
7.0,-1.4556033611297607,0.5721144080162048,0.0
7.0,-1.4526386260986328,0.5632094740867615,0.0
7.0,-1.455227017402649,0.5564873814582825,0.0
7.0,-1.4521703720092773,0.5476362705230713,0.0
7.0,-1.4546867609024048,0.5409165024757385,0.0
7.0,-1.4515385627746582,0.5321199893951416,0.0
7.0,-1.4539833068847656,0.5254032611846924,0.0
7.0,-1.4526287317276,0.5173333883285522,0.0
7.0,-1.4493435621261597,0.5086249709129333,0.0
7.0,-1.4516795873641968,0.5019186735153198,0.0
7.0,-1.4501981735229492,0.49391207098960876,0.0
7.0,-1.4467778205871582,0.4852938950061798,0.0
7.0,-1.4490059614181519,0.4785997271537781,0.0
7.0,-1.4473992586135864,0.4706583619117737,0.0
7.0,-1.4495598077774048,0.4639614522457123,0.0
7.0,-1.4459666013717651,0.4554520845413208,0.0
7.0,-1.448056936264038,0.4487619698047638,0.0
7.0,-1.4443769454956055,0.4403126835823059,0.0
7.0,-1.4444814920425415,0.43305572867393494,0.0
7.0,-1.4464682340621948,0.4263727366924286,0.0
7.0,-1.4445819854736328,0.41856738924980164,0.0
7.0,-1.4465017318725586,0.411884069442749,0.0
7.0,-1.4445385932922363,0.40411433577537537,0.0
7.0,-1.4425344467163086,0.3963715732097626,0.0
7.0,-1.4443516731262207,0.38969796895980835,0.0
7.0,-1.440337896347046,0.38147982954978943,0.0
7.0,-1.4420862197875977,0.37481653690338135,0.0
7.0,-1.4399276971817017,0.3671569228172302,0.0
7.0,-1.4377292394638062,0.35952529311180115,0.0
7.0,-1.4393761157989502,0.3528743088245392,0.0
7.0,-1.4390475749969482,0.34574854373931885,0.0
7.0,-1.4406307935714722,0.33909159898757935,0.0
7.0,-1.4402341842651367,0.3319781720638275,0.0
7.0,-1.4417537450790405,0.3253158926963806,0.0
7.0,-1.4393362998962402,0.31778424978256226,0.0
7.0,-1.436880350112915,0.31028199195861816,0.0
7.0,-1.438299536705017,0.3036354184150696,0.0
7.0,-1.4377292394638062,0.2965783476829529,0.0
7.0,-1.4390851259231567,0.28992801904678345,0.0
7.0,-1.4364852905273438,0.28249961137771606,0.0
7.0,-1.4358118772506714,0.275478333234787,0.0
7.0,-1.4370701313018799,0.2688370943069458,0.0
7.0,-1.4363301992416382,0.26183146238327026,0.0
7.0,-1.4375253915786743,0.2551879584789276,0.0
7.0,-1.4347481727600098,0.24785807728767395,0.0
7.0,-1.4339064359664917,0.2408907115459442,0.0
7.0,-1.4350048303604126,0.23425865173339844,0.0
7.0,-1.4340972900390625,0.2273084968328476,0.0
7.0,-1.4351328611373901,0.22067570686340332,0.0
7.0,-1.4321813583374023,0.21344853937625885,0.0
7.0,-1.4331529140472412,0.20682474970817566,0.0
7.0,-1.4340938329696655,0.2001965492963791,0.0
7.0,-1.433022141456604,0.19329670071601868,0.0
7.0,-1.4339004755020142,0.1866692453622818,0.0
7.0,-1.4307793378829956,0.1795397698879242,0.0
7.0,-1.4296085834503174,0.172682985663414,0.0
7.0,-1.4303916692733765,0.16607153415679932,0.0
7.0,-1.4291564226150513,0.15923504531383514,0.0
7.0,-1.4298774003982544,0.15262581408023834,0.0
7.0,-1.4285781383514404,0.14581026136875153,0.0
7.0,-1.4292370080947876,0.13920384645462036,0.0
7.0,-1.4298652410507202,0.13259446620941162,0.0
7.0,-1.4284707307815552,0.1258067935705185,0.0
7.0,-1.429037094116211,0.11920109391212463,0.0
7.0,-1.4275791645050049,0.11243581771850586,0.0
7.0,-1.4280837774276733,0.10583438724279404,0.0
7.0,-1.4265625476837158,0.09909209609031677,0.0
7.0,-1.427005410194397,0.09249550849199295,0.0
7.0,-1.4274177551269531,0.08589693903923035,0.0
7.0,-1.4258028268814087,0.07918563485145569,0.0
7.0,-1.4261536598205566,0.07259277254343033,0.0
7.0,-1.424476146697998,0.06590592116117477,0.0
7.0,-1.424765706062317,0.05931933596730232,0.0
7.0,-1.4250247478485107,0.0527314767241478,0.0
7.0,-1.423254370689392,0.04607778042554855,0.0
7.0,-1.4234521389007568,0.039497051388025284,0.0
7.0,-1.4236195087432861,0.03291548043489456,0.0
7.0,-1.42375648021698,0.02633320540189743,0.0
7.0,-1.421863317489624,0.019722629338502884,0.0
7.0,-1.4219392538070679,0.013148615136742592,0.0
7.0,-1.4219849109649658,0.006574319209903479,0.0
8.0,-1.4199999570846558,1.2414034245011862e-07,0.0
8.0,-1.4199848175048828,-0.006565064657479525,0.0
8.0,-1.4199392795562744,-0.013130112551152706,0.0
8.0,-1.4198633432388306,-0.01969487965106964,0.0
8.0,-1.4197571277618408,-0.026259226724505424,0.0
8.0,-1.4196205139160156,-0.03282301127910614,0.0
8.0,-1.417454481124878,-0.0393306240439415,0.0
8.0,-1.4172574281692505,-0.04588362202048302,0.0
8.0,-1.4190287590026855,-0.052509598433971405,0.0
8.0,-1.4187707901000977,-0.05906973406672478,0.0
8.0,-1.420480489730835,-0.0657210499048233,0.0
8.0,-1.420161485671997,-0.07228775322437286,0.0
8.0,-1.4198120832443237,-0.07885292172431946,0.0
8.0,-1.4194324016571045,-0.08541639894247055,0.0
8.0,-1.4190223217010498,-0.0919780507683754,0.0
8.0,-1.4185818433761597,-0.09853773564100266,0.0
8.0,-1.4181110858917236,-0.10509531199932098,0.0
8.0,-1.4196038246154785,-0.1118076741695404,0.0
8.0,-1.4190717935562134,-0.11836984008550644,0.0
8.0,-1.4185093641281128,-0.12492947280406952,0.0
8.0,-1.4179165363311768,-0.1314864307641983,0.0
8.0,-1.4172935485839844,-0.13804058730602264,0.0
8.0,-1.4166401624679565,-0.1445917785167694,0.0
8.0,-1.4159564971923828,-0.15113988518714905,0.0
8.0,-1.4152425527572632,-0.15768477320671082,0.0
8.0,-1.4144984483718872,-0.16422627866268158,0.0
8.0,-1.4137240648269653,-0.1707642823457718,0.0
8.0,-1.4149038791656494,-0.1775476336479187,0.0
8.0,-1.4140678644180298,-0.1840873658657074,0.0
8.0,-1.4132015705108643,-0.19062316417694092,0.0
8.0,-1.4142858982086182,-0.19743138551712036,0.0
8.0,-1.4153375625610352,-0.20425371825695038,0.0
8.0,-1.414378046989441,-0.21079516410827637,0.0
8.0,-1.415365219116211,-0.2176360934972763,0.0
8.0,-1.4143438339233398,-0.2241775244474411,0.0
8.0,-1.4132922887802124,-0.23071415722370148,0.0
8.0,-1.4141827821731567,-0.23757721483707428,0.0
8.0,-1.4130693674087524,-0.24411296844482422,0.0
8.0,-1.413894772529602,-0.2509930729866028,0.0
8.0,-1.4127192497253418,-0.25752735137939453,0.0
8.0,-1.4134793281555176,-0.2644239068031311,0.0
8.0,-1.4122416973114014,-0.2709560990333557,0.0
8.0,-1.4129364490509033,-0.27786847949028015,0.0
8.0,-1.4116365909576416,-0.28439804911613464,0.0
8.0,-1.410306692123413,-0.29092150926589966,0.0
8.0,-1.4128602743148804,-0.2982649803161621,0.0
8.0,-1.411466121673584,-0.30479398369789124,0.0
8.0,-1.4100419282913208,-0.31131646037101746,0.0
8.0,-1.4105384349822998,-0.31827250123023987,0.0
8.0,-1.409051775932312,-0.3247905373573303,0.0
8.0,-1.4114288091659546,-0.33221811056137085,0.0
8.0,-1.4098777770996094,-0.33874011039733887,0.0
8.0,-1.4102389812469482,-0.34573110938072205,0.0
8.0,-1.4086254835128784,-0.3522474765777588,0.0
8.0,-1.4089198112487793,-0.3592504560947418,0.0
8.0,-1.409179449081421,-0.36626365780830383,0.0
8.0,-1.4074710607528687,-0.3727749288082123,0.0
8.0,-1.4095945358276367,-0.3803201913833618,0.0
8.0,-1.4078210592269897,-0.38683319091796875,0.0
8.0,-1.406017541885376,-0.3933379352092743,0.0
8.0,-1.4061075448989868,-0.40038201212882996,0.0
8.0,-1.4042413234710693,-0.40687867999076843,0.0
8.0,-1.4061819314956665,-0.41449761390686035,0.0
8.0,-1.4042505025863647,-0.42099449038505554,0.0
8.0,-1.4061152935028076,-0.42864876985549927,0.0
8.0,-1.404118537902832,-0.43514516949653625,0.0
8.0,-1.4059067964553833,-0.4428339898586273,0.0
8.0,-1.407654047012329,-0.4505486488342285,0.0
8.0,-1.4055559635162354,-0.45705196261405945,0.0
8.0,-1.4053269624710083,-0.46417272090911865,0.0
8.0,-1.4031658172607422,-0.4706651270389557,0.0
8.0,-1.4047611951828003,-0.47843700647354126,0.0
8.0,-1.4063146114349365,-0.48623374104499817,0.0
8.0,-1.4040515422821045,-0.4927304685115814,0.0
8.0,-1.4036425352096558,-0.499887615442276,0.0
8.0,-1.4013164043426514,-0.5063718557357788,0.0
8.0,-1.402715802192688,-0.5142219662666321,0.0
8.0,-1.404072642326355,-0.5220959186553955,0.0
8.0,-1.4016437530517578,-0.5285818576812744,0.0
8.0,-1.4029210805892944,-0.5364852547645569,0.0
8.0,-1.400425672531128,-0.5429657697677612,0.0
8.0,-1.403484582901001,-0.5516294836997986,0.0
8.0,-1.4009191989898682,-0.558112382888794,0.0
8.0,-1.4001784324645996,-0.5653321743011475,0.0
8.0,-1.4031028747558594,-0.5740717649459839,0.0
8.0,-1.4004337787628174,-0.5805526971817017,0.0
8.0,-1.4014226198196411,-0.5885700583457947,0.0
8.0,-1.398686408996582,-0.5950430631637573,0.0
8.0,-1.3995939493179321,-0.6030862927436829,0.0
8.0,-1.4004566669464111,-0.6111505031585693,0.0
8.0,-1.3976161479949951,-0.6176188588142395,0.0
8.0,-1.4002225399017334,-0.6265245079994202,0.0
8.0,-1.3973109722137451,-0.6329915523529053,0.0
8.0,-1.3998231887817383,-0.6419461369514465,0.0
8.0,-1.3968403339385986,-0.6484111547470093,0.0
8.0,-1.397447943687439,-0.6565633416175842,0.0
8.0,-1.3998160362243652,-0.665593683719635,0.0
8.0,-1.396723747253418,-0.6720584630966187,0.0
8.0,-1.3989962339401245,-0.681135356426239,0.0
8.0,-1.3958321809768677,-0.6875961422920227,0.0
8.0,-1.3980083465576172,-0.6967185139656067,0.0
8.0,-1.3983439207077026,-0.7049752473831177,0.0
8.0,-1.3950695991516113,-0.7114328145980835,0.0
8.0,-1.3970979452133179,-0.720625638961792,0.0
8.0,-1.3937513828277588,-0.7270772457122803,0.0
8.0,-1.395681619644165,-0.7363129258155823,0.0
8.0,-1.3922624588012695,-0.7427577972412109,0.0
8.0,-1.3958543539047241,-0.7529850006103516,0.0
8.0,-1.3976255655288696,-0.7623035311698914,0.0
8.0,-1.394086241722107,-0.7687571048736572,0.0
8.0,-1.395757794380188,-0.7781158685684204,0.0
8.0,-1.3921453952789307,-0.7845606803894043,0.0
8.0,-1.3937164545059204,-0.7939585447311401,0.0
8.0,-1.3952305316925049,-0.8033877611160278,0.0
8.0,-1.3915011882781982,-0.809829831123352,0.0
8.0,-1.3946378231048584,-0.8203105330467224,0.0
8.0,-1.3908302783966064,-0.8267497420310974,0.0
8.0,-1.3938509225845337,-0.8372907042503357,0.0
8.0,-1.3899649381637573,-0.8437260985374451,0.0
8.0,-1.39116370677948,-0.8532804250717163,0.0
8.0,-1.3940038681030273,-0.8639174103736877,0.0
8.0,-1.389994740486145,-0.8703531622886658,0.0
8.0,-1.392716646194458,-0.881047248840332,0.0
8.0,-1.388628363609314,-0.8874768614768982,0.0
8.0,-1.3895511627197266,-0.8971419930458069,0.0
8.0,-1.3853884935379028,-0.9035568237304688,0.0
8.0,-1.3895467519760132,-0.9154538512229919,0.0
8.0,-1.391959547996521,-0.9263005256652832,0.0
8.0,-1.3876620531082153,-0.9327262043952942,0.0
8.0,-1.38995361328125,-0.943625271320343,0.0
8.0,-1.3855760097503662,-0.9500414729118347,0.0
8.0,-1.389390230178833,-0.9621304869651794,0.0
8.0,-1.3914828300476074,-0.9731286764144897,0.0
8.0,-1.3869688510894775,-0.9795516133308411,0.0
8.0,-1.3889384269714355,-0.9905988574028015,0.0
8.0,-1.3843436241149902,-0.9970098733901978,0.0
8.0,-1.3861892223358154,-1.0081048011779785,0.0
8.0,-1.3815135955810547,-1.0145028829574585,0.0
8.0,-1.3880542516708374,-1.0292179584503174,0.0
8.0,-1.380078911781311,-1.0332270860671997,0.0
8.0,-1.3752871751785278,-1.039596676826477,0.0
8.0,-1.354567289352417,-1.0338101387023926,0.0
8.0,-1.3497731685638428,-1.0400617122650146,0.0
8.0,-1.3323215246200562,-1.0364667177200317,0.0
8.0,-1.3149322271347046,-1.0327329635620117,0.0
8.0,-1.3101434707641602,-1.0388013124465942,0.0
8.0,-1.2928354740142822,-1.034848928451538,0.0
8.0,-1.2880371809005737,-1.0408151149749756,0.0
8.0,-1.2692633867263794,-1.0353813171386719,0.0
8.0,-1.252111554145813,-1.0310676097869873,0.0
8.0,-1.247331142425537,-1.0368455648422241,0.0
8.0,-1.2302674055099487,-1.03231680393219,0.0
8.0,-1.2254815101623535,-1.0379937887191772,0.0
8.0,-1.2085083723068237,-1.0332510471343994,0.0
8.0,-1.1931195259094238,-1.0296804904937744,0.0
8.0,-1.1883461475372314,-1.035185694694519,0.0
8.0,-1.1730337142944336,-1.0314242839813232,0.0
8.0,-1.1682524681091309,-1.0368366241455078,0.0
8.0,-1.1530184745788574,-1.0328854322433472,0.0
8.0,-1.1378462314605713,-1.0288158655166626,0.0
8.0,-1.1330775022506714,-1.0340654850006104,0.0
8.0,-1.1194581985473633,-1.031162977218628,0.0
8.0,-1.1146788597106934,-1.036327600479126,0.0
8.0,-1.101124882698059,-1.0332587957382202,0.0
8.0,-1.0861713886260986,-1.0287117958068848,0.0
8.0,-1.0814036130905151,-1.0337225198745728,0.0
8.0,-1.0679768323898315,-1.030379295349121,0.0
8.0,-1.0632015466690063,-1.0353058576583862,0.0
8.0,-1.0498450994491577,-1.031799077987671,0.0
8.0,-1.0351239442825317,-1.0267823934555054,0.0
8.0,-1.0303657054901123,-1.0315572023391724,0.0
8.0,-1.018551230430603,-1.0292022228240967,0.0
8.0,-1.013782024383545,-1.0339003801345825,0.0
8.0,-1.0020228624343872,-1.03140389919281,0.0
8.0,-0.9903087019920349,-1.0288209915161133,0.0
8.0,-0.9855414628982544,-1.033388614654541,0.0
8.0,-0.973885178565979,-1.030665636062622,0.0
8.0,-0.9691095948219299,-1.0351572036743164,0.0
8.0,-0.9575128555297852,-1.0322951078414917,0.0
8.0,-0.944610059261322,-1.0278754234313965,0.0
8.0,-0.9398477673530579,-1.0322316884994507,0.0
8.0,-0.9283671379089355,-1.0291407108306885,0.0
8.0,-0.923599123954773,-1.0334218740463257,0.0
8.0,-0.912182092666626,-1.0301941633224487,0.0
8.0,-0.9074093699455261,-1.034400463104248,0.0
8.0,-0.8960575461387634,-1.0310368537902832,0.0
8.0,-0.884756326675415,-1.0275903940200806,0.0
8.0,-0.8799959421157837,-1.0316699743270874,0.0
8.0,-0.870053231716156,-1.029617190361023,0.0
8.0,-0.8652836680412292,-1.0336287021636963,0.0
8.0,-0.8553887605667114,-1.031460165977478,0.0
8.0,-0.8455324769020081,-1.0292224884033203,0.0
8.0,-0.8407649993896484,-1.0331206321716309,0.0
8.0,-0.8297033905982971,-1.0292115211486816,0.0
8.0,-0.8249360918998718,-1.0330365896224976,0.0
8.0,-0.8151880502700806,-1.0305651426315308,0.0
8.0,-0.8042471408843994,-1.0264514684677124,0.0
8.0,-0.7994928359985352,-1.0301588773727417,0.0
8.0,-0.789845883846283,-1.0275015830993652,0.0
8.0,-0.7850869297981262,-1.0311423540115356,0.0
8.0,-0.7754944562911987,-1.0283735990524292,0.0
8.0,-0.7671412229537964,-1.0271408557891846,0.0
8.0,-0.7623841762542725,-1.0306766033172607,0.0
8.0,-0.7528831958770752,-1.0277369022369385,0.0
8.0,-0.7481235265731812,-1.031206727027893,0.0
8.0,-0.7386800646781921,-1.0281574726104736,0.0
8.0,-0.7304403185844421,-1.0266727209091187,0.0
8.0,-0.7256858348846436,-1.030038833618164,0.0
8.0,-0.71748286485672,-1.0284620523452759,0.0
8.0,-0.7127202153205872,-1.0317683219909668,0.0
8.0,-0.7022968530654907,-1.0267983675003052,0.0
8.0,-0.6941778063774109,-1.0250664949417114,0.0
8.0,-0.6894311308860779,-1.0282649993896484,0.0
8.0,-0.6813514232635498,-1.026442527770996,0.0
8.0,-0.6765984892845154,-1.0295816659927368,0.0
8.0,-0.6674685478210449,-1.0259929895401,0.0
8.0,-0.6594693064689636,-1.0240236520767212,0.0
8.0,-0.6547278165817261,-1.0270615816116333,0.0
8.0,-0.6467704772949219,-1.025003433227539,0.0
8.0,-0.642024576663971,-1.0279827117919922,0.0
8.0,-0.6341102123260498,-1.0258363485336304,0.0
8.0,-0.6272732019424438,-1.025344967842102,0.0
8.0,-0.6225259304046631,-1.0282341241836548,0.0
8.0,-0.6146816611289978,-1.0259543657302856,0.0
8.0,-0.6099317073822021,-1.0287853479385376,0.0
8.0,-0.6021327972412109,-1.0264191627502441,0.0
8.0,-0.5973808765411377,-1.0291920900344849,0.0
8.0,-0.5896281599998474,-1.0267398357391357,0.0
8.0,-0.5819109082221985,-1.024238109588623,0.0
8.0,-0.5771692395210266,-1.0269174575805664,0.0
8.0,-0.5704716444015503,-1.0260790586471558,0.0
8.0,-0.5657215714454651,-1.0287055969238281,0.0
8.0,-0.5590481162071228,-1.0277962684631348,0.0
8.0,-0.5514478087425232,-1.0250860452651978,0.0
8.0,-0.5467025637626648,-1.0276246070861816,0.0
8.0,-0.5391520857810974,-1.0248311758041382,0.0
8.0,-0.5344080924987793,-1.027312994003296,0.0
8.0,-0.5278232097625732,-1.0262157917022705,0.0
8.0,-0.5212599039077759,-1.0250794887542725,0.0
8.0,-0.5165150165557861,-1.027478575706482,0.0
8.0,-0.5090890526771545,-1.0244824886322021,0.0
8.0,-0.5043470859527588,-1.0268253087997437,0.0
8.0,-0.49784740805625916,-1.0255476236343384,0.0
8.0,-0.49137043952941895,-1.024232029914856,0.0
8.0,-0.48662978410720825,-1.0264928340911865,0.0
8.0,-0.4793335795402527,-1.0232982635498047,0.0
8.0,-0.47459736466407776,-1.025503396987915,0.0
8.0,-0.4681878387928009,-1.024048924446106,0.0
8.0,-0.46344828605651855,-1.0262025594711304,0.0
8.0,-0.4570693075656891,-1.0246812105178833,0.0
8.0,-0.4507143795490265,-1.023123025894165,0.0
8.0,-0.4459792673587799,-1.025195837020874,0.0
8.0,-0.43965595960617065,-1.023571491241455,0.0
8.0,-0.433357298374176,-1.0219106674194336,0.0
8.0,-0.42862799763679504,-1.0239033699035645,0.0
8.0,-0.42236196994781494,-1.0221772193908691,0.0
8.0,-0.4176315367221832,-1.0241190195083618,0.0
8.0,-0.41214555501937866,-1.0241835117340088,0.0
8.0,-0.4074059724807739,-1.0260781049728394,0.0
8.0,-0.4011988043785095,-1.0242263078689575,0.0
8.0,-0.39573830366134644,-1.0242047309875488,0.0
8.0,-0.3909987807273865,-1.0260233879089355,0.0
8.0,-0.38554733991622925,-1.02594792842865,0.0
8.0,-0.38079988956451416,-1.027719497680664,0.0
8.0,-0.37535807490348816,-1.0275905132293701,0.0
8.0,-0.37060314416885376,-1.0293149948120117,0.0
8.0,-0.36584025621414185,-1.0310174226760864,0.0
8.0,-0.3604094982147217,-1.0308098793029785,0.0
8.0,-0.35563981533050537,-1.0324652194976807,0.0
8.0,-0.3495773673057556,-1.0303105115890503,0.0
8.0,-0.3448100984096527,-1.0319157838821411,0.0
8.0,-0.3387853503227234,-1.0296992063522339,0.0
8.0,-0.3334047794342041,-1.029351830482483,0.0
8.0,-0.3286421298980713,-1.0308823585510254,0.0
8.0,-0.32327380776405334,-1.030482530593872,0.0
8.0,-0.31850606203079224,-1.0319660902023315,0.0
8.0,-0.3125694990158081,-1.0296000242233276,0.0
8.0,-0.3072338104248047,-1.0291178226470947,0.0
8.0,-0.3024725317955017,-1.0305272340774536,0.0
8.0,-0.2971504032611847,-1.0299930572509766,0.0
8.0,-0.29238519072532654,-1.031355857849121,0.0
8.0,-0.28654053807258606,-1.0288432836532593,0.0
8.0,-0.28125306963920593,-1.0282279253005981,0.0
8.0,-0.27649617195129395,-1.0295172929763794,0.0
8.0,-0.270713746547699,-1.0269168615341187,0.0
8.0,-0.26596304774284363,-1.0281574726104736,0.0
8.0,-0.26071470975875854,-1.027437448501587,0.0
8.0,-0.25596168637275696,-1.0286318063735962,0.0
8.0,-0.2512032091617584,-1.0298042297363281,0.0
8.0,-0.24550941586494446,-1.027064323425293,0.0
8.0,-0.2407582849264145,-1.0281884670257568,0.0
8.0,-0.23555505275726318,-1.0273411273956299,0.0
8.0,-0.23036479949951172,-1.0264678001403809,0.0
8.0,-0.22561660408973694,-1.0275218486785889,0.0
8.0,-0.22044365108013153,-1.0265984535217285,0.0
8.0,-0.21569494903087616,-1.027606725692749,0.0
8.0,-0.21053984761238098,-1.0266337394714355,0.0
8.0,-0.20579108595848083,-1.0275962352752686,0.0
8.0,-0.2006542831659317,-1.026573896408081,0.0
8.0,-0.1959058940410614,-1.0274906158447266,0.0
8.0,-0.19115333259105682,-1.0283854007720947,0.0
8.0,-0.18604028224945068,-1.0272901058197021,0.0
8.0,-0.18128874897956848,-1.028139352798462,0.0
8.0,-0.1761951595544815,-1.026995301246643,0.0
8.0,-0.17111600935459137,-1.025826096534729,0.0
8.0,-0.1663714051246643,-1.0266063213348389,0.0
8.0,-0.16131243109703064,-1.0253888368606567,0.0
8.0,-0.1565699577331543,-1.0261236429214478,0.0
8.0,-0.15153160691261292,-1.0248581171035767,0.0
8.0,-0.14679168164730072,-1.025547742843628,0.0
8.0,-0.14177440106868744,-1.024234414100647,0.0
8.0,-0.13677239418029785,-1.0228965282440186,0.0
8.0,-0.13204170763492584,-1.0235178470611572,0.0
8.0,-0.12706147134304047,-1.0221327543258667,0.0
8.0,-0.12233441323041916,-1.0227092504501343,0.0
8.0,-0.11760473996400833,-1.023263931274414,0.0
8.0,-0.11265338212251663,-1.0218087434768677,0.0
8.0,-0.10792797803878784,-1.022318720817566,0.0
8.0,-0.1029994860291481,-1.0208169221878052,0.0
8.0,-0.09827876836061478,-1.0212821960449219,0.0
8.0,-0.09355594962835312,-1.0217256546020508,0.0
8.0,-0.08883113414049149,-1.022147297859192,0.0
8.0,-0.08410441875457764,-1.0225470066070557,0.0
8.0,-0.07922117412090302,-1.0209310054779053,0.0
8.0,-0.0745001882314682,-1.0212863683700562,0.0
8.0,-0.06977760046720505,-1.0216199159622192,0.0
8.0,-0.0650535300374031,-1.021931529045105,0.0
8.0,-0.06032806262373924,-1.0222214460372925,0.0
8.0,-0.05560130625963211,-1.0224894285202026,0.0
8.0,-0.05087336152791977,-1.022735595703125,0.0
8.0,-0.046144332736730576,-1.02295982837677,0.0
8.0,-0.04141431301832199,-1.0231622457504272,0.0
8.0,-0.03668341040611267,-1.0233427286148071,0.0
8.0,-0.031951725482940674,-1.0235013961791992,0.0
8.0,-0.02721935510635376,-1.0236382484436035,0.0
8.0,-0.02244248241186142,-1.0217535495758057,0.0
8.0,-0.017718294635415077,-1.0218462944030762,0.0
8.0,-0.012993729673326015,-1.0219173431396484,0.0
8.0,-0.008268886245787144,-1.0219664573669434,0.0
8.0,-0.0035438663326203823,-1.0219937562942505,0.0
8.0,0.0011812294833362103,-1.0219992399215698,0.0
8.0,0.005906300153583288,-1.0219829082489014,0.0
8.0,0.010631244629621506,-1.0219446420669556,0.0
8.0,0.01535596139729023,-1.021884560585022,0.0
8.0,0.02008035033941269,-1.0218026638031006,0.0
8.0,0.024804310873150826,-1.0216989517211914,0.0
8.0,0.029527738690376282,-1.0215733051300049,0.0
8.0,0.03425053879618645,-1.0214258432388306,0.0
8.0,0.038972605019807816,-1.0212565660476685,0.0
8.0,0.04369383677840233,-1.0210654735565186,0.0
8.0,0.048414137214422226,-1.0208525657653809,0.0
8.0,0.05313339829444885,-1.0206178426742554,0.0
8.0,0.05785152688622475,-1.020361304283142,0.0
8.0,0.06256841868162155,-1.0200828313827515,0.0
8.0,0.06741565465927124,-1.0217784643173218,0.0
8.0,0.07213899493217468,-1.0214558839797974,0.0
8.0,0.07686079293489456,-1.0211113691329956,0.0
8.0,0.08158095180988312,-1.0207451581954956,0.0
8.0,0.0862993597984314,-1.0203570127487183,0.0
8.0,0.09101593494415283,-1.0199471712112427,0.0
8.0,0.09573055803775787,-1.0195153951644897,0.0
8.0,0.10044313222169876,-1.0190619230270386,0.0
8.0,0.10515356063842773,-1.0185866355895996,0.0
8.0,0.10986173897981644,-1.0180896520614624,0.0
8.0,0.11479133367538452,-1.0195581912994385,0.0
8.0,0.11950390785932541,-1.0190166234970093,0.0
8.0,0.12421392649412155,-1.0184532403945923,0.0
8.0,0.1289212852716446,-1.0178680419921875,0.0
8.0,0.13362589478492737,-1.0172611474990845,0.0
8.0,0.1385972797870636,-1.0186141729354858,0.0
8.0,0.1433052271604538,-1.0179624557495117,0.0
8.0,0.14829806983470917,-1.0192681550979614,0.0
8.0,0.15300893783569336,-1.0185716152191162,0.0
8.0,0.15741030871868134,-1.0158770084381104,0.0
8.0,0.16242077946662903,-1.0171133279800415,0.0
8.0,0.1671215295791626,-1.0163514614105225,0.0
8.0,0.1721523404121399,-1.0175398588180542,0.0
8.0,0.1768549680709839,-1.0167330503463745,0.0
8.0,0.18155381083488464,-1.0159045457839966,0.0
8.0,0.186248779296875,-1.0150543451309204,0.0
8.0,0.1909397542476654,-1.0141823291778564,0.0
8.0,0.19600580632686615,-1.0152525901794434,0.0
8.0,0.20069760084152222,-1.0143355131149292,0.0
8.0,0.20578236877918243,-1.0153568983078003,0.0
8.0,0.210880845785141,-1.016352891921997,0.0
8.0,0.21557757258415222,-1.015367031097412,0.0
8.0,0.22026969492435455,-1.014359474182129,0.0
8.0,0.22495709359645844,-1.013330340385437,0.0
8.0,0.23052464425563812,-1.016180396080017,0.0
8.0,0.23522035777568817,-1.0151036977767944,0.0
8.0,0.24037152528762817,-1.0159515142440796,0.0
8.0,0.24553555250167847,-1.0167734622955322,0.0
8.0,0.25023385882377625,-1.015627384185791,0.0
8.0,0.255414217710495,-1.0163992643356323,0.0
8.0,0.26011067628860474,-1.0152075290679932,0.0
8.0,0.26530691981315613,-1.0159292221069336,0.0
8.0,0.27051541209220886,-1.0166245698928833,0.0
8.0,0.27521276473999023,-1.0153629779815674,0.0
8.0,0.28043636679649353,-1.016007661819458,0.0
8.0,0.28513073921203613,-1.014700174331665,0.0
8.0,0.2903689742088318,-1.0152939558029175,0.0
8.0,0.2950599491596222,-1.013940691947937,0.0
8.0,0.3003123104572296,-1.0144833326339722,0.0
8.0,0.305575966835022,-1.0149991512298584,0.0
8.0,0.3102654218673706,-1.0135754346847534,0.0
8.0,0.3155425190925598,-1.0140399932861328,0.0
8.0,0.3202274441719055,-1.0125702619552612,0.0
8.0,0.3261292278766632,-1.0148869752883911,0.0
8.0,0.3314386010169983,-1.0152696371078491,0.0
8.0,0.3361290395259857,-1.0137263536453247,0.0
8.0,0.3420887589454651,-1.015952467918396,0.0
8.0,0.34678223729133606,-1.014359951019287,0.0
8.0,0.35212400555610657,-1.0146352052688599,0.0
8.0,0.3568112850189209,-1.0129964351654053,0.0
8.0,0.36216408014297485,-1.0132192373275757,0.0
8.0,0.36820846796035767,-1.0152943134307861,0.0
8.0,0.3728986084461212,-1.0135811567306519,0.0
8.0,0.37827998399734497,-1.0137200355529785,0.0
8.0,0.38296276330947876,-1.0119602680206299,0.0
8.0,0.3883538544178009,-1.0120460987091064,0.0
8.0,0.39375388622283936,-1.0121036767959595,0.0
8.0,0.3984290063381195,-1.0102723836898804,0.0
8.0,0.40458035469055176,-1.0121338367462158,0.0
8.0,0.4092555046081543,-1.0102524757385254,0.0
8.0,0.41620033979415894,-1.0139000415802002,0.0
8.0,0.42088353633880615,-1.0119649171829224,0.0
8.0,0.427110880613327,-1.013694405555725,0.0
8.0,0.43257805705070496,-1.0135483741760254,0.0
8.0,0.4372594654560089,-1.0115375518798828,0.0
8.0,0.44353556632995605,-1.013169288635254,0.0
8.0,0.4482150971889496,-1.0111078023910522,0.0
8.0,0.4545229971408844,-1.01267409324646,0.0
8.0,0.4600274860858917,-1.0123826265335083,0.0
8.0,0.46470317244529724,-1.0102449655532837,0.0
8.0,0.47105735540390015,-1.0117119550704956,0.0
8.0,0.4757298529148102,-1.0095232725143433,0.0
8.0,0.4821139872074127,-1.0109233856201172,0.0
8.0,0.4867826998233795,-1.0086835622787476,0.0
8.0,0.4949513077735901,-1.0136109590530396,0.0
8.0,0.5014040470123291,-1.0148979425430298,0.0
8.0,0.5060909390449524,-1.0125689506530762,0.0
8.0,0.5125718712806702,-1.0137879848480225,0.0
8.0,0.5172535181045532,-1.0114073753356934,0.0
8.0,0.5237618684768677,-1.012557864189148,0.0
8.0,0.5284376740455627,-1.0101255178451538,0.0
8.0,0.5349727869033813,-1.0112073421478271,0.0
8.0,0.5415290594100952,-1.0122500658035278,0.0
8.0,0.5462033152580261,-1.0097355842590332,0.0
8.0,0.5537449717521667,-1.0124636888504028,0.0
8.0,0.5584200620651245,-1.0098927021026611,0.0
8.0,0.5650349259376526,-1.010791540145874,0.0
8.0,0.5726540088653564,-1.0133920907974243,0.0
8.0,0.5773331522941589,-1.0107336044311523,0.0
8.0,0.5849999189376831,-1.0132497549057007,0.0
8.0,0.5896783471107483,-1.0105341672897339,0.0
8.0,0.5953601002693176,-1.0095199346542358,0.0
8.0,0.6000211238861084,-1.0067565441131592,0.0
8.0,0.6087967157363892,-1.0108246803283691,0.0
8.0,0.6155431866645813,-1.0114160776138306,0.0
8.0,0.6202127933502197,-1.0085594654083252,0.0
8.0,0.6259245872497559,-1.0073798894882202,0.0
8.0,0.63057541847229,-1.0044753551483154,0.0
8.0,0.6394974589347839,-1.0083049535751343,0.0
8.0,0.6473894119262695,-1.0103895664215088,0.0
8.0,0.6520538926124573,-1.0073856115341187,0.0
8.0,0.6599879264831543,-1.009381890296936,0.0
8.0,0.6646475791931152,-1.0063197612762451,0.0
8.0,0.671513020992279,-1.006563663482666,0.0
8.0,0.6761595606803894,-1.003448247909546,0.0
8.0,0.6841674447059631,-1.005271553993225,0.0
8.0,0.693339467048645,-1.008690357208252,0.0
8.0,0.6979956030845642,-1.0054740905761719,0.0
8.0,0.7072292566299438,-1.0087867975234985,0.0
8.0,0.7118856906890869,-1.005506157875061,0.0
8.0,0.7200165390968323,-1.0070850849151611,0.0
8.0,0.7246649265289307,-1.003745436668396,0.0
8.0,0.7328324317932129,-1.005232572555542,0.0
8.0,0.7422147393226624,-1.008276343345642,0.0
8.0,0.7468684315681458,-1.0048340559005737,0.0
8.0,0.7551077008247375,-1.0061691999435425,0.0
8.0,0.7597514986991882,-1.0026673078536987,0.0
8.0,0.7692400217056274,-1.0054978132247925,0.0
8.0,0.7787708044052124,-1.0082619190216064,0.0
8.0,0.7834240794181824,-1.004650592803955,0.0
8.0,0.7930091023445129,-1.0073035955429077,0.0
8.0,0.7976577281951904,-1.0036264657974243,0.0
8.0,0.8072958588600159,-1.0061676502227783,0.0
8.0,0.8182331919670105,-1.0101951360702515,0.0
8.0,0.8228949904441833,-1.0064014196395874,0.0
8.0,0.8326317071914673,-1.0087558031082153,0.0
8.0,0.837286651134491,-1.0048954486846924,0.0
8.0,0.8470731377601624,-1.0071361064910889,0.0
8.0,0.8517204523086548,-1.0032089948654175,0.0
8.0,0.8615553379058838,-1.0053349733352661,0.0
8.0,0.872736394405365,-1.008903980255127,0.0
8.0,0.8773915767669678,-1.004858136177063,0.0
8.0,0.8873175978660583,-1.006792664527893,0.0
8.0,0.8919628858566284,-1.002679467201233,0.0
8.0,0.9032701253890991,-1.0059856176376343,0.0
8.0,0.907911479473114,-1.0017987489700317,0.0
8.0,0.9192829728126526,-1.0049690008163452,0.0
8.0,0.9307030439376831,-1.0080554485321045,0.0
8.0,0.935353696346283,-1.00374174118042,0.0
8.0,0.9454653859138489,-1.005233883857727,0.0
8.0,0.9501028060913086,-1.0008519887924194,0.0
8.0,0.9630218744277954,-1.0051133632659912,0.0
8.0,0.9676585793495178,-1.00065016746521,0.0
8.0,0.9834502339363098,-1.0076158046722412,0.0
8.0,1.0021337270736694,-1.0173062086105347,0.0
8.0,1.006826400756836,-1.0126620531082153,0.0
8.0,1.0270808935165405,-1.0235257148742676,0.0
8.0,1.0318020582199097,-1.018766164779663,0.0
8.0,1.0507978200912476,-1.0279709100723267,0.0
8.0,1.0555392503738403,-1.0231016874313354,0.0
8.0,1.0761258602142334,-1.0334490537643433,0.0
8.0,1.0953816175460815,-1.042249083518982,0.0
8.0,1.1001886129379272,-1.0371735095977783,0.0
8.0,1.1210497617721558,-1.0470929145812988,0.0
8.0,1.125878930091858,-1.0418987274169922,0.0
8.0,1.1483738422393799,-1.0529013872146606,0.0
8.0,1.1532294750213623,-1.0475808382034302,0.0
8.0,1.1744132041931152,-1.0569549798965454,0.0
8.0,1.1957077980041504,-1.066155195236206,0.0
8.0,1.2006242275238037,-1.0606156587600708,0.0
8.0,1.2220700979232788,-1.0695421695709229,0.0
8.0,1.2270019054412842,-1.0638806819915771,0.0
8.0,1.2501131296157837,-1.073834776878357,0.0
8.0,1.2550644874572754,-1.06804358959198,0.0
8.0,1.2813966274261475,-1.0802770853042603,0.0
8.0,1.1629650592803955,-0.9442014098167419,0.0
8.0,1.1673181056976318,-0.9388144612312317,0.0
8.0,1.1716461181640625,-0.9334074854850769,0.0
8.0,1.1759490966796875,-0.9279805421829224,0.0
8.0,1.202287197113037,-0.9397774338722229,0.0
8.0,1.2271777391433716,-0.9501258134841919,0.0
8.0,1.2315573692321777,-0.9444419741630554,0.0
8.0,1.259800672531128,-0.9568836092948914,0.0
8.0,1.2642112970352173,-0.9510488510131836,0.0
8.0,1.2910478115081787,-0.9619228839874268,0.0
8.0,1.2954813241958618,-0.9559435844421387,0.0
8.0,1.324108600616455,-0.9676446914672852,0.0
8.0,1.3285683393478394,-0.9615125060081482,0.0
8.0,1.3638861179351807,-0.9774960875511169,0.0
8.0,1.3961174488067627,-0.9908581972122192,0.0
8.0,1.4006836414337158,-0.9843928217887878,0.0
8.0,1.431485652923584,-0.9961850047111511,0.0
8.0,1.4360761642456055,-0.989556074142456,0.0
8.0,1.4637653827667236,-0.9986866116523743,0.0
8.0,1.4683669805526733,-0.9919083714485168,0.0
8.0,1.4912242889404297,-0.9973394870758057,0.0
8.0,1.515830397605896,-1.0036842823028564,0.0
8.0,1.5204545259475708,-0.9966652989387512,0.0
8.0,1.5435012578964233,-1.001600742340088,0.0
8.0,1.5481154918670654,-0.9944538474082947,0.0
8.0,1.5695738792419434,-0.9980170130729675,0.0
8.0,1.5741713047027588,-0.9907496571540833,0.0
8.0,1.5787349939346313,-0.9834610819816589,0.0
8.0,1.5730504989624023,-0.9698537588119507,0.0
8.0,1.5775176286697388,-0.9625706076622009,0.0
8.0,1.5733908414840698,-0.9500976800918579,0.0
8.0,1.5708993673324585,-0.9387094974517822,0.0
8.0,1.5752224922180176,-0.9314365983009338,0.0
8.0,1.5743333101272583,-0.9211137890815735,0.0
8.0,1.5785751342773438,-0.9138252139091492,0.0
8.0,1.5793122053146362,-0.9045291543006897,0.0
8.0,1.5939178466796875,-0.9031334519386292,0.0
8.0,1.598076343536377,-0.8957545161247253,0.0
8.0,1.6196918487548828,-0.8980546593666077,0.0
8.0,1.6238266229629517,-0.8905566334724426,0.0
8.0,1.6437488794326782,-0.891622006893158,0.0
8.0,1.6478536128997803,-0.8840128183364868,0.0
8.0,1.6660572290420532,-0.8838832378387451,0.0
8.0,1.6825233697891235,-0.8826748728752136,0.0
8.0,1.6865863800048828,-0.8748865127563477,0.0
8.0,1.470442533493042,-0.7033481597900391,0.0
8.0,1.473678708076477,-0.6965422630310059,0.0
8.0,1.4768832921981812,-0.689721405506134,0.0
8.0,1.4800564050674438,-0.6828858852386475,0.0
8.0,1.4995766878128052,-0.683501124382019,0.0
8.0,1.5027207136154175,-0.6765607595443726,0.0
8.0,1.5204523801803589,-0.6761069297790527,0.0
8.0,1.536380410194397,-0.6746992468833923,0.0
8.0,1.5394834280014038,-0.6675887703895569,0.0
8.0,1.5554234981536865,-0.665974497795105,0.0
8.0,1.5584858655929565,-0.658776044845581,0.0
8.0,1.5652064085006714,-0.6531038880348206,0.0
8.0,1.564510703086853,-0.6443371176719666,0.0
8.0,1.56747305393219,-0.6370969414710999,0.0
8.0,1.566689133644104,-0.6283540725708008,0.0
8.0,1.5695775747299194,-0.6211040019989014,0.0
8.0,1.5668432712554932,-0.6116587519645691,0.0
8.0,1.5696544647216797,-0.6044080853462219,0.0
8.0,1.56682288646698,-0.5950143933296204,0.0
8.0,1.5639381408691406,-0.5856598615646362,0.0
8.0,1.5666290521621704,-0.5784229636192322,0.0
8.0,1.5636485815048218,-0.5691215395927429,0.0
8.0,1.5662630796432495,-0.5618861317634583,0.0
8.0,1.5631872415542603,-0.552638828754425,0.0
8.0,1.563836932182312,-0.5447477698326111,0.0
8.0,1.5663387775421143,-0.5375117659568787,0.0
8.0,1.5631229877471924,-0.5283430218696594,0.0
8.0,1.5655490159988403,-0.521110475063324,0.0
8.0,1.5641405582427979,-0.5126210451126099,0.0
8.0,1.5626870393753052,-0.5041558146476746,0.0
8.0,1.5650012493133545,-0.4969255328178406,0.0
8.0,1.5634640455245972,-0.4884917438030243,0.0
8.0,1.5657057762145996,-0.4812580347061157,0.0
8.0,1.5621708631515503,-0.4722777307033539,0.0
8.0,1.5605034828186035,-0.46391037106513977,0.0
8.0,1.5626317262649536,-0.45669063925743103,0.0
8.0,1.5628042221069336,-0.4489089548587799,0.0
8.0,1.5648629665374756,-0.4416787326335907,0.0
8.0,1.5630335807800293,-0.43337032198905945,0.0
8.0,1.5611611604690552,-0.4250883162021637,0.0
8.0,1.5631097555160522,-0.41786596179008484,0.0
8.0,1.561155915260315,-0.40961945056915283,0.0
8.0,1.563033103942871,-0.4023972749710083,0.0
8.0,1.5571202039718628,-0.3932077884674072,0.0
8.0,1.5453319549560547,-0.3826395273208618,0.0
8.0,1.5470845699310303,-0.37549081444740295,0.0
8.0,1.5390753746032715,-0.3660203814506531,0.0
8.0,1.5407512187957764,-0.3589007556438446,0.0
8.0,1.5689265727996826,-0.14914891123771667,0.0
8.0,1.5695993900299072,-0.14189358055591583,0.0
8.0,1.5702385902404785,-0.13463522493839264,0.0
8.0,1.570844292640686,-0.12737399339675903,0.0
8.0,1.5614454746246338,-0.11934790760278702,0.0
8.0,1.5619806051254272,-0.11212749034166336,0.0
8.0,1.5564957857131958,-0.10450273752212524,0.0
8.0,1.556962251663208,-0.09730536490678787,0.0
8.0,1.5553988218307495,-0.08999038487672806,0.0
8.0,1.5597927570343018,-0.08301081508398056,0.0
8.0,1.5601598024368286,-0.07579842954874039,0.0
8.0,1.570483922958374,-0.069023497402668,0.0
8.0,1.5707862377166748,-0.061761826276779175,0.0
8.0,1.5790503025054932,-0.054776184260845184,0.0
8.0,1.5872830152511597,-0.0477154441177845,0.0
8.0,1.5874866247177124,-0.04037633165717125,0.0
8.0,1.599653720855713,-0.03328600153326988,0.0
8.0,1.5997905731201172,-0.02588985301554203,0.0
8.0,1.60989248752594,-0.018608730286359787,0.0
8.0,1.6099612712860107,-0.011165399104356766,0.0
8.0,1.6199957132339478,-0.0037449460942298174,0.0
8.0,1.6319955587387085,0.0037726773880422115,0.0
8.0,1.6319607496261597,0.011317960917949677,0.0
8.0,1.641890287399292,0.018978584557771683,0.0
8.0,1.6417850255966187,0.02656945027410984,0.0
8.0,1.649642825126648,0.034326180815696716,0.0
8.0,1.6494665145874023,0.04195272549986839,0.0
8.0,1.6612495183944702,0.04993894696235657,0.0
8.0,1.672993779182434,0.05803501233458519,0.0
8.0,1.6727075576782227,0.065769262611866,0.0
8.0,1.4344594478607178,0.23757542669773102,0.0
8.0,1.4333456754684448,0.24420493841171265,0.0
8.0,1.4322013854980469,0.25082921981811523,0.0
8.0,1.4310263395309448,0.25744813680648804,0.0
8.0,1.44162118434906,0.2662408649921417,0.0
8.0,1.4403748512268066,0.272903174161911,0.0
8.0,1.4390977621078491,0.2795596420764923,0.0
8.0,1.437789797782898,0.28621014952659607,0.0
8.0,1.4501690864562988,0.29565122723579407,0.0
8.0,1.4624913930892944,0.3052128255367279,0.0
8.0,1.4610645771026611,0.3119712173938751,0.0
8.0,1.473284363746643,0.32170963287353516,0.0
8.0,1.4717812538146973,0.32851773500442505,0.0
8.0,1.4799963235855103,0.33754241466522217,0.0
8.0,1.49205482006073,0.3475574851036072,0.0
8.0,1.4904320240020752,0.35445207357406616,0.0
8.0,1.5082131624221802,0.366056352853775,0.0
8.0,1.5065046548843384,0.37302547693252563,0.0
8.0,1.5260941982269287,0.3853730261325836,0.0
8.0,1.5242961645126343,0.392424613237381,0.0
8.0,1.5456798076629639,0.40555882453918457,0.0
8.0,1.5437883138656616,0.41270074248313904,0.0
8.0,1.5650205612182617,0.4261392056941986,0.0
8.0,1.5823065042495728,0.4387139678001404,0.0
8.0,1.58026123046875,0.4460248649120331,0.0
8.0,1.591638207435608,0.4571914076805115,0.0
8.0,1.5895073413848877,0.46454524993896484,0.0
8.0,1.6026793718338013,0.47644850611686707,0.0
8.0,1.600459337234497,0.48385319113731384,0.0
8.0,1.6115872859954834,0.4953608214855194,0.0
8.0,1.6226428747177124,0.5069816708564758,0.0
8.0,1.6202815771102905,0.514478325843811,0.0
8.0,1.6312092542648315,0.5262625217437744,0.0
8.0,1.6287587881088257,0.5337985754013062,0.0
8.0,1.6376591920852661,0.5451130867004395,0.0
8.0,1.6483843326568604,0.5571616888046265,0.0
8.0,1.645790696144104,0.5647768378257751,0.0
8.0,1.6563827991485596,0.576985239982605,0.0
8.0,1.6536974906921387,0.5846371650695801,0.0
8.0,1.4382511377334595,0.5159627199172974,0.0
8.0,1.4484283924102783,0.5347814559936523,0.0
8.0,1.4459404945373535,0.5414723753929138,0.0
8.0,1.4434216022491455,0.5481517314910889,0.0
8.0,1.4408718347549438,0.5548193454742432,0.0
8.0,1.4531958103179932,0.5672934651374817,0.0
8.0,1.4505574703216553,0.5740060210227966,0.0
8.0,1.4645944833755493,0.5874068140983582,0.0
8.0,1.4618630409240723,0.594171941280365,0.0
8.0,1.4738948345184326,0.6070173382759094,0.0
8.0,1.4876844882965088,0.6207567453384399,0.0
8.0,1.484798550605774,0.6276282072067261,0.0
8.0,1.503943681716919,0.6439327597618103,0.0
8.0,1.5009504556655884,0.6508792042732239,0.0
8.0,1.5144060850143433,0.6650491952896118,0.0
8.0,1.511315107345581,0.6720437407493591,0.0
8.0,1.522781252861023,0.6855924725532532,0.0
8.0,1.5195952653884888,0.6926255226135254,0.0
8.0,1.5272729396820068,0.7046712040901184,0.0
8.0,1.5294349193572998,0.7142636179924011,0.0
8.0,1.5261163711547852,0.7213271260261536,0.0
8.0,1.5281777381896973,0.7309643030166626,0.0
8.0,1.5247819423675537,0.7380217909812927,0.0
8.0,1.5267419815063477,0.7477025389671326,0.0
8.0,1.5286449193954468,0.7574170231819153,0.0
8.0,1.5251268148422241,0.7644764184951782,0.0
8.0,1.5269274711608887,0.7742329239845276,0.0
8.0,1.5233315229415894,0.7812842130661011,0.0
8.0,1.525029182434082,0.7910816073417664,0.0
8.0,1.5266685485839844,0.8009113073348999,0.0
8.0,1.5229493379592896,0.807961106300354,0.0
8.0,1.526247262954712,0.818775475025177,0.0
8.0,1.5224454402923584,0.8258231282234192,0.0
8.0,1.523871898651123,0.8357383608818054,0.0
8.0,1.5199916362762451,0.8427748680114746,0.0
8.0,1.517823576927185,0.8507711887359619,0.0
8.0,1.5121338367462158,0.8567936420440674,0.0
8.0,1.508156418800354,0.8637756705284119,0.0
8.0,1.4868378639221191,0.8607192039489746,0.0
8.0,1.4828424453735352,0.8675841689109802,0.0
8.0,1.2561761140823364,1.130540370941162,0.0
8.0,1.2509357929229736,1.136336088180542,0.0
8.0,1.2456687688827515,1.1421074867248535,0.0
8.0,1.24037504196167,1.1478544473648071,0.0
8.0,1.2233619689941406,1.1426554918289185,0.0
8.0,1.2180659770965576,1.1482993364334106,0.0
8.0,1.2054994106292725,1.147025465965271,0.0
8.0,1.200183391571045,1.1525866985321045,0.0
8.0,1.191969394683838,1.155339241027832,0.0
8.0,1.1823261976242065,1.1566420793533325,0.0
8.0,1.1769659519195557,1.1620960235595703,0.0
8.0,1.1659139394760132,1.1618781089782715,0.0
8.0,1.1605297327041626,1.1672561168670654,0.0
8.0,1.1438921689987183,1.1612107753753662,0.0
8.0,1.1315265893936157,1.1593307256698608,0.0
8.0,1.1261544227600098,1.1645498275756836,0.0
8.0,0.97475266456604,1.286410927772522,0.0
8.0,0.9687947034835815,1.2909038066864014,0.0
8.0,0.962816059589386,1.2953691482543945,0.0
8.0,0.9568167924880981,1.2998067140579224,0.0
8.0,0.9377328157424927,1.2988691329956055,0.0
8.0,0.9317176342010498,1.30319082736969,0.0
8.0,0.925682544708252,1.30748450756073,0.0
8.0,0.9196276664733887,1.3117502927780151,0.0
8.0,0.910131573677063,1.3110592365264893,0.0
8.0,0.9040603041648865,1.3152531385421753,0.0
8.0,0.8968445062637329,1.317765474319458,0.0
8.0,0.8907423615455627,1.3218978643417358,0.0
8.0,0.8835113048553467,1.3243381977081299,0.0
8.0,0.8762767314910889,1.326740026473999,0.0
8.0,0.8701333403587341,1.3307772874832153,0.0
8.0,0.8628846406936646,1.3331069946289062,0.0
8.0,0.8567119836807251,1.3370821475982666,0.0
8.0,0.8505209684371948,1.3410288095474243,0.0
8.0,0.8443118333816528,1.3449467420578003,0.0
8.0,0.8380845785140991,1.3488359451293945,0.0
8.0,0.8307917714118958,1.3509925603866577,0.0
8.0,0.8245367407798767,1.3548191785812378,0.0
8.0,0.8182640671730042,1.358616828918457,0.0
8.0,0.8109500408172607,1.3606674671173096,0.0
8.0,0.8046504855155945,1.3644022941589355,0.0
8.0,0.7993417382240295,1.3698352575302124,0.0
8.0,0.7929999232292175,1.373516321182251,0.0
8.0,0.7866411805152893,1.3771679401397705,0.0
8.0,0.7802656292915344,1.380790114402771,0.0
8.0,0.7728975415229797,1.3826371431350708,0.0
8.0,0.7664967775344849,1.3861957788467407,0.0
8.0,0.7600797414779663,1.3897247314453125,0.0
8.0,0.7536463737487793,1.3932240009307861,0.0
8.0,0.7471969127655029,1.396693468093872,0.0
8.0,0.7407315373420715,1.4001331329345703,0.0
8.0,0.7342502474784851,1.4035428762435913,0.0
8.0,0.7277532815933228,1.4069225788116455,0.0
8.0,0.47918251156806946,0.9477490186691284,0.0
8.0,0.4747956097126007,0.9499543309211731,0.0
8.0,0.47039854526519775,0.9521393179893494,0.0
8.0,0.46599140763282776,0.9543039798736572,0.0
8.0,0.45896655321121216,0.9510445594787598,0.0
8.0,0.4545646011829376,0.9531563520431519,0.0
8.0,0.4484478533267975,0.9516294598579407,0.0
8.0,0.4440433084964752,0.953692615032196,0.0
8.0,0.43795767426490784,0.9521013498306274,0.0
8.0,0.4318963289260864,0.9504744410514832,0.0
8.0,0.4274972975254059,0.9524610638618469,0.0
8.0,0.42065760493278503,0.9489421248435974,0.0
8.0,0.4162657856941223,0.9508768320083618,0.0
8.0,0.4110715091228485,0.9509554505348206,0.0
8.0,0.4051003158092499,0.9491668343544006,0.0
8.0,0.4007076323032379,0.9510295987129211,0.0
8.0,0.3947703242301941,0.9491788148880005,0.0
8.0,0.3903777003288269,0.9509938359260559,0.0
8.0,0.3852258324623108,0.950934886932373,0.0
8.0,0.3808251619338989,0.9527057409286499,0.0
8.0,0.37568265199661255,0.9525957703590393,0.0
8.0,0.3698241114616394,0.9505946040153503,0.0
8.0,0.3654251992702484,0.9522942900657654,0.0
8.0,0.35960274934768677,0.9502325654029846,0.0
8.0,0.35450640320777893,0.9500111937522888,0.0
8.0,0.35011035203933716,0.9516400694847107,0.0
8.0,0.34570685029029846,0.9532486200332642,0.0
8.0,0.34129592776298523,0.9548367261886597,0.0
8.0,0.3355487883090973,0.9526315927505493,0.0
8.0,0.33114081621170044,0.9541727900505066,0.0
8.0,0.3247848153114319,0.9500161409378052,0.0
8.0,0.319112628698349,0.9477167725563049,0.0
8.0,0.3147275745868683,0.9491820335388184,0.0
8.0,0.3097151219844818,0.9487257599830627,0.0
8.0,0.3053255081176758,0.9501475691795349,0.0
8.0,0.29972323775291443,0.9477351903915405,0.0
8.0,0.2947440445423126,0.9472010731697083,0.0
8.0,0.2903616428375244,0.9485536813735962,0.0
8.0,0.2853964567184448,0.9479709267616272,0.0
8.0,0.28101059794425964,0.9492802619934082,0.0
8.0,0.2760598659515381,0.948648989200592,0.0
8.0,0.27167096734046936,0.9499151706695557,0.0
8.0,0.2661941647529602,0.9473102688789368,0.0
8.0,0.2612794041633606,0.9466028809547424,0.0
8.0,0.2569001317024231,0.9478007555007935,0.0
8.0,0.2520010471343994,0.9470456838607788,0.0
8.0,0.24711446464061737,0.9462655186653137,0.0
8.0,0.24273689091205597,0.9473978877067566,0.0
8.0,0.23786669969558716,0.9465703368186951,0.0
8.0,0.2334877997636795,0.947659969329834,0.0
8.0,0.22863443195819855,0.9467852115631104,0.0
8.0,0.22425465285778046,0.9478321671485901,0.0
8.0,0.21941860020160675,0.9469105005264282,0.0
8.0,0.21459588408470154,0.9459643959999084,0.0
8.0,0.21022003889083862,0.9469464421272278,0.0
8.0,0.2054152935743332,0.9459537863731384,0.0
8.0,0.20103959739208221,0.9468933939933777,0.0
8.0,0.19625328481197357,0.9458544850349426,0.0
8.0,0.19148088991641998,0.9447915554046631,0.0
8.0,0.18711072206497192,0.9456667304039001,0.0
8.0,0.18235743045806885,0.9445579648017883,0.0
8.0,0.1779884397983551,0.9453909993171692,0.0
8.0,0.17325468361377716,0.9442366361618042,0.0
8.0,0.16853544116020203,0.9430587291717529,0.0
8.0,0.16417351365089417,0.9438278675079346,0.0
8.0,0.15980809926986694,0.9445767998695374,0.0
8.0,0.15543925762176514,0.945305585861206,0.0
8.0,0.1510670930147171,0.9460141062736511,0.0
8.0,0.1466917097568512,0.9467024803161621,0.0
8.0,0.14201606810092926,0.9453927278518677,0.0
8.0,0.13764365017414093,0.9460391998291016,0.0
8.0,0.1332682967185974,0.9466654658317566,0.0
8.0,0.1286204308271408,0.9452897906303406,0.0
8.0,0.12424863874912262,0.9458743333816528,0.0
8.0,0.11962287127971649,0.944454550743103,0.0
8.0,0.11501289159059525,0.9430121779441833,0.0
8.0,0.11065176874399185,0.9435338973999023,0.0
8.0,0.10628827661275864,0.9440353512763977,0.0
8.0,0.10192251205444336,0.9445167183876038,0.0
8.0,0.09755457192659378,0.9449778199195862,0.0
8.0,0.09318454563617706,0.9454187750816345,0.0
8.0,0.08862555772066116,0.9438482522964478,0.0
8.0,0.08408308029174805,0.9422557950019836,0.0
8.0,0.07972577959299088,0.9426344633102417,0.0
8.0,0.0753667801618576,0.9429929852485657,0.0
8.0,0.0710061639547348,0.9433313608169556,0.0
8.0,0.0665031373500824,0.9416545629501343,0.0
8.0,0.0621488057076931,0.9419519901275635,0.0
8.0,0.05779314786195755,0.9422292709350586,0.0
8.0,0.05343625321984291,0.9424864053726196,0.0
8.0,0.049078214913606644,0.9427233338356018,0.0
8.0,0.04471912980079651,0.9429401755332947,0.0
8.0,0.04027358070015907,0.9411386847496033,0.0
8.0,0.035921916365623474,0.9413148164749146,0.0
8.0,0.03156948462128639,0.9414708018302917,0.0
8.0,0.02721637673676014,0.9416067004203796,0.0
8.0,0.022862685844302177,0.9417225122451782,0.0
8.0,0.018508508801460266,0.941818118095398,0.0
8.0,0.014153935015201569,0.9418936371803284,0.0
8.0,0.009799058549106121,0.9419490098953247,0.0
8.0,0.005443972535431385,0.941984236240387,0.0
8.0,0.0010887705720961094,0.9419993162155151,0.0
8.0,-0.0032664549071341753,0.941994309425354,0.0
8.0,-0.007621610537171364,0.9419691562652588,0.0
8.0,-0.011976603418588638,0.9419238567352295,0.0
8.0,-0.01633133925497532,0.9418584108352661,0.0
8.0,-0.020685726776719093,0.9417728185653687,0.0
8.0,-0.0250396728515625,0.9416671395301819,0.0
8.0,-0.029393082484602928,0.941541314125061,0.0
8.0,-0.033745866268873215,0.9413953423500061,0.0
8.0,-0.03809792548418045,0.9412292242050171,0.0
8.0,-0.04244917258620262,0.9410430192947388,0.0
8.0,-0.04679951071739197,0.9408367276191711,0.0
8.0,-0.05114884674549103,0.9406102895736694,0.0
8.0,-0.05549709498882294,0.9403637647628784,0.0
8.0,-0.05984415113925934,0.9400971531867981,0.0
8.0,-0.06418993324041367,0.9398103952407837,0.0
8.0,-0.06853433698415756,0.9395036101341248,0.0
8.0,-0.07287728041410446,0.9391766786575317,0.0
8.0,-0.0772186666727066,0.9388297200202942,0.0
8.0,-0.08173156529664993,0.9404551982879639,0.0
8.0,-0.08607876300811768,0.9400672912597656,0.0
8.0,-0.09042412787675858,0.9396592378616333,0.0
8.0,-0.09476755559444427,0.9392311573028564,0.0
8.0,-0.09910895675420761,0.9387829303741455,0.0
8.0,-0.10366740822792053,0.9403026103973389,0.0
8.0,-0.10801366716623306,0.9398132562637329,0.0
8.0,-0.11235762387514114,0.9393038749694824,0.0
8.0,-0.11669917404651642,0.9387743473052979,0.0
8.0,-0.12103822827339172,0.9382247924804688,0.0
8.0,-0.12563976645469666,0.9396375417709351,0.0
8.0,-0.12998270988464355,0.9390466213226318,0.0
8.0,-0.1343228816986084,0.9384356141090393,0.0
8.0,-0.13895271718502045,0.9397830367088318,0.0
8.0,-0.14329619705677032,0.9391305446624756,0.0
8.0,-0.14763662219047546,0.9384579658508301,0.0
8.0,-0.1519738882780075,0.93776535987854,0.0
8.0,-0.1563078910112381,0.9370527267456055,0.0
8.0,-0.16063857078552246,0.9363200664520264,0.0
8.0,-0.16531310975551605,0.9375370144844055,0.0
8.0,-0.17000232636928558,0.9387306571006775,0.0
8.0,-0.1743406057357788,0.9379346370697021,0.0
8.0,-0.17904974520206451,0.9390831589698792,0.0
8.0,-0.1833895593881607,0.9382452964782715,0.0
8.0,-0.18772545456886292,0.9373874068260193,0.0
8.0,-0.1924591362476349,0.9384686946868896,0.0
8.0,-0.1967959702014923,0.9375688433647156,0.0
8.0,-0.20112860202789307,0.936648964881897,0.0
8.0,-0.2054569274187088,0.9357090592384338,0.0
8.0,-0.21021881699562073,0.9367005825042725,0.0
8.0,-0.21499426662921906,0.9376680850982666,0.0
8.0,-0.2193271517753601,0.9366641044616699,0.0
8.0,-0.2241203337907791,0.9375852346420288,0.0
8.0,-0.22845274209976196,0.9365389943122864,0.0
8.0,-0.23374615609645844,0.939354419708252,0.0
8.0,-0.23808665573596954,0.9382636547088623,0.0
8.0,-0.24242204427719116,0.9371528625488281,0.0
8.0,-0.24726209044456482,0.9379560351371765,0.0
8.0,-0.25159597396850586,0.9368028044700623,0.0
8.0,-0.25645214319229126,0.9375587105751038,0.0
8.0,-0.2607840895652771,0.9363629817962646,0.0
8.0,-0.2656559348106384,0.9370714426040649,0.0
8.0,-0.27109429240226746,0.9396764636039734,0.0
8.0,-0.2754358649253845,0.9384130239486694,0.0
8.0,-0.2803437113761902,0.9390460252761841,0.0
8.0,-0.2846822738647461,0.9377398490905762,0.0
8.0,-0.29019439220428467,0.9402357339859009,0.0
8.0,-0.29453834891319275,0.9388840198516846,0.0
8.0,-0.298876017332077,0.937512218952179,0.0
8.0,-0.30320730805397034,0.9361203908920288,0.0
8.0,-0.30753210186958313,0.9347085356712341,0.0
8.0,-0.31311798095703125,0.9370704889297485,0.0
8.0,-0.31744706630706787,0.9356127977371216,0.0
8.0,-0.32242071628570557,0.9360260963439941,0.0
8.0,-0.32674485445022583,0.9345254302024841,0.0
8.0,-0.33173084259033203,0.9348896145820618,0.0
8.0,-0.33672717213630676,0.9352276921272278,0.0
8.0,-0.341047465801239,0.9336608648300171,0.0
8.0,-0.34675025939941406,0.9358249306678772,0.0
8.0,-0.3510732352733612,0.934211790561676,0.0
8.0,-0.3561008870601654,0.9344475269317627,0.0
8.0,-0.3618590235710144,0.9365222454071045,0.0
8.0,-0.3661850392818451,0.9348392486572266,0.0
8.0,-0.37197938561439514,0.9368540048599243,0.0
8.0,-0.37630683183670044,0.9351241588592529,0.0
8.0,-0.38213664293289185,0.9370781779289246,0.0
8.0,-0.38646501302719116,0.9353014230728149,0.0
8.0,-0.3915574550628662,0.9353495836257935,0.0
8.0,-0.3974393904209137,0.937211811542511,0.0
8.0,-0.40176820755004883,0.9353642463684082,0.0
8.0,-0.4076840579509735,0.9371646642684937,0.0
8.0,-0.41201257705688477,0.9352697730064392,0.0
8.0,-0.41633227467536926,0.933354914188385,0.0
8.0,-0.4222894310951233,0.9350655674934387,0.0
8.0,-0.4266080856323242,0.9331032037734985,0.0
8.0,-0.4317575991153717,0.932935893535614,0.0
8.0,-0.43606629967689514,0.9309297204017639,0.0
8.0,-0.4420791268348694,0.9325180649757385,0.0
8.0,-0.44638577103614807,0.9304642081260681,0.0
8.0,-0.45330315828323364,0.9337881207466125,0.0
8.0,-0.4584972858428955,0.9334774613380432,0.0
8.0,-0.46280819177627563,0.931347668170929,0.0
8.0,-0.46890580654144287,0.9327718615531921,0.0
8.0,-0.4732133746147156,0.9305939674377441,0.0
8.0,-0.4802550673484802,0.933731734752655,0.0
8.0,-0.486412912607193,0.9350500106811523,0.0
8.0,-0.49073082208633423,0.9327911138534546,0.0
8.0,-0.49691689014434814,0.9340436458587646,0.0
8.0,-0.501230001449585,0.9317362308502197,0.0
8.0,-0.5074437260627747,0.9329227805137634,0.0
8.0,-0.5117515325546265,0.9305667281150818,0.0
8.0,-1.1144236326217651,1.961529016494751,0.0
8.0,-1.1234806776046753,1.9563556909561157,0.0
8.0,-1.1325136423110962,1.9511405229568481,0.0
8.0,-1.1415222883224487,1.9458836317062378,0.0
8.0,-1.1566263437271118,1.9509072303771973,0.0
8.0,-1.1697453260421753,1.9524015188217163,0.0
8.0,-1.1787595748901367,1.9469724893569946,0.0
8.0,-1.1919233798980713,1.9483259916305542,0.0
8.0,-1.200918436050415,1.9427945613861084,0.0
8.0,-1.2162445783615112,1.947399616241455,0.0
8.0,-1.225235104560852,1.9417556524276733,0.0
8.0,-1.2384997606277466,1.942815899848938,0.0
8.0,-1.253966212272644,1.9471580982208252,0.0
8.0,-1.2629551887512207,1.9413397312164307,0.0
8.0,-1.2785075902938843,1.945508360862732,0.0
8.0,-1.2874886989593506,1.939576506614685,0.0
8.0,-1.3008973598480225,1.940247893333435,0.0
8.0,-1.3165827989578247,1.9441486597061157,0.0
8.0,-1.3255572319030762,1.938040852546692,0.0
8.0,-1.3413234949111938,1.9417648315429688,0.0
8.0,-1.3502867221832275,1.9355427026748657,0.0
8.0,-1.366132378578186,1.939089059829712,0.0
8.0,-1.3820394277572632,1.9425301551818848,0.0
8.0,-1.3910057544708252,1.9361196756362915,0.0
8.0,-1.4093378782272339,1.9426186084747314,0.0
8.0,-1.4183043241500854,1.9360820055007935,0.0
8.0,-1.4343764781951904,1.9391512870788574,0.0
8.0,-1.4433265924453735,1.9324989318847656,0.0
8.0,-1.4594709873199463,1.9353864192962646,0.0
8.0,-1.475672721862793,1.9381657838821411,0.0
8.0,-1.484617829322815,1.931322455406189,0.0
8.0,-1.503340721130371,1.9370777606964111,0.0
8.0,-1.5122805833816528,1.930106520652771,0.0
8.0,-1.5236696004867554,1.9262313842773438,0.0
8.0,-1.5250709056854248,1.9097892045974731,0.0
8.0,-1.5338842868804932,1.9027178287506104,0.0
8.0,-1.5275160074234009,1.8769910335540771,0.0
8.0,-1.536177635192871,1.8699086904525757,0.0
8.0,-1.526932716369629,1.8412333726882935,0.0
8.0,-1.5200234651565552,1.815751314163208,0.0
8.0,-1.5284020900726318,1.8087042570114136,0.0
8.0,-1.5211730003356934,1.7833589315414429,0.0
8.0,-1.5294018983840942,1.7763069868087769,0.0
8.0,-1.5218546390533447,1.7511019706726074,0.0
8.0,-1.5299344062805176,1.7440471649169922,0.0
8.0,-1.5220712423324585,1.7189866304397583,0.0
8.0,-1.5166749954223633,1.6970188617706299,0.0
8.0,-1.5245047807693481,1.689988613128662,0.0
8.0,-1.516144037246704,1.6651761531829834,0.0
8.0,-1.5238265991210938,1.6581486463546753,0.0
8.0,-1.5178755521774292,1.6364223957061768,0.0
8.0,-1.5117563009262085,1.6147868633270264,0.0
8.0,-1.519205927848816,1.6077800989151,0.0
8.0,-1.5128198862075806,1.5862659215927124,0.0
8.0,-1.5201376676559448,1.5792546272277832,0.0
8.0,-1.5134865045547485,1.5578646659851074,0.0
8.0,-1.5066704750061035,1.5365701913833618,0.0
8.0,-1.5137585401535034,1.5295878648757935,0.0
8.0,-1.5066802501678467,1.5084224939346313,0.0
8.0,-1.5136381387710571,1.5014405250549316,0.0
8.0,-1.5062994956970215,1.4804073572158813,0.0
8.0,-1.5016647577285767,1.4622650146484375,0.0
8.0,-1.5084092617034912,1.4553065299987793,0.0
8.0,-1.5006643533706665,1.4344972372055054,0.0
8.0,-1.5072804689407349,1.4275438785552979,0.0
8.0,-1.5021969079971313,1.4096113443374634,0.0
8.0,-1.49551522731781,1.3903950452804565,0.0
8.0,-1.5019276142120361,1.3834657669067383,0.0
8.0,-1.4979668855667114,1.3670697212219238,0.0
8.0,-1.504271388053894,1.360129475593567,0.0
8.0,-1.4986261129379272,1.3424842357635498,0.0
8.0,-1.49135422706604,1.323593020439148,0.0
8.0,-1.49745774269104,1.3166837692260742,0.0
8.0,-1.49297297000885,1.3005505800247192,0.0
8.0,-1.4989699125289917,1.293634057044983,0.0
8.0,-1.4942938089370728,1.2775921821594238,0.0
8.0,-1.5001846551895142,1.2706698179244995,0.0
8.0,-1.4968509674072266,1.2560068368911743,0.0
8.0,-1.4918758869171143,1.2401236295700073,0.0
8.0,-1.4975934028625488,1.233212947845459,0.0
8.0,-1.492430567741394,1.2174263000488281,0.0
8.0,-1.4980432987213135,1.2105132341384888,0.0
8.0,-1.494255542755127,1.196075439453125,0.0
8.0,-1.4887993335723877,1.1804560422897339,0.0
8.0,-1.4942411184310913,1.1735601425170898,0.0
8.0,-1.4886009693145752,1.1580429077148438,0.0
8.0,-1.4844335317611694,1.1438237428665161,0.0
8.0,-1.489706039428711,1.1369484663009644,0.0
8.0,-1.483778476715088,1.121606707572937,0.0
8.0,-1.4889482259750366,1.1147346496582031,0.0
8.0,-1.4844468832015991,1.1006914377212524,0.0
8.0,-1.4895199537277222,1.0938165187835693,0.0
8.0,-1.484856128692627,1.0798602104187012,0.0
8.0,-1.480095386505127,1.0659706592559814,0.0
8.0,-1.4850080013275146,1.059116244316101,0.0
8.0,-1.4817205667495728,1.0464704036712646,0.0
8.0,-1.4865429401397705,1.0396085977554321,0.0
8.0,-1.4814680814743042,1.025892972946167,0.0
8.0,-1.4779478311538696,1.0133776664733887,0.0
8.0,-1.4826172590255737,1.0065337419509888,0.0
8.0,-1.4772956371307373,0.992974042892456,0.0
8.0,-1.4818707704544067,0.986133337020874,0.0
8.0,-1.4780635833740234,0.973770022392273,0.0
8.0,-1.4825499057769775,0.9669259786605835,0.0
8.0,-1.4786033630371094,0.9546371698379517,0.0
8.0,-1.4745750427246094,0.9424057006835938,0.0
8.0,-1.4789164066314697,0.9355781078338623,0.0
8.0,-1.4747505187988281,0.9234234690666199,0.0
8.0,-1.4705040454864502,0.9113275408744812,0.0
8.0,-1.4747017621994019,0.9045190811157227,0.0
8.0,-1.472029209136963,0.8935401439666748,0.0
8.0,-1.4761446714401245,0.8867248296737671,0.0
8.0,-1.4716325998306274,0.8747808933258057,0.0
8.0,-1.475661277770996,0.8679676651954651,0.0
8.0,-1.472744107246399,0.8571118712425232,0.0
8.0,-1.4680250883102417,0.8453036546707153,0.0
8.0,-1.4719176292419434,0.8385074138641357,0.0
8.0,-1.4688091278076172,0.8277654647827148,0.0
8.0,-1.4726204872131348,0.8209657669067383,0.0
8.0,-1.4693949222564697,0.8102854490280151,0.0
8.0,-1.4661022424697876,0.7996525168418884,0.0
8.0,-1.4697836637496948,0.7928656339645386,0.0
8.0,-1.4663752317428589,0.7822962403297424,0.0
8.0,-1.4699764251708984,0.7755082845687866,0.0
8.0,-1.4664534330368042,0.7650036811828613,0.0
8.0,-1.462864637374878,0.754548192024231,0.0
8.0,-1.4663375616073608,0.7477768063545227,0.0
8.0,-1.4626356363296509,0.7373879551887512,0.0
8.0,-1.4660292863845825,0.7306177616119385,0.0
8.0,-1.4640090465545654,0.7211805582046509,0.0
8.0,-1.4601348638534546,0.7109021544456482,0.0
8.0,-1.4634060859680176,0.7041438221931458,0.0
8.0,-1.459421157836914,0.6939351558685303,0.0
8.0,-1.4626139402389526,0.6871802806854248,0.0
8.0,-1.4603331089019775,0.6778844594955444,0.0
8.0,-1.4579976797103882,0.6686244010925293,0.0
8.0,-1.461073398590088,0.6618764400482178,0.0
8.0,-1.4586411714553833,0.6526637077331543,0.0
8.0,-1.461643099784851,0.6459129452705383,0.0
8.0,-1.4572815895080566,0.6359485387802124,0.0
8.0,-1.4602062702178955,0.6292042136192322,0.0
8.0,-1.4575785398483276,0.6200975179672241,0.0
8.0,-1.4548978805541992,0.6110286712646484,0.0
8.0,-1.4577072858810425,0.604295551776886,0.0
8.0,-1.4549325704574585,0.5952775478363037,0.0
8.0,-1.4576691389083862,0.5885445475578308,0.0
8.0,-1.4548007249832153,0.5795782804489136,0.0
8.0,-1.4518805742263794,0.5706511735916138,0.0
8.0,-1.4545032978057861,0.563932478427887,0.0
8.0,-1.451490879058838,0.5550586581230164,0.0
8.0,-1.4540417194366455,0.5483419299125671,0.0
8.0,-1.4528120756149292,0.5402193665504456,0.0
8.0,-1.4515385627746582,0.5321199893951416,0.0
8.0,-1.4539833068847656,0.5254032611846924,0.0
8.0,-1.45074462890625,0.5166623592376709,0.0
8.0,-1.453117847442627,0.5099495053291321,0.0
8.0,-1.4516795873641968,0.5019186735153198,0.0
8.0,-1.4483050107955933,0.493267297744751,0.0
8.0,-1.4505701065063477,0.4865659475326538,0.0
8.0,-1.447106957435608,0.47797247767448425,0.0
8.0,-1.4493013620376587,0.4712768495082855,0.0
8.0,-1.4476549625396729,0.4633517861366272,0.0
8.0,-1.4440590143203735,0.4548512399196625,0.0
8.0,-1.4461466073989868,0.4481699466705322,0.0
8.0,-1.4443769454956055,0.4403126835823059,0.0
8.0,-1.4463971853256226,0.4336300790309906,0.0
8.0,-1.4445499181747437,0.42580726742744446,0.0
8.0,-1.4465030431747437,0.4191240072250366,0.0
8.0,-1.4445782899856567,0.41133636236190796,0.0
8.0,-1.4426125288009644,0.40357550978660583,0.0
8.0,-1.4444630146026611,0.3969014585018158,0.0
8.0,-1.4424206018447876,0.3891769349575043,0.0
8.0,-1.4442044496536255,0.3825039267539978,0.0
8.0,-1.4420862197875977,0.37481653690338135,0.0
8.0,-1.4399276971817017,0.3671569228172302,0.0
8.0,-1.4416097402572632,0.3604956567287445,0.0
8.0,-1.4413186311721802,0.35335052013397217,0.0
8.0,-1.442936897277832,0.34668299555778503,0.0
8.0,-1.4406307935714722,0.33909159898757935,0.0
8.0,-1.4421831369400024,0.33242738246917725,0.0
8.0,-1.439802646636963,0.3248756527900696,0.0
8.0,-1.4393362998962402,0.31778424978256226,0.0
8.0,-1.4407901763916016,0.3111262619495392,0.0
8.0,-1.438299536705017,0.3036354184150696,0.0
8.0,-1.439687967300415,0.29698237776756287,0.0
8.0,-1.4371243715286255,0.28953298926353455,0.0
8.0,-1.4364852905273438,0.28249961137771606,0.0
8.0,-1.43777596950531,0.2758551836013794,0.0
8.0,-1.4370701313018799,0.2688370943069458,0.0
8.0,-1.4382977485656738,0.2621901333332062,0.0
8.0,-1.4355560541152954,0.25483837723731995,0.0
8.0,-1.4347481727600098,0.24785807728767395,0.0
8.0,-1.4358787536621094,0.2412220537662506,0.0
8.0,-1.4350048303604126,0.23425865173339844,0.0
8.0,-1.436072587966919,0.22762158513069153,0.0
8.0,-1.433156132698059,0.22037173807621002,0.0
8.0,-1.4341596364974976,0.21374337375164032,0.0
8.0,-1.4331529140472412,0.20682474970817566,0.0
8.0,-1.4321130514144897,0.19992002844810486,0.0
8.0,-1.433022141456604,0.19329670071601868,0.0
8.0,-1.4319171905517578,0.186411052942276,0.0
8.0,-1.4307793378829956,0.1795397698879242,0.0
8.0,-1.4315941333770752,0.17292281985282898,0.0
8.0,-1.4284049272537231,0.16584086418151855,0.0
8.0,-1.4291564226150513,0.15923504531383514,0.0
8.0,-1.4298774003982544,0.15262581408023834,0.0
8.0,-1.430567741394043,0.14601333439350128,0.0
8.0,-1.4292370080947876,0.13920384645462036,0.0
8.0,-1.4278738498687744,0.13240979611873627,0.0
8.0,-1.4284707307815552,0.1258067935705185,0.0
8.0,-1.4270440340042114,0.11903484910726547,0.0
8.0,-1.4275791645050049,0.11243581771850586,0.0
8.0,-1.4260891675949097,0.10568656772375107,0.0
8.0,-1.4265625476837158,0.09909209609031677,0.0
8.0,-1.427005410194397,0.09249550849199295,0.0
8.0,-1.4254214763641357,0.08577680587768555,0.0
8.0,-1.4258028268814087,0.07918563485145569,0.0
8.0,-1.4261536598205566,0.07259277254343033,0.0
8.0,-1.424476146697998,0.06590592116117477,0.0
8.0,-1.424765706062317,0.05931933596730232,0.0
8.0,-1.4230260848999023,0.05265752226114273,0.0
8.0,-1.423254370689392,0.04607778042554855,0.0
8.0,-1.4234521389007568,0.039497051388025284,0.0
8.0,-1.4236195087432861,0.03291548043489456,0.0
8.0,-1.4217568635940552,0.0262962207198143,0.0
8.0,-1.421863317489624,0.019722629338502884,0.0
8.0,-1.4219392538070679,0.013148615136742592,0.0
8.0,-1.4219849109649658,0.006574319209903479,0.0
8.0,-1.4220000505447388,-1.1636915075996512e-07,0.0
9.0,-1.4199999570846558,1.2414034245011862e-07,0.0
9.0,-1.4199848175048828,-0.006565064657479525,0.0
9.0,-1.4199392795562744,-0.013130112551152706,0.0
9.0,-1.4198633432388306,-0.01969487965106964,0.0
9.0,-1.4197571277618408,-0.026259226724505424,0.0
9.0,-1.4196205139160156,-0.03282301127910614,0.0
9.0,-1.4194536209106445,-0.039386097341775894,0.0
9.0,-1.4212554693222046,-0.046013057231903076,0.0
9.0,-1.4210275411605835,-0.05258355662226677,0.0
9.0,-1.420769214630127,-0.059152934700250626,0.0
9.0,-1.420480489730835,-0.0657210499048233,0.0
9.0,-1.420161485671997,-0.07228775322437286,0.0
9.0,-1.4198120832443237,-0.07885292172431946,0.0
9.0,-1.4194324016571045,-0.08541639894247055,0.0
9.0,-1.4190223217010498,-0.0919780507683754,0.0
9.0,-1.4185818433761597,-0.09853773564100266,0.0
9.0,-1.4201055765151978,-0.10524312406778336,0.0
9.0,-1.4196038246154785,-0.1118076741695404,0.0
9.0,-1.4190717935562134,-0.11836984008550644,0.0
9.0,-1.4185093641281128,-0.12492947280406952,0.0
9.0,-1.4179165363311768,-0.1314864307641983,0.0
9.0,-1.4172935485839844,-0.13804058730602264,0.0
9.0,-1.4166401624679565,-0.1445917785167694,0.0
9.0,-1.4159564971923828,-0.15113988518714905,0.0
9.0,-1.4152425527572632,-0.15768477320671082,0.0
9.0,-1.4144984483718872,-0.16422627866268158,0.0
9.0,-1.4137240648269653,-0.1707642823457718,0.0
9.0,-1.4129194021224976,-0.1772986203432083,0.0
9.0,-1.4160510301589966,-0.184345543384552,0.0
9.0,-1.4171656370162964,-0.19115786254405975,0.0
9.0,-1.416266679763794,-0.1977079063653946,0.0
9.0,-1.4153375625610352,-0.20425371825695038,0.0
9.0,-1.4163563251495361,-0.21108999848365784,0.0
9.0,-1.415365219116211,-0.2176360934972763,0.0
9.0,-1.4163191318511963,-0.22449061274528503,0.0
9.0,-1.4152661561965942,-0.23103637993335724,0.0
9.0,-1.4141827821731567,-0.23757721483707428,0.0
9.0,-1.415040135383606,-0.24445343017578125,0.0
9.0,-1.413894772529602,-0.2509930729866028,0.0
9.0,-1.4127192497253418,-0.25752735137939453,0.0
9.0,-1.4115134477615356,-0.26405614614486694,0.0
9.0,-1.4122416973114014,-0.2709560990333557,0.0
9.0,-1.4109739065170288,-0.2774825394153595,0.0
9.0,-1.4116365909576416,-0.28439804911613464,0.0
9.0,-1.412265419960022,-0.29132556915283203,0.0
9.0,-1.4109033346176147,-0.29785189032554626,0.0
9.0,-1.411466121673584,-0.30479398369789124,0.0
9.0,-1.4100419282913208,-0.31131646037101746,0.0
9.0,-1.4105384349822998,-0.31827250123023987,0.0
9.0,-1.4110007286071777,-0.32523974776268005,0.0
9.0,-1.4094818830490112,-0.33175987005233765,0.0
9.0,-1.4118224382400513,-0.33920735120773315,0.0
9.0,-1.4102389812469482,-0.34573110938072205,0.0
9.0,-1.4086254835128784,-0.3522474765777588,0.0
9.0,-1.4069818258285522,-0.35875630378723145,0.0
9.0,-1.4072438478469849,-0.36576056480407715,0.0
9.0,-1.4094043970108032,-0.3732869625091553,0.0
9.0,-1.4076634645462036,-0.3797991871833801,0.0
9.0,-1.4078210592269897,-0.38683319091796875,0.0
9.0,-1.406017541885376,-0.3933379352092743,0.0
9.0,-1.4061075448989868,-0.40038201212882996,0.0
9.0,-1.4042413234710693,-0.40687867999076843,0.0
9.0,-1.4061819314956665,-0.41449761390686035,0.0
9.0,-1.408082127571106,-0.42214319109916687,0.0
9.0,-1.4061152935028076,-0.42864876985549927,0.0
9.0,-1.4060288667678833,-0.4357371926307678,0.0
9.0,-1.4039992094039917,-0.442233145236969,0.0
9.0,-1.4057492017745972,-0.44993895292282104,0.0
9.0,-1.4055559635162354,-0.45705196261405945,0.0
9.0,-1.4034278392791748,-0.46354547142982483,0.0
9.0,-1.405061960220337,-0.4713011384010315,0.0
9.0,-1.4028680324554443,-0.47779223322868347,0.0
9.0,-1.4044243097305298,-0.485580176115036,0.0
9.0,-1.4040515422821045,-0.4927304685115814,0.0
9.0,-1.4017584323883057,-0.49921664595603943,0.0
9.0,-1.4031972885131836,-0.5070515275001526,0.0
9.0,-1.400838017463684,-0.5135335922241211,0.0
9.0,-1.402198076248169,-0.5213988423347473,0.0
9.0,-1.3997724056243896,-0.5278761982917786,0.0
9.0,-1.4029210805892944,-0.5364852547645569,0.0
9.0,-1.4041552543640137,-0.5444117784500122,0.0
9.0,-1.401623249053955,-0.5508978962898254,0.0
9.0,-1.4009191989898682,-0.558112382888794,0.0
9.0,-1.398323893547058,-0.564583420753479,0.0
9.0,-1.3994007110595703,-0.5725570321083069,0.0
9.0,-1.4022812843322754,-0.5813185572624207,0.0
9.0,-1.39957857131958,-0.587795615196228,0.0
9.0,-1.400526762008667,-0.5958260297775269,0.0
9.0,-1.3977570533752441,-0.6022948026657104,0.0
9.0,-1.4004566669464111,-0.6111505031585693,0.0
9.0,-1.4012748003005981,-0.619235634803772,0.0
9.0,-1.3983968496322632,-0.6257076263427734,0.0
9.0,-1.4009544849395752,-0.6346421241760254,0.0
9.0,-1.3980052471160889,-0.6411124467849731,0.0
9.0,-1.3986544609069824,-0.6492533087730408,0.0
9.0,-1.3956377506256104,-0.6557128429412842,0.0
9.0,-1.3980097770690918,-0.6647348999977112,0.0
9.0,-1.400328278541565,-0.673792839050293,0.0
9.0,-1.3971980810165405,-0.6802598834037781,0.0
9.0,-1.3994203805923462,-0.6893637180328369,0.0
9.0,-1.3962182998657227,-0.6958264112472534,0.0
9.0,-1.3983439207077026,-0.7049752473831177,0.0
9.0,-1.3950695991516113,-0.7114328145980835,0.0
9.0,-1.3953205347061157,-0.7197088003158569,0.0
9.0,-1.3990709781646729,-0.7298523187637329,0.0
9.0,-1.395681619644165,-0.7363129258155823,0.0
9.0,-1.397556185722351,-0.7455819845199585,0.0
9.0,-1.3940942287445068,-0.7520354390144348,0.0
9.0,-1.3958698511123657,-0.7613458633422852,0.0
9.0,-1.3975889682769775,-0.7706886529922485,0.0
9.0,-1.3940107822418213,-0.7771419882774353,0.0
9.0,-1.3973723649978638,-0.7875064015388489,0.0
9.0,-1.3937164545059204,-0.7939585447311401,0.0
9.0,-1.3952305316925049,-0.8033877611160278,0.0
9.0,-1.3966870307922363,-0.8128478527069092,0.0
9.0,-1.3929139375686646,-0.8192965984344482,0.0
9.0,-1.395987868309021,-0.8298155069351196,0.0
9.0,-1.3921363353729248,-0.8362607955932617,0.0
9.0,-1.3933842182159424,-0.8458016514778137,0.0
9.0,-1.3894588947296143,-0.8522347211837769,0.0
9.0,-1.3923038244247437,-0.8628638386726379,0.0
9.0,-1.3950800895690918,-0.8735374212265015,0.0
9.0,-1.391026496887207,-0.8799780607223511,0.0
9.0,-1.3936841487884521,-0.8907080292701721,0.0
9.0,-1.3895511627197266,-0.8971419930458069,0.0
9.0,-1.3904139995574951,-0.9068344831466675,0.0
9.0,-1.3862065076828003,-0.9132532477378845,0.0
9.0,-1.3902944326400757,-0.9251924753189087,0.0
9.0,-1.3926416635513306,-0.9360732436180115,0.0
9.0,-1.3882989883422852,-0.942501962184906,0.0
9.0,-1.388875126838684,-0.9523035287857056,0.0
9.0,-1.3844573497772217,-0.9587146639823914,0.0
9.0,-1.3882049322128296,-0.9708362817764282,0.0
9.0,-1.3918697834014893,-0.9830129146575928,0.0
9.0,-1.3873101472854614,-0.9894375801086426,0.0
9.0,-1.387589454650879,-0.9993475675582886,0.0
9.0,-1.3829543590545654,-1.0057522058486938,0.0
9.0,-1.3863496780395508,-1.0180542469024658,0.0
9.0,-1.3816280364990234,-1.024453043937683,0.0
9.0,-1.378477931022644,-1.0320284366607666,0.0
9.0,-1.365714430809021,-1.032360553741455,0.0
9.0,-1.360926866531372,-1.0386637449264526,0.0
9.0,-1.3450204133987427,-1.036399483680725,0.0
9.0,-1.3402143716812134,-1.0426069498062134,0.0
9.0,-1.3212237358093262,-1.0376741886138916,0.0
9.0,-1.3038748502731323,-1.033831000328064,0.0
9.0,-1.2990810871124268,-1.0398482084274292,0.0
9.0,-1.2771480083465576,-1.0320159196853638,0.0
9.0,-1.2723629474639893,-1.0379096269607544,0.0
9.0,-1.256743311882019,-1.0348817110061646,0.0
9.0,-1.24117910861969,-1.0317317247390747,0.0
9.0,-1.2363957166671753,-1.037459135055542,0.0
9.0,-1.219377040863037,-1.0328232049942017,0.0
9.0,-1.2145888805389404,-1.038449764251709,0.0
9.0,-1.1991759538650513,-1.0349072217941284,0.0
9.0,-1.1838220357894897,-1.0312446355819702,0.0
9.0,-1.1790415048599243,-1.0367069244384766,0.0
9.0,-1.1652607917785645,-1.0341814756393433,0.0
9.0,-1.1604669094085693,-1.0395578145980835,0.0
9.0,-1.1452637910842896,-1.0355225801467896,0.0
9.0,-1.128645658493042,-1.0300209522247314,0.0
9.0,-1.1238713264465332,-1.0352280139923096,0.0
9.0,-1.1102845668792725,-1.0322422981262207,0.0
9.0,-1.105500340461731,-1.0373644828796387,0.0
9.0,-1.0905276536941528,-1.0328376293182373,0.0
9.0,-1.0756207704544067,-1.0281946659088135,0.0
9.0,-1.0708554983139038,-1.0331566333770752,0.0
9.0,-1.0574699640274048,-1.0297247171401978,0.0
9.0,-1.0526978969573975,-1.0346027612686157,0.0
9.0,-1.0393837690353394,-1.0310078859329224,0.0
9.0,-1.0261255502700806,-1.027312159538269,0.0
9.0,-1.0213649272918701,-1.0320453643798828,0.0
9.0,-1.0095813274383545,-1.029616355895996,0.0
9.0,-1.0048102140426636,-1.0342729091644287,0.0
9.0,-0.9916956424713135,-1.0302618741989136,0.0
9.0,-0.9800202250480652,-1.0275992155075073,0.0
9.0,-0.9752587676048279,-1.0321192741394043,0.0
9.0,-0.9636421203613281,-1.0293171405792236,0.0
9.0,-0.95887291431427,-1.0337613821029663,0.0
9.0,-0.9473166465759277,-1.030820608139038,0.0
9.0,-0.9358082413673401,-1.0277951955795288,0.0
9.0,-0.9310463666915894,-1.0321108102798462,0.0
9.0,-0.9196008443832397,-1.028948187828064,0.0
9.0,-0.9148337841033936,-1.033188819885254,0.0
9.0,-0.9034526348114014,-1.0298899412155151,0.0
9.0,-0.8986814022064209,-1.0340559482574463,0.0
9.0,-0.8873662352561951,-1.0306217670440674,0.0
9.0,-0.8761021494865417,-1.0271052122116089,0.0
9.0,-0.8713441491127014,-1.0311447381973267,0.0
9.0,-0.8614321947097778,-1.0290279388427734,0.0
9.0,-0.8515586256980896,-1.0268417596817017,0.0
9.0,-0.8468020558357239,-1.030767798423767,0.0
9.0,-0.8369777202606201,-1.0284669399261475,0.0
9.0,-0.832213819026947,-1.0323256254196167,0.0
9.0,-0.8211920261383057,-1.0283479690551758,0.0
9.0,-0.8164287805557251,-1.03213369846344,0.0
9.0,-0.8054805994033813,-1.02802574634552,0.0
9.0,-0.7970404028892517,-1.02699875831604,0.0
9.0,-0.7922836542129517,-1.0306727886199951,0.0
9.0,-0.782663881778717,-1.0279598236083984,0.0
9.0,-0.7730861306190491,-1.0251799821853638,0.0
9.0,-0.7683380842208862,-1.0287432670593262,0.0
9.0,-0.758816123008728,-1.025852918624878,0.0
9.0,-0.7540650963783264,-1.0293502807617188,0.0
9.0,-0.7457746267318726,-1.0279690027236938,0.0
9.0,-0.7410139441490173,-1.0314059257507324,0.0
9.0,-0.7327591776847839,-1.0299320220947266,0.0
9.0,-0.7233820557594299,-1.0267689228057861,0.0
9.0,-0.7186272144317627,-1.0301024913787842,0.0
9.0,-0.7093101143836975,-1.0268316268920898,0.0
9.0,-0.704555094242096,-1.0301001071929932,0.0
9.0,-0.6952992081642151,-1.0267224311828613,0.0
9.0,-0.6872035264968872,-1.0249425172805786,0.0
9.0,-0.682457447052002,-1.028108835220337,0.0
9.0,-0.6744017601013184,-1.0262389183044434,0.0
9.0,-0.6696498990058899,-1.029345989227295,0.0
9.0,-0.6616350412368774,-1.0273865461349487,0.0
9.0,-0.6536526679992676,-1.0253751277923584,0.0
9.0,-0.6489050388336182,-1.0283862352371216,0.0
9.0,-0.6409651637077332,-1.0262863636016846,0.0
9.0,-0.6362134218215942,-1.0292388200759888,0.0
9.0,-0.6283168792724609,-1.0270510911941528,0.0
9.0,-0.6204542517662048,-1.0248123407363892,0.0
9.0,-0.6157095432281494,-1.0276700258255005,0.0
9.0,-0.6089117527008057,-1.0270649194717407,0.0
9.0,-0.6041567921638489,-1.0298691987991333,0.0
9.0,-0.5953727960586548,-1.0257325172424316,0.0
9.0,-0.5906240940093994,-1.02847421169281,0.0
9.0,-0.5828988552093506,-1.0259770154953003,0.0
9.0,-0.5752094388008118,-1.023430585861206,0.0
9.0,-0.5704716444015503,-1.0260790586471558,0.0
9.0,-0.5637940168380737,-1.025200605392456,0.0
9.0,-0.5580925345420837,-1.0260393619537354,0.0
9.0,-0.5533427596092224,-1.0286086797714233,0.0
9.0,-0.5467025637626648,-1.0276246070861816,0.0
9.0,-0.5419456362724304,-1.0301412343978882,0.0
9.0,-0.5344080924987793,-1.027312994003296,0.0
9.0,-0.5296527743339539,-1.0297727584838867,0.0
9.0,-0.5221664309501648,-1.0268622636795044,0.0
9.0,-0.5147184729576111,-1.023904800415039,0.0
9.0,-0.5099790692329407,-1.0262736082077026,0.0
9.0,-0.5034652948379517,-1.0250300168991089,0.0
9.0,-0.49872082471847534,-1.0273468494415283,0.0
9.0,-0.4922355115413666,-1.026035189628601,0.0
9.0,-0.4849162697792053,-1.0228784084320068,0.0
9.0,-0.4801819324493408,-1.0251094102859497,0.0
9.0,-0.4729174077510834,-1.0218733549118042,0.0
9.0,-0.4681878387928009,-1.024048924446106,0.0
9.0,-0.46262505650520325,-1.0243797302246094,0.0
9.0,-0.4578840136528015,-1.0265077352523804,0.0
9.0,-0.4515206515789032,-1.0249532461166382,0.0
9.0,-0.4451814889907837,-1.0233619213104248,0.0
9.0,-0.44044533371925354,-1.02540922164917,0.0
9.0,-0.43491891026496887,-1.0255931615829468,0.0
9.0,-0.42862799763679504,-1.0239033699035645,0.0
9.0,-0.42388951778411865,-1.025874137878418,0.0
9.0,-0.41687634587287903,-1.0222671031951904,0.0
9.0,-0.41214555501937866,-1.0241835117340088,0.0
9.0,-0.40592989325523376,-1.0223604440689087,0.0
9.0,-0.4011988043785095,-1.0242263078689575,0.0
9.0,-0.39501744508743286,-1.022339105606079,0.0
9.0,-0.3909987807273865,-1.0260233879089355,0.0
9.0,-0.38625091314315796,-1.0278202295303345,0.0
9.0,-0.38218969106674194,-1.0314702987670898,0.0
9.0,-0.377416729927063,-1.0332263708114624,0.0
9.0,-0.37128064036369324,-1.0311967134475708,0.0
9.0,-0.36584025621414185,-1.0310174226760864,0.0
9.0,-0.36106956005096436,-1.0326977968215942,0.0
9.0,-0.3549884855747223,-1.0305742025375366,0.0
9.0,-0.3502199649810791,-1.032204508781433,0.0
9.0,-0.3441762328147888,-1.0300188064575195,0.0
9.0,-0.3387853503227234,-1.0296992063522339,0.0
9.0,-0.33402103185653687,-1.031254529953003,0.0
9.0,-0.3280346691608429,-1.0289767980575562,0.0
9.0,-0.32327380776405334,-1.030482530593872,0.0
9.0,-0.31791621446609497,-1.0300549268722534,0.0
9.0,-0.3131504952907562,-1.0315138101577759,0.0
9.0,-0.3072338104248047,-1.0291178226470947,0.0
9.0,-0.30190926790237427,-1.0286082029342651,0.0
9.0,-0.2971504032611847,-1.0299930572509766,0.0
9.0,-0.29183971881866455,-1.029431700706482,0.0
9.0,-0.2870771586894989,-1.0307700634002686,0.0
9.0,-0.28125306963920593,-1.0282279253005981,0.0
9.0,-0.2759774327278137,-1.027585744857788,0.0
9.0,-0.2712235748767853,-1.0288506746292114,0.0
9.0,-0.26596304774284363,-1.0281574726104736,0.0
9.0,-0.26120665669441223,-1.0293761491775513,0.0
9.0,-0.25596168637275696,-1.0286318063735962,0.0
9.0,-0.2507292628288269,-1.02786123752594,0.0
9.0,-0.24597439169883728,-1.029009461402893,0.0
9.0,-0.2407582849264145,-1.0281884670257568,0.0
9.0,-0.23600201308727264,-1.0292905569076538,0.0
9.0,-0.2308027595281601,-1.0284192562103271,0.0
9.0,-0.22561660408973694,-1.0275218486785889,0.0
9.0,-0.22086356580257416,-1.028554081916809,0.0
9.0,-0.21569494903087616,-1.027606725692749,0.0
9.0,-0.2109416425228119,-1.0285929441452026,0.0
9.0,-0.20579108595848083,-1.0275962352752686,0.0
9.0,-0.2010379284620285,-1.0285366773605347,0.0
9.0,-0.1959058940410614,-1.0274906158447266,0.0
9.0,-0.19078783690929413,-1.0264190435409546,0.0
9.0,-0.18604028224945068,-1.0272901058197021,0.0
9.0,-0.18094146251678467,-1.026169776916504,0.0
9.0,-0.1761951595544815,-1.026995301246643,0.0
9.0,-0.17111600935459137,-1.025826096534729,0.0
9.0,-0.1660514622926712,-1.0246320962905884,0.0
9.0,-0.16131243109703064,-1.0253888368606567,0.0
9.0,-0.15626828372478485,-1.024146556854248,0.0
9.0,-0.15153160691261292,-1.0248581171035767,0.0
9.0,-0.14650830626487732,-1.0235679149627686,0.0
9.0,-0.14177440106868744,-1.024234414100647,0.0
9.0,-0.1370374709367752,-1.024878978729248,0.0
9.0,-0.13204170763492584,-1.0235178470611572,0.0
9.0,-0.127308189868927,-1.0241174697875977,0.0
9.0,-0.12233441323041916,-1.0227092504501343,0.0
9.0,-0.11760473996400833,-1.023263931274414,0.0
9.0,-0.11265338212251663,-1.0218087434768677,0.0
9.0,-0.10792797803878784,-1.022318720817566,0.0
9.0,-0.103200264275074,-1.0228067636489868,0.0
9.0,-0.09847034513950348,-1.02327299118042,0.0
9.0,-0.09373831748962402,-1.0237172842025757,0.0
9.0,-0.08900429308414459,-1.0241397619247437,0.0
9.0,-0.08410441875457764,-1.0225470066070557,0.0
9.0,-0.07937590032815933,-1.0229250192642212,0.0
9.0,-0.0745001882314682,-1.0212863683700562,0.0
9.0,-0.06977760046720505,-1.0216199159622192,0.0
9.0,-0.0650535300374031,-1.021931529045105,0.0
9.0,-0.06032806262373924,-1.0222214460372925,0.0
9.0,-0.05560130625963211,-1.0224894285202026,0.0
9.0,-0.05087336152791977,-1.022735595703125,0.0
9.0,-0.046144332736730576,-1.02295982837677,0.0
9.0,-0.04141431301832199,-1.0231622457504272,0.0
9.0,-0.03668341040611267,-1.0233427286148071,0.0
9.0,-0.031951725482940674,-1.0235013961791992,0.0
9.0,-0.02716618962585926,-1.0216388702392578,0.0
9.0,-0.02244248241186142,-1.0217535495758057,0.0
9.0,-0.017718294635415077,-1.0218462944030762,0.0
9.0,-0.012993729673326015,-1.0219173431396484,0.0
9.0,-0.008268886245787144,-1.0219664573669434,0.0
9.0,-0.0035438663326203823,-1.0219937562942505,0.0
9.0,0.0011812294833362103,-1.0219992399215698,0.0
9.0,0.005906300153583288,-1.0219829082489014,0.0
9.0,0.010631244629621506,-1.0219446420669556,0.0
9.0,0.01535596139729023,-1.021884560585022,0.0
9.0,0.02008035033941269,-1.0218026638031006,0.0
9.0,0.024804310873150826,-1.0216989517211914,0.0
9.0,0.029527738690376282,-1.0215733051300049,0.0
9.0,0.03425053879618645,-1.0214258432388306,0.0
9.0,0.038972605019807816,-1.0212565660476685,0.0
9.0,0.04369383677840233,-1.0210654735565186,0.0
9.0,0.048414137214422226,-1.0208525657653809,0.0
9.0,0.05313339829444885,-1.0206178426742554,0.0
9.0,0.05785152688622475,-1.020361304283142,0.0
9.0,0.062690868973732,-1.0220792293548584,0.0
9.0,0.06741565465927124,-1.0217784643173218,0.0
9.0,0.07213899493217468,-1.0214558839797974,0.0
9.0,0.07686079293489456,-1.0211113691329956,0.0
9.0,0.08158095180988312,-1.0207451581954956,0.0
9.0,0.08613080531358719,-1.0183640718460083,0.0
9.0,0.09083815664052963,-1.01795494556427,0.0
9.0,0.09573055803775787,-1.0195153951644897,0.0
9.0,0.10044313222169876,-1.0190619230270386,0.0
9.0,0.10515356063842773,-1.0185866355895996,0.0
9.0,0.10986173897981644,-1.0180896520614624,0.0
9.0,0.1145675778388977,-1.0175708532333374,0.0
9.0,0.11950390785932541,-1.0190166234970093,0.0
9.0,0.12421392649412155,-1.0184532403945923,0.0
9.0,0.1289212852716446,-1.0178680419921875,0.0
9.0,0.13362589478492737,-1.0172611474990845,0.0
9.0,0.13832764327526093,-1.0166324377059937,0.0
9.0,0.1430264264345169,-1.0159820318222046,0.0
9.0,0.14772216975688934,-1.0153099298477173,0.0
9.0,0.15271183848381042,-1.0165938138961792,0.0
9.0,0.15741030871868134,-1.0158770084381104,0.0
9.0,0.16242077946662903,-1.0171133279800415,0.0
9.0,0.1671215295791626,-1.0163514614105225,0.0
9.0,0.17181871831417084,-1.0155678987503052,0.0
9.0,0.1765122264623642,-1.0147627592086792,0.0
9.0,0.1812019646167755,-1.0139358043670654,0.0
9.0,0.186248779296875,-1.0150543451309204,0.0
9.0,0.19130980968475342,-1.0161479711532593,0.0
9.0,0.19600580632686615,-1.0152525901794434,0.0
9.0,0.20069760084152222,-1.0143355131149292,0.0
9.0,0.20538510382175446,-1.0133967399597168,0.0
9.0,0.21047453582286835,-1.0143946409225464,0.0
9.0,0.2151622176170349,-1.0134106874465942,0.0
9.0,0.21984528005123138,-1.0124050378799438,0.0
9.0,0.22539053857326508,-1.0152827501296997,0.0
9.0,0.23008215427398682,-1.0142297744750977,0.0
9.0,0.23567183315753937,-1.0170520544052124,0.0
9.0,0.24037152528762817,-1.0159515142440796,0.0
9.0,0.24600501358509064,-1.0187175273895264,0.0
9.0,0.2507123053073883,-1.0175693035125732,0.0
9.0,0.255414217710495,-1.0163992643356323,0.0
9.0,0.2606070637702942,-1.0171449184417725,0.0
9.0,0.26530691981315613,-1.0159292221069336,0.0
9.0,0.27051541209220886,-1.0166245698928833,0.0
9.0,0.2757359743118286,-1.0172933340072632,0.0
9.0,0.28043636679649353,-1.016007661819458,0.0
9.0,0.28567177057266235,-1.0166256427764893,0.0
9.0,0.2903689742088318,-1.0152939558029175,0.0
9.0,0.2950599491596222,-1.013940691947937,0.0
9.0,0.2997446060180664,-1.0125656127929688,0.0
9.0,0.304999440908432,-1.013084053993225,0.0
9.0,0.3108508586883545,-1.0154880285263062,0.0
9.0,0.3155425190925598,-1.0140399932861328,0.0
9.0,0.3202274441719055,-1.0125702619552612,0.0
9.0,0.32490551471710205,-1.0110788345336914,0.0
9.0,0.330197274684906,-1.0114670991897583,0.0
9.0,0.3367585241794586,-1.0156248807907104,0.0
9.0,0.3414505422115326,-1.0140570402145386,0.0
9.0,0.34742918610572815,-1.0162523984909058,0.0
9.0,0.35212400555610657,-1.0146352052688599,0.0
9.0,0.35747572779655457,-1.0148828029632568,0.0
9.0,0.36216408014297485,-1.0132192373275757,0.0
9.0,0.3675265610218048,-1.0134141445159912,0.0
9.0,0.3728986084461212,-1.0135811567306519,0.0
9.0,0.37758079171180725,-1.0118463039398193,0.0
9.0,0.38296276330947876,-1.0119602680206299,0.0
9.0,0.38763734698295593,-1.010178804397583,0.0
9.0,0.39302876591682434,-1.0102397203445435,0.0
9.0,0.39916279911994934,-1.012133002281189,0.0
9.0,0.40383800864219666,-1.0102766752243042,0.0
9.0,0.4107573330402374,-1.0139597654342651,0.0
9.0,0.4154408574104309,-1.0120497941970825,0.0
9.0,0.42165160179138184,-1.0138115882873535,0.0
9.0,0.42633432149887085,-1.0118513107299805,0.0
9.0,0.43257805705070496,-1.0135483741760254,0.0
9.0,0.4388465881347656,-1.0152090787887573,0.0
9.0,0.44353556632995605,-1.013169288635254,0.0
9.0,0.4498361647129059,-1.0147647857666016,0.0
9.0,0.4545229971408844,-1.01267409324646,0.0
9.0,0.4600274860858917,-1.0123826265335083,0.0
9.0,0.46553897857666016,-1.0120619535446167,0.0
9.0,0.4702131152153015,-1.0098987817764282,0.0
9.0,0.4774349331855774,-1.0131416320800781,0.0
9.0,0.4821139872074127,-1.0109233856201172,0.0
9.0,0.49025973677635193,-1.0158884525299072,0.0
9.0,0.4949513077735901,-1.0136109590530396,0.0
9.0,0.5005182027816772,-1.0131049156188965,0.0
9.0,0.506985068321228,-1.0143579244613647,0.0
9.0,0.511669397354126,-1.0120030641555786,0.0
9.0,0.5181641578674316,-1.0131880044937134,0.0
9.0,0.5228429436683655,-1.0107815265655518,0.0
9.0,0.5293647646903992,-1.0118976831436157,0.0
9.0,0.5340374708175659,-1.0094393491744995,0.0
9.0,0.5396422743797302,-1.0087231397628784,0.0
9.0,0.5471548438072205,-1.0114946365356445,0.0
9.0,0.5518255233764648,-1.0089541673660278,0.0
9.0,0.5593878030776978,-1.0116428136825562,0.0
9.0,0.5640590786933899,-1.0090458393096924,0.0
9.0,0.5706861019134521,-1.0099095106124878,0.0
9.0,0.5783251523971558,-1.0124702453613281,0.0
9.0,0.5829999446868896,-1.0097856521606445,0.0
9.0,0.5896783471107483,-1.0105341672897339,0.0
9.0,0.5943440794944763,-1.007797122001648,0.0
9.0,0.6000211238861084,-1.0067565441131592,0.0
9.0,0.6046693325042725,-1.0039716958999634,0.0
9.0,0.6113840937614441,-1.0045822858810425,0.0
9.0,0.6202127933502197,-1.0085594654083252,0.0
9.0,0.6248691082000732,-1.0056811571121216,0.0
9.0,0.6337655186653137,-1.0095570087432861,0.0
9.0,0.6384263038635254,-1.0066161155700684,0.0
9.0,0.6463103294372559,-1.008705496788025,0.0
9.0,0.6509670615196228,-1.005706548690796,0.0
9.0,0.6577989459037781,-1.0060341358184814,0.0
9.0,0.6657498478889465,-1.0079885721206665,0.0
9.0,0.670403003692627,-1.0048998594284058,0.0
9.0,0.6783947348594666,-1.006765365600586,0.0
9.0,0.6830421686172485,-1.0036181211471558,0.0
9.0,0.6910737156867981,-1.0053941011428833,0.0
9.0,0.6991361379623413,-1.0071169137954712,0.0
9.0,0.7037849426269531,-1.0038738250732422,0.0
9.0,0.713041365146637,-1.0071384906768799,0.0
9.0,0.717690110206604,-1.0038310289382935,0.0
9.0,0.7258356213569641,-1.0053669214248657,0.0
9.0,0.7304760813713074,-1.002000331878662,0.0
9.0,0.739843487739563,-1.0050550699234009,0.0
9.0,0.7492546439170837,-1.0080444812774658,0.0
9.0,0.7539072036743164,-1.0045695304870605,0.0
9.0,0.7633751630783081,-1.0074495077133179,0.0
9.0,0.7680248022079468,-1.0039093494415283,0.0
9.0,0.7763256430625916,-1.005096197128296,0.0
9.0,0.787113606929779,-1.0093820095062256,0.0
9.0,0.7917719483375549,-1.0057320594787598,0.0
9.0,0.8026353716850281,-1.0098892450332642,0.0
9.0,0.8072958588600159,-1.0061676502227783,0.0
9.0,0.8157156109809875,-1.0070868730545044,0.0
9.0,0.8203630447387695,-1.0033048391342163,0.0
9.0,0.8300854563713074,-1.0056710243225098,0.0
9.0,0.839847207069397,-1.0079686641693115,0.0
9.0,0.8444984555244446,-1.0040749311447144,0.0
9.0,0.8556036949157715,-1.0077829360961914,0.0
9.0,0.8602538704872131,-1.0038163661956787,0.0
9.0,0.8688110113143921,-1.004366159439087,0.0
9.0,0.8734452724456787,-1.0003385543823242,0.0
9.0,0.8846728801727295,-1.0037918090820312,0.0
9.0,0.8946214914321899,-1.005668044090271,0.0
9.0,0.899261474609375,-1.0015212297439575,0.0
9.0,0.9092545509338379,-1.0032806396484375,0.0
9.0,0.91388338804245,-0.9990661144256592,0.0
9.0,0.9252762198448181,-1.0021775960922241,0.0
9.0,0.9394441843032837,-1.0081312656402588,0.0
9.0,0.9440951347351074,-1.003777027130127,0.0
9.0,0.9556106925010681,-1.0066540241241455,0.0
9.0,0.9602546095848083,-1.0022250413894653,0.0
9.0,0.9746101498603821,-1.0078387260437012,0.0
9.0,0.9792593717575073,-1.0033220052719116,0.0
9.0,0.9979231953620911,-1.0130318403244019,0.0
9.0,1.0152872800827026,-1.0211719274520874,0.0
9.0,1.0199975967407227,-1.0164669752120972,0.0
9.0,1.0389180183410645,-1.025792121887207,0.0
9.0,1.043649435043335,-1.0209778547286987,0.0
9.0,1.0641558170318604,-1.0314534902572632,0.0
9.0,1.068913221359253,-1.0265225172042847,0.0
9.0,1.0881370306015015,-1.0353559255599976,0.0
9.0,1.1074649095535278,-1.044033169746399,0.0
9.0,1.1122801303863525,-1.0389018058776855,0.0
9.0,1.1346862316131592,-1.050049066543579,0.0
9.0,1.1395288705825806,-1.0447918176651,0.0
9.0,1.1621119976043701,-1.0556495189666748,0.0
9.0,1.166980266571045,-1.0502653121948242,0.0
9.0,1.1882439851760864,-1.0595000982284546,0.0
9.0,1.2111165523529053,-1.0698844194412231,0.0
9.0,1.216050148010254,-1.0642735958099365,0.0
9.0,1.2390906810760498,-1.0743622779846191,0.0
9.0,1.244044542312622,-1.0686219930648804,0.0
9.0,1.2702958583831787,-1.081005334854126,0.0
9.0,1.2752801179885864,-1.0751206874847412,0.0
9.0,1.2986578941345215,-1.0845974683761597,0.0
9.0,1.1449388265609741,-0.9472649693489075,0.0
9.0,1.1493061780929565,-0.9419613480567932,0.0
9.0,1.1797860860824585,-0.9488418698310852,0.0
9.0,1.1841603517532349,-0.9433771371841431,0.0
9.0,1.188509225845337,-0.9378922581672668,0.0
9.0,1.1928328275680542,-0.9323872923851013,0.0
9.0,1.2192705869674683,-0.9440038800239563,0.0
9.0,1.2236220836639404,-0.9383566379547119,0.0
9.0,1.2486519813537598,-0.9484155774116516,0.0
9.0,1.2753989696502686,-0.9594651460647583,0.0
9.0,1.2798212766647339,-0.9535582661628723,0.0
9.0,1.3115742206573486,-0.9678186178207397,0.0
9.0,1.3160347938537598,-0.9617444276809692,0.0
9.0,1.3463904857635498,-0.9744107723236084,0.0
9.0,1.3508812189102173,-0.9681755304336548,0.0
9.0,1.3814387321472168,-0.9804403185844421,0.0
9.0,1.4121378660202026,-0.9924427270889282,0.0
9.0,1.4167112112045288,-0.9859033226966858,0.0
9.0,1.4476042985916138,-0.9974998235702515,0.0
9.0,1.4522006511688232,-0.9907963275909424,0.0
9.0,1.4799680709838867,-0.9997451901435852,0.0
9.0,1.484574556350708,-0.9928920269012451,0.0
9.0,1.5058249235153198,-0.9970592856407166,0.0
9.0,1.525472640991211,-0.9999546408653259,0.0
9.0,1.5300794839859009,-0.9928911328315735,0.0
9.0,1.5598946809768677,-1.002020239830017,0.0
9.0,1.564510703086853,-0.9947975873947144,0.0
9.0,1.5775564908981323,-0.9928802847862244,0.0
9.0,1.5821300745010376,-0.9855760335922241,0.0
9.0,1.5781577825546265,-0.9730026125907898,0.0
9.0,1.5741031169891357,-0.9604870676994324,0.0
9.0,1.5785269737243652,-0.9531991481781006,0.0
9.0,1.5743329524993896,-0.9407612681388855,0.0
9.0,1.5786656141281128,-0.9334725141525269,0.0
9.0,1.5760595798492432,-0.9221237897872925,0.0
9.0,1.5751134157180786,-0.9118212461471558,0.0
9.0,1.5793122053146362,-0.9045291543006897,0.0
9.0,1.5886975526809692,-0.9001755714416504,0.0
9.0,1.5928423404693604,-0.8928208351135254,0.0
9.0,1.6109462976455688,-0.8932055830955505,0.0
9.0,1.6325945854187012,-0.8953652381896973,0.0
9.0,1.6367167234420776,-0.8878075480461121,0.0
9.0,1.656665563583374,-0.8887401819229126,0.0
9.0,1.6607568264007568,-0.8810712695121765,0.0
9.0,1.6772102117538452,-0.8798875212669373,0.0
9.0,1.681260347366333,-0.8721237182617188,0.0
9.0,1.4482446908950806,-0.7259389162063599,0.0
9.0,1.4515855312347412,-0.7192354202270508,0.0
9.0,1.454895257949829,-0.7125164866447449,0.0
9.0,1.4581739902496338,-0.7057823538780212,0.0
9.0,1.4809114933013916,-0.6999608278274536,0.0
9.0,1.4841318130493164,-0.6931065917015076,0.0
9.0,1.4873204231262207,-0.6862374544143677,0.0
9.0,1.4904773235321045,-0.6793537139892578,0.0
9.0,1.5063680410385132,-0.6782028675079346,0.0
9.0,1.509487509727478,-0.6712310910224915,0.0
9.0,1.5272244215011597,-0.6706783771514893,0.0
9.0,1.5303088426589966,-0.6636102795600891,0.0
9.0,1.5480692386627197,-0.6628256440162659,0.0
9.0,1.5603280067443848,-0.6595547199249268,0.0
9.0,1.5633606910705566,-0.6523337364196777,0.0
9.0,1.5682092905044556,-0.6458603739738464,0.0
9.0,1.5711785554885864,-0.6386030316352844,0.0
9.0,1.5685455799102783,-0.629098653793335,0.0
9.0,1.565858244895935,-0.6196321845054626,0.0
9.0,1.5687062740325928,-0.6123860478401184,0.0
9.0,1.5659215450286865,-0.6029707193374634,0.0
9.0,1.5686925649642944,-0.5957244634628296,0.0
9.0,1.5658111572265625,-0.586361289024353,0.0
9.0,1.5647529363632202,-0.5777302384376526,0.0
9.0,1.567407250404358,-0.5704895853996277,0.0
9.0,1.5662630796432495,-0.5618861317634583,0.0
9.0,1.568844199180603,-0.5546387434005737,0.0
9.0,1.565725564956665,-0.5454056859016418,0.0
9.0,1.5682305097579956,-0.5381609201431274,0.0
9.0,1.5650177001953125,-0.5289834141731262,0.0
9.0,1.563651442527771,-0.5204788446426392,0.0
9.0,1.566041111946106,-0.5132439136505127,0.0
9.0,1.564590573310852,-0.5047699213027954,0.0
9.0,1.566907525062561,-0.49753081798553467,0.0
9.0,1.5653730630874634,-0.48908817768096924,0.0
9.0,1.5637941360473633,-0.4806704521179199,0.0
9.0,1.5659997463226318,-0.47343531250953674,0.0
9.0,1.5624206066131592,-0.46448028087615967,0.0
9.0,1.5645513534545898,-0.4572516679763794,0.0
9.0,1.5628042221069336,-0.4489089548587799,0.0
9.0,1.5629380941390991,-0.441135436296463,0.0
9.0,1.5649608373641968,-0.4339046776294708,0.0
9.0,1.5630908012390137,-0.42561376094818115,0.0
9.0,1.5650418996810913,-0.418382465839386,0.0
9.0,1.5630905628204346,-0.41012707352638245,0.0
9.0,1.5591593980789185,-0.40140002965927124,0.0
9.0,1.560998558998108,-0.39418715238571167,0.0
9.0,1.5511561632156372,-0.3840816617012024,0.0
9.0,1.552915334701538,-0.37690597772598267,0.0
9.0,1.5410211086273193,-0.3664831221103668,0.0
9.0,1.5426990985870361,-0.35935449600219727,0.0
9.0,1.5443439483642578,-0.3522181808948517,0.0
9.0,1.573848843574524,-0.1790410280227661,0.0
9.0,1.574659824371338,-0.1717626303434372,0.0
9.0,1.575437068939209,-0.1644805520772934,0.0
9.0,1.5761806964874268,-0.15719495713710785,0.0
9.0,1.5656156539916992,-0.14153344929218292,0.0
9.0,1.5662533044815063,-0.13429351150989532,0.0
9.0,1.5668574571609497,-0.1270507127046585,0.0
9.0,1.5674281120300293,-0.11980518698692322,0.0
9.0,1.5579909086227417,-0.11184109002351761,0.0
9.0,1.5584913492202759,-0.10463672131299973,0.0
9.0,1.5549662113189697,-0.09718061238527298,0.0
9.0,1.5553988218307495,-0.08999038487672806,0.0
9.0,1.5577954053878784,-0.08290452510118484,0.0
9.0,1.564155101776123,-0.07599253207445145,0.0
9.0,1.564489722251892,-0.06876004487276077,0.0
9.0,1.572784662246704,-0.06184040382504463,0.0
9.0,1.5730538368225098,-0.05456817150115967,0.0
9.0,1.5832847356796265,-0.047595251351594925,0.0
9.0,1.583487868309021,-0.04027462750673294,0.0
9.0,1.593654990196228,-0.03316117823123932,0.0
9.0,1.6057896614074707,-0.025986937806010246,0.0
9.0,1.6058926582336426,-0.018562497571110725,0.0
9.0,1.6159611940383911,-0.01120700966566801,0.0
9.0,1.6159957647323608,-0.0037356994580477476,0.0
9.0,1.6259957551956177,0.003758807433769107,0.0
9.0,1.6359606981277466,0.011345701292157173,0.0
9.0,1.6358907222747803,0.018909234553575516,0.0
9.0,1.6457844972610474,0.026634177193045616,0.0
9.0,1.6456438302993774,0.034242965281009674,0.0
9.0,1.6554646492004395,0.042105283588171005,0.0
9.0,1.6552523374557495,0.0497586615383625,0.0
9.0,1.6669973134994507,0.05782699957489967,0.0
9.0,1.431374192237854,0.24386903643608093,0.0
9.0,1.4302313327789307,0.2504841983318329,0.0
9.0,1.4290579557418823,0.25709402561187744,0.0
9.0,1.427854061126709,0.2636983394622803,0.0
9.0,1.436444878578186,0.27215856313705444,0.0
9.0,1.4351712465286255,0.27879688143730164,0.0
9.0,1.4436744451522827,0.28738152980804443,0.0
9.0,1.4423303604125977,0.2940531075000763,0.0
9.0,1.4546600580215454,0.3035784959793091,0.0
9.0,1.453240990638733,0.31030067801475525,0.0
9.0,1.4654685258865356,0.320002943277359,0.0
9.0,1.4756851196289062,0.32938912510871887,0.0
9.0,1.4741464853286743,0.3362082540988922,0.0
9.0,1.4862112998962402,0.3461962938308716,0.0
9.0,1.4845948219299316,0.3530639111995697,0.0
9.0,1.5004388093948364,0.36416947841644287,0.0
9.0,1.4987391233444214,0.3711026608943939,0.0
9.0,1.5202767848968506,0.38390398025512695,0.0
9.0,1.5417277812957764,0.3969123065471649,0.0
9.0,1.5398762226104736,0.4040360450744629,0.0
9.0,1.5592453479766846,0.41683289408683777,0.0
9.0,1.5573015213012695,0.4240373969078064,0.0
9.0,1.5745973587036133,0.4365764856338501,0.0
9.0,1.5879604816436768,0.44819796085357666,0.0
9.0,1.5858713388442993,0.4555349051952362,0.0
9.0,1.5971862077713013,0.4667894244194031,0.0
9.0,1.5950109958648682,0.4741688370704651,0.0
9.0,1.6062026023864746,0.48558947443962097,0.0
9.0,1.6039403676986694,0.49301037192344666,0.0
9.0,1.61882483959198,0.5057887434959412,0.0
9.0,1.6298125982284546,0.5175046920776367,0.0
9.0,1.6274025440216064,0.5250343680381775,0.0
9.0,1.6363608837127686,0.5362900495529175,0.0
9.0,1.633863925933838,0.5438498258590698,0.0
9.0,1.6445949077606201,0.5558808445930481,0.0
9.0,1.6420072317123413,0.5634784698486328,0.0
9.0,1.652605414390564,0.5756694674491882,0.0
9.0,1.6612399816513062,0.5873036980628967,0.0
9.0,1.6585068702697754,0.5949779748916626,0.0
9.0,1.430212140083313,0.5205546617507935,0.0
9.0,1.4409235715866089,0.532010555267334,0.0
9.0,1.4384485483169556,0.5386667847633362,0.0
9.0,1.4359426498413086,0.5453115105628967,0.0
9.0,1.433406114578247,0.5519446134567261,0.0
9.0,1.4476066827774048,0.5651115775108337,0.0
9.0,1.4449784755706787,0.5717983841896057,0.0
9.0,1.457169532775879,0.5844289064407349,0.0
9.0,1.4711271524429321,0.597937285900116,0.0
9.0,1.4683469533920288,0.6047325134277344,0.0
9.0,1.4821470975875854,0.6184462308883667,0.0
9.0,1.4792720079421997,0.6252921223640442,0.0
9.0,1.4947509765625,0.6399967670440674,0.0
9.0,1.5119599103927612,0.6556533575057983,0.0
9.0,1.508912444114685,0.6626366972923279,0.0
9.0,1.5204523801803589,0.6761069297790527,0.0
9.0,1.5173102617263794,0.6831293106079102,0.0
9.0,1.5268747806549072,0.6959435343742371,0.0
9.0,1.5236408710479736,0.7029953598976135,0.0
9.0,1.5294349193572998,0.7142636179924011,0.0
9.0,1.5297328233718872,0.7230364680290222,0.0
9.0,1.5263735055923462,0.7301012873649597,0.0
9.0,1.5283823013305664,0.7397644519805908,0.0
9.0,1.5249457359313965,0.7468228340148926,0.0
9.0,1.5268528461456299,0.7565290927886963,0.0
9.0,1.523338794708252,0.7635802030563354,0.0
9.0,1.5251436233520508,0.7733284831047058,0.0
9.0,1.5268906354904175,0.7831096053123474,0.0
9.0,1.5232537984848022,0.7901606559753418,0.0
9.0,1.524897575378418,0.7999821901321411,0.0
9.0,1.521182656288147,0.8070237636566162,0.0
9.0,1.5244848728179932,0.8178300261497498,0.0
9.0,1.5259613990783691,0.8277303576469421,0.0
9.0,1.5221182107925415,0.8347765803337097,0.0
9.0,1.5217407941818237,0.8437446355819702,0.0
9.0,1.517823576927185,0.8507711887359619,0.0
9.0,1.5121338367462158,0.8567936420440674,0.0
9.0,1.508156418800354,0.8637756705284119,0.0
9.0,1.504146695137024,0.8707391619682312,0.0
9.0,1.4880211353302002,0.8706141114234924,0.0
9.0,1.4839800596237183,0.8774845004081726,0.0
9.0,1.277755618095398,1.1182774305343628,0.0
9.0,1.2725716829299927,1.1241730451583862,0.0
9.0,1.2673606872558594,1.1300445795059204,0.0
9.0,1.2621225118637085,1.1358920335769653,0.0
9.0,1.239772081375122,1.1367011070251465,0.0
9.0,1.2345033884048462,1.1424208879470825,0.0
9.0,1.2292083501815796,1.1481162309646606,0.0
9.0,1.2238870859146118,1.1537870168685913,0.0
9.0,1.209846019744873,1.1511613130569458,0.0
9.0,1.1987407207489014,1.1512012481689453,0.0
9.0,1.1934055089950562,1.1567312479019165,0.0
9.0,1.185185432434082,1.159439206123352,0.0
9.0,1.1798123121261597,1.16490638256073,0.0
9.0,1.1687471866607666,1.1647015810012817,0.0
9.0,1.1534790992736816,1.160164713859558,0.0
9.0,1.148102879524231,1.1654852628707886,0.0
9.0,1.1315265893936157,1.1593307256698608,0.0
9.0,1.1261544227600098,1.1645498275756836,0.0
9.0,0.9639927744865417,1.2845052480697632,0.0
9.0,0.9580436944961548,1.2889484167099,0.0
9.0,0.9520741701126099,1.2933640480041504,0.0
9.0,0.9460843205451965,1.297752022743225,0.0
9.0,0.9293912649154663,1.2999368906021118,0.0
9.0,0.9233712553977966,1.3042199611663818,0.0
9.0,0.9173315167427063,1.308475136756897,0.0
9.0,0.9112721085548401,1.3127022981643677,0.0
9.0,0.9029273986816406,1.3136049509048462,0.0
9.0,0.8968445062637329,1.317765474319458,0.0
9.0,0.8907423615455627,1.3218978643417358,0.0
9.0,0.8846212029457092,1.3260020017623901,0.0
9.0,0.8773789405822754,1.3284088373184204,0.0
9.0,0.8701333403587341,1.3307772874832153,0.0
9.0,0.8639713525772095,1.3347859382629395,0.0
9.0,0.8567119836807251,1.3370821475982666,0.0
9.0,0.8505209684371948,1.3410288095474243,0.0
9.0,0.8443118333816528,1.3449467420578003,0.0
9.0,0.8370290398597717,1.3471370935440063,0.0
9.0,0.8307917714118958,1.3509925603866577,0.0
9.0,0.8245367407798767,1.3548191785812378,0.0
9.0,0.8182640671730042,1.358616828918457,0.0
9.0,0.8129979372024536,1.3641035556793213,0.0
9.0,0.8066824674606323,1.3678478002548218,0.0
9.0,0.7993417382240295,1.3698352575302124,0.0
9.0,0.7929999232292175,1.373516321182251,0.0
9.0,0.7866411805152893,1.3771679401397705,0.0
9.0,0.7802656292915344,1.380790114402771,0.0
9.0,0.7738733887672424,1.3843828439712524,0.0
9.0,0.7664967775344849,1.3861957788467407,0.0
9.0,0.7600797414779663,1.3897247314453125,0.0
9.0,0.7536463737487793,1.3932240009307861,0.0
9.0,0.7481403350830078,1.3984569311141968,0.0
9.0,0.7416667342185974,1.4019010066986084,0.0
9.0,0.7351773381233215,1.4053149223327637,0.0
9.0,0.7286721467971802,1.4086989164352417,0.0
9.0,0.48629114031791687,0.9508653283119202,0.0
9.0,0.4730072617530823,0.9463762640953064,0.0
9.0,0.4686267673969269,0.9485530257225037,0.0
9.0,0.46423622965812683,0.9507095813751221,0.0
9.0,0.45983579754829407,0.9528457522392273,0.0
9.0,0.45370370149612427,0.9513511657714844,0.0
9.0,0.4493004083633423,0.9534386396408081,0.0
9.0,0.443199098110199,0.9518794417381287,0.0
9.0,0.43879345059394836,0.9539183378219604,0.0
9.0,0.4327237010002136,0.9522952437400818,0.0
9.0,0.4266783595085144,0.9506364464759827,0.0
9.0,0.42227864265441895,0.9525989890098572,0.0
9.0,0.4162657856941223,0.9508768320083618,0.0
9.0,0.41186508536338806,0.9527912139892578,0.0
9.0,0.4058854281902313,0.9510063529014587,0.0
9.0,0.4014842212200165,0.9528727531433105,0.0
9.0,0.3955383598804474,0.9510254263877869,0.0
9.0,0.3903777003288269,0.9509938359260559,0.0
9.0,0.38597673177719116,0.9527885317802429,0.0
9.0,0.3800828456878662,0.9508486390113831,0.0
9.0,0.3749488592147827,0.9507350921630859,0.0
9.0,0.3705492615699768,0.9524585008621216,0.0
9.0,0.36470869183540344,0.9504270553588867,0.0
9.0,0.3603106141090393,0.9521030783653259,0.0
9.0,0.35450640320777893,0.9500111937522888,0.0
9.0,0.3494197726249695,0.9497630000114441,0.0
9.0,0.3450249433517456,0.9513683319091797,0.0
9.0,0.33927640318870544,0.9491868019104004,0.0
9.0,0.3348843455314636,0.9507452249526978,0.0
9.0,0.3298293948173523,0.9503939747810364,0.0
9.0,0.32543182373046875,0.9519087076187134,0.0
9.0,0.3197508454322815,0.9496122002601624,0.0
9.0,0.3147275745868683,0.9491820335388184,0.0
9.0,0.31033578515052795,0.9506270289421082,0.0
9.0,0.304713636636734,0.9482434391975403,0.0
9.0,0.30032628774642944,0.9496421217918396,0.0
9.0,0.29533830285072327,0.9491108059883118,0.0
9.0,0.2897762358188629,0.9466413259506226,0.0
9.0,0.2853964567184448,0.9479709267616272,0.0
9.0,0.28101059794425964,0.9492802619934082,0.0
9.0,0.27661871910095215,0.9505693912506104,0.0
9.0,0.27167096734046936,0.9499151706695557,0.0
9.0,0.2661941647529602,0.9473102688789368,0.0
9.0,0.2618115544319153,0.9485308527946472,0.0
9.0,0.2569001317024231,0.9478007555007935,0.0
9.0,0.25251534581184387,0.9489783644676208,0.0
9.0,0.24761982262134552,0.9482006430625916,0.0
9.0,0.24224050343036652,0.9454604983329773,0.0
9.0,0.23786669969558716,0.9465703368186951,0.0
9.0,0.23300933837890625,0.9457180500030518,0.0
9.0,0.22863443195819855,0.9467852115631104,0.0
9.0,0.22425465285778046,0.9478321671485901,0.0
9.0,0.21987007558345795,0.9488588571548462,0.0
9.0,0.21459588408470154,0.9459643959999084,0.0
9.0,0.20978659391403198,0.9449939727783203,0.0
9.0,0.2054152935743332,0.9459537863731384,0.0
9.0,0.2006242275238037,0.944936990737915,0.0
9.0,0.19625328481197357,0.9458544850349426,0.0
9.0,0.19148088991641998,0.9447915554046631,0.0
9.0,0.1867225170135498,0.9437047839164734,0.0
9.0,0.18235743045806885,0.9445579648017883,0.0
9.0,0.1779884397983551,0.9453909993171692,0.0
9.0,0.17361563444137573,0.9462038278579712,0.0
9.0,0.16888727247714996,0.9450275301933289,0.0
9.0,0.16417351365089417,0.9438278675079346,0.0
9.0,0.15980809926986694,0.9445767998695374,0.0
9.0,0.15543925762176514,0.945305585861206,0.0
9.0,0.1510670930147171,0.9460141062736511,0.0
9.0,0.14638546109199524,0.9447259902954102,0.0
9.0,0.14201606810092926,0.9453927278518677,0.0
9.0,0.13764365017414093,0.9460391998291016,0.0
9.0,0.13298949599266052,0.9446850419044495,0.0
9.0,0.1286204308271408,0.9452897906303406,0.0
9.0,0.12398815900087357,0.9438914060592651,0.0
9.0,0.11962287127971649,0.944454550743103,0.0
9.0,0.11525502800941467,0.9449975490570068,0.0
9.0,0.11065176874399185,0.9435338973999023,0.0
9.0,0.10628827661275864,0.9440353512763977,0.0
9.0,0.10170794278383255,0.942528247833252,0.0
9.0,0.09734919667243958,0.942988395690918,0.0
9.0,0.09298837184906006,0.9434283971786499,0.0
9.0,0.08862555772066116,0.9438482522964478,0.0
9.0,0.08426084369421005,0.9442479014396667,0.0
9.0,0.07972577959299088,0.9426344633102417,0.0
9.0,0.0753667801618576,0.9429929852485657,0.0
9.0,0.0710061639547348,0.9433313608169556,0.0
9.0,0.06664403527975082,0.9436495900154114,0.0
9.0,0.062280476093292236,0.9439476132392883,0.0
9.0,0.05779314786195755,0.9422292709350586,0.0
9.0,0.05343625321984291,0.9424864053726196,0.0
9.0,0.049078214913606644,0.9427233338356018,0.0
9.0,0.04471912980079651,0.9429401755332947,0.0
9.0,0.04035909101366997,0.9431368708610535,0.0
9.0,0.035921916365623474,0.9413148164749146,0.0
9.0,0.03156948462128639,0.9414708018302917,0.0
9.0,0.02721637673676014,0.9416067004203796,0.0
9.0,0.022862685844302177,0.9417225122451782,0.0
9.0,0.018508508801460266,0.941818118095398,0.0
9.0,0.014153935015201569,0.9418936371803284,0.0
9.0,0.009799058549106121,0.9419490098953247,0.0
9.0,0.005443972535431385,0.941984236240387,0.0
9.0,0.0010887705720961094,0.9419993162155151,0.0
9.0,-0.0032664549071341753,0.941994309425354,0.0
9.0,-0.007621610537171364,0.9419691562652588,0.0
9.0,-0.011976603418588638,0.9419238567352295,0.0
9.0,-0.01633133925497532,0.9418584108352661,0.0
9.0,-0.020685726776719093,0.9417728185653687,0.0
9.0,-0.0250396728515625,0.9416671395301819,0.0
9.0,-0.029393082484602928,0.941541314125061,0.0
9.0,-0.033745866268873215,0.9413953423500061,0.0
9.0,-0.03809792548418045,0.9412292242050171,0.0
9.0,-0.04244917258620262,0.9410430192947388,0.0
9.0,-0.04689887538552284,0.9428343176841736,0.0
9.0,-0.05125744640827179,0.9426074028015137,0.0
9.0,-0.05561492219567299,0.9423603415489197,0.0
9.0,-0.05984415113925934,0.9400971531867981,0.0
9.0,-0.06418993324041367,0.9398103952407837,0.0
9.0,-0.06853433698415756,0.9395036101341248,0.0
9.0,-0.07287728041410446,0.9391766786575317,0.0
9.0,-0.07738261669874191,0.9408230185508728,0.0
9.0,-0.08173156529664993,0.9404551982879639,0.0
9.0,-0.08607876300811768,0.9400672912597656,0.0
9.0,-0.09042412787675858,0.9396592378616333,0.0
9.0,-0.09476755559444427,0.9392311573028564,0.0
9.0,-0.09931892901659012,0.9407718777656555,0.0
9.0,-0.10366740822792053,0.9403026103973389,0.0
9.0,-0.10801366716623306,0.9398132562637329,0.0
9.0,-0.11235762387514114,0.9393038749694824,0.0
9.0,-0.11669917404651642,0.9387743473052979,0.0
9.0,-0.12129412591457367,0.940208375453949,0.0
9.0,-0.12563976645469666,0.9396375417709351,0.0
9.0,-0.12998270988464355,0.9390466213226318,0.0
9.0,-0.1343228816986084,0.9384356141090393,0.0
9.0,-0.13895271718502045,0.9397830367088318,0.0
9.0,-0.14329619705677032,0.9391305446624756,0.0
9.0,-0.14763662219047546,0.9384579658508301,0.0
9.0,-0.1519738882780075,0.93776535987854,0.0
9.0,-0.1563078910112381,0.9370527267456055,0.0
9.0,-0.16097676753997803,0.9382912516593933,0.0
9.0,-0.16566039621829987,0.9395065903663635,0.0
9.0,-0.17000232636928558,0.9387306571006775,0.0
9.0,-0.1743406057357788,0.9379346370697021,0.0
9.0,-0.17867515981197357,0.9371185302734375,0.0
9.0,-0.1833895593881607,0.9382452964782715,0.0
9.0,-0.18772545456886292,0.9373874068260193,0.0
9.0,-0.1924591362476349,0.9384686946868896,0.0
9.0,-0.19720681011676788,0.9395262002944946,0.0
9.0,-0.2015484869480133,0.9386043548583984,0.0
9.0,-0.2058858424425125,0.9376624822616577,0.0
9.0,-0.21021881699562073,0.9367005825042725,0.0
9.0,-0.21499426662921906,0.9376680850982666,0.0
9.0,-0.2193271517753601,0.9366641044616699,0.0
9.0,-0.2236553579568863,0.9356400370597839,0.0
9.0,-0.22892671823501587,0.9384820461273193,0.0
9.0,-0.23326322436332703,0.9374136328697205,0.0
9.0,-0.23808665573596954,0.9382636547088623,0.0
9.0,-0.24242204427719116,0.9371528625488281,0.0
9.0,-0.24726209044456482,0.9379560351371765,0.0
9.0,-0.2521147131919861,0.9387343525886536,0.0
9.0,-0.25645214319229126,0.9375587105751038,0.0
9.0,-0.26132068037986755,0.9382896423339844,0.0
9.0,-0.2656559348106384,0.9370714426040649,0.0
9.0,-0.27053990960121155,0.9377548694610596,0.0
9.0,-0.27599915862083435,0.9403321146965027,0.0
9.0,-0.2803437113761902,0.9390460252761841,0.0
9.0,-0.2852632403373718,0.9396535754203796,0.0
9.0,-0.2896045744419098,0.9383246898651123,0.0
9.0,-0.2939396798610687,0.9369757175445557,0.0
9.0,-0.29826852679252625,0.9356066584587097,0.0
9.0,-0.30320730805397034,0.9361203908920288,0.0
9.0,-0.30815714597702026,0.9366083145141602,0.0
9.0,-0.31248414516448975,0.9351736307144165,0.0
9.0,-0.31808966398239136,0.9375067949295044,0.0
9.0,-0.32242071628570557,0.9360260963439941,0.0
9.0,-0.3274049460887909,0.9364133477210999,0.0
9.0,-0.33173084259033203,0.9348896145820618,0.0
9.0,-0.33672717213630676,0.9352276921272278,0.0
9.0,-0.3417336642742157,0.9355394840240479,0.0
9.0,-0.34605535864830017,0.9339494705200195,0.0
9.0,-0.35177677869796753,0.9360839128494263,0.0
9.0,-0.3561008870601654,0.9344475269317627,0.0
9.0,-0.3611381947994232,0.9346566796302795,0.0
9.0,-0.3669145405292511,0.9367015361785889,0.0
9.0,-0.37124133110046387,0.934995174407959,0.0
9.0,-0.37705346941947937,0.9369795322418213,0.0
9.0,-0.38138142228126526,0.9352262616157532,0.0
9.0,-0.3872288167476654,0.9371499419212341,0.0
9.0,-0.3931020498275757,0.9390392899513245,0.0
9.0,-0.3974393904209137,0.937211811542511,0.0
9.0,-0.40255752205848694,0.9372019171714783,0.0
9.0,-0.4068862497806549,0.9353306889533997,0.0
9.0,-0.41201257705688477,0.9352697730064392,0.0
9.0,-0.41633227467536926,0.933354914188385,0.0
9.0,-0.42146629095077515,0.9332428574562073,0.0
9.0,-0.4274396598339081,0.9349220991134644,0.0
9.0,-0.4317575991153717,0.932935893535614,0.0
9.0,-0.4369146525859833,0.9327408671379089,0.0
9.0,-0.4412223994731903,0.9307108521461487,0.0
9.0,-0.4481160044670105,0.9340707063674927,0.0
9.0,-0.45242977142333984,0.9319888949394226,0.0
9.0,-0.4584972858428955,0.9334774613380432,0.0
9.0,-0.4645882546901703,0.9349298477172852,0.0
9.0,-0.46890580654144287,0.9327718615531921,0.0
9.0,-0.4750264286994934,0.9341594576835632,0.0
9.0,-0.4793403148651123,0.9319532513618469,0.0
9.0,-0.48548996448516846,0.9332757592201233,0.0
9.0,-0.4897996485233307,0.9310211539268494,0.0
9.0,-0.4959775507450104,0.9322779774665833,0.0
9.0,-0.5021774768829346,0.9334975481033325,0.0
9.0,-0.506488025188446,0.9311658143997192,0.0
9.0,-1.1033830642700195,1.963173508644104,0.0
9.0,-1.112447738647461,1.9580512046813965,0.0
9.0,-1.1214886903762817,1.952886939048767,0.0
9.0,-1.1305055618286133,1.9476810693740845,0.0
9.0,-1.143546223640442,1.949333667755127,0.0
9.0,-1.1525465250015259,1.9440258741378784,0.0
9.0,-1.167689561843872,1.9489703178405762,0.0
9.0,-1.1808311939239502,1.9503942728042603,0.0
9.0,-1.1898359060287476,1.9449139833450317,0.0
9.0,-1.205124855041504,1.9495995044708252,0.0
9.0,-1.2141257524490356,1.9440069198608398,0.0
9.0,-1.2273696660995483,1.9451384544372559,0.0
9.0,-1.2363497018814087,1.9394429922103882,0.0
9.0,-1.251800537109375,1.9437952041625977,0.0
9.0,-1.265136480331421,1.944692611694336,0.0
9.0,-1.2741140127182007,1.938822627067566,0.0
9.0,-1.2919130325317383,1.9462416172027588,0.0
9.0,-1.3008973598480225,1.940247893333435,0.0
9.0,-1.3165827989578247,1.9441486597061157,0.0
9.0,-1.3300734758377075,1.9446439743041992,0.0
9.0,-1.3390501737594604,1.9384738206863403,0.0
9.0,-1.3548640012741089,1.9421039819717407,0.0
9.0,-1.3638285398483276,1.935819149017334,0.0
9.0,-1.379720687866211,1.9392708539962769,0.0
9.0,-1.388671875,1.9328712224960327,0.0
9.0,-1.4046399593353271,1.936143159866333,0.0
9.0,-1.420668125152588,1.939308762550354,0.0
9.0,-1.4296190738677979,1.9327197074890137,0.0
9.0,-1.4481137990951538,1.9389086961746216,0.0
9.0,-1.4570626020431519,1.9321928024291992,0.0
9.0,-1.4732495546340942,1.9349831342697144,0.0
9.0,-1.4894933700561523,1.9376649856567383,0.0
9.0,-1.4984359741210938,1.930757761001587,0.0
9.0,-1.5172146558761597,1.9364038705825806,0.0
9.0,-1.526151180267334,1.929368495941162,0.0
9.0,-1.5325590372085571,1.9191663265228271,0.0
9.0,-1.523842453956604,1.8902614116668701,0.0
9.0,-1.5325655937194824,1.8831958770751953,0.0
9.0,-1.526021122932434,1.8575456142425537,0.0
9.0,-1.5345929861068726,1.8504704236984253,0.0
9.0,-1.5277262926101685,1.8249528408050537,0.0
9.0,-1.5361474752426147,1.817870020866394,0.0
9.0,-1.5263646841049194,1.789445400238037,0.0
9.0,-1.5189622640609741,1.7641819715499878,0.0
9.0,-1.5271024703979492,1.7571403980255127,0.0
9.0,-1.522020936012268,1.7350263595581055,0.0
9.0,-1.5300264358520508,1.7279709577560425,0.0
9.0,-1.5220059156417847,1.7029837369918823,0.0
9.0,-1.5164668560028076,1.6810781955718994,0.0
9.0,-1.5242228507995605,1.6740490198135376,0.0
9.0,-1.5157066583633423,1.649312973022461,0.0
9.0,-1.5233159065246582,1.6422876119613647,0.0
9.0,-1.5199575424194336,1.623547077178955,0.0
9.0,-1.5109643936157227,1.5990581512451172,0.0
9.0,-1.518341302871704,1.592055320739746,0.0
9.0,-1.5118157863616943,1.570609211921692,0.0
9.0,-1.5190612077713013,1.5636026859283447,0.0
9.0,-1.5094709396362305,1.5394262075424194,0.0
9.0,-1.5053175687789917,1.5210586786270142,0.0
9.0,-1.512333869934082,1.5140827894210815,0.0
9.0,-1.505118489265442,1.4929895401000977,0.0
9.0,-1.512005090713501,1.4860148429870605,0.0
9.0,-1.504530429840088,1.4650554656982422,0.0
9.0,-1.5112879276275635,1.4580838680267334,0.0
9.0,-1.5064473152160645,1.4400253295898438,0.0
9.0,-1.5014722347259521,1.422042727470398,0.0
9.0,-1.5080307722091675,1.4150856733322144,0.0
9.0,-1.499909520149231,1.3944804668426514,0.0
9.0,-1.49604332447052,1.378045678138733,0.0
9.0,-1.5023986101150513,1.3711141347885132,0.0
9.0,-1.4983372688293457,1.3547639846801758,0.0
9.0,-1.504584789276123,1.3478220701217651,0.0
9.0,-1.498833417892456,1.3302308320999146,0.0
9.0,-1.4929519891738892,1.312721848487854,0.0
9.0,-1.4990051984786987,1.3058053255081177,0.0
9.0,-1.4944275617599487,1.289713978767395,0.0
9.0,-1.500374436378479,1.2827908992767334,0.0
9.0,-1.4956063032150269,1.2667919397354126,0.0
9.0,-1.5014472007751465,1.2598636150360107,0.0
9.0,-1.4964898824691772,1.2439590692520142,0.0
9.0,-1.4914177656173706,1.2281274795532227,0.0
9.0,-1.4970799684524536,1.2212189435958862,0.0
9.0,-1.49337637424469,1.2067421674728394,0.0
9.0,-1.4989396333694458,1.1998248100280762,0.0
9.0,-1.493500828742981,1.1841838359832764,0.0
9.0,-1.4895225763320923,1.1698541641235352,0.0
9.0,-1.494915246963501,1.1629550457000732,0.0
9.0,-1.4891862869262695,1.1474859714508057,0.0
9.0,-1.4944757223129272,1.140588641166687,0.0
9.0,-1.4885648488998413,1.1252247095108032,0.0
9.0,-1.484145164489746,1.1111387014389038,0.0
9.0,-1.4892665147781372,1.1042649745941162,0.0
9.0,-1.4830718040466309,1.0890812873840332,0.0
9.0,-1.488091230392456,1.0822129249572754,0.0
9.0,-1.4849642515182495,1.0694772005081177,0.0
9.0,-1.4801230430603027,1.0556323528289795,0.0
9.0,-1.4849878549575806,1.0487778186798096,0.0
9.0,-1.4799870252609253,1.035023808479309,0.0
9.0,-1.484756588935852,1.0281702280044556,0.0
9.0,-1.481246829032898,1.0156396627426147,0.0
9.0,-1.485926628112793,1.0087803602218628,0.0
9.0,-1.482275366783142,0.9963211417198181,0.0
9.0,-1.4768757820129395,0.98280930519104,0.0
9.0,-1.4814038276672363,0.9759706854820251,0.0
9.0,-1.4758490324020386,0.9625556468963623,0.0
9.0,-1.480283498764038,0.9557219743728638,0.0
9.0,-1.4762601852416992,0.9434826970100403,0.0
9.0,-1.4738457202911377,0.9323703646659851,0.0
9.0,-1.4781407117843628,0.9255462884902954,0.0
9.0,-1.4756040573120117,0.9144881367683411,0.0
9.0,-1.4798163175582886,0.9076561331748962,0.0
9.0,-1.4737389087677002,0.8945779204368591,0.0
9.0,-1.4692867994308472,0.8826053142547607,0.0
9.0,-1.4733517169952393,0.8758028149604797,0.0
9.0,-1.470489501953125,0.8649256825447083,0.0
9.0,-1.4744726419448853,0.8581178188323975,0.0
9.0,-1.4714914560317993,0.8472996354103088,0.0
9.0,-1.4684420824050903,0.8365274667739868,0.0
9.0,-1.4722938537597656,0.8297293782234192,0.0
9.0,-1.46912682056427,0.8190180659294128,0.0
9.0,-1.4728976488113403,0.8122169971466064,0.0
9.0,-1.4696139097213745,0.8015679121017456,0.0
9.0,-1.4645030498504639,0.7900170683860779,0.0
9.0,-1.468139886856079,0.7832376956939697,0.0
9.0,-1.4646697044372559,0.7727086544036865,0.0
9.0,-1.4682265520095825,0.7659286856651306,0.0
9.0,-1.4646421670913696,0.755465030670166,0.0
9.0,-1.4681192636489868,0.748685359954834,0.0
9.0,-1.4644215106964111,0.7382882833480835,0.0
9.0,-1.462449073791504,0.7288335561752319,0.0
9.0,-1.4658031463623047,0.7220643162727356,0.0
9.0,-1.4637314081192017,0.7126532196998596,0.0
9.0,-1.4579994678497314,0.701542317867279,0.0
9.0,-1.4612274169921875,0.6947939991950989,0.0
9.0,-1.4571833610534668,0.6846288442611694,0.0
9.0,-1.4603331089019775,0.6778844594955444,0.0
9.0,-1.4598156213760376,0.6694580912590027,0.0
9.0,-1.462895154953003,0.6627016663551331,0.0
9.0,-1.460466742515564,0.653480589389801,0.0
9.0,-1.457984447479248,0.6442961096763611,0.0
9.0,-1.4609476327896118,0.6375483870506287,0.0
9.0,-1.4565327167510986,0.6276212334632874,0.0
9.0,-1.4594188928604126,0.6208804845809937,0.0
9.0,-1.4567419290542603,0.6118031144142151,0.0
9.0,-1.4540122747421265,0.6027637720108032,0.0
9.0,-1.4567835330963135,0.5960349440574646,0.0
9.0,-1.4539600610733032,0.5870469212532043,0.0
9.0,-1.4566586017608643,0.5803184509277344,0.0
9.0,-1.4537420272827148,0.5713827610015869,0.0
9.0,-1.4526386260986328,0.5632094740867615,0.0
9.0,-1.455227017402649,0.5564873814582825,0.0
9.0,-1.4521703720092773,0.5476362705230713,0.0
9.0,-1.4546867609024048,0.5409165024757385,0.0
9.0,-1.4515385627746582,0.5321199893951416,0.0
9.0,-1.4539833068847656,0.5254032611846924,0.0
9.0,-1.4526287317276,0.5173333883285522,0.0
9.0,-1.4493435621261597,0.5086249709129333,0.0
9.0,-1.4516795873641968,0.5019186735153198,0.0
9.0,-1.4501981735229492,0.49391207098960876,0.0
9.0,-1.4467778205871582,0.4852938950061798,0.0
9.0,-1.4490059614181519,0.4785997271537781,0.0
9.0,-1.4473992586135864,0.4706583619117737,0.0
9.0,-1.4495598077774048,0.4639614522457123,0.0
9.0,-1.4459666013717651,0.4554520845413208,0.0
9.0,-1.448056936264038,0.4487619698047638,0.0
9.0,-1.4462900161743164,0.44089585542678833,0.0
9.0,-1.4444814920425415,0.43305572867393494,0.0
9.0,-1.4464682340621948,0.4263727366924286,0.0
9.0,-1.4445819854736328,0.41856738924980164,0.0
9.0,-1.4465017318725586,0.411884069442749,0.0
9.0,-1.4445385932922363,0.40411433577537537,0.0
9.0,-1.4425344467163086,0.3963715732097626,0.0
9.0,-1.4443516731262207,0.38969796895980835,0.0
9.0,-1.4422712326049805,0.3819918930530548,0.0
9.0,-1.4440218210220337,0.3753196597099304,0.0
9.0,-1.4399276971817017,0.3671569228172302,0.0
9.0,-1.4396694898605347,0.3600104749202728,0.0
9.0,-1.4413186311721802,0.35335052013397217,0.0
9.0,-1.4390475749969482,0.34574854373931885,0.0
9.0,-1.4406307935714722,0.33909159898757935,0.0
9.0,-1.4402341842651367,0.3319781720638275,0.0
9.0,-1.4417537450790405,0.3253158926963806,0.0
9.0,-1.4393362998962402,0.31778424978256226,0.0
9.0,-1.436880350112915,0.31028199195861816,0.0
9.0,-1.438299536705017,0.3036354184150696,0.0
9.0,-1.4377292394638062,0.2965783476829529,0.0
9.0,-1.4390851259231567,0.28992801904678345,0.0
9.0,-1.4364852905273438,0.28249961137771606,0.0
9.0,-1.4358118772506714,0.275478333234787,0.0
9.0,-1.4370701313018799,0.2688370943069458,0.0
9.0,-1.4363301992416382,0.26183146238327026,0.0
9.0,-1.4375253915786743,0.2551879584789276,0.0
9.0,-1.4347481727600098,0.24785807728767395,0.0
9.0,-1.4339064359664917,0.2408907115459442,0.0
9.0,-1.4350048303604126,0.23425865173339844,0.0
9.0,-1.4321218729019165,0.22699540853500366,0.0
9.0,-1.433156132698059,0.22037173807621002,0.0
9.0,-1.4321813583374023,0.21344853937625885,0.0
9.0,-1.4331529140472412,0.20682474970817566,0.0
9.0,-1.4340938329696655,0.2001965492963791,0.0
9.0,-1.433022141456604,0.19329670071601868,0.0
9.0,-1.4339004755020142,0.1866692453622818,0.0
9.0,-1.4307793378829956,0.1795397698879242,0.0
9.0,-1.4296085834503174,0.172682985663414,0.0
9.0,-1.4303916692733765,0.16607153415679932,0.0
9.0,-1.4291564226150513,0.15923504531383514,0.0
9.0,-1.4298774003982544,0.15262581408023834,0.0
9.0,-1.4285781383514404,0.14581026136875153,0.0
9.0,-1.4292370080947876,0.13920384645462036,0.0
9.0,-1.4278738498687744,0.13240979611873627,0.0
9.0,-1.4284707307815552,0.1258067935705185,0.0
9.0,-1.429037094116211,0.11920109391212463,0.0
9.0,-1.4255852699279785,0.1122787743806839,0.0
9.0,-1.4260891675949097,0.10568656772375107,0.0
9.0,-1.4265625476837158,0.09909209609031677,0.0
9.0,-1.427005410194397,0.09249550849199295,0.0
9.0,-1.4274177551269531,0.08589693903923035,0.0
9.0,-1.4277997016906738,0.0792965367436409,0.0
9.0,-1.42815101146698,0.07269444316625595,0.0
9.0,-1.424476146697998,0.06590592116117477,0.0
9.0,-1.424765706062317,0.05931933596730232,0.0
9.0,-1.4250247478485107,0.0527314767241478,0.0
9.0,-1.423254370689392,0.04607778042554855,0.0
9.0,-1.4234521389007568,0.039497051388025284,0.0
9.0,-1.4236195087432861,0.03291548043489456,0.0
9.0,-1.42375648021698,0.02633320540189743,0.0
9.0,-1.421863317489624,0.019722629338502884,0.0
9.0,-1.4219392538070679,0.013148615136742592,0.0
9.0,-1.4219849109649658,0.006574319209903479,0.0
10.0,-1.4199999570846558,1.2414034245011862e-07,0.0
10.0,-1.4199848175048828,-0.006565064657479525,0.0
10.0,-1.4199392795562744,-0.013130112551152706,0.0
10.0,-1.421863317489624,-0.019722620025277138,0.0
10.0,-1.4217568635940552,-0.026296213269233704,0.0
10.0,-1.4196205139160156,-0.03282301127910614,0.0
10.0,-1.4194536209106445,-0.039386097341775894,0.0
10.0,-1.427252173423767,-0.04620720073580742,0.0
10.0,-1.4270232915878296,-0.052805427461862564,0.0
10.0,-1.424765706062317,-0.059319328516721725,0.0
10.0,-1.4184825420379639,-0.06562861055135727,0.0
10.0,-1.4181640148162842,-0.07218608260154724,0.0
10.0,-1.4198120832443237,-0.07885292172431946,0.0
10.0,-1.4194324016571045,-0.08541639894247055,0.0
10.0,-1.4190223217010498,-0.0919780507683754,0.0
10.0,-1.4185818433761597,-0.09853773564100266,0.0
10.0,-1.4181110858917236,-0.10509531199932098,0.0
10.0,-1.4176100492477417,-0.11165064573287964,0.0
10.0,-1.4170787334442139,-0.11820358783006668,0.0
10.0,-1.4165170192718506,-0.12475401163101196,0.0
10.0,-1.415925145149231,-0.13130176067352295,0.0
10.0,-1.4153029918670654,-0.1378467082977295,0.0
10.0,-1.4166401624679565,-0.1445917785167694,0.0
10.0,-1.4159564971923828,-0.15113988518714905,0.0
10.0,-1.4152425527572632,-0.15768477320671082,0.0
10.0,-1.4144984483718872,-0.16422627866268158,0.0
10.0,-1.417695164680481,-0.17124395072460175,0.0
10.0,-1.4168882369995117,-0.1777966469526291,0.0
10.0,-1.4160510301589966,-0.184345543384552,0.0
10.0,-1.415183663368225,-0.19089050590991974,0.0
10.0,-1.416266679763794,-0.1977079063653946,0.0
10.0,-1.4153375625610352,-0.20425371825695038,0.0
10.0,-1.4163563251495361,-0.21108999848365784,0.0
10.0,-1.415365219116211,-0.2176360934972763,0.0
10.0,-1.4143438339233398,-0.2241775244474411,0.0
10.0,-1.4152661561965942,-0.23103637993335724,0.0
10.0,-1.4141827821731567,-0.23757721483707428,0.0
10.0,-1.415040135383606,-0.24445343017578125,0.0
10.0,-1.413894772529602,-0.2509930729866028,0.0
10.0,-1.4146867990493774,-0.25788602232933044,0.0
10.0,-1.415445327758789,-0.26479166746139526,0.0
10.0,-1.4142060279846191,-0.2713329792022705,0.0
10.0,-1.4129364490509033,-0.27786847949028015,0.0
10.0,-1.4116365909576416,-0.28439804911613464,0.0
10.0,-1.410306692123413,-0.29092150926589966,0.0
10.0,-1.4089465141296387,-0.2974388003349304,0.0
10.0,-1.4095112085342407,-0.30437183380126953,0.0
10.0,-1.4119948148727417,-0.31174764037132263,0.0
10.0,-1.4105384349822998,-0.31827250123023987,0.0
10.0,-1.4110007286071777,-0.32523974776268005,0.0
10.0,-1.4094818830490112,-0.33175987005233765,0.0
10.0,-1.4098777770996094,-0.33874011039733887,0.0
10.0,-1.4082965850830078,-0.34525489807128906,0.0
10.0,-1.4086254835128784,-0.3522474765777588,0.0
10.0,-1.4089198112487793,-0.3592504560947418,0.0
10.0,-1.4072438478469849,-0.36576056480407715,0.0
10.0,-1.4074710607528687,-0.3727749288082123,0.0
10.0,-1.40573251247406,-0.37927818298339844,0.0
10.0,-1.4078210592269897,-0.38683319091796875,0.0
10.0,-1.406017541885376,-0.3933379352092743,0.0
10.0,-1.4041839838027954,-0.3998342752456665,0.0
10.0,-1.4061622619628906,-0.40743526816368103,0.0
10.0,-1.4042636156082153,-0.4139321446418762,0.0
10.0,-1.4061663150787354,-0.4215688407421112,0.0
10.0,-1.4080283641815186,-0.4292319416999817,0.0
10.0,-1.4060288667678833,-0.4357371926307678,0.0
10.0,-1.407814383506775,-0.44343483448028564,0.0
10.0,-1.4057492017745972,-0.44993895292282104,0.0
10.0,-1.4055559635162354,-0.45705196261405945,0.0
10.0,-1.4034278392791748,-0.46354547142982483,0.0
10.0,-1.4031658172607422,-0.4706651270389557,0.0
10.0,-1.4047611951828003,-0.47843700647354126,0.0
10.0,-1.4025341272354126,-0.48492664098739624,0.0
10.0,-1.4040515422821045,-0.4927304685115814,0.0
10.0,-1.4017584323883057,-0.49921664595603943,0.0
10.0,-1.4013164043426514,-0.5063718557357788,0.0
10.0,-1.402715802192688,-0.5142219662666321,0.0
10.0,-1.4003233909606934,-0.5207017660140991,0.0
10.0,-1.4016437530517578,-0.5285818576812744,0.0
10.0,-1.3991849422454834,-0.5350565314292908,0.0
10.0,-1.4022904634475708,-0.5436887145042419,0.0
10.0,-1.3997617959976196,-0.5501662492752075,0.0
10.0,-1.4009191989898682,-0.558112382888794,0.0
10.0,-1.4020328521728516,-0.5660809278488159,0.0
10.0,-1.3994007110595703,-0.5725570321083069,0.0
10.0,-1.4022812843322754,-0.5813185572624207,0.0
10.0,-1.39957857131958,-0.587795615196228,0.0
10.0,-1.400526762008667,-0.5958260297775269,0.0
10.0,-1.401430606842041,-0.6038777232170105,0.0
10.0,-1.3986237049102783,-0.6103506088256836,0.0
10.0,-1.4012748003005981,-0.619235634803772,0.0
10.0,-1.3983968496322632,-0.6257076263427734,0.0
10.0,-1.3991327285766602,-0.6338168382644653,0.0
10.0,-1.4016412496566772,-0.6427798867225647,0.0
10.0,-1.3986544609069824,-0.6492533087730408,0.0
10.0,-1.399258017539978,-0.6574137806892395,0.0
10.0,-1.396203637123108,-0.6638760566711426,0.0
10.0,-1.3985260725021362,-0.6729256510734558,0.0
10.0,-1.3953999280929565,-0.6793843507766724,0.0
10.0,-1.397626280784607,-0.6884799599647522,0.0
10.0,-1.3944282531738281,-0.6949343085289001,0.0
10.0,-1.3947722911834717,-0.7031745910644531,0.0
10.0,-1.3968513011932373,-0.7123413681983948,0.0
10.0,-1.393543004989624,-0.7187919616699219,0.0
10.0,-1.395524501800537,-0.7280022501945496,0.0
10.0,-1.3921438455581665,-0.7344465255737305,0.0
10.0,-1.3957916498184204,-0.7446406483650208,0.0
10.0,-1.3976147174835205,-0.7539345622062683,0.0
10.0,-1.3941140174865723,-0.760388195514679,0.0
10.0,-1.395837664604187,-0.7697228789329529,0.0
10.0,-1.3922640085220337,-0.7761681079864502,0.0
10.0,-1.3938877582550049,-0.7855426073074341,0.0
10.0,-1.3954542875289917,-0.7949485182762146,0.0
10.0,-1.3917640447616577,-0.8013917207717896,0.0
10.0,-1.3949583768844604,-0.8118418455123901,0.0
10.0,-1.3911899328231812,-0.8182825446128845,0.0
10.0,-1.3942686319351196,-0.8287935853004456,0.0
10.0,-1.395565390586853,-0.8383206129074097,0.0
10.0,-1.391674518585205,-0.8447638750076294,0.0
10.0,-1.3928685188293457,-0.854326069355011,0.0
10.0,-1.3889037370681763,-0.8607566952705383,0.0
10.0,-1.3916897773742676,-0.8714145421981812,0.0
10.0,-1.3876460790634155,-0.8778395056724548,0.0
10.0,-1.3903136253356934,-0.8885539174079895,0.0
10.0,-1.38619065284729,-0.8949723243713379,0.0
10.0,-1.3887388706207275,-0.9057419300079346,0.0
10.0,-1.392886996269226,-0.9176544547080994,0.0
10.0,-1.38862943649292,-0.924084484577179,0.0
10.0,-1.3909817934036255,-0.9349575638771057,0.0
10.0,-1.3866442441940308,-0.9413785934448242,0.0
10.0,-1.38722562789917,-0.9511725306510925,0.0
10.0,-1.3910343647003174,-0.9632691144943237,0.0
10.0,-1.3865660429000854,-0.9696900844573975,0.0
10.0,-1.3886024951934814,-0.9807054400444031,0.0
10.0,-1.3840535879135132,-0.9871149659156799,0.0
10.0,-1.3859665393829346,-0.9981786608695984,0.0
10.0,-1.38780677318573,-1.0092811584472656,0.0
10.0,-1.38312566280365,-1.0156866312026978,0.0
10.0,-1.380021572113037,-1.0232617855072021,0.0
10.0,-1.3752758502960205,-1.02963125705719,0.0
10.0,-1.367309808731079,-1.0335664749145508,0.0
10.0,-1.3625166416168213,-1.0398770570755005,0.0
10.0,-1.3466047048568726,-1.0376203060150146,0.0
10.0,-1.3275858163833618,-1.0327826738357544,0.0
10.0,-1.3227967023849487,-1.0389095544815063,0.0
10.0,-1.308576226234436,-1.037558674812317,0.0
10.0,-1.3037652969360352,-1.04359769821167,0.0
10.0,-1.2864816188812256,-1.0395581722259521,0.0
10.0,-1.2646141052246094,-1.0315886735916138,0.0
10.0,-1.259831190109253,-1.0374244451522827,0.0
10.0,-1.2427172660827637,-1.0330102443695068,0.0
10.0,-1.2379279136657715,-1.0387446880340576,0.0
10.0,-1.2209031581878662,-1.0341157913208008,0.0
10.0,-1.205467939376831,-1.0306516885757446,0.0
10.0,-1.2006900310516357,-1.036213994026184,0.0
10.0,-1.1853300333023071,-1.0325583219528198,0.0
10.0,-1.1805435419082642,-1.0380275249481201,0.0
10.0,-1.1652607917785645,-1.0341814756393433,0.0
10.0,-1.1500390768051147,-1.0302165746688843,0.0
10.0,-1.1452637910842896,-1.0355225801467896,0.0
10.0,-1.1316001415252686,-1.032717227935791,0.0
10.0,-1.1268134117126465,-1.0379379987716675,0.0
10.0,-1.111749291419983,-1.0336041450500488,0.0
10.0,-1.0982080698013306,-1.0305217504501343,0.0
10.0,-1.093431830406189,-1.0355881452560425,0.0
10.0,-1.078512191772461,-1.0309585332870483,0.0
10.0,-1.073734164237976,-1.0359338521957397,0.0
10.0,-1.0603358745574951,-1.0325154066085815,0.0
10.0,-1.0484187602996826,-1.0303971767425537,0.0
10.0,-1.043643593788147,-1.0352333784103394,0.0
10.0,-1.0303657054901123,-1.0315572023391724,0.0
10.0,-1.025585412979126,-1.0363099575042725,0.0
10.0,-1.010981559753418,-1.031044363975525,0.0
10.0,-0.9992356300354004,-1.028535008430481,0.0
10.0,-0.9944696426391602,-1.0331437587738037,0.0
10.0,-0.9827808737754822,-1.030493974685669,0.0
10.0,-0.9780060052871704,-1.0350266695022583,0.0
10.0,-0.9663759469985962,-1.03223717212677,0.0
10.0,-0.9547926783561707,-1.029362440109253,0.0
10.0,-0.950023353099823,-1.0337657928466797,0.0
10.0,-0.9371547102928162,-1.0292739868164062,0.0
10.0,-0.9323859810829163,-1.0335958003997803,0.0
10.0,-0.9209335446357727,-1.0304393768310547,0.0
10.0,-0.9095304012298584,-1.0271992683410645,0.0
10.0,-0.9047715663909912,-1.0313934087753296,0.0
10.0,-0.8934336304664612,-1.0280176401138306,0.0
10.0,-0.8886711597442627,-1.032137393951416,0.0
10.0,-0.8786979913711548,-1.0301483869552612,0.0
10.0,-0.8687623143196106,-1.0280894041061401,0.0
10.0,-0.8639997839927673,-1.0320950746536255,0.0
10.0,-0.8528352975845337,-1.0283812284469604,0.0
10.0,-0.8480715751647949,-1.0323131084442139,0.0
10.0,-0.8382401466369629,-1.0300180912017822,0.0
10.0,-0.8271929025650024,-1.0260974168777466,0.0
10.0,-0.8224400281906128,-1.0299108028411865,0.0
10.0,-0.8114656805992126,-1.0258593559265137,0.0
10.0,-0.8067141175270081,-1.0296000242233276,0.0
10.0,-0.7982666492462158,-1.0285788774490356,0.0
10.0,-0.7935026288032532,-1.0322585105895996,0.0
10.0,-0.7838754057884216,-1.0295510292053223,0.0
10.0,-0.7754944562911987,-1.0283735990524292,0.0
10.0,-0.7707316279411316,-1.0319480895996094,0.0
10.0,-0.7611948251724243,-1.0290687084197998,0.0
10.0,-0.7517012357711792,-1.0261234045028687,0.0
10.0,-0.7469490170478821,-1.029587745666504,0.0
10.0,-0.7375131249427795,-1.0265332460403442,0.0
10.0,-0.7327591776847839,-1.0299320220947266,0.0
10.0,-0.7245339155197144,-1.028403878211975,0.0
10.0,-0.7197715044021606,-1.0317426919937134,0.0
10.0,-0.7115834951400757,-1.0301227569580078,0.0
10.0,-0.7011678218841553,-1.0251476764678955,0.0
10.0,-0.6964206695556641,-1.0283784866333008,0.0
10.0,-0.6883172988891602,-1.0266036987304688,0.0
10.0,-0.6835635304450989,-1.0297751426696777,0.0
10.0,-0.6765984892845154,-1.0295816659927368,0.0
10.0,-0.6674685478210449,-1.0259929895401,0.0
10.0,-0.662717878818512,-1.0290679931640625,0.0
10.0,-0.6547278165817261,-1.0270615816116333,0.0
10.0,-0.6499723196029663,-1.0300776958465576,0.0
10.0,-0.642024576663971,-1.0279827117919922,0.0
10.0,-0.6341102123260498,-1.0258363485336304,0.0
10.0,-0.6293606162071228,-1.028757095336914,0.0
10.0,-0.6214901208877563,-1.0265233516693115,0.0
10.0,-0.6167374849319458,-1.0293856859207153,0.0
10.0,-0.6089117527008057,-1.0270649194717407,0.0
10.0,-0.6011207699775696,-1.0246939659118652,0.0
10.0,-0.5963768362998962,-1.0274622440338135,0.0
10.0,-0.5886321663856506,-1.0250054597854614,0.0
10.0,-0.5838868618011475,-1.027716040611267,0.0
10.0,-0.5771692395210266,-1.0269174575805664,0.0
10.0,-0.5704716444015503,-1.0260790586471558,0.0
10.0,-0.5657215714454651,-1.0287055969238281,0.0
10.0,-0.5580925345420837,-1.0260393619537354,0.0
10.0,-0.5533427596092224,-1.0286086797714233,0.0
10.0,-0.5467025637626648,-1.0276246070861816,0.0
10.0,-0.5391520857810974,-1.0248311758041382,0.0
10.0,-0.5344080924987793,-1.027312994003296,0.0
10.0,-0.5278232097625732,-1.0262157917022705,0.0
10.0,-0.5230730175971985,-1.0286450386047363,0.0
10.0,-0.5165150165557861,-1.027478575706482,0.0
10.0,-0.5117591023445129,-1.0298556089401245,0.0
10.0,-0.5043470859527588,-1.0268253087997437,0.0
10.0,-0.49697399139404297,-1.0237483978271484,0.0
10.0,-0.4922355115413666,-1.026035189628601,0.0
10.0,-0.4857729971408844,-1.0246855020523071,0.0
10.0,-0.48103031516075134,-1.0269205570220947,0.0
10.0,-0.47375738620758057,-1.0236884355545044,0.0
10.0,-0.46735620498657227,-1.0222299098968506,0.0
10.0,-0.46262505650520325,-1.0243797302246094,0.0
10.0,-0.4570693075656891,-1.0246812105178833,0.0
10.0,-0.4523269236087799,-1.0267834663391113,0.0
10.0,-0.4459792673587799,-1.025195837020874,0.0
10.0,-0.43965595960617065,-1.023571491241455,0.0
10.0,-0.43491891026496887,-1.0255931615829468,0.0
10.0,-0.42862799763679504,-1.0239033699035645,0.0
10.0,-0.42388951778411865,-1.025874137878418,0.0
10.0,-0.4176315367221832,-1.0241190195083618,0.0
10.0,-0.41139891743659973,-1.0223281383514404,0.0
10.0,-0.40666791796684265,-1.024219274520874,0.0
10.0,-0.4011988043785095,-1.0242263078689575,0.0
10.0,-0.3964591324329376,-1.026070237159729,0.0
10.0,-0.3909987807273865,-1.0260233879089355,0.0
10.0,-0.38554733991622925,-1.02594792842865,0.0
10.0,-0.38079988956451416,-1.027719497680664,0.0
10.0,-0.37604427337646484,-1.0294691324234009,0.0
10.0,-0.37128064036369324,-1.0311967134475708,0.0
10.0,-0.36584025621414185,-1.0310174226760864,0.0
10.0,-0.36106956005096436,-1.0326977968215942,0.0
10.0,-0.35563981533050537,-1.0324652194976807,0.0
10.0,-0.3495773673057556,-1.0303105115890503,0.0
10.0,-0.3448100984096527,-1.0319157838821411,0.0
10.0,-0.3387853503227234,-1.0296992063522339,0.0
10.0,-0.33402103185653687,-1.031254529953003,0.0
10.0,-0.3286421298980713,-1.0308823585510254,0.0
10.0,-0.3226751387119293,-1.0285741090774536,0.0
10.0,-0.31791621446609497,-1.0300549268722534,0.0
10.0,-0.3125694990158081,-1.0296000242233276,0.0
10.0,-0.3078059256076813,-1.0310341119766235,0.0
10.0,-0.3024725317955017,-1.0305272340774536,0.0
10.0,-0.29659605026245117,-1.028071403503418,0.0
10.0,-0.29183971881866455,-1.029431700706482,0.0
10.0,-0.28654053807258606,-1.0288432836532593,0.0
10.0,-0.28178074955940247,-1.0301570892333984,0.0
10.0,-0.2759774327278137,-1.027585744857788,0.0
10.0,-0.270713746547699,-1.0269168615341187,0.0
10.0,-0.26596304774284363,-1.0281574726104736,0.0
10.0,-0.26071470975875854,-1.027437448501587,0.0
10.0,-0.25596168637275696,-1.0286318063735962,0.0
10.0,-0.2507292628288269,-1.02786123752594,0.0
10.0,-0.24597439169883728,-1.029009461402893,0.0
10.0,-0.2407582849264145,-1.0281884670257568,0.0
10.0,-0.23555505275726318,-1.0273411273956299,0.0
10.0,-0.2308027595281601,-1.0284192562103271,0.0
10.0,-0.22604551911354065,-1.0294753313064575,0.0
10.0,-0.2212834507226944,-1.0305094718933105,0.0
10.0,-0.21610581874847412,-1.0295641422271729,0.0
10.0,-0.21053984761238098,-1.0266337394714355,0.0
10.0,-0.20579108595848083,-1.0275962352752686,0.0
10.0,-0.2006542831659317,-1.026573896408081,0.0
10.0,-0.1959058940410614,-1.0274906158447266,0.0
10.0,-0.19078783690929413,-1.0264190435409546,0.0
10.0,-0.18568389117717743,-1.0253221988677979,0.0
10.0,-0.18094146251678467,-1.026169776916504,0.0
10.0,-0.1761951595544815,-1.026995301246643,0.0
10.0,-0.1714451014995575,-1.0277990102767944,0.0
10.0,-0.1660514622926712,-1.0246320962905884,0.0
10.0,-0.16131243109703064,-1.0253888368606567,0.0
10.0,-0.15626828372478485,-1.024146556854248,0.0
10.0,-0.1512390822172165,-1.022879719734192,0.0
10.0,-0.14650830626487732,-1.0235679149627686,0.0
10.0,-0.14177440106868744,-1.024234414100647,0.0
10.0,-0.1370374709367752,-1.024878978729248,0.0
10.0,-0.13204170763492584,-1.0235178470611572,0.0
10.0,-0.12706147134304047,-1.0221327543258667,0.0
10.0,-0.12233441323041916,-1.0227092504501343,0.0
10.0,-0.11760473996400833,-1.023263931274414,0.0
10.0,-0.11287254840135574,-1.0237966775894165,0.0
10.0,-0.10813795030117035,-1.0243076086044312,0.0
10.0,-0.10340104252099991,-1.0247966051101685,0.0
10.0,-0.09847034513950348,-1.02327299118042,0.0
10.0,-0.09373831748962402,-1.0237172842025757,0.0
10.0,-0.08900429308414459,-1.0241397619247437,0.0
10.0,-0.08410441875457764,-1.0225470066070557,0.0
10.0,-0.07937590032815933,-1.0229250192642212,0.0
10.0,-0.07464569061994553,-1.0232809782028198,0.0
10.0,-0.06991388648748398,-1.0236152410507202,0.0
10.0,-0.06518058478832245,-1.0239274501800537,0.0
10.0,-0.060445886105298996,-1.024217963218689,0.0
10.0,-0.055709902197122574,-1.0244864225387573,0.0
10.0,-0.05087336152791977,-1.022735595703125,0.0
10.0,-0.046144332736730576,-1.02295982837677,0.0
10.0,-0.04141431301832199,-1.0231622457504272,0.0
10.0,-0.03661176189780235,-1.0213439464569092,0.0
10.0,-0.03188931569457054,-1.0215022563934326,0.0
10.0,-0.02716618962585926,-1.0216388702392578,0.0
10.0,-0.02244248241186142,-1.0217535495758057,0.0
10.0,-0.017718294635415077,-1.0218462944030762,0.0
10.0,-0.012993729673326015,-1.0219173431396484,0.0
10.0,-0.008268886245787144,-1.0219664573669434,0.0
10.0,-0.0035508018918335438,-1.0239938497543335,0.0
10.0,0.0011835411423817277,-1.0239993333816528,0.0
10.0,0.005917858798056841,-1.0239830017089844,0.0
10.0,0.010631244629621506,-1.0219446420669556,0.0
10.0,0.01535596139729023,-1.021884560585022,0.0
10.0,0.02008035033941269,-1.0218026638031006,0.0
10.0,0.024804310873150826,-1.0216989517211914,0.0
10.0,0.029527738690376282,-1.0215733051300049,0.0
10.0,0.03425053879618645,-1.0214258432388306,0.0
10.0,0.038972605019807816,-1.0212565660476685,0.0
10.0,0.04369383677840233,-1.0210654735565186,0.0
10.0,0.048414137214422226,-1.0208525657653809,0.0
10.0,0.05313339829444885,-1.0206178426742554,0.0
10.0,0.05785152688622475,-1.020361304283142,0.0
10.0,0.06256841868162155,-1.0200828313827515,0.0
10.0,0.06741565465927124,-1.0217784643173218,0.0
10.0,0.07213899493217468,-1.0214558839797974,0.0
10.0,0.07686079293489456,-1.0211113691329956,0.0
10.0,0.08158095180988312,-1.0207451581954956,0.0
10.0,0.0862993597984314,-1.0203570127487183,0.0
10.0,0.09101593494415283,-1.0199471712112427,0.0
10.0,0.09573055803775787,-1.0195153951644897,0.0
10.0,0.10044313222169876,-1.0190619230270386,0.0
10.0,0.10515356063842773,-1.0185866355895996,0.0
10.0,0.10986173897981644,-1.0180896520614624,0.0
10.0,0.11479133367538452,-1.0195581912994385,0.0
10.0,0.11950390785932541,-1.0190166234970093,0.0
10.0,0.12421392649412155,-1.0184532403945923,0.0
10.0,0.1289212852716446,-1.0178680419921875,0.0
10.0,0.13362589478492737,-1.0172611474990845,0.0
10.0,0.13832764327526093,-1.0166324377059937,0.0
10.0,0.1430264264345169,-1.0159820318222046,0.0
10.0,0.14801011979579926,-1.0172890424728394,0.0
10.0,0.15271183848381042,-1.0165938138961792,0.0
10.0,0.1577165424823761,-1.0178533792495728,0.0
10.0,0.16242077946662903,-1.0171133279800415,0.0
10.0,0.1671215295791626,-1.0163514614105225,0.0
10.0,0.17181871831417084,-1.0155678987503052,0.0
10.0,0.1765122264623642,-1.0147627592086792,0.0
10.0,0.18155381083488464,-1.0159045457839966,0.0
10.0,0.186248779296875,-1.0150543451309204,0.0
10.0,0.19130980968475342,-1.0161479711532593,0.0
10.0,0.19600580632686615,-1.0152525901794434,0.0
10.0,0.20069760084152222,-1.0143355131149292,0.0
10.0,0.20578236877918243,-1.0153568983078003,0.0
10.0,0.21047453582286835,-1.0143946409225464,0.0
10.0,0.21557757258415222,-1.015367031097412,0.0
10.0,0.22026969492435455,-1.014359474182129,0.0
10.0,0.22495709359645844,-1.013330340385437,0.0
10.0,0.23008215427398682,-1.0142297744750977,0.0
10.0,0.23476886749267578,-1.013155221939087,0.0
10.0,0.24083200097084045,-1.0178978443145752,0.0
10.0,0.24553555250167847,-1.0167734622955322,0.0
10.0,0.2507123053073883,-1.0175693035125732,0.0
10.0,0.25590163469314575,-1.018338918685913,0.0
10.0,0.2606070637702942,-1.0171449184417725,0.0
10.0,0.26581230759620667,-1.0178643465042114,0.0
10.0,0.27051541209220886,-1.0166245698928833,0.0
10.0,0.2757359743118286,-1.0172933340072632,0.0
10.0,0.28043636679649353,-1.016007661819458,0.0
10.0,0.28567177057266235,-1.0166256427764893,0.0
10.0,0.2903689742088318,-1.0152939558029175,0.0
10.0,0.2950599491596222,-1.013940691947937,0.0
10.0,0.3003123104572296,-1.0144833326339722,0.0
10.0,0.304999440908432,-1.013084053993225,0.0
10.0,0.3108508586883545,-1.0154880285263062,0.0
10.0,0.3155425190925598,-1.0140399932861328,0.0
10.0,0.3202274441719055,-1.0125702619552612,0.0
10.0,0.32551735639572144,-1.012982964515686,0.0
10.0,0.330197274684906,-1.0114670991897583,0.0
10.0,0.3361290395259857,-1.0137263536453247,0.0
10.0,0.3420887589454651,-1.015952467918396,0.0
10.0,0.34678223729133606,-1.014359951019287,0.0
10.0,0.35212400555610657,-1.0146352052688599,0.0
10.0,0.3568112850189209,-1.0129964351654053,0.0
10.0,0.36216408014297485,-1.0132192373275757,0.0
10.0,0.36684468388557434,-1.0115339756011963,0.0
10.0,0.3728986084461212,-1.0135811567306519,0.0
10.0,0.37827998399734497,-1.0137200355529785,0.0
10.0,0.38296276330947876,-1.0119602680206299,0.0
10.0,0.3883538544178009,-1.0120460987091064,0.0
10.0,0.39302876591682434,-1.0102397203445435,0.0
10.0,0.3984290063381195,-1.0102723836898804,0.0
10.0,0.40309563279151917,-1.0084195137023926,0.0
10.0,0.41000640392303467,-1.0121060609817505,0.0
10.0,0.41695985198020935,-1.0157502889633179,0.0
10.0,0.42165160179138184,-1.0138115882873535,0.0
10.0,0.427110880613327,-1.013694405555725,0.0
10.0,0.4317930042743683,-1.0117088556289673,0.0
10.0,0.4372594654560089,-1.0115375518798828,0.0
10.0,0.44353556632995605,-1.013169288635254,0.0
10.0,0.4482150971889496,-1.0111078023910522,0.0
10.0,0.4553419351577759,-1.0144987106323242,0.0
10.0,0.4600274860858917,-1.0123826265335083,0.0
10.0,0.46553897857666016,-1.0120619535446167,0.0
10.0,0.4702131152153015,-1.0098987817764282,0.0
10.0,0.4757298529148102,-1.0095232725143433,0.0
10.0,0.4821139872074127,-1.0109233856201172,0.0
10.0,0.4867826998233795,-1.0086835622787476,0.0
10.0,0.494073748588562,-1.0118138790130615,0.0
10.0,0.49874645471572876,-1.0095187425613403,0.0
10.0,0.5060909390449524,-1.0125689506530762,0.0
10.0,0.5107670426368713,-1.0102182626724243,0.0
10.0,0.5172535181045532,-1.0114073753356934,0.0
10.0,0.5237618684768677,-1.012557864189148,0.0
10.0,0.5284376740455627,-1.0101255178451538,0.0
10.0,0.5349727869033813,-1.0112073421478271,0.0
10.0,0.5396422743797302,-1.0087231397628784,0.0
10.0,0.545251727104187,-1.0079765319824219,0.0
10.0,0.5527852177619934,-1.0107088088989258,0.0
10.0,0.5574522018432617,-1.008142352104187,0.0
10.0,0.5650349259376526,-1.010791540145874,0.0
10.0,0.5697021484375,-1.008168339729309,0.0
10.0,0.5773331522941589,-1.0107336044311523,0.0
10.0,0.5849999189376831,-1.0132497549057007,0.0
10.0,0.5896783471107483,-1.0105341672897339,0.0
10.0,0.5953601002693176,-1.0095199346542358,0.0
10.0,0.6000211238861084,-1.0067565441131592,0.0
10.0,0.6077648997306824,-1.0091114044189453,0.0
10.0,0.6124238967895508,-1.0062906742095947,0.0
10.0,0.6191651225090027,-1.006855845451355,0.0
10.0,0.6269801259040833,-1.0090787410736084,0.0
10.0,0.631638765335083,-1.0061691999435425,0.0
10.0,0.6405686736106873,-1.0099939107894897,0.0
10.0,0.6452313661575317,-1.0070215463638306,0.0
10.0,0.6542273759841919,-1.0107436180114746,0.0
10.0,0.6588934063911438,-1.0077080726623535,0.0
10.0,0.6657498478889465,-1.0079885721206665,0.0
10.0,0.6726229190826416,-1.0082273483276367,0.0
10.0,0.677277147769928,-1.005106806755066,0.0
10.0,0.6841674447059631,-1.005271553993225,0.0
10.0,0.6888078451156616,-1.0020976066589355,0.0
10.0,0.6979956030845642,-1.0054740905761719,0.0
10.0,0.7072292566299438,-1.0087867975234985,0.0
10.0,0.7118856906890869,-1.005506157875061,0.0
10.0,0.7200165390968323,-1.0070850849151611,0.0
10.0,0.7246649265289307,-1.003745436668396,0.0
10.0,0.7328324317932129,-1.005232572555542,0.0
10.0,0.7374721169471741,-1.0018336772918701,0.0
10.0,0.7468684315681458,-1.0048340559005737,0.0
10.0,0.7563081383705139,-1.0077687501907349,0.0
10.0,0.7609593868255615,-1.0042613744735718,0.0
10.0,0.7704552412033081,-1.0070862770080566,0.0
10.0,0.7751031517982483,-1.0035134553909302,0.0
10.0,0.784653902053833,-1.006227731704712,0.0
10.0,0.7892976999282837,-1.002589225769043,0.0
10.0,0.7989022135734558,-1.0051921606063843,0.0
10.0,0.8085475564002991,-1.0077276229858398,0.0
10.0,0.8131980299949646,-1.0039786100387573,0.0
10.0,0.8228949904441833,-1.0064014196395874,0.0
10.0,0.8275391459465027,-1.002586007118225,0.0
10.0,0.837286651134491,-1.0048954486846924,0.0
10.0,0.841923713684082,-1.0010136365890503,0.0
10.0,0.8517204523086548,-1.0032089948654175,0.0
10.0,0.8615553379058838,-1.0053349733352661,0.0
10.0,0.8661941289901733,-1.0013409852981567,0.0
10.0,0.8773915767669678,-1.004858136177063,0.0
10.0,0.8820280432701111,-1.0007909536361694,0.0
10.0,0.8932921886444092,-1.004173755645752,0.0
10.0,0.9032701253890991,-1.0059856176376343,0.0
10.0,0.907911479473114,-1.0017987489700317,0.0
10.0,0.9192829728126526,-1.0049690008163452,0.0
10.0,0.9239194989204407,-1.0007081031799316,0.0
10.0,0.935353696346283,-1.00374174118042,0.0
10.0,0.9399843811988831,-0.9994064569473267,0.0
10.0,0.952856719493866,-1.0037529468536377,0.0
10.0,0.9671728610992432,-1.0094456672668457,0.0
10.0,0.9718295335769653,-1.0049632787704468,0.0
10.0,0.9890379905700684,-1.013340950012207,0.0
10.0,0.9937124848365784,-1.0087573528289795,0.0
10.0,1.0110567808151245,-1.0169169902801514,0.0
10.0,1.028497576713562,-1.024937391281128,0.0
10.0,1.0332252979278564,-1.0201714038848877,0.0
10.0,1.0550867319107056,-1.032166600227356,0.0
10.0,1.0598474740982056,-1.0272775888442993,0.0
10.0,1.0790109634399414,-1.0362197160720825,0.0
10.0,1.0837903022766113,-1.0312199592590332,0.0
10.0,1.1045544147491455,-1.0412893295288086,0.0
10.0,1.1254345178604126,-1.051188349723816,0.0
10.0,1.1302825212478638,-1.0459738969802856,0.0
10.0,1.1527963876724243,-1.0569562911987305,0.0
10.0,1.1576707363128662,-1.0516151189804077,0.0
10.0,1.1803596019744873,-1.0623066425323486,0.0
10.0,1.185258388519287,-1.056838035583496,0.0
10.0,1.2051209211349487,-1.064587950706482,0.0
10.0,1.2100300788879395,-1.0590049028396606,0.0
10.0,1.233046293258667,-1.0691214799880981,0.0
10.0,1.2561815977096558,-1.0790475606918335,0.0
10.0,1.2611570358276367,-1.0732282400131226,0.0
10.0,1.2859840393066406,-1.0841444730758667,0.0
10.0,1.2909826040267944,-1.078187346458435,0.0
10.0,1.157266616821289,-0.957464337348938,0.0
10.0,1.1616809368133545,-0.9521036148071289,0.0
10.0,1.1660704612731934,-0.9467225670814514,0.0
10.0,1.1966744661331177,-0.9533467292785645,0.0
10.0,1.2010693550109863,-0.9478038549423218,0.0
10.0,1.2054386138916016,-0.9422407746315002,0.0
10.0,1.2097821235656738,-0.9366574883460999,0.0
10.0,1.239492654800415,-0.9505272507667542,0.0
10.0,1.2438740730285645,-0.9447864890098572,0.0
10.0,1.2738007307052612,-0.9582628607749939,0.0
10.0,1.2782175540924072,-0.9523633718490601,0.0
10.0,1.3067463636398315,-0.9642561078071594,0.0
10.0,1.3337972164154053,-0.9747249484062195,0.0
10.0,1.338289499282837,-0.9685479402542114,0.0
10.0,1.3671373128890991,-0.9798263311386108,0.0
10.0,1.3716528415679932,-0.9734950661659241,0.0
10.0,1.4023200273513794,-0.9855428338050842,0.0
10.0,1.4068615436553955,-0.9790488481521606,0.0
10.0,1.4377230405807495,-0.9906909465789795,0.0
10.0,1.465417504310608,-0.9998138546943665,0.0
10.0,1.4700243473052979,-0.9930279850959778,0.0
10.0,1.4945491552352905,-0.9995632171630859,0.0
10.0,1.4991545677185059,-0.9926426410675049,0.0
10.0,1.5204545259475708,-0.9966652989387512,0.0
10.0,1.5250462293624878,-0.9896250367164612,0.0
10.0,1.5481154918670654,-0.9944538474082947,0.0
10.0,1.564510703086853,-0.9947975873947144,0.0
10.0,1.5690932273864746,-0.9875536561012268,0.0
10.0,1.575339913368225,-0.981346070766449,0.0
10.0,1.5798602104187012,-0.9740521907806396,0.0
10.0,1.5775176286697388,-0.9625706076622009,0.0
10.0,1.5733908414840698,-0.9500976800918579,0.0
10.0,1.5777666568756104,-0.9428131580352783,0.0
10.0,1.5752224922180176,-0.9314365983009338,0.0
10.0,1.579512119293213,-0.9241437911987305,0.0
10.0,1.5768442153930664,-0.9128232598304749,0.0
10.0,1.5827832221984863,-0.9065171480178833,0.0
10.0,1.5869574546813965,-0.8991896510124207,0.0
10.0,1.6015654802322388,-0.8977103233337402,0.0
10.0,1.605698823928833,-0.8902961015701294,0.0
10.0,1.6255801916122437,-0.8915183544158936,0.0
10.0,1.6296846866607666,-0.8839931488037109,0.0
10.0,1.6513783931732178,-0.8859037160873413,0.0
10.0,1.669590711593628,-0.8857578039169312,0.0
10.0,1.6736680269241333,-0.8780292272567749,0.0
10.0,1.6901371479034424,-0.8767284154891968,0.0
10.0,1.6941725015640259,-0.8689048886299133,0.0
10.0,1.4623379707336426,-0.7245630621910095,0.0
10.0,1.465672254562378,-0.7177944183349609,0.0
10.0,1.4689751863479614,-0.7110103964805603,0.0
10.0,1.472246766090393,-0.7042111754417419,0.0
10.0,1.4950045347213745,-0.6981842517852783,0.0
10.0,1.4982165098190308,-0.691264808177948,0.0
10.0,1.5013965368270874,-0.6843306422233582,0.0
10.0,1.5045443773269653,-0.6773818135261536,0.0
10.0,1.5204523801803589,-0.6761069297790527,0.0
10.0,1.5235620737075806,-0.6690700650215149,0.0
10.0,1.5413182973861694,-0.6683844327926636,0.0
10.0,1.5443919897079468,-0.6612512469291687,0.0
10.0,1.5603280067443848,-0.6595547199249268,0.0
10.0,1.5652064085006714,-0.6531038880348206,0.0
10.0,1.5682092905044556,-0.6458603739738464,0.0
10.0,1.56747305393219,-0.6370969414710999,0.0
10.0,1.5704017877578735,-0.6298431158065796,0.0
10.0,1.5677179098129272,-0.6203681230545044,0.0
10.0,1.5705692768096924,-0.6131133437156677,0.0
10.0,1.5677878856658936,-0.6036893725395203,0.0
10.0,1.5649532079696655,-0.5943043828010559,0.0
10.0,1.5676841735839844,-0.587062656879425,0.0
10.0,1.5647529363632202,-0.5777302384376526,0.0
10.0,1.567407250404358,-0.5704895853996277,0.0
10.0,1.5643805265426636,-0.5612107515335083,0.0
10.0,1.5631872415542603,-0.552638828754425,0.0
10.0,1.565725564956665,-0.5454056859016418,0.0
10.0,1.564447045326233,-0.5368626117706299,0.0
10.0,1.5669125318527222,-0.5296238660812378,0.0
10.0,1.5655490159988403,-0.521110475063324,0.0
10.0,1.5641405582427979,-0.5126210451126099,0.0
10.0,1.5664938688278198,-0.5053839683532715,0.0
10.0,1.5630950927734375,-0.4963202476501465,0.0
10.0,1.5653730630874634,-0.48908817768096924,0.0
10.0,1.5637941360473633,-0.4806704521179199,0.0
10.0,1.5621708631515503,-0.4722777307033539,0.0
10.0,1.5643376111984253,-0.46505019068717957,0.0
10.0,1.5626317262649536,-0.45669063925743103,0.0
10.0,1.56472647190094,-0.4494611322879791,0.0
10.0,1.5629380941390991,-0.441135436296463,0.0
10.0,1.5611063241958618,-0.43283596634864807,0.0
10.0,1.5630908012390137,-0.42561376094818115,0.0
10.0,1.5611776113510132,-0.4173494279384613,0.0
10.0,1.5630905628204346,-0.41012707352638245,0.0
10.0,1.5591593980789185,-0.40140002965927124,0.0
10.0,1.560998558998108,-0.39418715238571167,0.0
10.0,1.5550388097763062,-0.38504305481910706,0.0
10.0,1.543197512626648,-0.3745473623275757,0.0
10.0,1.5449126958847046,-0.3674086034297943,0.0
10.0,1.5368554592132568,-0.3579932749271393,0.0
10.0,1.5384941101074219,-0.35088399052619934,0.0
10.0,1.5654911994934082,-0.16344216465950012,0.0
10.0,1.566230058670044,-0.15620256960391998,0.0
10.0,1.5669355392456055,-0.14895963668823242,0.0
10.0,1.5676075220108032,-0.14171351492404938,0.0
10.0,1.558883547782898,-0.12640413641929626,0.0
10.0,1.5594513416290283,-0.11919549107551575,0.0
10.0,1.5599857568740845,-0.11198429018259048,0.0
10.0,1.5604867935180664,-0.10477069765329361,0.0
10.0,1.5549662113189697,-0.09718061238527298,0.0
10.0,1.5553988218307495,-0.08999038487672806,0.0
10.0,1.5557982921600342,-0.08279823511838913,0.0
10.0,1.5621575117111206,-0.07589548081159592,0.0
10.0,1.5624916553497314,-0.06867223232984543,0.0
10.0,1.572784662246704,-0.06184040382504463,0.0
10.0,1.5810490846633911,-0.054845523089170456,0.0
10.0,1.5812857151031494,-0.047535158693790436,0.0
10.0,1.5914853811264038,-0.04047803580760956,0.0
10.0,1.5916554927825928,-0.033119574189186096,0.0
10.0,1.6017903089523315,-0.02592221461236477,0.0
10.0,1.6018929481506348,-0.018516264855861664,0.0
10.0,1.613961100578308,-0.011193138547241688,0.0
10.0,1.6219956874847412,-0.0037495694123208523,0.0
10.0,1.6219956874847412,0.0037495605647563934,0.0
10.0,1.6319607496261597,0.011317960917949677,0.0
10.0,1.6318910121917725,0.018863001838326454,0.0
10.0,1.643784761428833,0.026601815596222878,0.0
10.0,1.6436442136764526,0.03420136123895645,0.0
10.0,1.651465892791748,0.0420035794377327,0.0
10.0,1.6632486581802368,0.049999043345451355,0.0
10.0,1.6629997491836548,0.05768832564353943,0.0
10.0,1.6727075576782227,0.065769262611866,0.0
10.0,1.672385573387146,0.07350210845470428,0.0
10.0,1.4329947233200073,0.25780224800109863,0.0
10.0,1.4317874908447266,0.26442477107048035,0.0
10.0,1.4305496215820312,0.2710416316986084,0.0
10.0,1.429281234741211,0.27765268087387085,0.0
10.0,1.4397515058517456,0.28660061955451965,0.0
10.0,1.4521287679672241,0.2960507571697235,0.0
10.0,1.4507445096969604,0.3027613162994385,0.0
10.0,1.4630206823349,0.3123888671398163,0.0
10.0,1.4615607261657715,0.31914961338043213,0.0
10.0,1.4737331867218018,0.32895341515541077,0.0
10.0,1.4838961362838745,0.33843183517456055,0.0
10.0,1.4823155403137207,0.34528881311416626,0.0
10.0,1.494323492050171,0.35537755489349365,0.0
10.0,1.4926645755767822,0.36228257417678833,0.0
10.0,1.5103873014450073,0.3739868700504303,0.0
10.0,1.5086420774459839,0.3809659481048584,0.0
10.0,1.528169870376587,0.39342185854911804,0.0
10.0,1.5553524494171143,0.4080967307090759,0.0
10.0,1.553449034690857,0.41528332233428955,0.0
10.0,1.5727394819259644,0.42824098467826843,0.0
10.0,1.5707428455352783,0.43550777435302734,0.0
10.0,1.5821861028671265,0.44656816124916077,0.0
10.0,1.5801045894622803,0.4538784325122833,0.0
10.0,1.5914270877838135,0.4651062786579132,0.0
10.0,1.6045963764190674,0.4770183861255646,0.0
10.0,1.6023738384246826,0.4844319522380829,0.0
10.0,1.6154108047485352,0.4965360760688782,0.0
10.0,1.613097906112671,0.5039994120597839,0.0
10.0,1.6240938901901245,0.5156888365745544,0.0
10.0,1.6216922998428345,0.5231921076774597,0.0
10.0,1.632559895515442,0.5350443124771118,0.0
10.0,1.6433521509170532,0.5470080375671387,0.0
10.0,1.6408054828643799,0.5546000599861145,0.0
10.0,1.6495741605758667,0.5660751461982727,0.0
10.0,1.6469392776489258,0.573695719242096,0.0
10.0,1.6574687957763672,0.5859704613685608,0.0
10.0,1.654741883277893,0.5936272740364075,0.0
10.0,1.4396090507507324,0.5239748358726501,0.0
10.0,1.4371711015701294,0.5306251049041748,0.0
10.0,1.4478133916854858,0.5421737432479858,0.0
10.0,1.44529128074646,0.5488617420196533,0.0
10.0,1.4427381753921509,0.5555379986763,0.0
10.0,1.4401543140411377,0.5622023940086365,0.0
10.0,1.4542769193649292,0.5754778981208801,0.0
10.0,1.4516006708145142,0.5821954011917114,0.0
10.0,1.46371591091156,0.594925045967102,0.0
10.0,1.4775934219360352,0.6085406541824341,0.0
10.0,1.4747642278671265,0.6153655648231506,0.0
10.0,1.492167353630066,0.6307430267333984,0.0
10.0,1.4892351627349854,0.6376351118087769,0.0
10.0,1.5046203136444092,0.6524705290794373,0.0
10.0,1.5015875101089478,0.6594200134277344,0.0
10.0,1.5149699449539185,0.6736689805984497,0.0
10.0,1.5264286994934082,0.68723464012146,0.0
10.0,1.5232350826263428,0.6942845582962036,0.0
10.0,1.5290889739990234,0.7055090665817261,0.0
10.0,1.525810718536377,0.7125710844993591,0.0
10.0,1.5279245376586914,0.7221818566322327,0.0
10.0,1.5245693922042847,0.7292382717132568,0.0
10.0,1.52658212184906,0.7388931512832642,0.0
10.0,1.5285381078720093,0.748582124710083,0.0
10.0,1.525060772895813,0.7556411623954773,0.0
10.0,1.5269147157669067,0.765372633934021,0.0
10.0,1.523359775543213,0.7724239230155945,0.0
10.0,1.5251110792160034,0.7821969389915466,0.0
10.0,1.5268045663833618,0.7920025587081909,0.0
10.0,1.523126482963562,0.7990530729293823,0.0
10.0,1.5264829397201538,0.8098357319831848,0.0
10.0,1.5227224826812744,0.8168845772743225,0.0
10.0,1.5242034196853638,0.8267767429351807,0.0
10.0,1.5203646421432495,0.8338148593902588,0.0
10.0,1.5199916362762451,0.8427748680114746,0.0
10.0,1.517823576927185,0.8507711887359619,0.0
10.0,1.5138739347457886,0.8577795624732971,0.0
10.0,1.5064208507537842,0.8627815842628479,0.0
10.0,1.5024157762527466,0.8697371482849121,0.0
10.0,1.4793899059295654,0.8655641674995422,0.0
10.0,1.2650772333145142,1.1175525188446045,0.0
10.0,1.2598967552185059,1.123389482498169,0.0
10.0,1.2546894550323486,1.1292024850845337,0.0
10.0,1.2494553327560425,1.1349912881851196,0.0
10.0,1.228631854057312,1.1369872093200684,0.0
10.0,1.2233619689941406,1.1426554918289185,0.0
10.0,1.2180659770965576,1.1482993364334106,0.0
10.0,1.2127439975738525,1.1539186239242554,0.0
10.0,1.1987407207489014,1.1512012481689453,0.0
10.0,1.1905333995819092,1.1539472341537476,0.0
10.0,1.185185432434082,1.159439206123352,0.0
10.0,1.1755427122116089,1.1606907844543457,0.0
10.0,1.170163869857788,1.1661133766174316,0.0
10.0,1.1548892259597778,1.1615829467773438,0.0
10.0,1.1382780075073242,1.1555116176605225,0.0
10.0,1.1329234838485718,1.1607619524002075,0.0
10.0,0.954445481300354,1.2965854406356812,0.0
10.0,0.9484407305717468,1.3009843826293945,0.0
10.0,0.9424156546592712,1.305355429649353,0.0
10.0,0.9363704323768616,1.3096985816955566,0.0
10.0,0.925682544708252,1.30748450756073,0.0
10.0,0.9196276664733887,1.3117502927780151,0.0
10.0,0.9135531187057495,1.3159880638122559,0.0
10.0,0.9040603041648865,1.3152531385421753,0.0
10.0,0.8979697227478027,1.3194189071655273,0.0
10.0,0.8907423615455627,1.3218978643417358,0.0
10.0,0.8835113048553467,1.3243381977081299,0.0
10.0,0.8773789405822754,1.3284088373184204,0.0
10.0,0.8701333403587341,1.3307772874832153,0.0
10.0,0.8639713525772095,1.3347859382629395,0.0
10.0,0.8567119836807251,1.3370821475982666,0.0
10.0,0.8505209684371948,1.3410288095474243,0.0
10.0,0.8443118333816528,1.3449467420578003,0.0
10.0,0.8380845785140991,1.3488359451293945,0.0
10.0,0.8318394422531128,1.3526962995529175,0.0
10.0,0.8255765438079834,1.3565278053283691,0.0
10.0,0.8192960023880005,1.3603302240371704,0.0
10.0,0.8129979372024536,1.3641035556793213,0.0
10.0,0.805666446685791,1.3661249876022339,0.0
10.0,0.7993417382240295,1.3698352575302124,0.0
10.0,0.7919999361038208,1.3717842102050781,0.0
10.0,0.7856492400169373,1.3754312992095947,0.0
10.0,0.7792816758155823,1.3790489435195923,0.0
10.0,0.7728975415229797,1.3826371431350708,0.0
10.0,0.7664967775344849,1.3861957788467407,0.0
10.0,0.7610393762588501,1.3914793729782104,0.0
10.0,0.7545979619026184,1.3949830532073975,0.0
10.0,0.7481403350830078,1.3984569311141968,0.0
10.0,0.7407315373420715,1.4001331329345703,0.0
10.0,0.7342502474784851,1.4035428762435913,0.0
10.0,0.7277532815933228,1.4069225788116455,0.0
10.0,0.7212408185005188,1.410272240638733,0.0
10.0,0.47828006744384766,0.9459640979766846,0.0
10.0,0.4739013910293579,0.948165237903595,0.0
10.0,0.46335867047309875,0.9489123821258545,0.0
10.0,0.45896655321121216,0.9510445594787598,0.0
10.0,0.4545646011829376,0.9531563520431519,0.0
10.0,0.4501529633998871,0.9552477598190308,0.0
10.0,0.4440433084964752,0.953692615032196,0.0
10.0,0.43795767426490784,0.9521013498306274,0.0
10.0,0.4335510730743408,0.9541160464286804,0.0
10.0,0.4274972975254059,0.9524610638618469,0.0
10.0,0.4230891466140747,0.9544273614883423,0.0
10.0,0.41706782579421997,0.9527089595794678,0.0
10.0,0.4126586318016052,0.9546270370483398,0.0
10.0,0.4066705107688904,0.9528458118438721,0.0
10.0,0.4007076323032379,0.9510295987129211,0.0
10.0,0.3963063955307007,0.9528720378875732,0.0
10.0,0.3903777003288269,0.9509938359260559,0.0
10.0,0.38597673177719116,0.9527885317802429,0.0
10.0,0.3808251619338989,0.9527057409286499,0.0
10.0,0.3749488592147827,0.9507350921630859,0.0
10.0,0.3705492615699768,0.9524585008621216,0.0
10.0,0.3654251992702484,0.9522942900657654,0.0
10.0,0.36101847887039185,0.9539735913276672,0.0
10.0,0.35520562529563904,0.9518849849700928,0.0
10.0,0.35011035203933716,0.9516400694847107,0.0
10.0,0.34570685029029846,0.9532486200332642,0.0
10.0,0.3399495482444763,0.9510700702667236,0.0
10.0,0.3355487883090973,0.9526315927505493,0.0
10.0,0.33048510551452637,0.9522833824157715,0.0
10.0,0.3241378664970398,0.9481237530708313,0.0
10.0,0.3197508454322815,0.9496122002601624,0.0
10.0,0.3147275745868683,0.9491820335388184,0.0
10.0,0.31033578515052795,0.9506270289421082,0.0
10.0,0.304713636636734,0.9482434391975403,0.0
10.0,0.29972323775291443,0.9477351903915405,0.0
10.0,0.29533830285072327,0.9491108059883118,0.0
10.0,0.2903616428375244,0.9485536813735962,0.0
10.0,0.2859730124473572,0.9498860239982605,0.0
10.0,0.28157827258110046,0.9511979818344116,0.0
10.0,0.27717751264572144,0.9524896740913391,0.0
10.0,0.27167096734046936,0.9499151706695557,0.0
10.0,0.2661941647529602,0.9473102688789368,0.0
10.0,0.2618115544319153,0.9485308527946472,0.0
10.0,0.2569001317024231,0.9478007555007935,0.0
10.0,0.2520010471343994,0.9470456838607788,0.0
10.0,0.24761982262134552,0.9482006430625916,0.0
10.0,0.24224050343036652,0.9454604983329773,0.0
10.0,0.23786669969558716,0.9465703368186951,0.0
10.0,0.2334877997636795,0.947659969329834,0.0
10.0,0.2291039228439331,0.948729395866394,0.0
10.0,0.22379417717456818,0.9458858966827393,0.0
10.0,0.21941860020160675,0.9469105005264282,0.0
10.0,0.21503834426403046,0.9479148387908936,0.0
10.0,0.21022003889083862,0.9469464421272278,0.0
10.0,0.20583970844745636,0.9479082822799683,0.0
10.0,0.20103959739208221,0.9468933939933777,0.0
10.0,0.19625328481197357,0.9458544850349426,0.0
10.0,0.19187815487384796,0.9467517137527466,0.0
10.0,0.18711072206497192,0.9456667304039001,0.0
10.0,0.18273654580116272,0.9465216994285583,0.0
10.0,0.1779884397983551,0.9453909993171692,0.0
10.0,0.17361563444137573,0.9462038278579712,0.0
10.0,0.16888727247714996,0.9450275301933289,0.0
10.0,0.16417351365089417,0.9438278675079346,0.0
10.0,0.15980809926986694,0.9445767998695374,0.0
10.0,0.15543925762176514,0.945305585861206,0.0
10.0,0.1510670930147171,0.9460141062736511,0.0
10.0,0.14638546109199524,0.9447259902954102,0.0
10.0,0.14201606810092926,0.9453927278518677,0.0
10.0,0.13764365017414093,0.9460391998291016,0.0
10.0,0.13298949599266052,0.9446850419044495,0.0
10.0,0.1286204308271408,0.9452897906303406,0.0
10.0,0.12398815900087357,0.9438914060592651,0.0
10.0,0.11962287127971649,0.944454550743103,0.0
10.0,0.11525502800941467,0.9449975490570068,0.0
10.0,0.11065176874399185,0.9435338973999023,0.0
10.0,0.10628827661275864,0.9440353512763977,0.0
10.0,0.10170794278383255,0.942528247833252,0.0
10.0,0.09734919667243958,0.942988395690918,0.0
10.0,0.09298837184906006,0.9434283971786499,0.0
10.0,0.08862555772066116,0.9438482522964478,0.0
10.0,0.08426084369421005,0.9442479014396667,0.0
10.0,0.07972577959299088,0.9426344633102417,0.0
10.0,0.0753667801618576,0.9429929852485657,0.0
10.0,0.0710061639547348,0.9433313608169556,0.0
10.0,0.06664403527975082,0.9436495900154114,0.0
10.0,0.062280476093292236,0.9439476132392883,0.0
10.0,0.05779314786195755,0.9422292709350586,0.0
10.0,0.05343625321984291,0.9424864053726196,0.0
10.0,0.049078214913606644,0.9427233338356018,0.0
10.0,0.04471912980079651,0.9429401755332947,0.0
10.0,0.04035909101366997,0.9431368708610535,0.0
10.0,0.035921916365623474,0.9413148164749146,0.0
10.0,0.03156948462128639,0.9414708018302917,0.0
10.0,0.02721637673676014,0.9416067004203796,0.0
10.0,0.022862685844302177,0.9417225122451782,0.0
10.0,0.018508508801460266,0.941818118095398,0.0
10.0,0.014153935015201569,0.9418936371803284,0.0
10.0,0.009799058549106121,0.9419490098953247,0.0
10.0,0.005443972535431385,0.941984236240387,0.0
10.0,0.0010887705720961094,0.9419993162155151,0.0
10.0,-0.0032664549071341753,0.941994309425354,0.0
10.0,-0.007621610537171364,0.9419691562652588,0.0
10.0,-0.011976603418588638,0.9419238567352295,0.0
10.0,-0.01633133925497532,0.9418584108352661,0.0
10.0,-0.020685726776719093,0.9417728185653687,0.0
10.0,-0.0250396728515625,0.9416671395301819,0.0
10.0,-0.029393082484602928,0.941541314125061,0.0
10.0,-0.033745866268873215,0.9413953423500061,0.0
10.0,-0.03809792548418045,0.9412292242050171,0.0
10.0,-0.04244917258620262,0.9410430192947388,0.0
10.0,-0.04679951071739197,0.9408367276191711,0.0
10.0,-0.05114884674549103,0.9406102895736694,0.0
10.0,-0.05549709498882294,0.9403637647628784,0.0
10.0,-0.05984415113925934,0.9400971531867981,0.0
10.0,-0.06418993324041367,0.9398103952407837,0.0
10.0,-0.06853433698415756,0.9395036101341248,0.0
10.0,-0.07287728041410446,0.9391766786575317,0.0
10.0,-0.0772186666727066,0.9388297200202942,0.0
10.0,-0.08155839890241623,0.9384626746177673,0.0
10.0,-0.08589638769626617,0.9380755424499512,0.0
10.0,-0.09042412787675858,0.9396592378616333,0.0
10.0,-0.09476755559444427,0.9392311573028564,0.0
10.0,-0.09910895675420761,0.9387829303741455,0.0
10.0,-0.10366740822792053,0.9403026103973389,0.0
10.0,-0.10801366716623306,0.9398132562637329,0.0
10.0,-0.11235762387514114,0.9393038749694824,0.0
10.0,-0.11669917404651642,0.9387743473052979,0.0
10.0,-0.12129412591457367,0.940208375453949,0.0
10.0,-0.12563976645469666,0.9396375417709351,0.0
10.0,-0.12998270988464355,0.9390466213226318,0.0
10.0,-0.134606271982193,0.9404153823852539,0.0
10.0,-0.13895271718502045,0.9397830367088318,0.0
10.0,-0.14329619705677032,0.9391305446624756,0.0
10.0,-0.14763662219047546,0.9384579658508301,0.0
10.0,-0.1522938311100006,0.9397396445274353,0.0
10.0,-0.15663696825504303,0.9390255212783813,0.0
10.0,-0.1613149493932724,0.9402624368667603,0.0
10.0,-0.16566039621829987,0.9395065903663635,0.0
10.0,-0.17000232636928558,0.9387306571006775,0.0
10.0,-0.1743406057357788,0.9379346370697021,0.0
10.0,-0.17867515981197357,0.9371185302734375,0.0
10.0,-0.1833895593881607,0.9382452964782715,0.0
10.0,-0.188510924577713,0.9413095116615295,0.0
10.0,-0.1928609311580658,0.9404278993606567,0.0
10.0,-0.19720681011676788,0.9395262002944946,0.0
10.0,-0.2015484869480133,0.9386043548583984,0.0
10.0,-0.2058858424425125,0.9376624822616577,0.0
10.0,-0.2106567770242691,0.9386520981788635,0.0
10.0,-0.21499426662921906,0.9376680850982666,0.0
10.0,-0.21978312730789185,0.9386113882064819,0.0
10.0,-0.2241203337907791,0.9375852346420288,0.0
10.0,-0.22892671823501587,0.9384820461273193,0.0
10.0,-0.23326322436332703,0.9374136328697205,0.0
10.0,-0.23808665573596954,0.9382636547088623,0.0
10.0,-0.24292293190956116,0.9390891790390015,0.0
10.0,-0.24726209044456482,0.9379560351371765,0.0
10.0,-0.2521147131919861,0.9387343525886536,0.0
10.0,-0.25645214319229126,0.9375587105751038,0.0
10.0,-0.26132068037986755,0.9382896423339844,0.0
10.0,-0.2662014365196228,0.9389956593513489,0.0
10.0,-0.27053990960121155,0.9377548694610596,0.0
10.0,-0.2754358649253845,0.9384130239486694,0.0
10.0,-0.2797715663909912,0.937129557132721,0.0
10.0,-0.2852632403373718,0.9396535754203796,0.0
10.0,-0.29019439220428467,0.9402357339859009,0.0
10.0,-0.29453834891319275,0.9388840198516846,0.0
10.0,-0.298876017332077,0.937512218952179,0.0
10.0,-0.30320730805397034,0.9361203908920288,0.0
10.0,-0.30815714597702026,0.9366083145141602,0.0
10.0,-0.31248414516448975,0.9351736307144165,0.0
10.0,-0.31744706630706787,0.9356127977371216,0.0
10.0,-0.32242071628570557,0.9360260963439941,0.0
10.0,-0.32674485445022583,0.9345254302024841,0.0
10.0,-0.3323996663093567,0.936774492263794,0.0
10.0,-0.33672717213630676,0.9352276921272278,0.0
10.0,-0.3417336642742157,0.9355394840240479,0.0
10.0,-0.34605535864830017,0.9339494705200195,0.0
10.0,-0.3510732352733612,0.934211790561676,0.0
10.0,-0.3561008870601654,0.9344475269317627,0.0
10.0,-0.36041736602783203,0.9327911138534546,0.0
10.0,-0.3661850392818451,0.9348392486572266,0.0
10.0,-0.3705032467842102,0.9331362247467041,0.0
10.0,-0.37705346941947937,0.9369795322418213,0.0
10.0,-0.38213664293289185,0.9370781779289246,0.0
10.0,-0.38646501302719116,0.9353014230728149,0.0
10.0,-0.39232975244522095,0.9371944665908813,0.0
10.0,-0.3966585695743561,0.9353705644607544,0.0
10.0,-0.40176820755004883,0.9353642463684082,0.0
10.0,-0.4076840579509735,0.9371646642684937,0.0
10.0,-0.41201257705688477,0.9352697730064392,0.0
10.0,-0.41714704036712646,0.9351814985275269,0.0
10.0,-0.42146629095077515,0.9332428574562073,0.0
10.0,-0.4266080856323242,0.9331032037734985,0.0
10.0,-0.4309176206588745,0.9311208724975586,0.0
10.0,-0.4369146525859833,0.9327408671379089,0.0
10.0,-0.44293591380119324,0.9343253374099731,0.0
10.0,-0.4472509026527405,0.9322674870491028,0.0
10.0,-0.45330315828323364,0.9337881207466125,0.0
10.0,-0.45761555433273315,0.9316823482513428,0.0
10.0,-0.4645882546901703,0.9349298477172852,0.0
10.0,-0.46890580654144287,0.9327718615531921,0.0
10.0,-0.4750264286994934,0.9341594576835632,0.0
10.0,-0.4811698794364929,0.9355103373527527,0.0
10.0,-0.48548996448516846,0.9332757592201233,0.0
10.0,-0.4916619658470154,0.9345611333847046,0.0
10.0,-0.4959775507450104,0.9322779774665833,0.0
10.0,-0.501230001449585,0.9317362308502197,0.0
10.0,-0.5074437260627747,0.9329227805137634,0.0
10.0,-0.5117515325546265,0.9305667281150818,0.0
10.0,-1.1144236326217651,1.961529016494751,0.0
10.0,-1.1234806776046753,1.9563556909561157,0.0
10.0,-1.1325136423110962,1.9511405229568481,0.0
10.0,-1.1415222883224487,1.9458836317062378,0.0
10.0,-1.1566263437271118,1.9509072303771973,0.0
10.0,-1.1656336784362793,1.945538878440857,0.0
10.0,-1.1808311939239502,1.9503942728042603,0.0
10.0,-1.1898359060287476,1.9449139833450317,0.0
10.0,-1.203021764755249,1.9461971521377563,0.0
10.0,-1.2183634042739868,1.9507921934127808,0.0
10.0,-1.2273696660995483,1.9451384544372559,0.0
10.0,-1.2406500577926636,1.946189045906067,0.0
10.0,-1.2496347427368164,1.9404323101043701,0.0
10.0,-1.265136480331421,1.944692611694336,0.0
10.0,-1.2807042598724365,1.9488511085510254,0.0
10.0,-1.2897008657455444,1.9429091215133667,0.0
10.0,-1.3053525686264038,1.9468926191329956,0.0
10.0,-1.3143398761749268,1.9408366680145264,0.0
10.0,-1.3300734758377075,1.9446439743041992,0.0
10.0,-1.3390501737594604,1.9384738206863403,0.0
10.0,-1.3548640012741089,1.9421039819717407,0.0
10.0,-1.3707399368286133,1.9456291198730469,0.0
10.0,-1.379720687866211,1.9392708539962769,0.0
10.0,-1.3933396339416504,1.9393681287765503,0.0
10.0,-1.402291178703308,1.9329054355621338,0.0
10.0,-1.4183043241500854,1.9360820055007935,0.0
10.0,-1.4367551803588867,1.9423670768737793,0.0
10.0,-1.4457200765609741,1.9357037544250488,0.0
10.0,-1.4618792533874512,1.9385801553726196,0.0
10.0,-1.4708263874053955,1.9318006038665771,0.0
10.0,-1.4894933700561523,1.9376649856567383,0.0
10.0,-1.5057933330535889,1.9402378797531128,0.0
10.0,-1.5147476196289062,1.9332553148269653,0.0
10.0,-1.5211880207061768,1.9230940341949463,0.0
10.0,-1.5300629138946533,1.9160404205322266,0.0
10.0,-1.5288634300231934,1.8964897394180298,0.0
10.0,-1.5376152992248535,1.8894009590148926,0.0
10.0,-1.5285601615905762,1.8606363534927368,0.0
10.0,-1.521825909614563,1.8350754976272583,0.0
10.0,-1.5302939414978027,1.8280199766159058,0.0
10.0,-1.5206568241119385,1.799538493156433,0.0
10.0,-1.5289604663848877,1.792488694190979,0.0
10.0,-1.5215721130371094,1.767213225364685,0.0
10.0,-1.5166069269180298,1.7450637817382812,0.0
10.0,-1.5246587991714478,1.7380332946777344,0.0
10.0,-1.516767978668213,1.7129971981048584,0.0
10.0,-1.5246715545654297,1.7059663534164429,0.0
10.0,-1.5191460847854614,1.6840482950210571,0.0
10.0,-1.5107580423355103,1.659260630607605,0.0
10.0,-1.5184133052825928,1.6522581577301025,0.0
10.0,-1.5151551961898804,1.6334896087646484,0.0
10.0,-1.522691249847412,1.626466989517212,0.0
10.0,-1.5164587497711182,1.6048728227615356,0.0
10.0,-1.5100593566894531,1.5833712816238403,0.0
10.0,-1.5173636674880981,1.5763728618621826,0.0
10.0,-1.507912039756775,1.5521266460418701,0.0
10.0,-1.515071988105774,1.5451384782791138,0.0
10.0,-1.5081312656402588,1.5239017009735107,0.0
10.0,-1.5151606798171997,1.516912817955017,0.0
10.0,-1.5107983350753784,1.4986236095428467,0.0
10.0,-1.5034466981887817,1.477603554725647,0.0
10.0,-1.510262131690979,1.4706367254257202,0.0
10.0,-1.5026520490646362,1.4497520923614502,0.0
10.0,-1.5093387365341187,1.4427891969680786,0.0
10.0,-1.5043762922286987,1.4247932434082031,0.0
10.0,-1.4992800951004028,1.4068742990493774,0.0
10.0,-1.5057685375213623,1.3999274969100952,0.0
10.0,-1.50045645236969,1.3821107149124146,0.0
10.0,-1.4950121641159058,1.3643732070922852,0.0
10.0,-1.5013041496276855,1.3574466705322266,0.0
10.0,-1.495646595954895,1.3398152589797974,0.0
10.0,-1.5018250942230225,1.332885980606079,0.0
10.0,-1.4959558248519897,1.3153630495071411,0.0
10.0,-1.5020211935043335,1.308432698249817,0.0
10.0,-1.4974558353424072,1.2923274040222168,0.0
10.0,-1.4942938089370728,1.2775921821594238,0.0
10.0,-1.5001846551895142,1.2706698179244995,0.0
10.0,-1.49531888961792,1.2547212839126587,0.0
10.0,-1.5011038780212402,1.247794508934021,0.0
10.0,-1.494505524635315,1.2306702136993408,0.0
10.0,-1.487781286239624,1.2136337757110596,0.0
10.0,-1.49337637424469,1.2067421674728394,0.0
10.0,-1.4895713329315186,1.1923259496688843,0.0
10.0,-1.4950679540634155,1.1854263544082642,0.0
10.0,-1.4926682710647583,1.172324776649475,0.0
10.0,-1.4870222806930542,1.1568148136138916,0.0
10.0,-1.4923547506332397,1.1499273777008057,0.0
10.0,-1.486526370048523,1.134521722793579,0.0
10.0,-1.491755723953247,1.1276367902755737,0.0
10.0,-1.485746145248413,1.1123372316360474,0.0
10.0,-1.4812337160110474,1.0983089208602905,0.0
10.0,-1.4862958192825317,1.0914489030838013,0.0
10.0,-1.483238697052002,1.0786839723587036,0.0
10.0,-1.4882099628448486,1.071814775466919,0.0
10.0,-1.4850080013275146,1.059116244316101,0.0
10.0,-1.4898887872695923,1.052239179611206,0.0
10.0,-1.4849040508270264,1.0384624004364014,0.0
10.0,-1.4798238277435303,1.024754285812378,0.0
10.0,-1.4845458269119263,1.0179016590118408,0.0
10.0,-1.4809625148773193,1.0054103136062622,0.0
10.0,-1.4855951070785522,0.9985525012016296,0.0
10.0,-1.4818707704544067,0.986133337020874,0.0
10.0,-1.476393461227417,0.9726697206497192,0.0
10.0,-1.4808746576309204,0.9658334255218506,0.0
10.0,-1.4769231081008911,0.9535523653030396,0.0
10.0,-1.4813159704208374,0.9467138051986694,0.0
10.0,-1.4755359888076782,0.9334396719932556,0.0
10.0,-1.471360206604004,0.9213006496429443,0.0
10.0,-1.4756040573120117,0.9144881367683411,0.0
10.0,-1.4729969501495361,0.903473436832428,0.0
10.0,-1.4771583080291748,0.8966535329818726,0.0
10.0,-1.4727157354354858,0.8846651315689087,0.0
10.0,-1.469913363456726,0.8737589716911316,0.0
10.0,-1.4739373922348022,0.8669536709785461,0.0
10.0,-1.4710155725479126,0.8561058640480042,0.0
10.0,-1.4749579429626465,0.8492956757545471,0.0
10.0,-1.470179796218872,0.8375174403190613,0.0
10.0,-1.4688091278076172,0.8277654647827148,0.0
10.0,-1.4726204872131348,0.8209657669067383,0.0
10.0,-1.4693949222564697,0.8102854490280151,0.0
10.0,-1.4731254577636719,0.8034831881523132,0.0
10.0,-1.468023419380188,0.7919161319732666,0.0
10.0,-1.47166907787323,0.78512042760849,0.0
10.0,-1.4682074785232544,0.7745750546455383,0.0
10.0,-1.4646800756454468,0.7640785574913025,0.0
10.0,-1.4681971073150635,0.7572986483573914,0.0
10.0,-1.4645559787750244,0.7468681931495667,0.0
10.0,-1.4679933786392212,0.7400889992713928,0.0
10.0,-1.464239239692688,0.7297256588935852,0.0
10.0,-1.460420846939087,0.7194129824638367,0.0
10.0,-1.4637314081192017,0.7126532196998596,0.0
10.0,-1.4616038799285889,0.7032766938209534,0.0
10.0,-1.459421157836914,0.6939351558685303,0.0
10.0,-1.4626139402389526,0.6871802806854248,0.0
10.0,-1.4585189819335938,0.6770423650741577,0.0
10.0,-1.4616336822509766,0.6702918410301208,0.0
10.0,-1.461073398590088,0.6618764400482178,0.0
10.0,-1.4641178846359253,0.6551142334938049,0.0
10.0,-1.4598137140274048,0.6451044678688049,0.0
10.0,-1.4572815895080566,0.6359485387802124,0.0
10.0,-1.4602062702178955,0.6292042136192322,0.0
10.0,-1.4557381868362427,0.6193145513534546,0.0
10.0,-1.4585858583450317,0.6125775575637817,0.0
10.0,-1.4558597803115845,0.603529691696167,0.0
10.0,-1.453081488609314,0.5945202112197876,0.0
10.0,-1.4558147192001343,0.5877957344055176,0.0
10.0,-1.4529427289962769,0.578838050365448,0.0
10.0,-1.4556033611297607,0.5721144080162048,0.0
10.0,-1.4545032978057861,0.563932478427887,0.0
10.0,-1.4570950269699097,0.5572017431259155,0.0
10.0,-1.4540417194366455,0.5483419299125671,0.0
10.0,-1.4528120756149292,0.5402193665504456,0.0
10.0,-1.455294132232666,0.5334967374801636,0.0
10.0,-1.4521023035049438,0.5247235894203186,0.0
10.0,-1.4545128345489502,0.5180043578147888,0.0
10.0,-1.4512306451797485,0.5092872381210327,0.0
10.0,-1.4497894048690796,0.5012651681900024,0.0
10.0,-1.4520914554595947,0.49455690383911133,0.0
10.0,-1.448673963546753,0.485929936170578,0.0
10.0,-1.4509050846099854,0.4792269766330719,0.0
10.0,-1.4473992586135864,0.4706583619117737,0.0
10.0,-1.443845510482788,0.46213245391845703,0.0
10.0,-1.4459666013717651,0.4554520845413208,0.0
10.0,-1.444236159324646,0.44757789373397827,0.0
10.0,-1.4462900161743164,0.44089585542678833,0.0
10.0,-1.4444814920425415,0.43305572867393494,0.0
10.0,-1.4445499181747437,0.42580726742744446,0.0
10.0,-1.4465030431747437,0.4191240072250366,0.0
10.0,-1.4445782899856567,0.41133636236190796,0.0
10.0,-1.4464645385742188,0.4046531319618225,0.0
10.0,-1.4444630146026611,0.3969014585018158,0.0
10.0,-1.4424206018447876,0.3891769349575043,0.0
10.0,-1.4442044496536255,0.3825039267539978,0.0
10.0,-1.4420862197875977,0.37481653690338135,0.0
10.0,-1.4438036680221558,0.368145227432251,0.0
10.0,-1.4416097402572632,0.3604956567287445,0.0
10.0,-1.4393761157989502,0.3528743088245392,0.0
10.0,-1.4409922361373901,0.34621575474739075,0.0
10.0,-1.4406307935714722,0.33909159898757935,0.0
10.0,-1.4421831369400024,0.33242738246917725,0.0
10.0,-1.439802646636963,0.3248756527900696,0.0
10.0,-1.4412893056869507,0.31821542978286743,0.0
10.0,-1.4388352632522583,0.3107041120529175,0.0
10.0,-1.436342716217041,0.30322232842445374,0.0
10.0,-1.4377292394638062,0.2965783476829529,0.0
10.0,-1.4371243715286255,0.28953298926353455,0.0
10.0,-1.4384477138519287,0.2828855514526367,0.0
10.0,-1.4358118772506714,0.275478333234787,0.0
10.0,-1.435104250907898,0.26846933364868164,0.0
10.0,-1.4363301992416382,0.26183146238327026,0.0
10.0,-1.4355560541152954,0.25483837723731995,0.0
10.0,-1.4367189407348633,0.24819853901863098,0.0
10.0,-1.4358787536621094,0.2412220537662506,0.0
10.0,-1.4369786977767944,0.2345808744430542,0.0
10.0,-1.4340972900390625,0.2273084968328476,0.0
10.0,-1.4311792850494385,0.22006776928901672,0.0
10.0,-1.4321813583374023,0.21344853937625885,0.0
10.0,-1.4311734437942505,0.2065390944480896,0.0
10.0,-1.4321130514144897,0.19992002844810486,0.0
10.0,-1.433022141456604,0.19329670071601868,0.0
10.0,-1.429934024810791,0.1861528754234314,0.0
10.0,-1.4307793378829956,0.1795397698879242,0.0
10.0,-1.4296085834503174,0.172682985663414,0.0
10.0,-1.4303916692733765,0.16607153415679932,0.0
10.0,-1.4291564226150513,0.15923504531383514,0.0
10.0,-1.4278886318206787,0.15241354703903198,0.0
10.0,-1.4285781383514404,0.14581026136875153,0.0
10.0,-1.4272464513778687,0.1390099823474884,0.0
10.0,-1.4278738498687744,0.13240979611873627,0.0
10.0,-1.4264785051345825,0.12563133239746094,0.0
10.0,-1.4270440340042114,0.11903484910726547,0.0
10.0,-1.4275791645050049,0.11243581771850586,0.0
10.0,-1.4260891675949097,0.10568656772375107,0.0
10.0,-1.4265625476837158,0.09909209609031677,0.0
10.0,-1.427005410194397,0.09249550849199295,0.0
10.0,-1.4254214763641357,0.08577680587768555,0.0
10.0,-1.4258028268814087,0.07918563485145569,0.0
10.0,-1.4241563081741333,0.0724911019206047,0.0
10.0,-1.424476146697998,0.06590592116117477,0.0
10.0,-1.424765706062317,0.05931933596730232,0.0
10.0,-1.4250247478485107,0.0527314767241478,0.0
10.0,-1.423254370689392,0.04607778042554855,0.0
10.0,-1.4234521389007568,0.039497051388025284,0.0
10.0,-1.4236195087432861,0.03291548043489456,0.0
10.0,-1.42375648021698,0.02633320540189743,0.0
10.0,-1.4238630533218384,0.01975036785006523,0.0
10.0,-1.4239391088485718,0.013167107477784157,0.0
10.0,-1.4219849109649658,0.006574319209903479,0.0
10.0,-1.4220000505447388,-1.1636915075996512e-07,0.0
11.0,-1.4199999570846558,1.2414034245011862e-07,0.0
11.0,-1.4199848175048828,-0.006565064657479525,0.0
11.0,-1.4199392795562744,-0.013130112551152706,0.0
11.0,-1.4198633432388306,-0.01969487965106964,0.0
11.0,-1.4197571277618408,-0.026259226724505424,0.0
11.0,-1.4196205139160156,-0.03282301127910614,0.0
11.0,-1.417454481124878,-0.0393306240439415,0.0
11.0,-1.4172574281692505,-0.04588362202048302,0.0
11.0,-1.4190287590026855,-0.052509598433971405,0.0
11.0,-1.4187707901000977,-0.05906973406672478,0.0
11.0,-1.420480489730835,-0.0657210499048233,0.0
11.0,-1.420161485671997,-0.07228775322437286,0.0
11.0,-1.4198120832443237,-0.07885292172431946,0.0
11.0,-1.4194324016571045,-0.08541639894247055,0.0
11.0,-1.4190223217010498,-0.0919780507683754,0.0
11.0,-1.4185818433761597,-0.09853773564100266,0.0
11.0,-1.4181110858917236,-0.10509531199932098,0.0
11.0,-1.4196038246154785,-0.1118076741695404,0.0
11.0,-1.4190717935562134,-0.11836984008550644,0.0
11.0,-1.4185093641281128,-0.12492947280406952,0.0
11.0,-1.4179165363311768,-0.1314864307641983,0.0
11.0,-1.4172935485839844,-0.13804058730602264,0.0
11.0,-1.4166401624679565,-0.1445917785167694,0.0
11.0,-1.4159564971923828,-0.15113988518714905,0.0
11.0,-1.4152425527572632,-0.15768477320671082,0.0
11.0,-1.4144984483718872,-0.16422627866268158,0.0
11.0,-1.4137240648269653,-0.1707642823457718,0.0
11.0,-1.4149038791656494,-0.1775476336479187,0.0
11.0,-1.4140678644180298,-0.1840873658657074,0.0
11.0,-1.415183663368225,-0.19089050590991974,0.0
11.0,-1.416266679763794,-0.1977079063653946,0.0
11.0,-1.4153375625610352,-0.20425371825695038,0.0
11.0,-1.4163563251495361,-0.21108999848365784,0.0
11.0,-1.415365219116211,-0.2176360934972763,0.0
11.0,-1.4143438339233398,-0.2241775244474411,0.0
11.0,-1.4152661561965942,-0.23103637993335724,0.0
11.0,-1.4141827821731567,-0.23757721483707428,0.0
11.0,-1.415040135383606,-0.24445343017578125,0.0
11.0,-1.413894772529602,-0.2509930729866028,0.0
11.0,-1.4146867990493774,-0.25788602232933044,0.0
11.0,-1.415445327758789,-0.26479166746139526,0.0
11.0,-1.4142060279846191,-0.2713329792022705,0.0
11.0,-1.4129364490509033,-0.27786847949028015,0.0
11.0,-1.4116365909576416,-0.28439804911613464,0.0
11.0,-1.410306692123413,-0.29092150926589966,0.0
11.0,-1.4109033346176147,-0.29785189032554626,0.0
11.0,-1.4095112085342407,-0.30437183380126953,0.0
11.0,-1.4119948148727417,-0.31174764037132263,0.0
11.0,-1.4105384349822998,-0.31827250123023987,0.0
11.0,-1.4110007286071777,-0.32523974776268005,0.0
11.0,-1.4094818830490112,-0.33175987005233765,0.0
11.0,-1.4098777770996094,-0.33874011039733887,0.0
11.0,-1.4102389812469482,-0.34573110938072205,0.0
11.0,-1.4086254835128784,-0.3522474765777588,0.0
11.0,-1.4089198112487793,-0.3592504560947418,0.0
11.0,-1.4072438478469849,-0.36576056480407715,0.0
11.0,-1.4074710607528687,-0.3727749288082123,0.0
11.0,-1.40573251247406,-0.37927818298339844,0.0
11.0,-1.4058924913406372,-0.38630327582359314,0.0
11.0,-1.407943606376648,-0.3938767611980438,0.0
11.0,-1.4061075448989868,-0.40038201212882996,0.0
11.0,-1.4061622619628906,-0.40743526816368103,0.0
11.0,-1.4042636156082153,-0.4139321446418762,0.0
11.0,-1.4061663150787354,-0.4215688407421112,0.0
11.0,-1.4080283641815186,-0.4292319416999817,0.0
11.0,-1.4060288667678833,-0.4357371926307678,0.0
11.0,-1.4059067964553833,-0.4428339898586273,0.0
11.0,-1.4038443565368652,-0.44932928681373596,0.0
11.0,-1.4055559635162354,-0.45705196261405945,0.0
11.0,-1.4053269624710083,-0.46417272090911865,0.0
11.0,-1.4031658172607422,-0.4706651270389557,0.0
11.0,-1.4047611951828003,-0.47843700647354126,0.0
11.0,-1.4025341272354126,-0.48492664098739624,0.0
11.0,-1.4040515422821045,-0.4927304685115814,0.0
11.0,-1.4017584323883057,-0.49921664595603943,0.0
11.0,-1.4013164043426514,-0.5063718557357788,0.0
11.0,-1.402715802192688,-0.5142219662666321,0.0
11.0,-1.4003233909606934,-0.5207017660140991,0.0
11.0,-1.4016437530517578,-0.5285818576812744,0.0
11.0,-1.3991849422454834,-0.5350565314292908,0.0
11.0,-1.4022904634475708,-0.5436887145042419,0.0
11.0,-1.403484582901001,-0.5516294836997986,0.0
11.0,-1.4009191989898682,-0.558112382888794,0.0
11.0,-1.4020328521728516,-0.5660809278488159,0.0
11.0,-1.3994007110595703,-0.5725570321083069,0.0
11.0,-1.4004337787628174,-0.5805526971817017,0.0
11.0,-1.3977346420288086,-0.5870212316513062,0.0
11.0,-1.400526762008667,-0.5958260297775269,0.0
11.0,-1.401430606842041,-0.6038777232170105,0.0
11.0,-1.3986237049102783,-0.6103506088256836,0.0
11.0,-1.3994455337524414,-0.6184272170066833,0.0
11.0,-1.3965712785720825,-0.6248907446861267,0.0
11.0,-1.3991327285766602,-0.6338168382644653,0.0
11.0,-1.3998231887817383,-0.6419461369514465,0.0
11.0,-1.3968403339385986,-0.6484111547470093,0.0
11.0,-1.397447943687439,-0.6565633416175842,0.0
11.0,-1.394397497177124,-0.663017213344574,0.0
11.0,-1.3985260725021362,-0.6729256510734558,0.0
11.0,-1.3953999280929565,-0.6793843507766724,0.0
11.0,-1.3958321809768677,-0.6875961422920227,0.0
11.0,-1.3980083465576172,-0.6967185139656067,0.0
11.0,-1.3947722911834717,-0.7031745910644531,0.0
11.0,-1.3968513011932373,-0.7123413681983948,0.0
11.0,-1.393543004989624,-0.7187919616699219,0.0
11.0,-1.3937513828277588,-0.7270772457122803,0.0
11.0,-1.397450566291809,-0.7372461557388306,0.0
11.0,-1.3940271139144897,-0.7436992526054382,0.0
11.0,-1.3958543539047241,-0.7529850006103516,0.0
11.0,-1.3923581838607788,-0.759430468082428,0.0
11.0,-1.394086241722107,-0.7687571048736572,0.0
11.0,-1.3905171155929565,-0.7751942873001099,0.0
11.0,-1.3938877582550049,-0.7855426073074341,0.0
11.0,-1.3954542875289917,-0.7949485182762146,0.0
11.0,-1.3917640447616577,-0.8013917207717896,0.0
11.0,-1.3932297229766846,-0.8108358383178711,0.0
11.0,-1.3894660472869873,-0.8172686100006104,0.0
11.0,-1.3925495147705078,-0.8277716636657715,0.0
11.0,-1.3938509225845337,-0.8372907042503357,0.0
11.0,-1.3899649381637573,-0.8437260985374451,0.0
11.0,-1.3928685188293457,-0.854326069355011,0.0
11.0,-1.3889037370681763,-0.8607566952705383,0.0
11.0,-1.3916897773742676,-0.8714145421981812,0.0
11.0,-1.3876460790634155,-0.8778395056724548,0.0
11.0,-1.3903136253356934,-0.8885539174079895,0.0
11.0,-1.3912312984466553,-0.898226797580719,0.0
11.0,-1.3870636224746704,-0.9046493768692017,0.0
11.0,-1.3912168741226196,-0.9165541529655457,0.0
11.0,-1.3869644403457642,-0.9229764938354492,0.0
11.0,-1.3893219232559204,-0.9338418841362,0.0
11.0,-1.391608476638794,-0.9447486996650696,0.0
11.0,-1.38722562789917,-0.9511725306510925,0.0
11.0,-1.3910343647003174,-0.9632691144943237,0.0
11.0,-1.3865660429000854,-0.9696900844573975,0.0
11.0,-1.3886024951934814,-0.9807054400444031,0.0
11.0,-1.3840535879135132,-0.9871149659156799,0.0
11.0,-1.3859665393829346,-0.9981786608695984,0.0
11.0,-1.38780677318573,-1.0092811584472656,0.0
11.0,-1.38312566280365,-1.0156866312026978,0.0
11.0,-1.380021572113037,-1.0232617855072021,0.0
11.0,-1.3752758502960205,-1.02963125705719,0.0
11.0,-1.367309808731079,-1.0335664749145508,0.0
11.0,-1.351387619972229,-1.0313833951950073,0.0
11.0,-1.3466047048568726,-1.0376203060150146,0.0
11.0,-1.3275858163833618,-1.0327826738357544,0.0
11.0,-1.3227967023849487,-1.0389095544815063,0.0
11.0,-1.308576226234436,-1.037558674812317,0.0
11.0,-1.2912741899490356,-1.0335991382598877,0.0
11.0,-1.2864816188812256,-1.0395581722259521,0.0
11.0,-1.2646141052246094,-1.0315886735916138,0.0
11.0,-1.259831190109253,-1.0374244451522827,0.0
11.0,-1.2427172660827637,-1.0330102443695068,0.0
11.0,-1.2256711721420288,-1.028460144996643,0.0
11.0,-1.2209031581878662,-1.0341157913208008,0.0
11.0,-1.205467939376831,-1.0306516885757446,0.0
11.0,-1.2006900310516357,-1.036213994026184,0.0
11.0,-1.1853300333023071,-1.0325583219528198,0.0
11.0,-1.1700297594070435,-1.0287829637527466,0.0
11.0,-1.1652607917785645,-1.0341814756393433,0.0
11.0,-1.1515288352966309,-1.0315510034561157,0.0
11.0,-1.1467472314834595,-1.036863923072815,0.0
11.0,-1.1316001415252686,-1.032717227935791,0.0
11.0,-1.1165162324905396,-1.02845299243927,0.0
11.0,-1.111749291419983,-1.0336041450500488,0.0
11.0,-1.0982080698013306,-1.0305217504501343,0.0
11.0,-1.093431830406189,-1.0355881452560425,0.0
11.0,-1.078512191772461,-1.0309585332870483,0.0
11.0,-1.0650981664657593,-1.027601957321167,0.0
11.0,-1.0603358745574951,-1.0325154066085815,0.0
11.0,-1.0484187602996826,-1.0303971767425537,0.0
11.0,-1.043643593788147,-1.0352333784103394,0.0
11.0,-1.0303657054901123,-1.0315572023391724,0.0
11.0,-1.025585412979126,-1.0363099575042725,0.0
11.0,-1.0123817920684814,-1.0324723720550537,0.0
11.0,-0.9992356300354004,-1.028535008430481,0.0
11.0,-0.9944696426391602,-1.0331437587738037,0.0
11.0,-0.9827808737754822,-1.030493974685669,0.0
11.0,-0.9711380004882812,-1.027758240699768,0.0
11.0,-0.9663759469985962,-1.03223717212677,0.0
11.0,-0.9547926783561707,-1.029362440109253,0.0
11.0,-0.950023353099823,-1.0337657928466797,0.0
11.0,-0.9371547102928162,-1.0292739868164062,0.0
11.0,-0.9323859810829163,-1.0335958003997803,0.0
11.0,-0.9196008443832397,-1.028948187828064,0.0
11.0,-0.9095304012298584,-1.0271992683410645,0.0
11.0,-0.9047715663909912,-1.0313934087753296,0.0
11.0,-0.8934336304664612,-1.0280176401138306,0.0
11.0,-0.8834513425827026,-1.0260748863220215,0.0
11.0,-0.8786979913711548,-1.0301483869552612,0.0
11.0,-0.8687623143196106,-1.0280894041061401,0.0
11.0,-0.8639997839927673,-1.0320950746536255,0.0
11.0,-0.8528352975845337,-1.0283812284469604,0.0
11.0,-0.8480715751647949,-1.0323131084442139,0.0
11.0,-0.8382401466369629,-1.0300180912017822,0.0
11.0,-0.8271929025650024,-1.0260974168777466,0.0
11.0,-0.8224400281906128,-1.0299108028411865,0.0
11.0,-0.812706470489502,-1.0274279117584229,0.0
11.0,-0.80794757604599,-1.0311743021011353,0.0
11.0,-0.7982666492462158,-1.0285788774490356,0.0
11.0,-0.788627028465271,-1.0259159803390503,0.0
11.0,-0.7838754057884216,-1.0295510292053223,0.0
11.0,-0.7754944562911987,-1.0283735990524292,0.0
11.0,-0.7707316279411316,-1.0319480895996094,0.0
11.0,-0.7611948251724243,-1.0290687084197998,0.0
11.0,-0.7517012357711792,-1.0261234045028687,0.0
11.0,-0.7469490170478821,-1.029587745666504,0.0
11.0,-0.7375131249427795,-1.0265332460403442,0.0
11.0,-0.7327591776847839,-1.0299320220947266,0.0
11.0,-0.7245339155197144,-1.028403878211975,0.0
11.0,-0.716338574886322,-1.0268218517303467,0.0
11.0,-0.7115834951400757,-1.0301227569580078,0.0
11.0,-0.7011678218841553,-1.0251476764678955,0.0
11.0,-0.6964206695556641,-1.0283784866333008,0.0
11.0,-0.6883172988891602,-1.0266036987304688,0.0
11.0,-0.6835635304450989,-1.0297751426696777,0.0
11.0,-0.6765984892845154,-1.0295816659927368,0.0
11.0,-0.6674685478210449,-1.0259929895401,0.0
11.0,-0.662717878818512,-1.0290679931640625,0.0
11.0,-0.6547278165817261,-1.0270615816116333,0.0
11.0,-0.6467704772949219,-1.025003433227539,0.0
11.0,-0.642024576663971,-1.0279827117919922,0.0
11.0,-0.6341102123260498,-1.0258363485336304,0.0
11.0,-0.6293606162071228,-1.028757095336914,0.0
11.0,-0.6214901208877563,-1.0265233516693115,0.0
11.0,-0.6167374849319458,-1.0293856859207153,0.0
11.0,-0.6089117527008057,-1.0270649194717407,0.0
11.0,-0.6011207699775696,-1.0246939659118652,0.0
11.0,-0.5963768362998962,-1.0274622440338135,0.0
11.0,-0.5886321663856506,-1.0250054597854614,0.0
11.0,-0.5838868618011475,-1.027716040611267,0.0
11.0,-0.5771692395210266,-1.0269174575805664,0.0
11.0,-0.5704716444015503,-1.0260790586471558,0.0
11.0,-0.5657215714454651,-1.0287055969238281,0.0
11.0,-0.5580925345420837,-1.0260393619537354,0.0
11.0,-0.5533427596092224,-1.0286086797714233,0.0
11.0,-0.5467025637626648,-1.0276246070861816,0.0
11.0,-0.5391520857810974,-1.0248311758041382,0.0
11.0,-0.5344080924987793,-1.027312994003296,0.0
11.0,-0.5278232097625732,-1.0262157917022705,0.0
11.0,-0.5230730175971985,-1.0286450386047363,0.0
11.0,-0.5156167149543762,-1.0256916284561157,0.0
11.0,-0.5090890526771545,-1.0244824886322021,0.0
11.0,-0.5043470859527588,-1.0268253087997437,0.0
11.0,-0.49697399139404297,-1.0237483978271484,0.0
11.0,-0.4922355115413666,-1.026035189628601,0.0
11.0,-0.4857729971408844,-1.0246855020523071,0.0
11.0,-0.47848519682884216,-1.0214871168136597,0.0
11.0,-0.47375738620758057,-1.0236884355545044,0.0
11.0,-0.46735620498657227,-1.0222299098968506,0.0
11.0,-0.46262505650520325,-1.0243797302246094,0.0
11.0,-0.4570693075656891,-1.0246812105178833,0.0
11.0,-0.4523269236087799,-1.0267834663391113,0.0
11.0,-0.4459792673587799,-1.025195837020874,0.0
11.0,-0.43965595960617065,-1.023571491241455,0.0
11.0,-0.43491891026496887,-1.0255931615829468,0.0
11.0,-0.42862799763679504,-1.0239033699035645,0.0
11.0,-0.42236196994781494,-1.0221772193908691,0.0
11.0,-0.4176315367221832,-1.0241190195083618,0.0
11.0,-0.41139891743659973,-1.0223281383514404,0.0
11.0,-0.40666791796684265,-1.024219274520874,0.0
11.0,-0.4011988043785095,-1.0242263078689575,0.0
11.0,-0.3964591324329376,-1.026070237159729,0.0
11.0,-0.3909987807273865,-1.0260233879089355,0.0
11.0,-0.38554733991622925,-1.02594792842865,0.0
11.0,-0.38079988956451416,-1.027719497680664,0.0
11.0,-0.37604427337646484,-1.0294691324234009,0.0
11.0,-0.37128064036369324,-1.0311967134475708,0.0
11.0,-0.36584025621414185,-1.0310174226760864,0.0
11.0,-0.3604094982147217,-1.0308098793029785,0.0
11.0,-0.35563981533050537,-1.0324652194976807,0.0
11.0,-0.3495773673057556,-1.0303105115890503,0.0
11.0,-0.3448100984096527,-1.0319157838821411,0.0
11.0,-0.3387853503227234,-1.0296992063522339,0.0
11.0,-0.33402103185653687,-1.031254529953003,0.0
11.0,-0.3286421298980713,-1.0308823585510254,0.0
11.0,-0.3226751387119293,-1.0285741090774536,0.0
11.0,-0.31791621446609497,-1.0300549268722534,0.0
11.0,-0.3125694990158081,-1.0296000242233276,0.0
11.0,-0.3078059256076813,-1.0310341119766235,0.0
11.0,-0.3024725317955017,-1.0305272340774536,0.0
11.0,-0.29659605026245117,-1.028071403503418,0.0
11.0,-0.29183971881866455,-1.029431700706482,0.0
11.0,-0.28654053807258606,-1.0288432836532593,0.0
11.0,-0.28125306963920593,-1.0282279253005981,0.0
11.0,-0.27649617195129395,-1.0295172929763794,0.0
11.0,-0.270713746547699,-1.0269168615341187,0.0
11.0,-0.26596304774284363,-1.0281574726104736,0.0
11.0,-0.26071470975875854,-1.027437448501587,0.0
11.0,-0.25596168637275696,-1.0286318063735962,0.0
11.0,-0.2507292628288269,-1.02786123752594,0.0
11.0,-0.24550941586494446,-1.027064323425293,0.0
11.0,-0.2407582849264145,-1.0281884670257568,0.0
11.0,-0.23555505275726318,-1.0273411273956299,0.0
11.0,-0.2308027595281601,-1.0284192562103271,0.0
11.0,-0.22604551911354065,-1.0294753313064575,0.0
11.0,-0.22086356580257416,-1.028554081916809,0.0
11.0,-0.21610581874847412,-1.0295641422271729,0.0
11.0,-0.21053984761238098,-1.0266337394714355,0.0
11.0,-0.20579108595848083,-1.0275962352752686,0.0
11.0,-0.2006542831659317,-1.026573896408081,0.0
11.0,-0.1959058940410614,-1.0274906158447266,0.0
11.0,-0.19078783690929413,-1.0264190435409546,0.0
11.0,-0.18568389117717743,-1.0253221988677979,0.0
11.0,-0.18094146251678467,-1.026169776916504,0.0
11.0,-0.1761951595544815,-1.026995301246643,0.0
11.0,-0.1714451014995575,-1.0277990102767944,0.0
11.0,-0.1663714051246643,-1.0266063213348389,0.0
11.0,-0.16131243109703064,-1.0253888368606567,0.0
11.0,-0.1565699577331543,-1.0261236429214478,0.0
11.0,-0.1512390822172165,-1.022879719734192,0.0
11.0,-0.14650830626487732,-1.0235679149627686,0.0
11.0,-0.14177440106868744,-1.024234414100647,0.0
11.0,-0.13677239418029785,-1.0228965282440186,0.0
11.0,-0.13204170763492584,-1.0235178470611572,0.0
11.0,-0.12706147134304047,-1.0221327543258667,0.0
11.0,-0.12233441323041916,-1.0227092504501343,0.0
11.0,-0.11760473996400833,-1.023263931274414,0.0
11.0,-0.11287254840135574,-1.0237966775894165,0.0
11.0,-0.10813795030117035,-1.0243076086044312,0.0
11.0,-0.103200264275074,-1.0228067636489868,0.0
11.0,-0.09847034513950348,-1.02327299118042,0.0
11.0,-0.09373831748962402,-1.0237172842025757,0.0
11.0,-0.08900429308414459,-1.0241397619247437,0.0
11.0,-0.08410441875457764,-1.0225470066070557,0.0
11.0,-0.07937590032815933,-1.0229250192642212,0.0
11.0,-0.07464569061994553,-1.0232809782028198,0.0
11.0,-0.07005016505718231,-1.0256105661392212,0.0
11.0,-0.06530763953924179,-1.025923490524292,0.0
11.0,-0.060445886105298996,-1.024217963218689,0.0
11.0,-0.055709902197122574,-1.0244864225387573,0.0
11.0,-0.05087336152791977,-1.022735595703125,0.0
11.0,-0.046144332736730576,-1.02295982837677,0.0
11.0,-0.04141431301832199,-1.0231622457504272,0.0
11.0,-0.03668341040611267,-1.0233427286148071,0.0
11.0,-0.03188931569457054,-1.0215022563934326,0.0
11.0,-0.02716618962585926,-1.0216388702392578,0.0
11.0,-0.02244248241186142,-1.0217535495758057,0.0
11.0,-0.017718294635415077,-1.0218462944030762,0.0
11.0,-0.012993729673326015,-1.0219173431396484,0.0
11.0,-0.008268886245787144,-1.0219664573669434,0.0
11.0,-0.0035508018918335438,-1.0239938497543335,0.0
11.0,0.0011835411423817277,-1.0239993333816528,0.0
11.0,0.005917858798056841,-1.0239830017089844,0.0
11.0,0.010631244629621506,-1.0219446420669556,0.0
11.0,0.01535596139729023,-1.021884560585022,0.0
11.0,0.02008035033941269,-1.0218026638031006,0.0
11.0,0.024804310873150826,-1.0216989517211914,0.0
11.0,0.029527738690376282,-1.0215733051300049,0.0
11.0,0.03425053879618645,-1.0214258432388306,0.0
11.0,0.038972605019807816,-1.0212565660476685,0.0
11.0,0.04369383677840233,-1.0210654735565186,0.0
11.0,0.048414137214422226,-1.0208525657653809,0.0
11.0,0.05313339829444885,-1.0206178426742554,0.0
11.0,0.05785152688622475,-1.020361304283142,0.0
11.0,0.06256841868162155,-1.0200828313827515,0.0
11.0,0.06741565465927124,-1.0217784643173218,0.0
11.0,0.07213899493217468,-1.0214558839797974,0.0
11.0,0.07686079293489456,-1.0211113691329956,0.0
11.0,0.08158095180988312,-1.0207451581954956,0.0
11.0,0.0862993597984314,-1.0203570127487183,0.0
11.0,0.09101593494415283,-1.0199471712112427,0.0
11.0,0.09573055803775787,-1.0195153951644897,0.0
11.0,0.10044313222169876,-1.0190619230270386,0.0
11.0,0.10515356063842773,-1.0185866355895996,0.0
11.0,0.10986173897981644,-1.0180896520614624,0.0
11.0,0.1145675778388977,-1.0175708532333374,0.0
11.0,0.11927095800638199,-1.0170302391052246,0.0
11.0,0.12397179752588272,-1.0164679288864136,0.0
11.0,0.12866997718811035,-1.0158839225769043,0.0
11.0,0.13336540758609772,-1.0152782201766968,0.0
11.0,0.13832764327526093,-1.0166324377059937,0.0
11.0,0.1430264264345169,-1.0159820318222046,0.0
11.0,0.14801011979579926,-1.0172890424728394,0.0
11.0,0.15271183848381042,-1.0165938138961792,0.0
11.0,0.1577165424823761,-1.0178533792495728,0.0
11.0,0.16242077946662903,-1.0171133279800415,0.0
11.0,0.1671215295791626,-1.0163514614105225,0.0
11.0,0.17181871831417084,-1.0155678987503052,0.0
11.0,0.1765122264623642,-1.0147627592086792,0.0
11.0,0.1812019646167755,-1.0139358043670654,0.0
11.0,0.18588782846927643,-1.0130871534347534,0.0
11.0,0.1909397542476654,-1.0141823291778564,0.0
11.0,0.19600580632686615,-1.0152525901794434,0.0
11.0,0.20069760084152222,-1.0143355131149292,0.0
11.0,0.20578236877918243,-1.0153568983078003,0.0
11.0,0.21047453582286835,-1.0143946409225464,0.0
11.0,0.21557757258415222,-1.015367031097412,0.0
11.0,0.2211185246706009,-1.0182684659957886,0.0
11.0,0.2258239984512329,-1.017235279083252,0.0
11.0,0.23096710443496704,-1.0181307792663574,0.0
11.0,0.23567183315753937,-1.0170520544052124,0.0
11.0,0.24083200097084045,-1.0178978443145752,0.0
11.0,0.24553555250167847,-1.0167734622955322,0.0
11.0,0.2507123053073883,-1.0175693035125732,0.0
11.0,0.25590163469314575,-1.018338918685913,0.0
11.0,0.2606070637702942,-1.0171449184417725,0.0
11.0,0.26581230759620667,-1.0178643465042114,0.0
11.0,0.27051541209220886,-1.0166245698928833,0.0
11.0,0.27521276473999023,-1.0153629779815674,0.0
11.0,0.28043636679649353,-1.016007661819458,0.0
11.0,0.28513073921203613,-1.014700174331665,0.0
11.0,0.2903689742088318,-1.0152939558029175,0.0
11.0,0.2950599491596222,-1.013940691947937,0.0
11.0,0.3003123104572296,-1.0144833326339722,0.0
11.0,0.304999440908432,-1.013084053993225,0.0
11.0,0.3102654218673706,-1.0135754346847534,0.0
11.0,0.3155425190925598,-1.0140399932861328,0.0
11.0,0.3202274441719055,-1.0125702619552612,0.0
11.0,0.3261292278766632,-1.0148869752883911,0.0
11.0,0.33081793785095215,-1.0133683681488037,0.0
11.0,0.3361290395259857,-1.0137263536453247,0.0
11.0,0.3414505422115326,-1.0140570402145386,0.0
11.0,0.3461352586746216,-1.0124675035476685,0.0
11.0,0.3514682948589325,-1.0127458572387695,0.0
11.0,0.35614684224128723,-1.0111100673675537,0.0
11.0,0.3614909052848816,-1.011335849761963,0.0
11.0,0.36616283655166626,-1.0096538066864014,0.0
11.0,0.3728986084461212,-1.0135811567306519,0.0
11.0,0.37827998399734497,-1.0137200355529785,0.0
11.0,0.38296276330947876,-1.0119602680206299,0.0
11.0,0.3883538544178009,-1.0120460987091064,0.0
11.0,0.39302876591682434,-1.0102397203445435,0.0
11.0,0.3984290063381195,-1.0102723836898804,0.0
11.0,0.40532270073890686,-1.013990879058838,0.0
11.0,0.41000640392303467,-1.0121060609817505,0.0
11.0,0.41695985198020935,-1.0157502889633179,0.0
11.0,0.42165160179138184,-1.0138115882873535,0.0
11.0,0.4278874397277832,-1.0155375003814697,0.0
11.0,0.43257805705070496,-1.0135483741760254,0.0
11.0,0.4372594654560089,-1.0115375518798828,0.0
11.0,0.44353556632995605,-1.013169288635254,0.0
11.0,0.4482150971889496,-1.0111078023910522,0.0
11.0,0.4553419351577759,-1.0144987106323242,0.0
11.0,0.4600274860858917,-1.0123826265335083,0.0
11.0,0.46553897857666016,-1.0120619535446167,0.0
11.0,0.47274571657180786,-1.0153380632400513,0.0
11.0,0.4774349331855774,-1.0131416320800781,0.0
11.0,0.48383578658103943,-1.0145337581634521,0.0
11.0,0.48852118849754333,-1.0122859477996826,0.0
11.0,0.494073748588562,-1.0118138790130615,0.0
11.0,0.49874645471572876,-1.0095187425613403,0.0
11.0,0.5060909390449524,-1.0125689506530762,0.0
11.0,0.5125718712806702,-1.0137879848480225,0.0
11.0,0.5172535181045532,-1.0114073753356934,0.0
11.0,0.5237618684768677,-1.012557864189148,0.0
11.0,0.5284376740455627,-1.0101255178451538,0.0
11.0,0.5349727869033813,-1.0112073421478271,0.0
11.0,0.5396422743797302,-1.0087231397628784,0.0
11.0,0.545251727104187,-1.0079765319824219,0.0
11.0,0.5527852177619934,-1.0107088088989258,0.0
11.0,0.5574522018432617,-1.008142352104187,0.0
11.0,0.5660107731819153,-1.0125372409820557,0.0
11.0,0.5706861019134521,-1.0099095106124878,0.0
11.0,0.5773331522941589,-1.0107336044311523,0.0
11.0,0.5849999189376831,-1.0132497549057007,0.0
11.0,0.5896783471107483,-1.0105341672897339,0.0
11.0,0.5963760614395142,-1.0112426280975342,0.0
11.0,0.6010450720787048,-1.008474588394165,0.0
11.0,0.6077648997306824,-1.0091114044189453,0.0
11.0,0.6124238967895508,-1.0062906742095947,0.0
11.0,0.6191651225090027,-1.006855845451355,0.0
11.0,0.6259245872497559,-1.0073798894882202,0.0
11.0,0.63057541847229,-1.0044753551483154,0.0
11.0,0.6405686736106873,-1.0099939107894897,0.0
11.0,0.6452313661575317,-1.0070215463638306,0.0
11.0,0.6531406044960022,-1.0090645551681519,0.0
11.0,0.6599879264831543,-1.009381890296936,0.0
11.0,0.6646475791931152,-1.0063197612762451,0.0
11.0,0.6726229190826416,-1.0082273483276367,0.0
11.0,0.677277147769928,-1.005106806755066,0.0
11.0,0.6841674447059631,-1.005271553993225,0.0
11.0,0.6888078451156616,-1.0020976066589355,0.0
11.0,0.6979956030845642,-1.0054740905761719,0.0
11.0,0.7072292566299438,-1.0087867975234985,0.0
11.0,0.7118856906890869,-1.005506157875061,0.0
11.0,0.7200165390968323,-1.0070850849151611,0.0
11.0,0.7246649265289307,-1.003745436668396,0.0
11.0,0.7328324317932129,-1.005232572555542,0.0
11.0,0.7374721169471741,-1.0018336772918701,0.0
11.0,0.7468684315681458,-1.0048340559005737,0.0
11.0,0.7563081383705139,-1.0077687501907349,0.0
11.0,0.7609593868255615,-1.0042613744735718,0.0
11.0,0.7704552412033081,-1.0070862770080566,0.0
11.0,0.7751031517982483,-1.0035134553909302,0.0
11.0,0.784653902053833,-1.006227731704712,0.0
11.0,0.7930091023445129,-1.0073035955429077,0.0
11.0,0.7976577281951904,-1.0036264657974243,0.0
11.0,0.8072958588600159,-1.0061676502227783,0.0
11.0,0.8119391202926636,-1.0024244785308838,0.0
11.0,0.8228949904441833,-1.0064014196395874,0.0
11.0,0.8275391459465027,-1.002586007118225,0.0
11.0,0.837286651134491,-1.0048954486846924,0.0
11.0,0.8470731377601624,-1.0071361064910889,0.0
11.0,0.8517204523086548,-1.0032089948654175,0.0
11.0,0.8615553379058838,-1.0053349733352661,0.0
11.0,0.8661941289901733,-1.0013409852981567,0.0
11.0,0.8760762214660645,-1.0033516883850098,0.0
11.0,0.8873175978660583,-1.006792664527893,0.0
11.0,0.8919628858566284,-1.002679467201233,0.0
11.0,0.9032701253890991,-1.0059856176376343,0.0
11.0,0.907911479473114,-1.0017987489700317,0.0
11.0,0.9192829728126526,-1.0049690008163452,0.0
11.0,0.9239194989204407,-1.0007081031799316,0.0
11.0,0.935353696346283,-1.00374174118042,0.0
11.0,0.9468355774879456,-1.0066907405853271,0.0
11.0,0.9514797925949097,-1.0023024082183838,0.0
11.0,0.9644055962562561,-1.0065574645996094,0.0
11.0,0.9690489768981934,-1.002087950706482,0.0
11.0,0.9848471283912659,-1.009047031402588,0.0
11.0,0.9895018339157104,-1.0044829845428467,0.0
11.0,1.006826400756836,-1.0126620531082153,0.0
11.0,1.0270808935165405,-1.0235257148742676,0.0
11.0,1.0318020582199097,-1.018766164779663,0.0
11.0,1.0522273778915405,-1.0293694734573364,0.0
11.0,1.0569753646850586,-1.0244935750961304,0.0
11.0,1.0761258602142334,-1.0334490537643433,0.0
11.0,1.0808924436569214,-1.0284626483917236,0.0
11.0,1.1030992269515991,-1.0399174690246582,0.0
11.0,1.1239728927612305,-1.04982328414917,0.0
11.0,1.1288145780563354,-1.0446155071258545,0.0
11.0,1.1483738422393799,-1.0529013872146606,0.0
11.0,1.1532294750213623,-1.0475808382034302,0.0
11.0,1.1758997440338135,-1.0582928657531738,0.0
11.0,1.180780053138733,-1.0528448820114136,0.0
11.0,1.2051209211349487,-1.064587950706482,0.0
11.0,1.2265851497650146,-1.0734937191009521,0.0
11.0,1.2315351963043213,-1.0678112506866455,0.0
11.0,1.2546645402908325,-1.077744483947754,0.0
11.0,1.2596338987350464,-1.071932077407837,0.0
11.0,1.2844548225402832,-1.0828553438186646,0.0
11.0,1.289447546005249,-1.0769052505493164,0.0
11.0,1.1557255983352661,-0.9561894536018372,0.0
11.0,1.1601340770721436,-0.9508358836174011,0.0
11.0,1.1645177602767944,-0.9454619884490967,0.0
11.0,1.1688765287399292,-0.9400678873062134,0.0
11.0,1.1951103210449219,-0.9521005153656006,0.0
11.0,1.1994993686676025,-0.9465649127960205,0.0
11.0,1.2038629055023193,-0.9410091042518616,0.0
11.0,1.2082006931304932,-0.9354330897331238,0.0
11.0,1.2363184690475464,-0.9480931162834167,0.0
11.0,1.240688681602478,-0.9423670172691345,0.0
11.0,1.2690060138702393,-0.9546558856964111,0.0
11.0,1.2974629402160645,-0.9667025804519653,0.0
11.0,1.3019185066223145,-0.9606935977935791,0.0
11.0,1.33218252658844,-0.9735449552536011,0.0
11.0,1.3366693258285522,-0.9673753380775452,0.0
11.0,1.3671373128890991,-0.9798263311386108,0.0
11.0,1.3716528415679932,-0.9734950661659241,0.0
11.0,1.4006836414337158,-0.9843928217887878,0.0
11.0,1.431485652923584,-0.9961850047111511,0.0
11.0,1.4360761642456055,-0.989556074142456,0.0
11.0,1.4637653827667236,-0.9986866116523743,0.0
11.0,1.4683669805526733,-0.9919083714485168,0.0
11.0,1.4928867816925049,-0.9984513521194458,0.0
11.0,1.4974870681762695,-0.9915385246276855,0.0
11.0,1.5204545259475708,-0.9966652989387512,0.0
11.0,1.5418235063552856,-1.0005120038986206,0.0
11.0,1.5464328527450562,-0.993372917175293,0.0
11.0,1.564510703086853,-0.9947975873947144,0.0
11.0,1.5690932273864746,-0.9875536561012268,0.0
11.0,1.575339913368225,-0.981346070766449,0.0
11.0,1.574752926826477,-0.9709033966064453,0.0
11.0,1.579224944114685,-0.9636123180389404,0.0
11.0,1.5733908414840698,-0.9500976800918579,0.0
11.0,1.5777666568756104,-0.9428131580352783,0.0
11.0,1.5752224922180176,-0.9314365983009338,0.0
11.0,1.5743333101272583,-0.9211137890815735,0.0
11.0,1.5785751342773438,-0.9138252139091492,0.0
11.0,1.581047773361206,-0.9055231213569641,0.0
11.0,1.5852173566818237,-0.8982036709785461,0.0
11.0,1.599820852279663,-0.8967323899269104,0.0
11.0,1.603949785232544,-0.889326274394989,0.0
11.0,1.6238266229629517,-0.8905566334724426,0.0
11.0,1.6455068588256836,-0.8925756216049194,0.0
11.0,1.649616003036499,-0.8849582672119141,0.0
11.0,1.6678239107131958,-0.8848205208778381,0.0
11.0,1.6718969345092773,-0.8771001100540161,0.0
11.0,1.6865863800048828,-0.8748865127563477,0.0
11.0,1.6906132698059082,-0.8670794367790222,0.0
11.0,1.4674683809280396,-0.7186740040779114,0.0
11.0,1.4707753658294678,-0.711881697177887,0.0
11.0,1.4740509986877441,-0.7050741314888,0.0
11.0,1.4772950410842896,-0.6982515454292297,0.0
11.0,1.493192434310913,-0.6973379850387573,0.0
11.0,1.4964005947113037,-0.6904269456863403,0.0
11.0,1.4995766878128052,-0.683501124382019,0.0
11.0,1.5027207136154175,-0.6765607595443726,0.0
11.0,1.5204523801803589,-0.6761069297790527,0.0
11.0,1.5235620737075806,-0.6690700650215149,0.0
11.0,1.5394834280014038,-0.6675887703895569,0.0
11.0,1.5554234981536865,-0.665974497795105,0.0
11.0,1.5584858655929565,-0.658776044845581,0.0
11.0,1.5652064085006714,-0.6531038880348206,0.0
11.0,1.5682092905044556,-0.6458603739738464,0.0
11.0,1.56747305393219,-0.6370969414710999,0.0
11.0,1.5648329257965088,-0.6276096105575562,0.0
11.0,1.5677179098129272,-0.6203681230545044,0.0
11.0,1.5649800300598145,-0.610931396484375,0.0
11.0,1.5677878856658936,-0.6036893725395203,0.0
11.0,1.5649532079696655,-0.5943043828010559,0.0
11.0,1.5676841735839844,-0.587062656879425,0.0
11.0,1.5647529363632202,-0.5777302384376526,0.0
11.0,1.5636485815048218,-0.5691215395927429,0.0
11.0,1.5662630796432495,-0.5618861317634583,0.0
11.0,1.5650728940963745,-0.553305447101593,0.0
11.0,1.567614197731018,-0.5460636019706726,0.0
11.0,1.564447045326233,-0.5368626117706299,0.0
11.0,1.5631229877471924,-0.5283430218696594,0.0
11.0,1.5655490159988403,-0.521110475063324,0.0
11.0,1.5641405582427979,-0.5126210451126099,0.0
11.0,1.5664938688278198,-0.5053839683532715,0.0
11.0,1.5650012493133545,-0.4969255328178406,0.0
11.0,1.5615551471710205,-0.48789530992507935,0.0
11.0,1.5637941360473633,-0.4806704521179199,0.0
11.0,1.5621708631515503,-0.4722777307033539,0.0
11.0,1.5643376111984253,-0.46505019068717957,0.0
11.0,1.5626317262649536,-0.45669063925743103,0.0
11.0,1.5608818531036377,-0.4483567774295807,0.0
11.0,1.5629380941390991,-0.441135436296463,0.0
11.0,1.5611063241958618,-0.43283596634864807,0.0
11.0,1.5630908012390137,-0.42561376094818115,0.0
11.0,1.5611776113510132,-0.4173494279384613,0.0
11.0,1.5592213869094849,-0.409111887216568,0.0
11.0,1.56109619140625,-0.40189865231513977,0.0
11.0,1.5551811456680298,-0.3927181363105774,0.0
11.0,1.5569802522659302,-0.3855237364768982,0.0
11.0,1.5470845699310303,-0.37549081444740295,0.0
11.0,1.5488040447235107,-0.3683340549468994,0.0
11.0,1.5407512187957764,-0.3589007556438446,0.0
11.0,1.566230058670044,-0.15620256960391998,0.0
11.0,1.5669355392456055,-0.14895963668823242,0.0
11.0,1.5676075220108032,-0.14171351492404938,0.0
11.0,1.5682458877563477,-0.13446436822414398,0.0
11.0,1.558883547782898,-0.12640413641929626,0.0
11.0,1.5594513416290283,-0.11919549107551575,0.0
11.0,1.5599857568740845,-0.11198429018259048,0.0
11.0,1.5545002222061157,-0.10436876118183136,0.0
11.0,1.5549662113189697,-0.09718061238527298,0.0
11.0,1.5553988218307495,-0.08999038487672806,0.0
11.0,1.5557982921600342,-0.08279823511838913,0.0
11.0,1.5601598024368286,-0.07579842954874039,0.0
11.0,1.570483922958374,-0.069023497402668,0.0
11.0,1.5707862377166748,-0.061761826276779175,0.0
11.0,1.5810490846633911,-0.054845523089170456,0.0
11.0,1.5812857151031494,-0.047535158693790436,0.0
11.0,1.589486002922058,-0.04042718559503555,0.0
11.0,1.589655876159668,-0.033077966421842575,0.0
11.0,1.5997905731201172,-0.02588985301554203,0.0
11.0,1.6118923425674438,-0.018631847575306892,0.0
11.0,1.6119612455368042,-0.011179269291460514,0.0
11.0,1.6219956874847412,-0.0037495694123208523,0.0
11.0,1.6219956874847412,0.0037495605647563934,0.0
11.0,1.6319607496261597,0.011317960917949677,0.0
11.0,1.641890287399292,0.018978584557771683,0.0
11.0,1.6417850255966187,0.02656945027410984,0.0
11.0,1.6516424417495728,0.03436778858304024,0.0
11.0,1.651465892791748,0.0420035794377327,0.0
11.0,1.6632486581802368,0.049999043345451355,0.0
11.0,1.6629997491836548,0.05768832564353943,0.0
11.0,1.6727075576782227,0.065769262611866,0.0
11.0,1.4375170469284058,0.23125851154327393,0.0
11.0,1.4364326000213623,0.2379022240638733,0.0
11.0,1.4353172779083252,0.24454084038734436,0.0
11.0,1.4341713190078735,0.2511742413043976,0.0
11.0,1.4435880184173584,0.26660409569740295,0.0
11.0,1.4423400163650513,0.2732754945755005,0.0
11.0,1.4410611391067505,0.27994105219841003,0.0
11.0,1.4397515058517456,0.28660061955451965,0.0
11.0,1.4521287679672241,0.2960507571697235,0.0
11.0,1.4507445096969604,0.3027613162994385,0.0
11.0,1.4630206823349,0.3123888671398163,0.0
11.0,1.47523832321167,0.3221362829208374,0.0
11.0,1.4737331867218018,0.32895341515541077,0.0
11.0,1.4819462299346924,0.33798712491989136,0.0
11.0,1.4803677797317505,0.344835102558136,0.0
11.0,1.494323492050171,0.35537755489349365,0.0
11.0,1.4926645755767822,0.36228257417678833,0.0
11.0,1.5103873014450073,0.3739868700504303,0.0
11.0,1.5299724340438843,0.3863523602485657,0.0
11.0,1.528169870376587,0.39342185854911804,0.0
11.0,1.5514832735061646,0.4070815443992615,0.0
11.0,1.5495846271514893,0.41425028443336487,0.0
11.0,1.5688800811767578,0.4271901249885559,0.0
11.0,1.5668882131576538,0.4344390630722046,0.0
11.0,1.5821861028671265,0.44656816124916077,0.0
11.0,1.5935604572296143,0.4577435553073883,0.0
11.0,1.5914270877838135,0.4651062786579132,0.0
11.0,1.6045963764190674,0.4770183861255646,0.0
11.0,1.6023738384246826,0.4844319522380829,0.0
11.0,1.6154108047485352,0.4965360760688782,0.0
11.0,1.613097906112671,0.5039994120597839,0.0
11.0,1.6240938901901245,0.5156888365745544,0.0
11.0,1.6350160837173462,0.5274906754493713,0.0
11.0,1.632559895515442,0.5350443124771118,0.0
11.0,1.6433521509170532,0.5470080375671387,0.0
11.0,1.6408054828643799,0.5546000599861145,0.0
11.0,1.6495741605758667,0.5660751461982727,0.0
11.0,1.6582715511322021,0.5776432156562805,0.0
11.0,1.655583143234253,0.5853038430213928,0.0
11.0,1.426956057548523,0.5119106769561768,0.0
11.0,1.4245740175247192,0.5185025334358215,0.0
11.0,1.42216157913208,0.5250833630561829,0.0
11.0,1.4347025156021118,0.5372639894485474,0.0
11.0,1.4322031736373901,0.543891429901123,0.0
11.0,1.4427381753921509,0.5555379986763,0.0
11.0,1.4401543140411377,0.5622023940086365,0.0
11.0,1.4542769193649292,0.5754778981208801,0.0
11.0,1.466450810432434,0.5881513357162476,0.0
11.0,1.46371591091156,0.594925045967102,0.0
11.0,1.4775934219360352,0.6085406541824341,0.0
11.0,1.4747642278671265,0.6153655648231506,0.0
11.0,1.48848295211792,0.629185676574707,0.0
11.0,1.5021051168441772,0.6431455016136169,0.0
11.0,1.4991154670715332,0.6500834226608276,0.0
11.0,1.5144060850143433,0.6650491952896118,0.0
11.0,1.511315107345581,0.6720437407493591,0.0
11.0,1.5264286994934082,0.68723464012146,0.0
11.0,1.5232350826263428,0.6942845582962036,0.0
11.0,1.5290889739990234,0.7055090665817261,0.0
11.0,1.5312471389770508,0.7151099443435669,0.0
11.0,1.5279245376586914,0.7221818566322327,0.0
11.0,1.5299819707870483,0.7318272590637207,0.0
11.0,1.52658212184906,0.7388931512832642,0.0
11.0,1.5285381078720093,0.748582124710083,0.0
11.0,1.525060772895813,0.7556411623954773,0.0
11.0,1.5269147157669067,0.765372633934021,0.0
11.0,1.528711199760437,0.7751374244689941,0.0
11.0,1.5251110792160034,0.7821969389915466,0.0
11.0,1.5268045663833618,0.7920025587081909,0.0
11.0,1.523126482963562,0.7990530729293823,0.0
11.0,1.5264829397201538,0.8098357319831848,0.0
11.0,1.5280096530914307,0.8197209239006042,0.0
11.0,1.5242034196853638,0.8267767429351807,0.0
11.0,1.523871898651123,0.8357383608818054,0.0
11.0,1.5199916362762451,0.8427748680114746,0.0
11.0,1.517823576927185,0.8507711887359619,0.0
11.0,1.5138739347457886,0.8577795624732971,0.0
11.0,1.5064208507537842,0.8627815842628479,0.0
11.0,1.4833760261535645,0.8587151169776917,0.0
11.0,1.4793899059295654,0.8655641674995422,0.0
11.0,1.2598967552185059,1.123389482498169,0.0
11.0,1.2546894550323486,1.1292024850845337,0.0
11.0,1.2494553327560425,1.1349912881851196,0.0
11.0,1.244194507598877,1.1407558917999268,0.0
11.0,1.228631854057312,1.1369872093200684,0.0
11.0,1.2233619689941406,1.1426554918289185,0.0
11.0,1.2180659770965576,1.1482993364334106,0.0
11.0,1.2040504217147827,1.1456466913223267,0.0
11.0,1.1987407207489014,1.1512012481689453,0.0
11.0,1.1905333995819092,1.1539472341537476,0.0
11.0,1.185185432434082,1.159439206123352,0.0
11.0,1.1769659519195557,1.1620960235595703,0.0
11.0,1.1659139394760132,1.1618781089782715,0.0
11.0,1.1605297327041626,1.1672561168670654,0.0
11.0,1.1438921689987183,1.1612107753753662,0.0
11.0,1.138511300086975,1.1664870977401733,0.0
11.0,1.1261544227600098,1.1645498275756836,0.0
11.0,0.9507970809936523,1.3042165040969849,0.0
11.0,0.9447569847106934,1.308598518371582,0.0
11.0,0.9386968016624451,1.3129525184631348,0.0
11.0,0.9326164722442627,1.3172783851623535,0.0
11.0,0.9196276664733887,1.3117502927780151,0.0
11.0,0.910131573677063,1.3110592365264893,0.0
11.0,0.9040603041648865,1.3152531385421753,0.0
11.0,0.8968445062637329,1.317765474319458,0.0
11.0,0.8907423615455627,1.3218978643417358,0.0
11.0,0.8835113048553467,1.3243381977081299,0.0
11.0,0.8762767314910889,1.326740026473999,0.0
11.0,0.8701333403587341,1.3307772874832153,0.0
11.0,0.8628846406936646,1.3331069946289062,0.0
11.0,0.8567119836807251,1.3370821475982666,0.0
11.0,0.8505209684371948,1.3410288095474243,0.0
11.0,0.8443118333816528,1.3449467420578003,0.0
11.0,0.8380845785140991,1.3488359451293945,0.0
11.0,0.8318394422531128,1.3526962995529175,0.0
11.0,0.8255765438079834,1.3565278053283691,0.0
11.0,0.8182640671730042,1.358616828918457,0.0
11.0,0.8119739294052124,1.3623855113983154,0.0
11.0,0.805666446685791,1.3661249876022339,0.0
11.0,0.7983337640762329,1.3681079149246216,0.0
11.0,0.7919999361038208,1.3717842102050781,0.0
11.0,0.7856492400169373,1.3754312992095947,0.0
11.0,0.7792816758155823,1.3790489435195923,0.0
11.0,0.7728975415229797,1.3826371431350708,0.0
11.0,0.7664967775344849,1.3861957788467407,0.0
11.0,0.7600797414779663,1.3897247314453125,0.0
11.0,0.7536463737487793,1.3932240009307861,0.0
11.0,0.7471969127655029,1.396693468093872,0.0
11.0,0.7407315373420715,1.4001331329345703,0.0
11.0,0.7342502474784851,1.4035428762435913,0.0
11.0,0.7286721467971802,1.4086989164352417,0.0
11.0,0.48355919122695923,0.9455234408378601,0.0
11.0,0.47918251156806946,0.9477490186691284,0.0
11.0,0.4747956097126007,0.9499543309211731,0.0
11.0,0.47039854526519775,0.9521393179893494,0.0
11.0,0.46335867047309875,0.9489123821258545,0.0
11.0,0.45896655321121216,0.9510445594787598,0.0
11.0,0.4545646011829376,0.9531563520431519,0.0
11.0,0.4484478533267975,0.9516294598579407,0.0
11.0,0.4440433084964752,0.953692615032196,0.0
11.0,0.43795767426490784,0.9521013498306274,0.0
11.0,0.4335510730743408,0.9541160464286804,0.0
11.0,0.4274972975254059,0.9524610638618469,0.0
11.0,0.4214681088924408,0.9507704973220825,0.0
11.0,0.41706782579421997,0.9527089595794678,0.0
11.0,0.4110715091228485,0.9509554505348206,0.0
11.0,0.4066705107688904,0.9528458118438721,0.0
11.0,0.4007076323032379,0.9510295987129211,0.0
11.0,0.3947703242301941,0.9491788148880005,0.0
11.0,0.3903777003288269,0.9509938359260559,0.0
11.0,0.3852258324623108,0.950934886932373,0.0
11.0,0.3808251619338989,0.9527057409286499,0.0
11.0,0.3749488592147827,0.9507350921630859,0.0
11.0,0.3698241114616394,0.9505946040153503,0.0
11.0,0.3654251992702484,0.9522942900657654,0.0
11.0,0.35960274934768677,0.9502325654029846,0.0
11.0,0.35520562529563904,0.9518849849700928,0.0
11.0,0.3494197726249695,0.9497630000114441,0.0
11.0,0.34434306621551514,0.9494881629943848,0.0
11.0,0.3399495482444763,0.9510700702667236,0.0
11.0,0.3348843455314636,0.9507452249526978,0.0
11.0,0.33048510551452637,0.9522833824157715,0.0
11.0,0.3247848153114319,0.9500161409378052,0.0
11.0,0.320389062166214,0.9515076279640198,0.0
11.0,0.3147275745868683,0.9491820335388184,0.0
11.0,0.3097151219844818,0.9487257599830627,0.0
11.0,0.3053255081176758,0.9501475691795349,0.0
11.0,0.29972323775291443,0.9477351903915405,0.0
11.0,0.29533830285072327,0.9491108059883118,0.0
11.0,0.2903616428375244,0.9485536813735962,0.0
11.0,0.2859730124473572,0.9498860239982605,0.0
11.0,0.28157827258110046,0.9511979818344116,0.0
11.0,0.2760598659515381,0.948648989200592,0.0
11.0,0.27167096734046936,0.9499151706695557,0.0
11.0,0.2661941647529602,0.9473102688789368,0.0
11.0,0.2612794041633606,0.9466028809547424,0.0
11.0,0.2569001317024231,0.9478007555007935,0.0
11.0,0.2520010471343994,0.9470456838607788,0.0
11.0,0.24761982262134552,0.9482006430625916,0.0
11.0,0.24273689091205597,0.9473978877067566,0.0
11.0,0.23786669969558716,0.9465703368186951,0.0
11.0,0.2334877997636795,0.947659969329834,0.0
11.0,0.22863443195819855,0.9467852115631104,0.0
11.0,0.22425465285778046,0.9478321671485901,0.0
11.0,0.21941860020160675,0.9469105005264282,0.0
11.0,0.21459588408470154,0.9459643959999084,0.0
11.0,0.21022003889083862,0.9469464421272278,0.0
11.0,0.2054152935743332,0.9459537863731384,0.0
11.0,0.20103959739208221,0.9468933939933777,0.0
11.0,0.19625328481197357,0.9458544850349426,0.0
11.0,0.19187815487384796,0.9467517137527466,0.0
11.0,0.18711072206497192,0.9456667304039001,0.0
11.0,0.18235743045806885,0.9445579648017883,0.0
11.0,0.1779884397983551,0.9453909993171692,0.0
11.0,0.17325468361377716,0.9442366361618042,0.0
11.0,0.16888727247714996,0.9450275301933289,0.0
11.0,0.16451625525951385,0.9457982778549194,0.0
11.0,0.15980809926986694,0.9445767998695374,0.0
11.0,0.15543925762176514,0.945305585861206,0.0
11.0,0.15075170993804932,0.9440391063690186,0.0
11.0,0.14638546109199524,0.9447259902954102,0.0
11.0,0.14201606810092926,0.9453927278518677,0.0
11.0,0.13764365017414093,0.9460391998291016,0.0
11.0,0.13298949599266052,0.9446850419044495,0.0
11.0,0.12835079431533813,0.9433080554008484,0.0
11.0,0.12398815900087357,0.9438914060592651,0.0
11.0,0.11962287127971649,0.944454550743103,0.0
11.0,0.11525502800941467,0.9449975490570068,0.0
11.0,0.11065176874399185,0.9435338973999023,0.0
11.0,0.10628827661275864,0.9440353512763977,0.0
11.0,0.10192251205444336,0.9445167183876038,0.0
11.0,0.09734919667243958,0.942988395690918,0.0
11.0,0.09298837184906006,0.9434283971786499,0.0
11.0,0.08862555772066116,0.9438482522964478,0.0
11.0,0.08408308029174805,0.9422557950019836,0.0
11.0,0.07972577959299088,0.9426344633102417,0.0
11.0,0.0753667801618576,0.9429929852485657,0.0
11.0,0.0710061639547348,0.9433313608169556,0.0
11.0,0.06664403527975082,0.9436495900154114,0.0
11.0,0.062280476093292236,0.9439476132392883,0.0
11.0,0.05779314786195755,0.9422292709350586,0.0
11.0,0.05343625321984291,0.9424864053726196,0.0
11.0,0.049078214913606644,0.9427233338356018,0.0
11.0,0.04471912980079651,0.9429401755332947,0.0
11.0,0.04027358070015907,0.9411386847496033,0.0
11.0,0.035921916365623474,0.9413148164749146,0.0
11.0,0.03156948462128639,0.9414708018302917,0.0
11.0,0.02721637673676014,0.9416067004203796,0.0
11.0,0.022862685844302177,0.9417225122451782,0.0
11.0,0.018508508801460266,0.941818118095398,0.0
11.0,0.014153935015201569,0.9418936371803284,0.0
11.0,0.009799058549106121,0.9419490098953247,0.0
11.0,0.005443972535431385,0.941984236240387,0.0
11.0,0.0010887705720961094,0.9419993162155151,0.0
11.0,-0.0032664549071341753,0.941994309425354,0.0
11.0,-0.007621610537171364,0.9419691562652588,0.0
11.0,-0.011976603418588638,0.9419238567352295,0.0
11.0,-0.01633133925497532,0.9418584108352661,0.0
11.0,-0.020685726776719093,0.9417728185653687,0.0
11.0,-0.0250396728515625,0.9416671395301819,0.0
11.0,-0.02945549041032791,0.9435403347015381,0.0
11.0,-0.03381751477718353,0.9433940649032593,0.0
11.0,-0.038178812712430954,0.9432276487350464,0.0
11.0,-0.04244917258620262,0.9410430192947388,0.0
11.0,-0.04679951071739197,0.9408367276191711,0.0
11.0,-0.05114884674549103,0.9406102895736694,0.0
11.0,-0.05549709498882294,0.9403637647628784,0.0
11.0,-0.05984415113925934,0.9400971531867981,0.0
11.0,-0.06418993324041367,0.9398103952407837,0.0
11.0,-0.06853433698415756,0.9395036101341248,0.0
11.0,-0.07287728041410446,0.9391766786575317,0.0
11.0,-0.0772186666727066,0.9388297200202942,0.0
11.0,-0.08155839890241623,0.9384626746177673,0.0
11.0,-0.08607876300811768,0.9400672912597656,0.0
11.0,-0.09042412787675858,0.9396592378616333,0.0
11.0,-0.09476755559444427,0.9392311573028564,0.0
11.0,-0.09910895675420761,0.9387829303741455,0.0
11.0,-0.10366740822792053,0.9403026103973389,0.0
11.0,-0.10801366716623306,0.9398132562637329,0.0
11.0,-0.11235762387514114,0.9393038749694824,0.0
11.0,-0.11694590002298355,0.9407591223716736,0.0
11.0,-0.12129412591457367,0.940208375453949,0.0
11.0,-0.12563976645469666,0.9396375417709351,0.0
11.0,-0.12998270988464355,0.9390466213226318,0.0
11.0,-0.1343228816986084,0.9384356141090393,0.0
11.0,-0.13866019248962402,0.9378045797348022,0.0
11.0,-0.14329619705677032,0.9391305446624756,0.0
11.0,-0.14763662219047546,0.9384579658508301,0.0
11.0,-0.1519738882780075,0.93776535987854,0.0
11.0,-0.15663696825504303,0.9390255212783813,0.0
11.0,-0.16097676753997803,0.9382912516593933,0.0
11.0,-0.16531310975551605,0.9375370144844055,0.0
11.0,-0.17000232636928558,0.9387306571006775,0.0
11.0,-0.1743406057357788,0.9379346370697021,0.0
11.0,-0.17904974520206451,0.9390831589698792,0.0
11.0,-0.1833895593881607,0.9382452964782715,0.0
11.0,-0.18811818957328796,0.9393484592437744,0.0
11.0,-0.1924591362476349,0.9384686946868896,0.0
11.0,-0.19720681011676788,0.9395262002944946,0.0
11.0,-0.2015484869480133,0.9386043548583984,0.0
11.0,-0.2058858424425125,0.9376624822616577,0.0
11.0,-0.2106567770242691,0.9386520981788635,0.0
11.0,-0.21499426662921906,0.9376680850982666,0.0
11.0,-0.21978312730789185,0.9386113882064819,0.0
11.0,-0.22458532452583313,0.9395304322242737,0.0
11.0,-0.22892671823501587,0.9384820461273193,0.0
11.0,-0.23374615609645844,0.939354419708252,0.0
11.0,-0.23808665573596954,0.9382636547088623,0.0
11.0,-0.24292293190956116,0.9390891790390015,0.0
11.0,-0.24777190387248993,0.9398899078369141,0.0
11.0,-0.2521147131919861,0.9387343525886536,0.0
11.0,-0.2569798231124878,0.9394878149032593,0.0
11.0,-0.26132068037986755,0.9382896423339844,0.0
11.0,-0.2662014365196228,0.9389956593513489,0.0
11.0,-0.27053990960121155,0.9377548694610596,0.0
11.0,-0.2754358649253845,0.9384130239486694,0.0
11.0,-0.2803437113761902,0.9390460252761841,0.0
11.0,-0.2846822738647461,0.9377398490905762,0.0
11.0,-0.2890147566795349,0.9364136457443237,0.0
11.0,-0.2933410406112671,0.9350674152374268,0.0
11.0,-0.29826852679252625,0.9356066584587097,0.0
11.0,-0.3038235604763031,0.938023030757904,0.0
11.0,-0.30815714597702026,0.9366083145141602,0.0
11.0,-0.31311798095703125,0.9370704889297485,0.0
11.0,-0.31744706630706787,0.9356127977371216,0.0
11.0,-0.32242071628570557,0.9360260963439941,0.0
11.0,-0.32674485445022583,0.9345254302024841,0.0
11.0,-0.33173084259033203,0.9348896145820618,0.0
11.0,-0.33740466833114624,0.9371094107627869,0.0
11.0,-0.3417336642742157,0.9355394840240479,0.0
11.0,-0.34675025939941406,0.9358249306678772,0.0
11.0,-0.3510732352733612,0.934211790561676,0.0
11.0,-0.3561008870601654,0.9344475269317627,0.0
11.0,-0.36041736602783203,0.9327911138534546,0.0
11.0,-0.3661850392818451,0.9348392486572266,0.0
11.0,-0.37197938561439514,0.9368540048599243,0.0
11.0,-0.37630683183670044,0.9351241588592529,0.0
11.0,-0.38213664293289185,0.9370781779289246,0.0
11.0,-0.38646501302719116,0.9353014230728149,0.0
11.0,-0.3915574550628662,0.9353495836257935,0.0
11.0,-0.3974393904209137,0.937211811542511,0.0
11.0,-0.40176820755004883,0.9353642463684082,0.0
11.0,-0.4068862497806549,0.9353306889533997,0.0
11.0,-0.41120630502700806,0.9334395527839661,0.0
11.0,-0.41633227467536926,0.933354914188385,0.0
11.0,-0.4222894310951233,0.9350655674934387,0.0
11.0,-0.4266080856323242,0.9331032037734985,0.0
11.0,-0.4325975775718689,0.9347509145736694,0.0
11.0,-0.4369146525859833,0.9327408671379089,0.0
11.0,-0.44293591380119324,0.9343253374099731,0.0
11.0,-0.4472509026527405,0.9322674870491028,0.0
11.0,-0.45330315828323364,0.9337881207466125,0.0
11.0,-0.45937904715538025,0.9352726936340332,0.0
11.0,-0.46369826793670654,0.9331387877464294,0.0
11.0,-0.4698041081428528,0.9345588088035583,0.0
11.0,-0.4741199016571045,0.9323767423629761,0.0
11.0,-0.4802550673484802,0.933731734752655,0.0
11.0,-0.48456692695617676,0.9315013885498047,0.0
11.0,-0.49073082208633423,0.9327911138534546,0.0
11.0,-0.49691689014434814,0.9340436458587646,0.0
11.0,-0.501230001449585,0.9317362308502197,0.0
11.0,-0.506488025188446,0.9311658143997192,0.0
11.0,-0.5107877254486084,0.928814172744751,0.0
11.0,-1.0962384939193726,1.9717497825622559,0.0
11.0,-1.1053428649902344,1.966660499572754,0.0
11.0,-1.1144236326217651,1.961529016494751,0.0
11.0,-1.1234806776046753,1.9563556909561157,0.0
11.0,-1.1385375261306763,1.9615187644958496,0.0
11.0,-1.1475942134857178,1.9562338590621948,0.0
11.0,-1.1566263437271118,1.9509072303771973,0.0
11.0,-1.1656336784362793,1.945538878440857,0.0
11.0,-1.1787595748901367,1.9469724893569946,0.0
11.0,-1.1919233798980713,1.9483259916305542,0.0
11.0,-1.200918436050415,1.9427945613861084,0.0
11.0,-1.2162445783615112,1.947399616241455,0.0
11.0,-1.225235104560852,1.9417556524276733,0.0
11.0,-1.2384997606277466,1.942815899848938,0.0
11.0,-1.253966212272644,1.9471580982208252,0.0
11.0,-1.2629551887512207,1.9413397312164307,0.0
11.0,-1.2785075902938843,1.945508360862732,0.0
11.0,-1.2874886989593506,1.939576506614685,0.0
11.0,-1.3008973598480225,1.940247893333435,0.0
11.0,-1.318825602531433,1.947460651397705,0.0
11.0,-1.3278154134750366,1.9413424730300903,0.0
11.0,-1.3435970544815063,1.9450560808181763,0.0
11.0,-1.352575421333313,1.9388233423233032,0.0
11.0,-1.3684360980987549,1.9423589706420898,0.0
11.0,-1.3774017095565796,1.9360114336013794,0.0
11.0,-1.3933396339416504,1.9393681287765503,0.0
11.0,-1.4093378782272339,1.9426186084747314,0.0
11.0,-1.4183043241500854,1.9360820055007935,0.0
11.0,-1.4343764781951904,1.9391512870788574,0.0
11.0,-1.4433265924453735,1.9324989318847656,0.0
11.0,-1.4594709873199463,1.9353864192962646,0.0
11.0,-1.475672721862793,1.9381657838821411,0.0
11.0,-1.484617829322815,1.931322455406189,0.0
11.0,-1.503340721130371,1.9370777606964111,0.0
11.0,-1.5122805833816528,1.930106520652771,0.0
11.0,-1.5236696004867554,1.9262313842773438,0.0
11.0,-1.5250709056854248,1.9097892045974731,0.0
11.0,-1.5338842868804932,1.9027178287506104,0.0
11.0,-1.5275160074234009,1.8769910335540771,0.0
11.0,-1.536177635192871,1.8699086904525757,0.0
11.0,-1.526932716369629,1.8412333726882935,0.0
11.0,-1.5354291200637817,1.8341541290283203,0.0
11.0,-1.5284020900726318,1.8087042570114136,0.0
11.0,-1.5211730003356934,1.7833589315414429,0.0
11.0,-1.5294018983840942,1.7763069868087769,0.0
11.0,-1.5218546390533447,1.7511019706726074,0.0
11.0,-1.5299344062805176,1.7440471649169922,0.0
11.0,-1.5220712423324585,1.7189866304397583,0.0
11.0,-1.5166749954223633,1.6970188617706299,0.0
11.0,-1.5245047807693481,1.689988613128662,0.0
11.0,-1.516144037246704,1.6651761531829834,0.0
11.0,-1.5238265991210938,1.6581486463546753,0.0
11.0,-1.5178755521774292,1.6364223957061768,0.0
11.0,-1.5117563009262085,1.6147868633270264,0.0
11.0,-1.519205927848816,1.6077800989151,0.0
11.0,-1.5128198862075806,1.5862659215927124,0.0
11.0,-1.5201376676559448,1.5792546272277832,0.0
11.0,-1.5134865045547485,1.5578646659851074,0.0
11.0,-1.5066704750061035,1.5365701913833618,0.0
11.0,-1.5137585401535034,1.5295878648757935,0.0
11.0,-1.5066802501678467,1.5084224939346313,0.0
11.0,-1.5136381387710571,1.5014405250549316,0.0
11.0,-1.5062994956970215,1.4804073572158813,0.0
11.0,-1.5016647577285767,1.4622650146484375,0.0
11.0,-1.5084092617034912,1.4553065299987793,0.0
11.0,-1.5006643533706665,1.4344972372055054,0.0
11.0,-1.5072804689407349,1.4275438785552979,0.0
11.0,-1.500738501548767,1.40824294090271,0.0
11.0,-1.5072333812713623,1.401289463043213,0.0
11.0,-1.5019276142120361,1.3834657669067383,0.0
11.0,-1.4979668855667114,1.3670697212219238,0.0
11.0,-1.504271388053894,1.360129475593567,0.0
11.0,-1.4986261129379272,1.3424842357635498,0.0
11.0,-1.49135422706604,1.323593020439148,0.0
11.0,-1.49745774269104,1.3166837692260742,0.0
11.0,-1.49297297000885,1.3005505800247192,0.0
11.0,-1.4989699125289917,1.293634057044983,0.0
11.0,-1.4942938089370728,1.2775921821594238,0.0
11.0,-1.5001846551895142,1.2706698179244995,0.0
11.0,-1.49531888961792,1.2547212839126587,0.0
11.0,-1.4918758869171143,1.2401236295700073,0.0
11.0,-1.4975934028625488,1.233212947845459,0.0
11.0,-1.492430567741394,1.2174263000488281,0.0
11.0,-1.4980432987213135,1.2105132341384888,0.0
11.0,-1.494255542755127,1.196075439453125,0.0
11.0,-1.4887993335723877,1.1804560422897339,0.0
11.0,-1.4942411184310913,1.1735601425170898,0.0
11.0,-1.4886009693145752,1.1580429077148438,0.0
11.0,-1.482849359512329,1.1426030397415161,0.0
11.0,-1.4881161451339722,1.135735034942627,0.0
11.0,-1.483778476715088,1.121606707572937,0.0
11.0,-1.4889482259750366,1.1147346496582031,0.0
11.0,-1.4844468832015991,1.1006914377212524,0.0
11.0,-1.4895199537277222,1.0938165187835693,0.0
11.0,-1.483238697052002,1.0786839723587036,0.0
11.0,-1.4784725904464722,1.0648019313812256,0.0
11.0,-1.4833797216415405,1.057955026626587,0.0
11.0,-1.4800869226455688,1.0453165769577026,0.0
11.0,-1.4849040508270264,1.0384624004364014,0.0
11.0,-1.4814680814743042,1.025892972946167,0.0
11.0,-1.4779478311538696,1.0133776664733887,0.0
11.0,-1.4826172590255737,1.0065337419509888,0.0
11.0,-1.4772956371307373,0.992974042892456,0.0
11.0,-1.4818707704544067,0.986133337020874,0.0
11.0,-1.4780635833740234,0.973770022392273,0.0
11.0,-1.474173903465271,0.9614630937576294,0.0
11.0,-1.4786033630371094,0.9546371698379517,0.0
11.0,-1.4745750427246094,0.9424057006835938,0.0
11.0,-1.4789164066314697,0.9355781078338623,0.0
11.0,-1.4747505187988281,0.9234234690666199,0.0
11.0,-1.4705040454864502,0.9113275408744812,0.0
11.0,-1.4747017621994019,0.9045190811157227,0.0
11.0,-1.472029209136963,0.8935401439666748,0.0
11.0,-1.4761446714401245,0.8867248296737671,0.0
11.0,-1.4716325998306274,0.8747808933258057,0.0
11.0,-1.475661277770996,0.8679676651954651,0.0
11.0,-1.472744107246399,0.8571118712425232,0.0
11.0,-1.4680250883102417,0.8453036546707153,0.0
11.0,-1.4719176292419434,0.8385074138641357,0.0
11.0,-1.4688091278076172,0.8277654647827148,0.0
11.0,-1.4726204872131348,0.8209657669067383,0.0
11.0,-1.4693949222564697,0.8102854490280151,0.0
11.0,-1.4661022424697876,0.7996525168418884,0.0
11.0,-1.4697836637496948,0.7928656339645386,0.0
11.0,-1.4663752317428589,0.7822962403297424,0.0
11.0,-1.4699764251708984,0.7755082845687866,0.0
11.0,-1.4664534330368042,0.7650036811828613,0.0
11.0,-1.462864637374878,0.754548192024231,0.0
11.0,-1.4663375616073608,0.7477768063545227,0.0
11.0,-1.4626356363296509,0.7373879551887512,0.0
11.0,-1.4660292863845825,0.7306177616119385,0.0
11.0,-1.4640090465545654,0.7211805582046509,0.0
11.0,-1.4601348638534546,0.7109021544456482,0.0
11.0,-1.4634060859680176,0.7041438221931458,0.0
11.0,-1.459421157836914,0.6939351558685303,0.0
11.0,-1.4626139402389526,0.6871802806854248,0.0
11.0,-1.4603331089019775,0.6778844594955444,0.0
11.0,-1.4579976797103882,0.6686244010925293,0.0
11.0,-1.461073398590088,0.6618764400482178,0.0
11.0,-1.4586411714553833,0.6526637077331543,0.0
11.0,-1.461643099784851,0.6459129452705383,0.0
11.0,-1.4572815895080566,0.6359485387802124,0.0
11.0,-1.4528592824935913,0.6260383725166321,0.0
11.0,-1.4557381868362427,0.6193145513534546,0.0
11.0,-1.4548978805541992,0.6110286712646484,0.0
11.0,-1.4577072858810425,0.604295551776886,0.0
11.0,-1.4549325704574585,0.5952775478363037,0.0
11.0,-1.4576691389083862,0.5885445475578308,0.0
11.0,-1.4548007249832153,0.5795782804489136,0.0
11.0,-1.4537420272827148,0.5713827610015869,0.0
11.0,-1.4563682079315186,0.5646554827690125,0.0
11.0,-1.4533590078353882,0.5557730197906494,0.0
11.0,-1.4559129476547241,0.5490476489067078,0.0
11.0,-1.4546867609024048,0.5409165024757385,0.0
11.0,-1.4515385627746582,0.5321199893951416,0.0
11.0,-1.4539833068847656,0.5254032611846924,0.0
11.0,-1.45074462890625,0.5166623592376709,0.0
11.0,-1.453117847442627,0.5099495053291321,0.0
11.0,-1.4497894048690796,0.5012651681900024,0.0
11.0,-1.4483050107955933,0.493267297744751,0.0
11.0,-1.4505701065063477,0.4865659475326538,0.0
11.0,-1.447106957435608,0.47797247767448425,0.0
11.0,-1.4493013620376587,0.4712768495082855,0.0
11.0,-1.4457502365112305,0.4627421200275421,0.0
11.0,-1.4440590143203735,0.4548512399196625,0.0
11.0,-1.4461466073989868,0.4481699466705322,0.0
11.0,-1.4443769454956055,0.4403126835823059,0.0
11.0,-1.4463971853256226,0.4336300790309906,0.0
11.0,-1.4445499181747437,0.42580726742744446,0.0
11.0,-1.4465030431747437,0.4191240072250366,0.0
11.0,-1.4445782899856567,0.41133636236190796,0.0
11.0,-1.4426125288009644,0.40357550978660583,0.0
11.0,-1.4444630146026611,0.3969014585018158,0.0
11.0,-1.4424206018447876,0.3891769349575043,0.0
11.0,-1.4442044496536255,0.3825039267539978,0.0
11.0,-1.4420862197875977,0.37481653690338135,0.0
11.0,-1.4399276971817017,0.3671569228172302,0.0
11.0,-1.4416097402572632,0.3604956567287445,0.0
11.0,-1.4413186311721802,0.35335052013397217,0.0
11.0,-1.442936897277832,0.34668299555778503,0.0
11.0,-1.4406307935714722,0.33909159898757935,0.0
11.0,-1.438285231590271,0.3315289318561554,0.0
11.0,-1.439802646636963,0.3248756527900696,0.0
11.0,-1.4393362998962402,0.31778424978256226,0.0
11.0,-1.4407901763916016,0.3111262619495392,0.0
11.0,-1.436342716217041,0.30322232842445374,0.0
11.0,-1.4377292394638062,0.2965783476829529,0.0
11.0,-1.4371243715286255,0.28953298926353455,0.0
11.0,-1.4364852905273438,0.28249961137771606,0.0
11.0,-1.43777596950531,0.2758551836013794,0.0
11.0,-1.4370701313018799,0.2688370943069458,0.0
11.0,-1.4382977485656738,0.2621901333332062,0.0
11.0,-1.4355560541152954,0.25483837723731995,0.0
11.0,-1.4347481727600098,0.24785807728767395,0.0
11.0,-1.4358787536621094,0.2412220537662506,0.0
11.0,-1.4350048303604126,0.23425865173339844,0.0
11.0,-1.436072587966919,0.22762158513069153,0.0
11.0,-1.433156132698059,0.22037173807621002,0.0
11.0,-1.4321813583374023,0.21344853937625885,0.0
11.0,-1.4331529140472412,0.20682474970817566,0.0
11.0,-1.4321130514144897,0.19992002844810486,0.0
11.0,-1.433022141456604,0.19329670071601868,0.0
11.0,-1.4319171905517578,0.186411052942276,0.0
11.0,-1.4307793378829956,0.1795397698879242,0.0
11.0,-1.4315941333770752,0.17292281985282898,0.0
11.0,-1.4284049272537231,0.16584086418151855,0.0
11.0,-1.4291564226150513,0.15923504531383514,0.0
11.0,-1.4298774003982544,0.15262581408023834,0.0
11.0,-1.4285781383514404,0.14581026136875153,0.0
11.0,-1.4292370080947876,0.13920384645462036,0.0
11.0,-1.4278738498687744,0.13240979611873627,0.0
11.0,-1.4284707307815552,0.1258067935705185,0.0
11.0,-1.4270440340042114,0.11903484910726547,0.0
11.0,-1.4275791645050049,0.11243581771850586,0.0
11.0,-1.4260891675949097,0.10568656772375107,0.0
11.0,-1.4265625476837158,0.09909209609031677,0.0
11.0,-1.427005410194397,0.09249550849199295,0.0
11.0,-1.4254214763641357,0.08577680587768555,0.0
11.0,-1.4258028268814087,0.07918563485145569,0.0
11.0,-1.4261536598205566,0.07259277254343033,0.0
11.0,-1.424476146697998,0.06590592116117477,0.0
11.0,-1.424765706062317,0.05931933596730232,0.0
11.0,-1.4230260848999023,0.05265752226114273,0.0
11.0,-1.423254370689392,0.04607778042554855,0.0
11.0,-1.4234521389007568,0.039497051388025284,0.0
11.0,-1.4216201305389404,0.03286925330758095,0.0
11.0,-1.4217568635940552,0.0262962207198143,0.0
11.0,-1.421863317489624,0.019722629338502884,0.0
11.0,-1.4219392538070679,0.013148615136742592,0.0
11.0,-1.4219849109649658,0.006574319209903479,0.0
11.0,-1.4220000505447388,-1.1636915075996512e-07,0.0
12.0,-1.4199999570846558,1.2414034245011862e-07,0.0
12.0,-1.4199848175048828,-0.006565064657479525,0.0
12.0,-1.4199392795562744,-0.013130112551152706,0.0
12.0,-1.4198633432388306,-0.01969487965106964,0.0
12.0,-1.4197571277618408,-0.026259226724505424,0.0
12.0,-1.4196205139160156,-0.03282301127910614,0.0
12.0,-1.417454481124878,-0.0393306240439415,0.0
12.0,-1.4172574281692505,-0.04588362202048302,0.0
12.0,-1.4190287590026855,-0.052509598433971405,0.0
12.0,-1.4187707901000977,-0.05906973406672478,0.0
12.0,-1.420480489730835,-0.0657210499048233,0.0
12.0,-1.420161485671997,-0.07228775322437286,0.0
12.0,-1.4198120832443237,-0.07885292172431946,0.0
12.0,-1.4194324016571045,-0.08541639894247055,0.0
12.0,-1.4190223217010498,-0.0919780507683754,0.0
12.0,-1.4185818433761597,-0.09853773564100266,0.0
12.0,-1.4201055765151978,-0.10524312406778336,0.0
12.0,-1.4196038246154785,-0.1118076741695404,0.0
12.0,-1.4190717935562134,-0.11836984008550644,0.0
12.0,-1.4185093641281128,-0.12492947280406952,0.0
12.0,-1.4179165363311768,-0.1314864307641983,0.0
12.0,-1.4172935485839844,-0.13804058730602264,0.0
12.0,-1.4166401624679565,-0.1445917785167694,0.0
12.0,-1.4159564971923828,-0.15113988518714905,0.0
12.0,-1.4152425527572632,-0.15768477320671082,0.0
12.0,-1.4144984483718872,-0.16422627866268158,0.0
12.0,-1.4137240648269653,-0.1707642823457718,0.0
12.0,-1.4149038791656494,-0.1775476336479187,0.0
12.0,-1.4160510301589966,-0.184345543384552,0.0
12.0,-1.4171656370162964,-0.19115786254405975,0.0
12.0,-1.416266679763794,-0.1977079063653946,0.0
12.0,-1.4153375625610352,-0.20425371825695038,0.0
12.0,-1.4163563251495361,-0.21108999848365784,0.0
12.0,-1.415365219116211,-0.2176360934972763,0.0
12.0,-1.4163191318511963,-0.22449061274528503,0.0
12.0,-1.4152661561965942,-0.23103637993335724,0.0
12.0,-1.4141827821731567,-0.23757721483707428,0.0
12.0,-1.4130693674087524,-0.24411296844482422,0.0
12.0,-1.413894772529602,-0.2509930729866028,0.0
12.0,-1.4127192497253418,-0.25752735137939453,0.0
12.0,-1.4115134477615356,-0.26405614614486694,0.0
12.0,-1.4122416973114014,-0.2709560990333557,0.0
12.0,-1.4109739065170288,-0.2774825394153595,0.0
12.0,-1.4116365909576416,-0.28439804911613464,0.0
12.0,-1.412265419960022,-0.29132556915283203,0.0
12.0,-1.4109033346176147,-0.29785189032554626,0.0
12.0,-1.411466121673584,-0.30479398369789124,0.0
12.0,-1.4100419282913208,-0.31131646037101746,0.0
12.0,-1.4105384349822998,-0.31827250123023987,0.0
12.0,-1.4110007286071777,-0.32523974776268005,0.0
12.0,-1.4094818830490112,-0.33175987005233765,0.0
12.0,-1.4118224382400513,-0.33920735120773315,0.0
12.0,-1.4102389812469482,-0.34573110938072205,0.0
12.0,-1.410565733909607,-0.35273265838623047,0.0
12.0,-1.4089198112487793,-0.3592504560947418,0.0
12.0,-1.4072438478469849,-0.36576056480407715,0.0
12.0,-1.4094043970108032,-0.3732869625091553,0.0
12.0,-1.4076634645462036,-0.3797991871833801,0.0
12.0,-1.4078210592269897,-0.38683319091796875,0.0
12.0,-1.406017541885376,-0.3933379352092743,0.0
12.0,-1.4061075448989868,-0.40038201212882996,0.0
12.0,-1.4042413234710693,-0.40687867999076843,0.0
12.0,-1.4061819314956665,-0.41449761390686035,0.0
12.0,-1.408082127571106,-0.42214319109916687,0.0
12.0,-1.4061152935028076,-0.42864876985549927,0.0
12.0,-1.4060288667678833,-0.4357371926307678,0.0
12.0,-1.4039992094039917,-0.442233145236969,0.0
12.0,-1.4057492017745972,-0.44993895292282104,0.0
12.0,-1.407457947731018,-0.4576704204082489,0.0
12.0,-1.4053269624710083,-0.46417272090911865,0.0
12.0,-1.405061960220337,-0.4713011384010315,0.0
12.0,-1.4028680324554443,-0.47779223322868347,0.0
12.0,-1.4025341272354126,-0.48492664098739624,0.0
12.0,-1.4040515422821045,-0.4927304685115814,0.0
12.0,-1.4017584323883057,-0.49921664595603943,0.0
12.0,-1.4031972885131836,-0.5070515275001526,0.0
12.0,-1.400838017463684,-0.5135335922241211,0.0
12.0,-1.402198076248169,-0.5213988423347473,0.0
12.0,-1.3997724056243896,-0.5278761982917786,0.0
12.0,-1.4010529518127441,-0.5357708930969238,0.0
12.0,-1.4041552543640137,-0.5444117784500122,0.0
12.0,-1.401623249053955,-0.5508978962898254,0.0
12.0,-1.4009191989898682,-0.558112382888794,0.0
12.0,-1.398323893547058,-0.564583420753479,0.0
12.0,-1.3994007110595703,-0.5725570321083069,0.0
12.0,-1.4022812843322754,-0.5813185572624207,0.0
12.0,-1.39957857131958,-0.587795615196228,0.0
12.0,-1.400526762008667,-0.5958260297775269,0.0
12.0,-1.3977570533752441,-0.6022948026657104,0.0
12.0,-1.3986237049102783,-0.6103506088256836,0.0
12.0,-1.4012748003005981,-0.619235634803772,0.0
12.0,-1.3983968496322632,-0.6257076263427734,0.0
12.0,-1.3991327285766602,-0.6338168382644653,0.0
12.0,-1.3961873054504395,-0.6402787566184998,0.0
12.0,-1.3986544609069824,-0.6492533087730408,0.0
12.0,-1.3956377506256104,-0.6557128429412842,0.0
12.0,-1.3980097770690918,-0.6647348999977112,0.0
12.0,-1.400328278541565,-0.673792839050293,0.0
12.0,-1.3971980810165405,-0.6802598834037781,0.0
12.0,-1.3994203805923462,-0.6893637180328369,0.0
12.0,-1.3962182998657227,-0.6958264112472534,0.0
12.0,-1.3983439207077026,-0.7049752473831177,0.0
12.0,-1.3950695991516113,-0.7114328145980835,0.0
12.0,-1.3953205347061157,-0.7197088003158569,0.0
12.0,-1.3990709781646729,-0.7298523187637329,0.0
12.0,-1.395681619644165,-0.7363129258155823,0.0
12.0,-1.397556185722351,-0.7455819845199585,0.0
12.0,-1.3940942287445068,-0.7520354390144348,0.0
12.0,-1.3976255655288696,-0.7623035311698914,0.0
12.0,-1.3993403911590576,-0.7716544270515442,0.0
12.0,-1.395757794380188,-0.7781158685684204,0.0
12.0,-1.3938877582550049,-0.7855426073074341,0.0
12.0,-1.3902409076690674,-0.791978657245636,0.0
12.0,-1.393497347831726,-0.8023898005485535,0.0
12.0,-1.3966870307922363,-0.8128478527069092,0.0
12.0,-1.3929139375686646,-0.8192965984344482,0.0
12.0,-1.3942686319351196,-0.8287935853004456,0.0
12.0,-1.390421986579895,-0.8352309465408325,0.0
12.0,-1.391674518585205,-0.8447638750076294,0.0
12.0,-1.3877540826797485,-0.8511890769004822,0.0
12.0,-1.3923038244247437,-0.8628638386726379,0.0
12.0,-1.3933850526809692,-0.8724759817123413,0.0
12.0,-1.389336347579956,-0.8789088129997253,0.0
12.0,-1.3919987678527832,-0.889630913734436,0.0
12.0,-1.3878707885742188,-0.89605712890625,0.0
12.0,-1.3904139995574951,-0.9068344831466675,0.0
12.0,-1.3862065076828003,-0.9132532477378845,0.0
12.0,-1.3902944326400757,-0.9251924753189087,0.0
12.0,-1.3926416635513306,-0.9360732436180115,0.0
12.0,-1.3882989883422852,-0.942501962184906,0.0
12.0,-1.388875126838684,-0.9523035287857056,0.0
12.0,-1.3844573497772217,-0.9587146639823914,0.0
12.0,-1.3882049322128296,-0.9708362817764282,0.0
12.0,-1.3902361392974854,-0.9818592071533203,0.0
12.0,-1.3856818675994873,-0.9882762432098389,0.0
12.0,-1.387589454650879,-0.9993475675582886,0.0
12.0,-1.3829543590545654,-1.0057522058486938,0.0
12.0,-1.3863496780395508,-1.0180542469024658,0.0
12.0,-1.3832346200942993,-1.0256441831588745,0.0
12.0,-1.378477931022644,-1.0320284366607666,0.0
12.0,-1.3641189336776733,-1.0311545133590698,0.0
12.0,-1.3593369722366333,-1.0374503135681152,0.0
12.0,-1.3450204133987427,-1.036399483680725,0.0
12.0,-1.3402143716812134,-1.0426069498062134,0.0
12.0,-1.3227967023849487,-1.0389095544815063,0.0
12.0,-1.3038748502731323,-1.033831000328064,0.0
12.0,-1.2990810871124268,-1.0398482084274292,0.0
12.0,-1.2787036895751953,-1.0332729816436768,0.0
12.0,-1.273912787437439,-1.03917396068573,0.0
12.0,-1.256743311882019,-1.0348817110061646,0.0
12.0,-1.24117910861969,-1.0317317247390747,0.0
12.0,-1.2363957166671753,-1.037459135055542,0.0
12.0,-1.219377040863037,-1.0328232049942017,0.0
12.0,-1.2145888805389404,-1.038449764251709,0.0
12.0,-1.1991759538650513,-1.0349072217941284,0.0
12.0,-1.1838220357894897,-1.0312446355819702,0.0
12.0,-1.1790415048599243,-1.0367069244384766,0.0
12.0,-1.1652607917785645,-1.0341814756393433,0.0
12.0,-1.1604669094085693,-1.0395578145980835,0.0
12.0,-1.1452637910842896,-1.0355225801467896,0.0
12.0,-1.1301229000091553,-1.0313690900802612,0.0
12.0,-1.1253423690795898,-1.0365830659866333,0.0
12.0,-1.1102845668792725,-1.0322422981262207,0.0
12.0,-1.105500340461731,-1.0373644828796387,0.0
12.0,-1.0905276536941528,-1.0328376293182373,0.0
12.0,-1.0756207704544067,-1.0281946659088135,0.0
12.0,-1.0708554983139038,-1.0331566333770752,0.0
12.0,-1.0574699640274048,-1.0297247171401978,0.0
12.0,-1.0526978969573975,-1.0346027612686157,0.0
12.0,-1.0393837690353394,-1.0310078859329224,0.0
12.0,-1.0261255502700806,-1.027312159538269,0.0
12.0,-1.0213649272918701,-1.0320453643798828,0.0
12.0,-1.0095813274383545,-1.029616355895996,0.0
12.0,-1.0048102140426636,-1.0342729091644287,0.0
12.0,-0.9916956424713135,-1.0302618741989136,0.0
12.0,-0.9800202250480652,-1.0275992155075073,0.0
12.0,-0.9752587676048279,-1.0321192741394043,0.0
12.0,-0.9636421203613281,-1.0293171405792236,0.0
12.0,-0.95887291431427,-1.0337613821029663,0.0
12.0,-0.9473166465759277,-1.030820608139038,0.0
12.0,-0.9358082413673401,-1.0277951955795288,0.0
12.0,-0.9310463666915894,-1.0321108102798462,0.0
12.0,-0.9196008443832397,-1.028948187828064,0.0
12.0,-0.9148337841033936,-1.033188819885254,0.0
12.0,-0.9034526348114014,-1.0298899412155151,0.0
12.0,-0.8934336304664612,-1.0280176401138306,0.0
12.0,-0.8886711597442627,-1.032137393951416,0.0
12.0,-0.8774001002311707,-1.028626799583435,0.0
12.0,-0.872635006904602,-1.03267240524292,0.0
12.0,-0.8614321947097778,-1.0290279388427734,0.0
12.0,-0.8515586256980896,-1.0268417596817017,0.0
12.0,-0.8468020558357239,-1.030767798423767,0.0
12.0,-0.8369777202606201,-1.0284669399261475,0.0
12.0,-0.832213819026947,-1.0323256254196167,0.0
12.0,-0.8224400281906128,-1.0299108028411865,0.0
12.0,-0.8114656805992126,-1.0258593559265137,0.0
12.0,-0.8067141175270081,-1.0296000242233276,0.0
12.0,-0.7982666492462158,-1.0285788774490356,0.0
12.0,-0.7935026288032532,-1.0322585105895996,0.0
12.0,-0.7838754057884216,-1.0295510292053223,0.0
12.0,-0.7742902636528015,-1.0267767906188965,0.0
12.0,-0.7695348262786865,-1.0303456783294678,0.0
12.0,-0.7600054740905762,-1.0274608135223389,0.0
12.0,-0.7552469968795776,-1.030963659286499,0.0
12.0,-0.7469490170478821,-1.029587745666504,0.0
12.0,-0.7375131249427795,-1.0265332460403442,0.0
12.0,-0.7327591776847839,-1.0299320220947266,0.0
12.0,-0.7245339155197144,-1.028403878211975,0.0
12.0,-0.7197715044021606,-1.0317426919937134,0.0
12.0,-0.710446834564209,-1.0284771919250488,0.0
12.0,-0.7056841850280762,-1.0317507982254028,0.0
12.0,-0.6964206695556641,-1.0283784866333008,0.0
12.0,-0.6883172988891602,-1.0266036987304688,0.0
12.0,-0.6835635304450989,-1.0297751426696777,0.0
12.0,-0.6755001544952393,-1.0279103517532349,0.0
12.0,-0.6707404851913452,-1.0310224294662476,0.0
12.0,-0.6616350412368774,-1.0273865461349487,0.0
12.0,-0.6536526679992676,-1.0253751277923584,0.0
12.0,-0.6489050388336182,-1.0283862352371216,0.0
12.0,-0.6409651637077332,-1.0262863636016846,0.0
12.0,-0.6362134218215942,-1.0292388200759888,0.0
12.0,-0.6283168792724609,-1.0270510911941528,0.0
12.0,-0.6214901208877563,-1.0265233516693115,0.0
12.0,-0.6167374849319458,-1.0293856859207153,0.0
12.0,-0.6089117527008057,-1.0270649194717407,0.0
12.0,-0.6041567921638489,-1.0298691987991333,0.0
12.0,-0.5963768362998962,-1.0274622440338135,0.0
12.0,-0.5886321663856506,-1.0250054597854614,0.0
12.0,-0.5838868618011475,-1.027716040611267,0.0
12.0,-0.5761893391609192,-1.0251740217208862,0.0
12.0,-0.5714434385299683,-1.0278270244598389,0.0
12.0,-0.5637940168380737,-1.025200605392456,0.0
12.0,-0.5580925345420837,-1.0260393619537354,0.0
12.0,-0.5533427596092224,-1.0286086797714233,0.0
12.0,-0.5467025637626648,-1.0276246070861816,0.0
12.0,-0.5419456362724304,-1.0301412343978882,0.0
12.0,-0.5344080924987793,-1.027312994003296,0.0
12.0,-0.5269083976745605,-1.0244370698928833,0.0
12.0,-0.5221664309501648,-1.0268622636795044,0.0
12.0,-0.5147184729576111,-1.023904800415039,0.0
12.0,-0.5099790692329407,-1.0262736082077026,0.0
12.0,-0.5034652948379517,-1.0250300168991089,0.0
12.0,-0.49872082471847534,-1.0273468494415283,0.0
12.0,-0.4922355115413666,-1.026035189628601,0.0
12.0,-0.4849162697792053,-1.0228784084320068,0.0
12.0,-0.4801819324493408,-1.0251094102859497,0.0
12.0,-0.47375738620758057,-1.0236884355545044,0.0
12.0,-0.46901941299438477,-1.0258678197860718,0.0
12.0,-0.46262505650520325,-1.0243797302246094,0.0
12.0,-0.4562545716762543,-1.0228546857833862,0.0
12.0,-0.4515206515789032,-1.0249532461166382,0.0
12.0,-0.4451814889907837,-1.0233619213104248,0.0
12.0,-0.43965595960617065,-1.023571491241455,0.0
12.0,-0.43491891026496887,-1.0255931615829468,0.0
12.0,-0.42862799763679504,-1.0239033699035645,0.0
12.0,-0.42388951778411865,-1.025874137878418,0.0
12.0,-0.41687634587287903,-1.0222671031951904,0.0
12.0,-0.41214555501937866,-1.0241835117340088,0.0
12.0,-0.40592989325523376,-1.0223604440689087,0.0
12.0,-0.3997398614883423,-1.0205018520355225,0.0
12.0,-0.39501744508743286,-1.022339105606079,0.0
12.0,-0.3909987807273865,-1.0260233879089355,0.0
12.0,-0.38625091314315796,-1.0278202295303345,0.0
12.0,-0.38218969106674194,-1.0314702987670898,0.0
12.0,-0.37604427337646484,-1.0294691324234009,0.0
12.0,-0.37128064036369324,-1.0311967134475708,0.0
12.0,-0.36584025621414185,-1.0310174226760864,0.0
12.0,-0.36106956005096436,-1.0326977968215942,0.0
12.0,-0.3549884855747223,-1.0305742025375366,0.0
12.0,-0.3502199649810791,-1.032204508781433,0.0
12.0,-0.3441762328147888,-1.0300188064575195,0.0
12.0,-0.3387853503227234,-1.0296992063522339,0.0
12.0,-0.33402103185653687,-1.031254529953003,0.0
12.0,-0.3280346691608429,-1.0289767980575562,0.0
12.0,-0.32327380776405334,-1.030482530593872,0.0
12.0,-0.31791621446609497,-1.0300549268722534,0.0
12.0,-0.3119885325431824,-1.027686357498169,0.0
12.0,-0.3072338104248047,-1.0291178226470947,0.0
12.0,-0.30190926790237427,-1.0286082029342651,0.0
12.0,-0.2971504032611847,-1.0299930572509766,0.0
12.0,-0.29183971881866455,-1.029431700706482,0.0
12.0,-0.28654053807258606,-1.0288432836532593,0.0
12.0,-0.28178074955940247,-1.0301570892333984,0.0
12.0,-0.2759774327278137,-1.027585744857788,0.0
12.0,-0.2712235748767853,-1.0288506746292114,0.0
12.0,-0.26596304774284363,-1.0281574726104736,0.0
12.0,-0.26071470975875854,-1.027437448501587,0.0
12.0,-0.25596168637275696,-1.0286318063735962,0.0
12.0,-0.2507292628288269,-1.02786123752594,0.0
12.0,-0.24597439169883728,-1.029009461402893,0.0
12.0,-0.2407582849264145,-1.0281884670257568,0.0
12.0,-0.23555505275726318,-1.0273411273956299,0.0
12.0,-0.2308027595281601,-1.0284192562103271,0.0
12.0,-0.22561660408973694,-1.0275218486785889,0.0
12.0,-0.22086356580257416,-1.028554081916809,0.0
12.0,-0.21569494903087616,-1.027606725692749,0.0
12.0,-0.2109416425228119,-1.0285929441452026,0.0
12.0,-0.20579108595848083,-1.0275962352752686,0.0
12.0,-0.2006542831659317,-1.026573896408081,0.0
12.0,-0.1959058940410614,-1.0274906158447266,0.0
12.0,-0.19078783690929413,-1.0264190435409546,0.0
12.0,-0.18604028224945068,-1.0272901058197021,0.0
12.0,-0.18094146251678467,-1.026169776916504,0.0
12.0,-0.17585696280002594,-1.0250240564346313,0.0
12.0,-0.17111600935459137,-1.025826096534729,0.0
12.0,-0.1660514622926712,-1.0246320962905884,0.0
12.0,-0.16131243109703064,-1.0253888368606567,0.0
12.0,-0.15626828372478485,-1.024146556854248,0.0
12.0,-0.15153160691261292,-1.0248581171035767,0.0
12.0,-0.14650830626487732,-1.0235679149627686,0.0
12.0,-0.14177440106868744,-1.024234414100647,0.0
12.0,-0.1370374709367752,-1.024878978729248,0.0
12.0,-0.13204170763492584,-1.0235178470611572,0.0
12.0,-0.127308189868927,-1.0241174697875977,0.0
12.0,-0.12233441323041916,-1.0227092504501343,0.0
12.0,-0.11760473996400833,-1.023263931274414,0.0
12.0,-0.11287254840135574,-1.0237966775894165,0.0
12.0,-0.10813795030117035,-1.0243076086044312,0.0
12.0,-0.10340104252099991,-1.0247966051101685,0.0
12.0,-0.09847034513950348,-1.02327299118042,0.0
12.0,-0.09373831748962402,-1.0237172842025757,0.0
12.0,-0.08900429308414459,-1.0241397619247437,0.0
12.0,-0.08410441875457764,-1.0225470066070557,0.0
12.0,-0.07937590032815933,-1.0229250192642212,0.0
12.0,-0.0745001882314682,-1.0212863683700562,0.0
12.0,-0.06991388648748398,-1.0236152410507202,0.0
12.0,-0.06518058478832245,-1.0239274501800537,0.0
12.0,-0.060445886105298996,-1.024217963218689,0.0
12.0,-0.055709902197122574,-1.0244864225387573,0.0
12.0,-0.05087336152791977,-1.022735595703125,0.0
12.0,-0.046144332736730576,-1.02295982837677,0.0
12.0,-0.04141431301832199,-1.0231622457504272,0.0
12.0,-0.03668341040611267,-1.0233427286148071,0.0
12.0,-0.031951725482940674,-1.0235013961791992,0.0
12.0,-0.02716618962585926,-1.0216388702392578,0.0
12.0,-0.02244248241186142,-1.0217535495758057,0.0
12.0,-0.017718294635415077,-1.0218462944030762,0.0
12.0,-0.012993729673326015,-1.0219173431396484,0.0
12.0,-0.008268886245787144,-1.0219664573669434,0.0
12.0,-0.0035508018918335438,-1.0239938497543335,0.0
12.0,0.0011835411423817277,-1.0239993333816528,0.0
12.0,0.005917858798056841,-1.0239830017089844,0.0
12.0,0.010631244629621506,-1.0219446420669556,0.0
12.0,0.01535596139729023,-1.021884560585022,0.0
12.0,0.02008035033941269,-1.0218026638031006,0.0
12.0,0.024804310873150826,-1.0216989517211914,0.0
12.0,0.029527738690376282,-1.0215733051300049,0.0
12.0,0.03425053879618645,-1.0214258432388306,0.0
12.0,0.038972605019807816,-1.0212565660476685,0.0
12.0,0.04369383677840233,-1.0210654735565186,0.0
12.0,0.048414137214422226,-1.0208525657653809,0.0
12.0,0.05313339829444885,-1.0206178426742554,0.0
12.0,0.05785152688622475,-1.020361304283142,0.0
12.0,0.06256841868162155,-1.0200828313827515,0.0
12.0,0.06741565465927124,-1.0217784643173218,0.0
12.0,0.07213899493217468,-1.0214558839797974,0.0
12.0,0.07686079293489456,-1.0211113691329956,0.0
12.0,0.08158095180988312,-1.0207451581954956,0.0
12.0,0.0862993597984314,-1.0203570127487183,0.0
12.0,0.09101593494415283,-1.0199471712112427,0.0
12.0,0.09573055803775787,-1.0195153951644897,0.0
12.0,0.10044313222169876,-1.0190619230270386,0.0
12.0,0.10515356063842773,-1.0185866355895996,0.0
12.0,0.10986173897981644,-1.0180896520614624,0.0
12.0,0.11479133367538452,-1.0195581912994385,0.0
12.0,0.11950390785932541,-1.0190166234970093,0.0
12.0,0.12421392649412155,-1.0184532403945923,0.0
12.0,0.1289212852716446,-1.0178680419921875,0.0
12.0,0.13362589478492737,-1.0172611474990845,0.0
12.0,0.13832764327526093,-1.0166324377059937,0.0
12.0,0.1430264264345169,-1.0159820318222046,0.0
12.0,0.14772216975688934,-1.0153099298477173,0.0
12.0,0.15271183848381042,-1.0165938138961792,0.0
12.0,0.1577165424823761,-1.0178533792495728,0.0
12.0,0.16242077946662903,-1.0171133279800415,0.0
12.0,0.1671215295791626,-1.0163514614105225,0.0
12.0,0.17181871831417084,-1.0155678987503052,0.0
12.0,0.1765122264623642,-1.0147627592086792,0.0
12.0,0.1812019646167755,-1.0139358043670654,0.0
12.0,0.18588782846927643,-1.0130871534347534,0.0
12.0,0.19130980968475342,-1.0161479711532593,0.0
12.0,0.19600580632686615,-1.0152525901794434,0.0
12.0,0.20069760084152222,-1.0143355131149292,0.0
12.0,0.20578236877918243,-1.0153568983078003,0.0
12.0,0.21047453582286835,-1.0143946409225464,0.0
12.0,0.21599294245243073,-1.01732337474823,0.0
12.0,0.22069409489631653,-1.016313910484314,0.0
12.0,0.2258239984512329,-1.017235279083252,0.0
12.0,0.23052464425563812,-1.016180396080017,0.0
12.0,0.23522035777568817,-1.0151036977767944,0.0
12.0,0.24037152528762817,-1.0159515142440796,0.0
12.0,0.2450660765171051,-1.014829397201538,0.0
12.0,0.2507123053073883,-1.0175693035125732,0.0
12.0,0.255414217710495,-1.0163992643356323,0.0
12.0,0.2606070637702942,-1.0171449184417725,0.0
12.0,0.26581230759620667,-1.0178643465042114,0.0
12.0,0.27051541209220886,-1.0166245698928833,0.0
12.0,0.2757359743118286,-1.0172933340072632,0.0
12.0,0.28043636679649353,-1.016007661819458,0.0
12.0,0.28567177057266235,-1.0166256427764893,0.0
12.0,0.2903689742088318,-1.0152939558029175,0.0
12.0,0.2950599491596222,-1.013940691947937,0.0
12.0,0.3003123104572296,-1.0144833326339722,0.0
12.0,0.304999440908432,-1.013084053993225,0.0
12.0,0.3102654218673706,-1.0135754346847534,0.0
12.0,0.31613674759864807,-1.0159496068954468,0.0
12.0,0.32083049416542053,-1.0144771337509155,0.0
12.0,0.326741099357605,-1.0167911052703857,0.0
12.0,0.3314386010169983,-1.0152696371078491,0.0
12.0,0.3361290395259857,-1.0137263536453247,0.0
12.0,0.3408122956752777,-1.0121614933013916,0.0
12.0,0.3461352586746216,-1.0124675035476685,0.0
12.0,0.35081255435943604,-1.0108563899993896,0.0
12.0,0.3568112850189209,-1.0129964351654053,0.0
12.0,0.3628372251987457,-1.015102505683899,0.0
12.0,0.3675265610218048,-1.0134141445159912,0.0
12.0,0.3728986084461212,-1.0135811567306519,0.0
12.0,0.37758079171180725,-1.0118463039398193,0.0
12.0,0.38296276330947876,-1.0119602680206299,0.0
12.0,0.3883538544178009,-1.0120460987091064,0.0
12.0,0.39302876591682434,-1.0102397203445435,0.0
12.0,0.3998965620994568,-1.013993501663208,0.0
12.0,0.40458035469055176,-1.0121338367462158,0.0
12.0,0.4107573330402374,-1.0139597654342651,0.0
12.0,0.41695985198020935,-1.0157502889633179,0.0
12.0,0.42165160179138184,-1.0138115882873535,0.0
12.0,0.427110880613327,-1.013694405555725,0.0
12.0,0.4317930042743683,-1.0117088556289673,0.0
12.0,0.4372594654560089,-1.0115375518798828,0.0
12.0,0.44193148612976074,-1.0095051527023315,0.0
12.0,0.4482150971889496,-1.0111078023910522,0.0
12.0,0.4553419351577759,-1.0144987106323242,0.0
12.0,0.4600274860858917,-1.0123826265335083,0.0
12.0,0.46553897857666016,-1.0120619535446167,0.0
12.0,0.4702131152153015,-1.0098987817764282,0.0
12.0,0.4757298529148102,-1.0095232725143433,0.0
12.0,0.4829748868942261,-1.0127285718917847,0.0
12.0,0.4876519441604614,-1.0104848146438599,0.0
12.0,0.49582886695861816,-1.0154081583023071,0.0
12.0,0.5005182027816772,-1.0131049156188965,0.0
12.0,0.5060909390449524,-1.0125689506530762,0.0
12.0,0.5107670426368713,-1.0102182626724243,0.0
12.0,0.5181641578674316,-1.0131880044937134,0.0
12.0,0.5237618684768677,-1.012557864189148,0.0
12.0,0.5284376740455627,-1.0101255178451538,0.0
12.0,0.5349727869033813,-1.0112073421478271,0.0
12.0,0.5396422743797302,-1.0087231397628784,0.0
12.0,0.5471548438072205,-1.0114946365356445,0.0
12.0,0.5547046661376953,-1.0142183303833008,0.0
12.0,0.5593878030776978,-1.0116428136825562,0.0
12.0,0.5660107731819153,-1.0125372409820557,0.0
12.0,0.5706861019134521,-1.0099095106124878,0.0
12.0,0.5783251523971558,-1.0124702453613281,0.0
12.0,0.5829999446868896,-1.0097856521606445,0.0
12.0,0.5896783471107483,-1.0105341672897339,0.0
12.0,0.5963760614395142,-1.0112426280975342,0.0
12.0,0.6010450720787048,-1.008474588394165,0.0
12.0,0.6077648997306824,-1.0091114044189453,0.0
12.0,0.6124238967895508,-1.0062906742095947,0.0
12.0,0.6191651225090027,-1.006855845451355,0.0
12.0,0.6238135695457458,-1.003982424736023,0.0
12.0,0.63057541847229,-1.0044753551483154,0.0
12.0,0.6405686736106873,-1.0099939107894897,0.0
12.0,0.6452313661575317,-1.0070215463638306,0.0
12.0,0.6531406044960022,-1.0090645551681519,0.0
12.0,0.6577989459037781,-1.0060341358184814,0.0
12.0,0.6646475791931152,-1.0063197612762451,0.0
12.0,0.6726229190826416,-1.0082273483276367,0.0
12.0,0.677277147769928,-1.005106806755066,0.0
12.0,0.6841674447059631,-1.005271553993225,0.0
12.0,0.6888078451156616,-1.0020976066589355,0.0
12.0,0.6979956030845642,-1.0054740905761719,0.0
12.0,0.7026368379592896,-1.002236247062683,0.0
12.0,0.7118856906890869,-1.005506157875061,0.0
12.0,0.721179723739624,-1.0087119340896606,0.0
12.0,0.7258356213569641,-1.0053669214248657,0.0
12.0,0.7351888418197632,-1.0084649324417114,0.0
12.0,0.739843487739563,-1.0050550699234009,0.0
12.0,0.7468684315681458,-1.0048340559005737,0.0
12.0,0.7515062093734741,-1.0013703107833862,0.0
12.0,0.7609593868255615,-1.0042613744735718,0.0
12.0,0.7704552412033081,-1.0070862770080566,0.0
12.0,0.7751031517982483,-1.0035134553909302,0.0
12.0,0.784653902053833,-1.006227731704712,0.0
12.0,0.7892976999282837,-1.002589225769043,0.0
12.0,0.7989022135734558,-1.0051921606063843,0.0
12.0,0.8085475564002991,-1.0077276229858398,0.0
12.0,0.8131980299949646,-1.0039786100387573,0.0
12.0,0.8228949904441833,-1.0064014196395874,0.0
12.0,0.8275391459465027,-1.002586007118225,0.0
12.0,0.8385668992996216,-1.006432056427002,0.0
12.0,0.8432110548019409,-1.0025442838668823,0.0
12.0,0.8517204523086548,-1.0032089948654175,0.0
12.0,0.8628567457199097,-1.0068535804748535,0.0
12.0,0.8675025701522827,-1.002853512763977,0.0
12.0,0.8787069916725159,-1.0063647031784058,0.0
12.0,0.8833504319190979,-1.0022913217544556,0.0
12.0,0.8932921886444092,-1.004173755645752,0.0
12.0,0.904606282711029,-1.0074738264083862,0.0
12.0,0.9092545509338379,-1.0032806396484375,0.0
12.0,0.9192829728126526,-1.0049690008163452,0.0
12.0,0.9239194989204407,-1.0007081031799316,0.0
12.0,0.935353696346283,-1.00374174118042,0.0
12.0,0.9399843811988831,-0.9994064569473267,0.0
12.0,0.952856719493866,-1.0037529468536377,0.0
12.0,0.9671728610992432,-1.0094456672668457,0.0
12.0,0.9718295335769653,-1.0049632787704468,0.0
12.0,0.9876410961151123,-1.0119097232818604,0.0
12.0,0.9923089742660522,-1.0073325634002686,0.0
12.0,1.0096467733383179,-1.0154986381530762,0.0
12.0,1.0143309831619263,-1.010819911956787,0.0
12.0,1.0332252979278564,-1.0201714038848877,0.0
12.0,1.0379308462142944,-1.0153834819793701,0.0
12.0,1.0569753646850586,-1.0244935750961304,0.0
12.0,1.0775684118270874,-1.034834384918213,0.0
12.0,1.0823413133621216,-1.0298413038253784,0.0
12.0,1.1045544147491455,-1.0412893295288086,0.0
12.0,1.1093568801879883,-1.0361714363098145,0.0
12.0,1.131750464439392,-1.0473322868347168,0.0
12.0,1.1527963876724243,-1.0569562911987305,0.0
12.0,1.1576707363128662,-1.0516151189804077,0.0
12.0,1.1788729429244995,-1.0609686374664307,0.0
12.0,1.1837656497955322,-1.055506944656372,0.0
12.0,1.2051209211349487,-1.064587950706482,0.0
12.0,1.2100300788879395,-1.0590049028396606,0.0
12.0,1.233046293258667,-1.0691214799880981,0.0
12.0,1.2561815977096558,-1.0790475606918335,0.0
12.0,1.2611570358276367,-1.0732282400131226,0.0
12.0,1.2859840393066406,-1.0841444730758667,0.0
12.0,1.2909826040267944,-1.078187346458435,0.0
12.0,1.1691758632659912,-0.9492438435554504,0.0
12.0,1.1735520362854004,-0.9438281655311584,0.0
12.0,1.177903175354004,-0.9383923411369324,0.0
12.0,1.1822291612625122,-0.932936429977417,0.0
12.0,1.2085901498794556,-0.9447041749954224,0.0
12.0,1.2129449844360352,-0.939106285572052,0.0
12.0,1.239492654800415,-0.9505272507667542,0.0
12.0,1.2438740730285645,-0.9447864890098572,0.0
12.0,1.272202491760254,-0.9570605158805847,0.0
12.0,1.276613712310791,-0.951168417930603,0.0
12.0,1.305137038230896,-0.9630686044692993,0.0
12.0,1.3337972164154053,-0.9747249484062195,0.0
12.0,1.338289499282837,-0.9685479402542114,0.0
12.0,1.3687629699707031,-0.9809913635253906,0.0
12.0,1.373283863067627,-0.9746525883674622,0.0
12.0,1.4023200273513794,-0.9855428338050842,0.0
12.0,1.4068615436553955,-0.9790488481521606,0.0
12.0,1.4410167932510376,-0.9929605722427368,0.0
12.0,1.468721628189087,-1.0020681619644165,0.0
12.0,1.4733389616012573,-0.9952670335769653,0.0
12.0,1.4945491552352905,-0.9995632171630859,0.0
12.0,1.4991545677185059,-0.9926426410675049,0.0
12.0,1.5221272706985474,-0.9977617859840393,0.0
12.0,1.526724100112915,-0.9907137751579285,0.0
12.0,1.5497982501983643,-0.9955347180366516,0.0
12.0,1.5661983489990234,-0.9958707094192505,0.0
12.0,1.5707858800888062,-0.9886189699172974,0.0
12.0,1.575339913368225,-0.981346070766449,0.0
12.0,1.5798602104187012,-0.9740521907806396,0.0
12.0,1.5775176286697388,-0.9625706076622009,0.0
12.0,1.5733908414840698,-0.9500976800918579,0.0
12.0,1.5777666568756104,-0.9428131580352783,0.0
12.0,1.5752224922180176,-0.9314365983009338,0.0
12.0,1.579512119293213,-0.9241437911987305,0.0
12.0,1.5768442153930664,-0.9128232598304749,0.0
12.0,1.5827832221984863,-0.9065171480178833,0.0
12.0,1.5869574546813965,-0.8991896510124207,0.0
12.0,1.6015654802322388,-0.8977103233337402,0.0
12.0,1.605698823928833,-0.8902961015701294,0.0
12.0,1.6255801916122437,-0.8915183544158936,0.0
12.0,1.6296846866607666,-0.8839931488037109,0.0
12.0,1.6513783931732178,-0.8859037160873413,0.0
12.0,1.669590711593628,-0.8857578039169312,0.0
12.0,1.6736680269241333,-0.8780292272567749,0.0
12.0,1.6901371479034424,-0.8767284154891968,0.0
12.0,1.6941725015640259,-0.8689048886299133,0.0
12.0,1.44130539894104,-0.7308180332183838,0.0
12.0,1.4446687698364258,-0.7241465449333191,0.0
12.0,1.4480013847351074,-0.7174595594406128,0.0
12.0,1.4513030052185059,-0.7107572555541992,0.0
12.0,1.472246766090393,-0.7042111754417419,0.0
12.0,1.4754868745803833,-0.6973968744277954,0.0
12.0,1.4786953926086426,-0.690567672252655,0.0
12.0,1.481872320175171,-0.6837237477302551,0.0
12.0,1.5013965368270874,-0.6843306422233582,0.0
12.0,1.5045443773269653,-0.6773818135261536,0.0
12.0,1.5222798585891724,-0.6769195199012756,0.0
12.0,1.5253932476043701,-0.6698742508888245,0.0
12.0,1.5431532859802246,-0.6691802144050598,0.0
12.0,1.546230673789978,-0.6620384454727173,0.0
12.0,1.5603280067443848,-0.6595547199249268,0.0
12.0,1.5652064085006714,-0.6531038880348206,0.0
12.0,1.5682092905044556,-0.6458603739738464,0.0
12.0,1.56747305393219,-0.6370969414710999,0.0
12.0,1.5704017877578735,-0.6298431158065796,0.0
12.0,1.5677179098129272,-0.6203681230545044,0.0
12.0,1.5649800300598145,-0.610931396484375,0.0
12.0,1.5677878856658936,-0.6036893725395203,0.0
12.0,1.5649532079696655,-0.5943043828010559,0.0
12.0,1.5676841735839844,-0.587062656879425,0.0
12.0,1.5647529363632202,-0.5777302384376526,0.0
12.0,1.567407250404358,-0.5704895853996277,0.0
12.0,1.5662630796432495,-0.5618861317634583,0.0
12.0,1.5650728940963745,-0.553305447101593,0.0
12.0,1.567614197731018,-0.5460636019706726,0.0
12.0,1.564447045326233,-0.5368626117706299,0.0
12.0,1.5669125318527222,-0.5296238660812378,0.0
12.0,1.5655490159988403,-0.521110475063324,0.0
12.0,1.5641405582427979,-0.5126210451126099,0.0
12.0,1.5664938688278198,-0.5053839683532715,0.0
12.0,1.5650012493133545,-0.4969255328178406,0.0
12.0,1.56728196144104,-0.4896846413612366,0.0
12.0,1.5637941360473633,-0.4806704521179199,0.0
12.0,1.5621708631515503,-0.4722777307033539,0.0
12.0,1.5643376111984253,-0.46505019068717957,0.0
12.0,1.5607119798660278,-0.4561295807361603,0.0
12.0,1.5628042221069336,-0.4489089548587799,0.0
12.0,1.5629380941390991,-0.441135436296463,0.0
12.0,1.5611063241958618,-0.43283596634864807,0.0
12.0,1.5630908012390137,-0.42561376094818115,0.0
12.0,1.5611776113510132,-0.4173494279384613,0.0
12.0,1.5630905628204346,-0.41012707352638245,0.0
12.0,1.56109619140625,-0.40189865231513977,0.0
12.0,1.5551811456680298,-0.3927181363105774,0.0
12.0,1.5569802522659302,-0.3855237364768982,0.0
12.0,1.5451409816741943,-0.3750191032886505,0.0
12.0,1.546858310699463,-0.36787131428718567,0.0
12.0,1.5388033390045166,-0.35844704508781433,0.0
12.0,1.5404441356658936,-0.3513287305831909,0.0
12.0,1.5656156539916992,-0.14153344929218292,0.0
12.0,1.5662533044815063,-0.13429351150989532,0.0
12.0,1.5668574571609497,-0.1270507127046585,0.0
12.0,1.5674281120300293,-0.11980518698692322,0.0
12.0,1.5599857568740845,-0.11198429018259048,0.0
12.0,1.5604867935180664,-0.10477069765329361,0.0
12.0,1.5549662113189697,-0.09718061238527298,0.0
12.0,1.5553988218307495,-0.08999038487672806,0.0
12.0,1.5557982921600342,-0.08279823511838913,0.0
12.0,1.5621575117111206,-0.07589548081159592,0.0
12.0,1.5624916553497314,-0.06867223232984543,0.0
12.0,1.572784662246704,-0.06184040382504463,0.0
12.0,1.5810490846633911,-0.054845523089170456,0.0
12.0,1.5812857151031494,-0.047535158693790436,0.0
12.0,1.589486002922058,-0.04042718559503555,0.0
12.0,1.589655876159668,-0.033077966421842575,0.0
12.0,1.6017903089523315,-0.02592221461236477,0.0
12.0,1.6138921976089478,-0.01865496300160885,0.0
12.0,1.613961100578308,-0.011193138547241688,0.0
12.0,1.6219956874847412,-0.0037495694123208523,0.0
12.0,1.6219956874847412,0.0037495605647563934,0.0
12.0,1.6319607496261597,0.011317960917949677,0.0
12.0,1.6318910121917725,0.018863001838326454,0.0
12.0,1.6417850255966187,0.02656945027410984,0.0
12.0,1.6516424417495728,0.03436778858304024,0.0
12.0,1.651465892791748,0.0420035794377327,0.0
12.0,1.6632486581802368,0.049999043345451355,0.0
12.0,1.6629997491836548,0.05768832564353943,0.0
12.0,1.6727075576782227,0.065769262611866,0.0
12.0,1.672385573387146,0.07350210845470428,0.0
12.0,1.4353172779083252,0.24454084038734436,0.0
12.0,1.4341713190078735,0.2511742413043976,0.0
12.0,1.4329947233200073,0.25780224800109863,0.0
12.0,1.4317874908447266,0.26442477107048035,0.0
12.0,1.4423400163650513,0.2732754945755005,0.0
12.0,1.4410611391067505,0.27994105219841003,0.0
12.0,1.4397515058517456,0.28660061955451965,0.0
12.0,1.4521287679672241,0.2960507571697235,0.0
12.0,1.4507445096969604,0.3027613162994385,0.0
12.0,1.4630206823349,0.3123888671398163,0.0
12.0,1.4615607261657715,0.31914961338043213,0.0
12.0,1.4737331867218018,0.32895341515541077,0.0
12.0,1.4819462299346924,0.33798712491989136,0.0
12.0,1.4803677797317505,0.344835102558136,0.0
12.0,1.494323492050171,0.35537755489349365,0.0
12.0,1.4926645755767822,0.36228257417678833,0.0
12.0,1.5103873014450073,0.3739868700504303,0.0
12.0,1.5086420774459839,0.3809659481048584,0.0
12.0,1.530106782913208,0.39392051100730896,0.0
12.0,1.5514832735061646,0.4070815443992615,0.0
12.0,1.5495846271514893,0.41425028443336487,0.0
12.0,1.5688800811767578,0.4271901249885559,0.0
12.0,1.5668882131576538,0.4344390630722046,0.0
12.0,1.5821861028671265,0.44656816124916077,0.0
12.0,1.5801045894622803,0.4538784325122833,0.0
12.0,1.5914270877838135,0.4651062786579132,0.0
12.0,1.6045963764190674,0.4770183861255646,0.0
12.0,1.6023738384246826,0.4844319522380829,0.0
12.0,1.6154108047485352,0.4965360760688782,0.0
12.0,1.613097906112671,0.5039994120597839,0.0
12.0,1.6240938901901245,0.5156888365745544,0.0
12.0,1.6350160837173462,0.5274906754493713,0.0
12.0,1.632559895515442,0.5350443124771118,0.0
12.0,1.6433521509170532,0.5470080375671387,0.0
12.0,1.6408054828643799,0.5546000599861145,0.0
12.0,1.6495741605758667,0.5660751461982727,0.0
12.0,1.6469392776489258,0.573695719242096,0.0
12.0,1.655583143234253,0.5853038430213928,0.0
12.0,1.426956057548523,0.5119106769561768,0.0
12.0,1.4245740175247192,0.5185025334358215,0.0
12.0,1.4371711015701294,0.5306251049041748,0.0
12.0,1.4347025156021118,0.5372639894485474,0.0
12.0,1.4322031736373901,0.543891429901123,0.0
12.0,1.4427381753921509,0.5555379986763,0.0
12.0,1.4401543140411377,0.5622023940086365,0.0
12.0,1.4542769193649292,0.5754778981208801,0.0
12.0,1.4516006708145142,0.5821954011917114,0.0
12.0,1.46371591091156,0.594925045967102,0.0
12.0,1.4775934219360352,0.6085406541824341,0.0
12.0,1.4747642278671265,0.6153655648231506,0.0
12.0,1.48848295211792,0.629185676574707,0.0
12.0,1.4855581521987915,0.6360607147216797,0.0
12.0,1.502785325050354,0.6516748666763306,0.0
12.0,1.5162372589111328,0.6658533811569214,0.0
12.0,1.5131425857543945,0.6728563904762268,0.0
12.0,1.5246050357818604,0.686413586139679,0.0
12.0,1.5214152336120605,0.6934550404548645,0.0
12.0,1.5290889739990234,0.7055090665817261,0.0
12.0,1.525810718536377,0.7125710844993591,0.0
12.0,1.5279245376586914,0.7221818566322327,0.0
12.0,1.5299819707870483,0.7318272590637207,0.0
12.0,1.52658212184906,0.7388931512832642,0.0
12.0,1.5285381078720093,0.748582124710083,0.0
12.0,1.525060772895813,0.7556411623954773,0.0
12.0,1.5269147157669067,0.765372633934021,0.0
12.0,1.528711199760437,0.7751374244689941,0.0
12.0,1.5251110792160034,0.7821969389915466,0.0
12.0,1.5268045663833618,0.7920025587081909,0.0
12.0,1.523126482963562,0.7990530729293823,0.0
12.0,1.5264829397201538,0.8098357319831848,0.0
12.0,1.5227224826812744,0.8168845772743225,0.0
12.0,1.5242034196853638,0.8267767429351807,0.0
12.0,1.523871898651123,0.8357383608818054,0.0
12.0,1.5199916362762451,0.8427748680114746,0.0
12.0,1.517823576927185,0.8507711887359619,0.0
12.0,1.5138739347457886,0.8577795624732971,0.0
12.0,1.5064208507537842,0.8627815842628479,0.0
12.0,1.4833760261535645,0.8587151169776917,0.0
12.0,1.4793899059295654,0.8655641674995422,0.0
12.0,1.2494553327560425,1.1349912881851196,0.0
12.0,1.244194507598877,1.1407558917999268,0.0
12.0,1.2389070987701416,1.146496057510376,0.0
12.0,1.2335931062698364,1.1522116661071777,0.0
12.0,1.2180659770965576,1.1482993364334106,0.0
12.0,1.2054994106292725,1.147025465965271,0.0
12.0,1.200183391571045,1.1525866985321045,0.0
12.0,1.1905333995819092,1.1539472341537476,0.0
12.0,1.185185432434082,1.159439206123352,0.0
12.0,1.1769659519195557,1.1620960235595703,0.0
12.0,1.1715805530548096,1.1675251722335815,0.0
12.0,1.1605297327041626,1.1672561168670654,0.0
12.0,1.1438921689987183,1.1612107753753662,0.0
12.0,1.138511300086975,1.1664870977401733,0.0
12.0,1.1261544227600098,1.1645498275756836,0.0
12.0,0.97475266456604,1.286410927772522,0.0
12.0,0.9687947034835815,1.2909038066864014,0.0
12.0,0.962816059589386,1.2953691482543945,0.0
12.0,0.9568167924880981,1.2998067140579224,0.0
12.0,0.9377328157424927,1.2988691329956055,0.0
12.0,0.9317176342010498,1.30319082736969,0.0
12.0,0.925682544708252,1.30748450756073,0.0
12.0,0.9196276664733887,1.3117502927780151,0.0
12.0,0.910131573677063,1.3110592365264893,0.0
12.0,0.9040603041648865,1.3152531385421753,0.0
12.0,0.8968445062637329,1.317765474319458,0.0
12.0,0.8907423615455627,1.3218978643417358,0.0
12.0,0.8835113048553467,1.3243381977081299,0.0
12.0,0.8762767314910889,1.326740026473999,0.0
12.0,0.8701333403587341,1.3307772874832153,0.0
12.0,0.8628846406936646,1.3331069946289062,0.0
12.0,0.8567119836807251,1.3370821475982666,0.0
12.0,0.8505209684371948,1.3410288095474243,0.0
12.0,0.8443118333816528,1.3449467420578003,0.0
12.0,0.8380845785140991,1.3488359451293945,0.0
12.0,0.8307917714118958,1.3509925603866577,0.0
12.0,0.8245367407798767,1.3548191785812378,0.0
12.0,0.8182640671730042,1.358616828918457,0.0
12.0,0.8119739294052124,1.3623855113983154,0.0
12.0,0.805666446685791,1.3661249876022339,0.0
12.0,0.7983337640762329,1.3681079149246216,0.0
12.0,0.7919999361038208,1.3717842102050781,0.0
12.0,0.7856492400169373,1.3754312992095947,0.0
12.0,0.7792816758155823,1.3790489435195923,0.0
12.0,0.7728975415229797,1.3826371431350708,0.0
12.0,0.7664967775344849,1.3861957788467407,0.0
12.0,0.7600797414779663,1.3897247314453125,0.0
12.0,0.7536463737487793,1.3932240009307861,0.0
12.0,0.7471969127655029,1.396693468093872,0.0
12.0,0.7407315373420715,1.4001331329345703,0.0
12.0,0.7342502474784851,1.4035428762435913,0.0
12.0,0.7277532815933228,1.4069225788116455,0.0
12.0,0.47828006744384766,0.9459640979766846,0.0
12.0,0.4739013910293579,0.948165237903595,0.0
12.0,0.46951261162757874,0.9503461122512817,0.0
12.0,0.4651137888431549,0.9525067210197449,0.0
12.0,0.45896655321121216,0.9510445594787598,0.0
12.0,0.4545646011829376,0.9531563520431519,0.0
12.0,0.4484478533267975,0.9516294598579407,0.0
12.0,0.4440433084964752,0.953692615032196,0.0
12.0,0.4371218979358673,0.9502844214439392,0.0
12.0,0.4318963289260864,0.9504744410514832,0.0
12.0,0.4274972975254059,0.9524610638618469,0.0
12.0,0.4214681088924408,0.9507704973220825,0.0
12.0,0.41706782579421997,0.9527089595794678,0.0
12.0,0.4110715091228485,0.9509554505348206,0.0
12.0,0.4066705107688904,0.9528458118438721,0.0
12.0,0.4007076323032379,0.9510295987129211,0.0
12.0,0.3947703242301941,0.9491788148880005,0.0
12.0,0.3903777003288269,0.9509938359260559,0.0
12.0,0.3852258324623108,0.950934886932373,0.0
12.0,0.3808251619338989,0.9527057409286499,0.0
12.0,0.3749488592147827,0.9507350921630859,0.0
12.0,0.3698241114616394,0.9505946040153503,0.0
12.0,0.3654251992702484,0.9522942900657654,0.0
12.0,0.35960274934768677,0.9502325654029846,0.0
12.0,0.35520562529563904,0.9518849849700928,0.0
12.0,0.35011035203933716,0.9516400694847107,0.0
12.0,0.34434306621551514,0.9494881629943848,0.0
12.0,0.3399495482444763,0.9510700702667236,0.0
12.0,0.3348843455314636,0.9507452249526978,0.0
12.0,0.33048510551452637,0.9522833824157715,0.0
12.0,0.3247848153114319,0.9500161409378052,0.0
12.0,0.319112628698349,0.9477167725563049,0.0
12.0,0.3147275745868683,0.9491820335388184,0.0
12.0,0.3097151219844818,0.9487257599830627,0.0
12.0,0.3053255081176758,0.9501475691795349,0.0
12.0,0.29972323775291443,0.9477351903915405,0.0
12.0,0.2947440445423126,0.9472010731697083,0.0
12.0,0.2903616428375244,0.9485536813735962,0.0
12.0,0.2859730124473572,0.9498860239982605,0.0
12.0,0.28157827258110046,0.9511979818344116,0.0
12.0,0.2760598659515381,0.948648989200592,0.0
12.0,0.27167096734046936,0.9499151706695557,0.0
12.0,0.2661941647529602,0.9473102688789368,0.0
12.0,0.2612794041633606,0.9466028809547424,0.0
12.0,0.2569001317024231,0.9478007555007935,0.0
12.0,0.2520010471343994,0.9470456838607788,0.0
12.0,0.24711446464061737,0.9462655186653137,0.0
12.0,0.24273689091205597,0.9473978877067566,0.0
12.0,0.23786669969558716,0.9465703368186951,0.0
12.0,0.2334877997636795,0.947659969329834,0.0
12.0,0.22863443195819855,0.9467852115631104,0.0
12.0,0.22425465285778046,0.9478321671485901,0.0
12.0,0.21941860020160675,0.9469105005264282,0.0
12.0,0.21459588408470154,0.9459643959999084,0.0
12.0,0.21022003889083862,0.9469464421272278,0.0
12.0,0.2054152935743332,0.9459537863731384,0.0
12.0,0.20103959739208221,0.9468933939933777,0.0
12.0,0.19625328481197357,0.9458544850349426,0.0
12.0,0.19148088991641998,0.9447915554046631,0.0
12.0,0.18711072206497192,0.9456667304039001,0.0
12.0,0.18235743045806885,0.9445579648017883,0.0
12.0,0.1779884397983551,0.9453909993171692,0.0
12.0,0.17325468361377716,0.9442366361618042,0.0
12.0,0.16853544116020203,0.9430587291717529,0.0
12.0,0.16417351365089417,0.9438278675079346,0.0
12.0,0.15980809926986694,0.9445767998695374,0.0
12.0,0.15543925762176514,0.945305585861206,0.0
12.0,0.1510670930147171,0.9460141062736511,0.0
12.0,0.1466917097568512,0.9467024803161621,0.0
12.0,0.14201606810092926,0.9453927278518677,0.0
12.0,0.13735570013523102,0.9440600872039795,0.0
12.0,0.13298949599266052,0.9446850419044495,0.0
12.0,0.12835079431533813,0.9433080554008484,0.0
12.0,0.12398815900087357,0.9438914060592651,0.0
12.0,0.11962287127971649,0.944454550743103,0.0
12.0,0.11501289159059525,0.9430121779441833,0.0
12.0,0.11065176874399185,0.9435338973999023,0.0
12.0,0.10628827661275864,0.9440353512763977,0.0
12.0,0.10192251205444336,0.9445167183876038,0.0
12.0,0.09734919667243958,0.942988395690918,0.0
12.0,0.09298837184906006,0.9434283971786499,0.0
12.0,0.08862555772066116,0.9438482522964478,0.0
12.0,0.08408308029174805,0.9422557950019836,0.0
12.0,0.07972577959299088,0.9426344633102417,0.0
12.0,0.0753667801618576,0.9429929852485657,0.0
12.0,0.0710061639547348,0.9433313608169556,0.0
12.0,0.06664403527975082,0.9436495900154114,0.0
12.0,0.062280476093292236,0.9439476132392883,0.0
12.0,0.057915590703487396,0.9442254900932312,0.0
12.0,0.05343625321984291,0.9424864053726196,0.0
12.0,0.049078214913606644,0.9427233338356018,0.0
12.0,0.04471912980079651,0.9429401755332947,0.0
12.0,0.04027358070015907,0.9411386847496033,0.0
12.0,0.035921916365623474,0.9413148164749146,0.0
12.0,0.03156948462128639,0.9414708018302917,0.0
12.0,0.02721637673676014,0.9416067004203796,0.0
12.0,0.022862685844302177,0.9417225122451782,0.0
12.0,0.018508508801460266,0.941818118095398,0.0
12.0,0.014153935015201569,0.9418936371803284,0.0
12.0,0.009799058549106121,0.9419490098953247,0.0
12.0,0.005443972535431385,0.941984236240387,0.0
12.0,0.0010887705720961094,0.9419993162155151,0.0
12.0,-0.0032664549071341753,0.941994309425354,0.0
12.0,-0.007621610537171364,0.9419691562652588,0.0
12.0,-0.011976603418588638,0.9419238567352295,0.0
12.0,-0.01633133925497532,0.9418584108352661,0.0
12.0,-0.020685726776719093,0.9417728185653687,0.0
12.0,-0.0250396728515625,0.9416671395301819,0.0
12.0,-0.029393082484602928,0.941541314125061,0.0
12.0,-0.033745866268873215,0.9413953423500061,0.0
12.0,-0.03809792548418045,0.9412292242050171,0.0
12.0,-0.04244917258620262,0.9410430192947388,0.0
12.0,-0.04679951071739197,0.9408367276191711,0.0
12.0,-0.05114884674549103,0.9406102895736694,0.0
12.0,-0.05549709498882294,0.9403637647628784,0.0
12.0,-0.05984415113925934,0.9400971531867981,0.0
12.0,-0.06418993324041367,0.9398103952407837,0.0
12.0,-0.06853433698415756,0.9395036101341248,0.0
12.0,-0.07287728041410446,0.9391766786575317,0.0
12.0,-0.0772186666727066,0.9388297200202942,0.0
12.0,-0.08173156529664993,0.9404551982879639,0.0
12.0,-0.08607876300811768,0.9400672912597656,0.0
12.0,-0.09042412787675858,0.9396592378616333,0.0
12.0,-0.09476755559444427,0.9392311573028564,0.0
12.0,-0.09910895675420761,0.9387829303741455,0.0
12.0,-0.10366740822792053,0.9403026103973389,0.0
12.0,-0.10801366716623306,0.9398132562637329,0.0
12.0,-0.11235762387514114,0.9393038749694824,0.0
12.0,-0.11669917404651642,0.9387743473052979,0.0
12.0,-0.12103822827339172,0.9382247924804688,0.0
12.0,-0.12563976645469666,0.9396375417709351,0.0
12.0,-0.12998270988464355,0.9390466213226318,0.0
12.0,-0.1343228816986084,0.9384356141090393,0.0
12.0,-0.13895271718502045,0.9397830367088318,0.0
12.0,-0.14329619705677032,0.9391305446624756,0.0
12.0,-0.14763662219047546,0.9384579658508301,0.0
12.0,-0.1519738882780075,0.93776535987854,0.0
12.0,-0.1563078910112381,0.9370527267456055,0.0
12.0,-0.16063857078552246,0.9363200664520264,0.0
12.0,-0.16531310975551605,0.9375370144844055,0.0
12.0,-0.17000232636928558,0.9387306571006775,0.0
12.0,-0.1743406057357788,0.9379346370697021,0.0
12.0,-0.17904974520206451,0.9390831589698792,0.0
12.0,-0.1833895593881607,0.9382452964782715,0.0
12.0,-0.18811818957328796,0.9393484592437744,0.0
12.0,-0.1924591362476349,0.9384686946868896,0.0
12.0,-0.1967959702014923,0.9375688433647156,0.0
12.0,-0.2015484869480133,0.9386043548583984,0.0
12.0,-0.2058858424425125,0.9376624822616577,0.0
12.0,-0.21021881699562073,0.9367005825042725,0.0
12.0,-0.21499426662921906,0.9376680850982666,0.0
12.0,-0.2193271517753601,0.9366641044616699,0.0
12.0,-0.2241203337907791,0.9375852346420288,0.0
12.0,-0.22845274209976196,0.9365389943122864,0.0
12.0,-0.23374615609645844,0.939354419708252,0.0
12.0,-0.23808665573596954,0.9382636547088623,0.0
12.0,-0.24292293190956116,0.9390891790390015,0.0
12.0,-0.24726209044456482,0.9379560351371765,0.0
12.0,-0.25159597396850586,0.9368028044700623,0.0
12.0,-0.2569798231124878,0.9394878149032593,0.0
12.0,-0.26132068037986755,0.9382896423339844,0.0
12.0,-0.2656559348106384,0.9370714426040649,0.0
12.0,-0.27109429240226746,0.9396764636039734,0.0
12.0,-0.2754358649253845,0.9384130239486694,0.0
12.0,-0.2803437113761902,0.9390460252761841,0.0
12.0,-0.2846822738647461,0.9377398490905762,0.0
12.0,-0.2896045744419098,0.9383246898651123,0.0
12.0,-0.2939396798610687,0.9369757175445557,0.0
12.0,-0.29826852679252625,0.9356066584587097,0.0
12.0,-0.30320730805397034,0.9361203908920288,0.0
12.0,-0.30753210186958313,0.9347085356712341,0.0
12.0,-0.31311798095703125,0.9370704889297485,0.0
12.0,-0.31744706630706787,0.9356127977371216,0.0
12.0,-0.32242071628570557,0.9360260963439941,0.0
12.0,-0.32674485445022583,0.9345254302024841,0.0
12.0,-0.33173084259033203,0.9348896145820618,0.0
12.0,-0.33672717213630676,0.9352276921272278,0.0
12.0,-0.341047465801239,0.9336608648300171,0.0
12.0,-0.34675025939941406,0.9358249306678772,0.0
12.0,-0.3510732352733612,0.934211790561676,0.0
12.0,-0.3561008870601654,0.9344475269317627,0.0
12.0,-0.3618590235710144,0.9365222454071045,0.0
12.0,-0.3661850392818451,0.9348392486572266,0.0
12.0,-0.37197938561439514,0.9368540048599243,0.0
12.0,-0.37630683183670044,0.9351241588592529,0.0
12.0,-0.38213664293289185,0.9370781779289246,0.0
12.0,-0.38646501302719116,0.9353014230728149,0.0
12.0,-0.3915574550628662,0.9353495836257935,0.0
12.0,-0.3974393904209137,0.937211811542511,0.0
12.0,-0.40176820755004883,0.9353642463684082,0.0
12.0,-0.4068862497806549,0.9353306889533997,0.0
12.0,-0.41120630502700806,0.9334395527839661,0.0
12.0,-0.41633227467536926,0.933354914188385,0.0
12.0,-0.4222894310951233,0.9350655674934387,0.0
12.0,-0.4266080856323242,0.9331032037734985,0.0
12.0,-0.4325975775718689,0.9347509145736694,0.0
12.0,-0.4369146525859833,0.9327408671379089,0.0
12.0,-0.44293591380119324,0.9343253374099731,0.0
12.0,-0.4472509026527405,0.9322674870491028,0.0
12.0,-0.45330315828323364,0.9337881207466125,0.0
12.0,-0.4584972858428955,0.9334774613380432,0.0
12.0,-0.46280819177627563,0.931347668170929,0.0
12.0,-0.4698041081428528,0.9345588088035583,0.0
12.0,-0.4741199016571045,0.9323767423629761,0.0
12.0,-0.4802550673484802,0.933731734752655,0.0
12.0,-0.48456692695617676,0.9315013885498047,0.0
12.0,-0.49073082208633423,0.9327911138534546,0.0
12.0,-0.49691689014434814,0.9340436458587646,0.0
12.0,-0.501230001449585,0.9317362308502197,0.0
12.0,-0.5074437260627747,0.9329227805137634,0.0
12.0,-0.5117515325546265,0.9305667281150818,0.0
12.0,-1.1144236326217651,1.961529016494751,0.0
12.0,-1.1234806776046753,1.9563556909561157,0.0
12.0,-1.1325136423110962,1.9511405229568481,0.0
12.0,-1.1415222883224487,1.9458836317062378,0.0
12.0,-1.1566263437271118,1.9509072303771973,0.0
12.0,-1.1656336784362793,1.945538878440857,0.0
12.0,-1.1787595748901367,1.9469724893569946,0.0
12.0,-1.1919233798980713,1.9483259916305542,0.0
12.0,-1.200918436050415,1.9427945613861084,0.0
12.0,-1.2162445783615112,1.947399616241455,0.0
12.0,-1.225235104560852,1.9417556524276733,0.0
12.0,-1.2384997606277466,1.942815899848938,0.0
12.0,-1.253966212272644,1.9471580982208252,0.0
12.0,-1.2629551887512207,1.9413397312164307,0.0
12.0,-1.2785075902938843,1.945508360862732,0.0
12.0,-1.2874886989593506,1.939576506614685,0.0
12.0,-1.3031249046325684,1.9435701370239258,0.0
12.0,-1.318825602531433,1.947460651397705,0.0
12.0,-1.3278154134750366,1.9413424730300903,0.0
12.0,-1.3435970544815063,1.9450560808181763,0.0
12.0,-1.352575421333313,1.9388233423233032,0.0
12.0,-1.3684360980987549,1.9423589706420898,0.0
12.0,-1.3774017095565796,1.9360114336013794,0.0
12.0,-1.3933396339416504,1.9393681287765503,0.0
12.0,-1.4093378782272339,1.9426186084747314,0.0
12.0,-1.4183043241500854,1.9360820055007935,0.0
12.0,-1.4343764781951904,1.9391512870788574,0.0
12.0,-1.4433265924453735,1.9324989318847656,0.0
12.0,-1.4594709873199463,1.9353864192962646,0.0
12.0,-1.475672721862793,1.9381657838821411,0.0
12.0,-1.484617829322815,1.931322455406189,0.0
12.0,-1.503340721130371,1.9370777606964111,0.0
12.0,-1.5122805833816528,1.930106520652771,0.0
12.0,-1.5236696004867554,1.9262313842773438,0.0
12.0,-1.5250709056854248,1.9097892045974731,0.0
12.0,-1.5338842868804932,1.9027178287506104,0.0
12.0,-1.5275160074234009,1.8769910335540771,0.0
12.0,-1.536177635192871,1.8699086904525757,0.0
12.0,-1.526932716369629,1.8412333726882935,0.0
12.0,-1.5354291200637817,1.8341541290283203,0.0
12.0,-1.5284020900726318,1.8087042570114136,0.0
12.0,-1.5211730003356934,1.7833589315414429,0.0
12.0,-1.5294018983840942,1.7763069868087769,0.0
12.0,-1.5218546390533447,1.7511019706726074,0.0
12.0,-1.5299344062805176,1.7440471649169922,0.0
12.0,-1.5220712423324585,1.7189866304397583,0.0
12.0,-1.5166749954223633,1.6970188617706299,0.0
12.0,-1.5245047807693481,1.689988613128662,0.0
12.0,-1.516144037246704,1.6651761531829834,0.0
12.0,-1.5238265991210938,1.6581486463546753,0.0
12.0,-1.5178755521774292,1.6364223957061768,0.0
12.0,-1.5117563009262085,1.6147868633270264,0.0
12.0,-1.519205927848816,1.6077800989151,0.0
12.0,-1.5128198862075806,1.5862659215927124,0.0
12.0,-1.5201376676559448,1.5792546272277832,0.0
12.0,-1.5134865045547485,1.5578646659851074,0.0
12.0,-1.5066704750061035,1.5365701913833618,0.0
12.0,-1.5137585401535034,1.5295878648757935,0.0
12.0,-1.5066802501678467,1.5084224939346313,0.0
12.0,-1.5136381387710571,1.5014405250549316,0.0
12.0,-1.5062994956970215,1.4804073572158813,0.0
12.0,-1.5016647577285767,1.4622650146484375,0.0
12.0,-1.5084092617034912,1.4553065299987793,0.0
12.0,-1.5006643533706665,1.4344972372055054,0.0
12.0,-1.5072804689407349,1.4275438785552979,0.0
12.0,-1.4992800951004028,1.4068742990493774,0.0
12.0,-1.5057685375213623,1.3999274969100952,0.0
12.0,-1.5019276142120361,1.3834657669067383,0.0
12.0,-1.4979668855667114,1.3670697212219238,0.0
12.0,-1.504271388053894,1.360129475593567,0.0
12.0,-1.4986261129379272,1.3424842357635498,0.0
12.0,-1.4928501844406128,1.324920654296875,0.0
12.0,-1.4989597797393799,1.3180044889450073,0.0
12.0,-1.49297297000885,1.3005505800247192,0.0
12.0,-1.4989699125289917,1.293634057044983,0.0
12.0,-1.4958140850067139,1.278891921043396,0.0
12.0,-1.5017108917236328,1.2719625234603882,0.0
12.0,-1.4968509674072266,1.2560068368911743,0.0
12.0,-1.4918758869171143,1.2401236295700073,0.0
12.0,-1.4975934028625488,1.233212947845459,0.0
12.0,-1.492430567741394,1.2174263000488281,0.0
12.0,-1.4980432987213135,1.2105132341384888,0.0
12.0,-1.494255542755127,1.196075439453125,0.0
12.0,-1.4887993335723877,1.1804560422897339,0.0
12.0,-1.4942411184310913,1.1735601425170898,0.0
12.0,-1.4886009693145752,1.1580429077148438,0.0
12.0,-1.4939390420913696,1.1511482000350952,0.0
12.0,-1.4881161451339722,1.135735034942627,0.0
12.0,-1.483778476715088,1.121606707572937,0.0
12.0,-1.4889482259750366,1.1147346496582031,0.0
12.0,-1.4844468832015991,1.1006914377212524,0.0
12.0,-1.4895199537277222,1.0938165187835693,0.0
12.0,-1.484856128692627,1.0798602104187012,0.0
12.0,-1.480095386505127,1.0659706592559814,0.0
12.0,-1.4850080013275146,1.059116244316101,0.0
12.0,-1.4800869226455688,1.0453165769577026,0.0
12.0,-1.4849040508270264,1.0384624004364014,0.0
12.0,-1.4814680814743042,1.025892972946167,0.0
12.0,-1.4779478311538696,1.0133776664733887,0.0
12.0,-1.4826172590255737,1.0065337419509888,0.0
12.0,-1.4772956371307373,0.992974042892456,0.0
12.0,-1.4818707704544067,0.986133337020874,0.0
12.0,-1.4780635833740234,0.973770022392273,0.0
12.0,-1.4825499057769775,0.9669259786605835,0.0
12.0,-1.4786033630371094,0.9546371698379517,0.0
12.0,-1.4762601852416992,0.9434826970100403,0.0
12.0,-1.4806065559387207,0.9366472959518433,0.0
12.0,-1.4764455556869507,0.92448490858078,0.0
12.0,-1.4705040454864502,0.9113275408744812,0.0
12.0,-1.4747017621994019,0.9045190811157227,0.0
12.0,-1.4703195095062256,0.8925023674964905,0.0
12.0,-1.4744302034378052,0.8856949806213379,0.0
12.0,-1.4716325998306274,0.8747808933258057,0.0
12.0,-1.475661277770996,0.8679676651954651,0.0
12.0,-1.472744107246399,0.8571118712425232,0.0
12.0,-1.4680250883102417,0.8453036546707153,0.0
12.0,-1.4719176292419434,0.8385074138641357,0.0
12.0,-1.4688091278076172,0.8277654647827148,0.0
12.0,-1.4726204872131348,0.8209657669067383,0.0
12.0,-1.4693949222564697,0.8102854490280151,0.0
12.0,-1.4661022424697876,0.7996525168418884,0.0
12.0,-1.4697836637496948,0.7928656339645386,0.0
12.0,-1.4663752317428589,0.7822962403297424,0.0
12.0,-1.4699764251708984,0.7755082845687866,0.0
12.0,-1.4664534330368042,0.7650036811828613,0.0
12.0,-1.4646421670913696,0.755465030670166,0.0
12.0,-1.4681192636489868,0.748685359954834,0.0
12.0,-1.4626356363296509,0.7373879551887512,0.0
12.0,-1.4660292863845825,0.7306177616119385,0.0
12.0,-1.4640090465545654,0.7211805582046509,0.0
12.0,-1.4601348638534546,0.7109021544456482,0.0
12.0,-1.4634060859680176,0.7041438221931458,0.0
12.0,-1.459421157836914,0.6939351558685303,0.0
12.0,-1.4626139402389526,0.6871802806854248,0.0
12.0,-1.4603331089019775,0.6778844594955444,0.0
12.0,-1.4579976797103882,0.6686244010925293,0.0
12.0,-1.461073398590088,0.6618764400482178,0.0
12.0,-1.4586411714553833,0.6526637077331543,0.0
12.0,-1.461643099784851,0.6459129452705383,0.0
12.0,-1.4572815895080566,0.6359485387802124,0.0
12.0,-1.4528592824935913,0.6260383725166321,0.0
12.0,-1.4557381868362427,0.6193145513534546,0.0
12.0,-1.4548978805541992,0.6110286712646484,0.0
12.0,-1.4577072858810425,0.604295551776886,0.0
12.0,-1.4549325704574585,0.5952775478363037,0.0
12.0,-1.4576691389083862,0.5885445475578308,0.0
12.0,-1.4548007249832153,0.5795782804489136,0.0
12.0,-1.4518805742263794,0.5706511735916138,0.0
12.0,-1.4545032978057861,0.563932478427887,0.0
12.0,-1.451490879058838,0.5550586581230164,0.0
12.0,-1.4540417194366455,0.5483419299125671,0.0
12.0,-1.4528120756149292,0.5402193665504456,0.0
12.0,-1.4515385627746582,0.5321199893951416,0.0
12.0,-1.4539833068847656,0.5254032611846924,0.0
12.0,-1.45074462890625,0.5166623592376709,0.0
12.0,-1.453117847442627,0.5099495053291321,0.0
12.0,-1.4497894048690796,0.5012651681900024,0.0
12.0,-1.4483050107955933,0.493267297744751,0.0
12.0,-1.4505701065063477,0.4865659475326538,0.0
12.0,-1.447106957435608,0.47797247767448425,0.0
12.0,-1.4493013620376587,0.4712768495082855,0.0
12.0,-1.4457502365112305,0.4627421200275421,0.0
12.0,-1.4440590143203735,0.4548512399196625,0.0
12.0,-1.4461466073989868,0.4481699466705322,0.0
12.0,-1.4443769454956055,0.4403126835823059,0.0
12.0,-1.4463971853256226,0.4336300790309906,0.0
12.0,-1.4445499181747437,0.42580726742744446,0.0
12.0,-1.4426610469818115,0.41801080107688904,0.0
12.0,-1.4445782899856567,0.41133636236190796,0.0
12.0,-1.4426125288009644,0.40357550978660583,0.0
12.0,-1.4444630146026611,0.3969014585018158,0.0
12.0,-1.4424206018447876,0.3891769349575043,0.0
12.0,-1.4442044496536255,0.3825039267539978,0.0
12.0,-1.4420862197875977,0.37481653690338135,0.0
12.0,-1.4399276971817017,0.3671569228172302,0.0
12.0,-1.4416097402572632,0.3604956567287445,0.0
12.0,-1.4413186311721802,0.35335052013397217,0.0
12.0,-1.442936897277832,0.34668299555778503,0.0
12.0,-1.4406307935714722,0.33909159898757935,0.0
12.0,-1.438285231590271,0.3315289318561554,0.0
12.0,-1.439802646636963,0.3248756527900696,0.0
12.0,-1.4373834133148193,0.3173530697822571,0.0
12.0,-1.4388352632522583,0.3107041120529175,0.0
12.0,-1.438299536705017,0.3036354184150696,0.0
12.0,-1.4357703924179077,0.2961742579936981,0.0
12.0,-1.4371243715286255,0.28953298926353455,0.0
12.0,-1.4364852905273438,0.28249961137771606,0.0
12.0,-1.43777596950531,0.2758551836013794,0.0
12.0,-1.4370701313018799,0.2688370943069458,0.0
12.0,-1.4382977485656738,0.2621901333332062,0.0
12.0,-1.4355560541152954,0.25483837723731995,0.0
12.0,-1.4347481727600098,0.24785807728767395,0.0
12.0,-1.4358787536621094,0.2412220537662506,0.0
12.0,-1.4350048303604126,0.23425865173339844,0.0
12.0,-1.436072587966919,0.22762158513069153,0.0
12.0,-1.433156132698059,0.22037173807621002,0.0
12.0,-1.4321813583374023,0.21344853937625885,0.0
12.0,-1.4331529140472412,0.20682474970817566,0.0
12.0,-1.4321130514144897,0.19992002844810486,0.0
12.0,-1.433022141456604,0.19329670071601868,0.0
12.0,-1.4319171905517578,0.186411052942276,0.0
12.0,-1.4307793378829956,0.1795397698879242,0.0
12.0,-1.4315941333770752,0.17292281985282898,0.0
12.0,-1.4303916692733765,0.16607153415679932,0.0
12.0,-1.4311442375183105,0.1594565212726593,0.0
12.0,-1.4298774003982544,0.15262581408023834,0.0
12.0,-1.4285781383514404,0.14581026136875153,0.0
12.0,-1.4292370080947876,0.13920384645462036,0.0
12.0,-1.4298652410507202,0.13259446620941162,0.0
12.0,-1.4304630756378174,0.12598225474357605,0.0
12.0,-1.4270440340042114,0.11903484910726547,0.0
12.0,-1.4255852699279785,0.1122787743806839,0.0
12.0,-1.4260891675949097,0.10568656772375107,0.0
12.0,-1.4265625476837158,0.09909209609031677,0.0
12.0,-1.427005410194397,0.09249550849199295,0.0
12.0,-1.4254214763641357,0.08577680587768555,0.0
12.0,-1.4258028268814087,0.07918563485145569,0.0
12.0,-1.4261536598205566,0.07259277254343033,0.0
12.0,-1.424476146697998,0.06590592116117477,0.0
12.0,-1.424765706062317,0.05931933596730232,0.0
12.0,-1.4230260848999023,0.05265752226114273,0.0
12.0,-1.423254370689392,0.04607778042554855,0.0
12.0,-1.4234521389007568,0.039497051388025284,0.0
12.0,-1.4216201305389404,0.03286925330758095,0.0
12.0,-1.4217568635940552,0.0262962207198143,0.0
12.0,-1.421863317489624,0.019722629338502884,0.0
12.0,-1.4219392538070679,0.013148615136742592,0.0
12.0,-1.4219849109649658,0.006574319209903479,0.0
13.0,-1.4199999570846558,1.2414034245011862e-07,0.0
13.0,-1.4199848175048828,-0.006565064657479525,0.0
13.0,-1.4199392795562744,-0.013130112551152706,0.0
13.0,-1.421863317489624,-0.019722620025277138,0.0
13.0,-1.4217568635940552,-0.026296213269233704,0.0
13.0,-1.4216201305389404,-0.03286924585700035,0.0
13.0,-1.4214529991149902,-0.03944157063961029,0.0
13.0,-1.4312502145767212,-0.04633663594722748,0.0
13.0,-1.4310206174850464,-0.05295334383845329,0.0
13.0,-1.4287621974945068,-0.05948571860790253,0.0
13.0,-1.4184825420379639,-0.06562861055135727,0.0
13.0,-1.4181640148162842,-0.07218608260154724,0.0
13.0,-1.4198120832443237,-0.07885292172431946,0.0
13.0,-1.4194324016571045,-0.08541639894247055,0.0
13.0,-1.4190223217010498,-0.0919780507683754,0.0
13.0,-1.4185818433761597,-0.09853773564100266,0.0
13.0,-1.4181110858917236,-0.10509531199932098,0.0
13.0,-1.4176100492477417,-0.11165064573287964,0.0
13.0,-1.4170787334442139,-0.11820358783006668,0.0
13.0,-1.4165170192718506,-0.12475401163101196,0.0
13.0,-1.415925145149231,-0.13130176067352295,0.0
13.0,-1.4153029918670654,-0.1378467082977295,0.0
13.0,-1.4166401624679565,-0.1445917785167694,0.0
13.0,-1.4159564971923828,-0.15113988518714905,0.0
13.0,-1.4152425527572632,-0.15768477320671082,0.0
13.0,-1.4144984483718872,-0.16422627866268158,0.0
13.0,-1.417695164680481,-0.17124395072460175,0.0
13.0,-1.4168882369995117,-0.1777966469526291,0.0
13.0,-1.4160510301589966,-0.184345543384552,0.0
13.0,-1.4171656370162964,-0.19115786254405975,0.0
13.0,-1.416266679763794,-0.1977079063653946,0.0
13.0,-1.4153375625610352,-0.20425371825695038,0.0
13.0,-1.4163563251495361,-0.21108999848365784,0.0
13.0,-1.415365219116211,-0.2176360934972763,0.0
13.0,-1.4163191318511963,-0.22449061274528503,0.0
13.0,-1.4152661561965942,-0.23103637993335724,0.0
13.0,-1.4141827821731567,-0.23757721483707428,0.0
13.0,-1.4130693674087524,-0.24411296844482422,0.0
13.0,-1.4119255542755127,-0.2506435215473175,0.0
13.0,-1.4127192497253418,-0.25752735137939453,0.0
13.0,-1.4115134477615356,-0.26405614614486694,0.0
13.0,-1.4122416973114014,-0.2709560990333557,0.0
13.0,-1.4109739065170288,-0.2774825394153595,0.0
13.0,-1.4116365909576416,-0.28439804911613464,0.0
13.0,-1.410306692123413,-0.29092150926589966,0.0
13.0,-1.4089465141296387,-0.2974388003349304,0.0
13.0,-1.411466121673584,-0.30479398369789124,0.0
13.0,-1.4100419282913208,-0.31131646037101746,0.0
13.0,-1.4105384349822998,-0.31827250123023987,0.0
13.0,-1.4110007286071777,-0.32523974776268005,0.0
13.0,-1.4094818830490112,-0.33175987005233765,0.0
13.0,-1.4098777770996094,-0.33874011039733887,0.0
13.0,-1.4082965850830078,-0.34525489807128906,0.0
13.0,-1.4086254835128784,-0.3522474765777588,0.0
13.0,-1.4069818258285522,-0.35875630378723145,0.0
13.0,-1.4072438478469849,-0.36576056480407715,0.0
13.0,-1.405537724494934,-0.3722628653049469,0.0
13.0,-1.4076634645462036,-0.3797991871833801,0.0
13.0,-1.4078210592269897,-0.38683319091796875,0.0
13.0,-1.406017541885376,-0.3933379352092743,0.0
13.0,-1.4061075448989868,-0.40038201212882996,0.0
13.0,-1.4042413234710693,-0.40687867999076843,0.0
13.0,-1.4042636156082153,-0.4139321446418762,0.0
13.0,-1.408082127571106,-0.42214319109916687,0.0
13.0,-1.4061152935028076,-0.42864876985549927,0.0
13.0,-1.4060288667678833,-0.4357371926307678,0.0
13.0,-1.4039992094039917,-0.442233145236969,0.0
13.0,-1.4057492017745972,-0.44993895292282104,0.0
13.0,-1.407457947731018,-0.4576704204082489,0.0
13.0,-1.4053269624710083,-0.46417272090911865,0.0
13.0,-1.405061960220337,-0.4713011384010315,0.0
13.0,-1.4028680324554443,-0.47779223322868347,0.0
13.0,-1.4044243097305298,-0.485580176115036,0.0
13.0,-1.402164340019226,-0.49206817150115967,0.0
13.0,-1.4036425352096558,-0.499887615442276,0.0
13.0,-1.4031972885131836,-0.5070515275001526,0.0
13.0,-1.400838017463684,-0.5135335922241211,0.0
13.0,-1.402198076248169,-0.5213988423347473,0.0
13.0,-1.3997724056243896,-0.5278761982917786,0.0
13.0,-1.4010529518127441,-0.5357708930969238,0.0
13.0,-1.4041552543640137,-0.5444117784500122,0.0
13.0,-1.401623249053955,-0.5508978962898254,0.0
13.0,-1.4009191989898682,-0.558112382888794,0.0
13.0,-1.398323893547058,-0.564583420753479,0.0
13.0,-1.3994007110595703,-0.5725570321083069,0.0
13.0,-1.4022812843322754,-0.5813185572624207,0.0
13.0,-1.39957857131958,-0.587795615196228,0.0
13.0,-1.400526762008667,-0.5958260297775269,0.0
13.0,-1.3977570533752441,-0.6022948026657104,0.0
13.0,-1.4004566669464111,-0.6111505031585693,0.0
13.0,-1.3976161479949951,-0.6176188588142395,0.0
13.0,-1.3983968496322632,-0.6257076263427734,0.0
13.0,-1.3991327285766602,-0.6338168382644653,0.0
13.0,-1.3961873054504395,-0.6402787566184998,0.0
13.0,-1.3986544609069824,-0.6492533087730408,0.0
13.0,-1.3956377506256104,-0.6557128429412842,0.0
13.0,-1.3980097770690918,-0.6647348999977112,0.0
13.0,-1.3949215412139893,-0.6711912751197815,0.0
13.0,-1.3971980810165405,-0.6802598834037781,0.0
13.0,-1.3994203805923462,-0.6893637180328369,0.0
13.0,-1.3962182998657227,-0.6958264112472534,0.0
13.0,-1.3983439207077026,-0.7049752473831177,0.0
13.0,-1.3950695991516113,-0.7114328145980835,0.0
13.0,-1.3953205347061157,-0.7197088003158569,0.0
13.0,-1.3990709781646729,-0.7298523187637329,0.0
13.0,-1.395681619644165,-0.7363129258155823,0.0
13.0,-1.397556185722351,-0.7455819845199585,0.0
13.0,-1.3940942287445068,-0.7520354390144348,0.0
13.0,-1.3976255655288696,-0.7623035311698914,0.0
13.0,-1.3993403911590576,-0.7716544270515442,0.0
13.0,-1.395757794380188,-0.7781158685684204,0.0
13.0,-1.3956300020217896,-0.7865244746208191,0.0
13.0,-1.3919787406921387,-0.7929686307907104,0.0
13.0,-1.393497347831726,-0.8023898005485535,0.0
13.0,-1.389772653579712,-0.8088238835334778,0.0
13.0,-1.3929139375686646,-0.8192965984344482,0.0
13.0,-1.3942686319351196,-0.8287935853004456,0.0
13.0,-1.390421986579895,-0.8352309465408325,0.0
13.0,-1.391674518585205,-0.8447638750076294,0.0
13.0,-1.3877540826797485,-0.8511890769004822,0.0
13.0,-1.3923038244247437,-0.8628638386726379,0.0
13.0,-1.3950800895690918,-0.8735374212265015,0.0
13.0,-1.391026496887207,-0.8799780607223511,0.0
13.0,-1.3919987678527832,-0.889630913734436,0.0
13.0,-1.3878707885742188,-0.89605712890625,0.0
13.0,-1.3904139995574951,-0.9068344831466675,0.0
13.0,-1.3862065076828003,-0.9132532477378845,0.0
13.0,-1.3902944326400757,-0.9251924753189087,0.0
13.0,-1.3926416635513306,-0.9360732436180115,0.0
13.0,-1.3882989883422852,-0.942501962184906,0.0
13.0,-1.388875126838684,-0.9523035287857056,0.0
13.0,-1.3844573497772217,-0.9587146639823914,0.0
13.0,-1.3882049322128296,-0.9708362817764282,0.0
13.0,-1.3837015628814697,-0.9772440791130066,0.0
13.0,-1.3856818675994873,-0.9882762432098389,0.0
13.0,-1.387589454650879,-0.9993475675582886,0.0
13.0,-1.3829543590545654,-1.0057522058486938,0.0
13.0,-1.3863496780395508,-1.0180542469024658,0.0
13.0,-1.3816280364990234,-1.024453043937683,0.0
13.0,-1.3768768310546875,-1.030829906463623,0.0
13.0,-1.3625234365463257,-1.0299484729766846,0.0
13.0,-1.357746958732605,-1.0362368822097778,0.0
13.0,-1.3418519496917725,-1.033958077430725,0.0
13.0,-1.3370572328567505,-1.0401508808135986,0.0
13.0,-1.3212237358093262,-1.0376741886138916,0.0
13.0,-1.3038748502731323,-1.033831000328064,0.0
13.0,-1.2990810871124268,-1.0398482084274292,0.0
13.0,-1.2787036895751953,-1.0332729816436768,0.0
13.0,-1.273912787437439,-1.03917396068573,0.0
13.0,-1.256743311882019,-1.0348817110061646,0.0
13.0,-1.24117910861969,-1.0317317247390747,0.0
13.0,-1.2363957166671753,-1.037459135055542,0.0
13.0,-1.219377040863037,-1.0328232049942017,0.0
13.0,-1.2145888805389404,-1.038449764251709,0.0
13.0,-1.1991759538650513,-1.0349072217941284,0.0
13.0,-1.1838220357894897,-1.0312446355819702,0.0
13.0,-1.1790415048599243,-1.0367069244384766,0.0
13.0,-1.1637649536132812,-1.0328538417816162,0.0
13.0,-1.1589772701263428,-1.038223385810852,0.0
13.0,-1.1452637910842896,-1.0355225801467896,0.0
13.0,-1.140463948249817,-1.040806531906128,0.0
13.0,-1.1253423690795898,-1.0365830659866333,0.0
13.0,-1.1102845668792725,-1.0322422981262207,0.0
13.0,-1.105500340461731,-1.0373644828796387,0.0
13.0,-1.0905276536941528,-1.0328376293182373,0.0
13.0,-1.0756207704544067,-1.0281946659088135,0.0
13.0,-1.0708554983139038,-1.0331566333770752,0.0
13.0,-1.0574699640274048,-1.0297247171401978,0.0
13.0,-1.0526978969573975,-1.0346027612686157,0.0
13.0,-1.0379638671875,-1.0295994281768799,0.0
13.0,-1.03319251537323,-1.0343873500823975,0.0
13.0,-1.0213649272918701,-1.0320453643798828,0.0
13.0,-1.0095813274383545,-1.029616355895996,0.0
13.0,-1.0048102140426636,-1.0342729091644287,0.0
13.0,-0.9916956424713135,-1.0302618741989136,0.0
13.0,-0.9800202250480652,-1.0275992155075073,0.0
13.0,-0.9752587676048279,-1.0321192741394043,0.0
13.0,-0.9650089740753174,-1.030777096748352,0.0
13.0,-0.9602330327033997,-1.035227656364441,0.0
13.0,-0.9473166465759277,-1.030820608139038,0.0
13.0,-0.94254070520401,-1.0351893901824951,0.0
13.0,-0.9310463666915894,-1.0321108102798462,0.0
13.0,-0.9196008443832397,-1.028948187828064,0.0
13.0,-0.9148337841033936,-1.033188819885254,0.0
13.0,-0.9034526348114014,-1.0298899412155151,0.0
13.0,-0.8986814022064209,-1.0340559482574463,0.0
13.0,-0.8886711597442627,-1.032137393951416,0.0
13.0,-0.8774001002311707,-1.028626799583435,0.0
13.0,-0.872635006904602,-1.03267240524292,0.0
13.0,-0.8614321947097778,-1.0290279388427734,0.0
13.0,-0.8566654324531555,-1.0329996347427368,0.0
13.0,-0.8468020558357239,-1.030767798423767,0.0
13.0,-0.8369777202606201,-1.0284669399261475,0.0
13.0,-0.832213819026947,-1.0323256254196167,0.0
13.0,-0.8211920261383057,-1.0283479690551758,0.0
13.0,-0.8164287805557251,-1.03213369846344,0.0
13.0,-0.8067141175270081,-1.0296000242233276,0.0
13.0,-0.7982666492462158,-1.0285788774490356,0.0
13.0,-0.7935026288032532,-1.0322585105895996,0.0
13.0,-0.7838754057884216,-1.0295510292053223,0.0
13.0,-0.7791070342063904,-1.0331642627716064,0.0
13.0,-0.7695348262786865,-1.0303456783294678,0.0
13.0,-0.7600054740905762,-1.0274608135223389,0.0
13.0,-0.7552469968795776,-1.030963659286499,0.0
13.0,-0.7457746267318726,-1.0279690027236938,0.0
13.0,-0.7410139441490173,-1.0314059257507324,0.0
13.0,-0.7327591776847839,-1.0299320220947266,0.0
13.0,-0.7245339155197144,-1.028403878211975,0.0
13.0,-0.7197715044021606,-1.0317426919937134,0.0
13.0,-0.710446834564209,-1.0284771919250488,0.0
13.0,-0.7056841850280762,-1.0317507982254028,0.0
13.0,-0.697542130947113,-1.0300344228744507,0.0
13.0,-0.6883172988891602,-1.0266036987304688,0.0
13.0,-0.6835635304450989,-1.0297751426696777,0.0
13.0,-0.6744017601013184,-1.0262389183044434,0.0
13.0,-0.6696498990058899,-1.029345989227295,0.0
13.0,-0.6616350412368774,-1.0273865461349487,0.0
13.0,-0.6558029055595398,-1.0287480354309082,0.0
13.0,-0.6510396003723145,-1.0317691564559937,0.0
13.0,-0.6430840492248535,-1.0296790599822998,0.0
13.0,-0.6383165717124939,-1.0326412916183472,0.0
13.0,-0.6283168792724609,-1.0270510911941528,0.0
13.0,-0.6204542517662048,-1.0248123407363892,0.0
13.0,-0.6157095432281494,-1.0276700258255005,0.0
13.0,-0.6089117527008057,-1.0270649194717407,0.0
13.0,-0.6041567921638489,-1.0298691987991333,0.0
13.0,-0.5963768362998962,-1.0274622440338135,0.0
13.0,-0.5916200876235962,-1.0302084684371948,0.0
13.0,-0.5828988552093506,-1.0259770154953003,0.0
13.0,-0.5761893391609192,-1.0251740217208862,0.0
13.0,-0.5714434385299683,-1.0278270244598389,0.0
13.0,-0.5637940168380737,-1.025200605392456,0.0
13.0,-0.5580925345420837,-1.0260393619537354,0.0
13.0,-0.5533427596092224,-1.0286086797714233,0.0
13.0,-0.5457631349563599,-1.0258588790893555,0.0
13.0,-0.5410143733024597,-1.0283712148666382,0.0
13.0,-0.5334851741790771,-1.025538682937622,0.0
13.0,-0.5287380218505859,-1.0279942750930786,0.0
13.0,-0.5221664309501648,-1.0268622636795044,0.0
13.0,-0.5147184729576111,-1.023904800415039,0.0
13.0,-0.5099790692329407,-1.0262736082077026,0.0
13.0,-0.5034652948379517,-1.0250300168991089,0.0
13.0,-0.49872082471847534,-1.0273468494415283,0.0
13.0,-0.4922355115413666,-1.026035189628601,0.0
13.0,-0.4849162697792053,-1.0228784084320068,0.0
13.0,-0.4801819324493408,-1.0251094102859497,0.0
13.0,-0.4729174077510834,-1.0218733549118042,0.0
13.0,-0.4681878387928009,-1.024048924446106,0.0
13.0,-0.46262505650520325,-1.0243797302246094,0.0
13.0,-0.4562545716762543,-1.0228546857833862,0.0
13.0,-0.4515206515789032,-1.0249532461166382,0.0
13.0,-0.4451814889907837,-1.0233619213104248,0.0
13.0,-0.44044533371925354,-1.02540922164917,0.0
13.0,-0.43491891026496887,-1.0255931615829468,0.0
13.0,-0.42862799763679504,-1.0239033699035645,0.0
13.0,-0.42388951778411865,-1.025874137878418,0.0
13.0,-0.41687634587287903,-1.0222671031951904,0.0
13.0,-0.41214555501937866,-1.0241835117340088,0.0
13.0,-0.40592989325523376,-1.0223604440689087,0.0
13.0,-0.4011988043785095,-1.0242263078689575,0.0
13.0,-0.39573830366134644,-1.0242047309875488,0.0
13.0,-0.3909987807273865,-1.0260233879089355,0.0
13.0,-0.38625091314315796,-1.0278202295303345,0.0
13.0,-0.38218969106674194,-1.0314702987670898,0.0
13.0,-0.377416729927063,-1.0332263708114624,0.0
13.0,-0.37128064036369324,-1.0311967134475708,0.0
13.0,-0.36584025621414185,-1.0310174226760864,0.0
13.0,-0.36106956005096436,-1.0326977968215942,0.0
13.0,-0.3549884855747223,-1.0305742025375366,0.0
13.0,-0.3502199649810791,-1.032204508781433,0.0
13.0,-0.3441762328147888,-1.0300188064575195,0.0
13.0,-0.3387853503227234,-1.0296992063522339,0.0
13.0,-0.33402103185653687,-1.031254529953003,0.0
13.0,-0.3280346691608429,-1.0289767980575562,0.0
13.0,-0.32327380776405334,-1.030482530593872,0.0
13.0,-0.31791621446609497,-1.0300549268722534,0.0
13.0,-0.3131504952907562,-1.0315138101577759,0.0
13.0,-0.3072338104248047,-1.0291178226470947,0.0
13.0,-0.30190926790237427,-1.0286082029342651,0.0
13.0,-0.2971504032611847,-1.0299930572509766,0.0
13.0,-0.29183971881866455,-1.029431700706482,0.0
13.0,-0.2870771586894989,-1.0307700634002686,0.0
13.0,-0.28178074955940247,-1.0301570892333984,0.0
13.0,-0.2759774327278137,-1.027585744857788,0.0
13.0,-0.2712235748767853,-1.0288506746292114,0.0
13.0,-0.26596304774284363,-1.0281574726104736,0.0
13.0,-0.26120665669441223,-1.0293761491775513,0.0
13.0,-0.25596168637275696,-1.0286318063735962,0.0
13.0,-0.2507292628288269,-1.02786123752594,0.0
13.0,-0.24597439169883728,-1.029009461402893,0.0
13.0,-0.2407582849264145,-1.0281884670257568,0.0
13.0,-0.23600201308727264,-1.0292905569076538,0.0
13.0,-0.2308027595281601,-1.0284192562103271,0.0
13.0,-0.22561660408973694,-1.0275218486785889,0.0
13.0,-0.22086356580257416,-1.028554081916809,0.0
13.0,-0.21569494903087616,-1.027606725692749,0.0
13.0,-0.2109416425228119,-1.0285929441452026,0.0
13.0,-0.20579108595848083,-1.0275962352752686,0.0
13.0,-0.2006542831659317,-1.026573896408081,0.0
13.0,-0.1959058940410614,-1.0274906158447266,0.0
13.0,-0.19078783690929413,-1.0264190435409546,0.0
13.0,-0.18604028224945068,-1.0272901058197021,0.0
13.0,-0.18094146251678467,-1.026169776916504,0.0
13.0,-0.1761951595544815,-1.026995301246643,0.0
13.0,-0.17111600935459137,-1.025826096534729,0.0
13.0,-0.1660514622926712,-1.0246320962905884,0.0
13.0,-0.16131243109703064,-1.0253888368606567,0.0
13.0,-0.15626828372478485,-1.024146556854248,0.0
13.0,-0.15153160691261292,-1.0248581171035767,0.0
13.0,-0.14650830626487732,-1.0235679149627686,0.0
13.0,-0.14150016009807587,-1.022253155708313,0.0
13.0,-0.13677239418029785,-1.0228965282440186,0.0
13.0,-0.13204170763492584,-1.0235178470611572,0.0
13.0,-0.127308189868927,-1.0241174697875977,0.0
13.0,-0.12233441323041916,-1.0227092504501343,0.0
13.0,-0.11760473996400833,-1.023263931274414,0.0
13.0,-0.11287254840135574,-1.0237966775894165,0.0
13.0,-0.10813795030117035,-1.0243076086044312,0.0
13.0,-0.10340104252099991,-1.0247966051101685,0.0
13.0,-0.09847034513950348,-1.02327299118042,0.0
13.0,-0.09373831748962402,-1.0237172842025757,0.0
13.0,-0.08883113414049149,-1.022147297859192,0.0
13.0,-0.08410441875457764,-1.0225470066070557,0.0
13.0,-0.07937590032815933,-1.0229250192642212,0.0
13.0,-0.0745001882314682,-1.0212863683700562,0.0
13.0,-0.06977760046720505,-1.0216199159622192,0.0
13.0,-0.0650535300374031,-1.021931529045105,0.0
13.0,-0.06032806262373924,-1.0222214460372925,0.0
13.0,-0.05560130625963211,-1.0224894285202026,0.0
13.0,-0.05087336152791977,-1.022735595703125,0.0
13.0,-0.046144332736730576,-1.02295982837677,0.0
13.0,-0.04141431301832199,-1.0231622457504272,0.0
13.0,-0.03668341040611267,-1.0233427286148071,0.0
13.0,-0.031951725482940674,-1.0235013961791992,0.0
13.0,-0.02716618962585926,-1.0216388702392578,0.0
13.0,-0.02244248241186142,-1.0217535495758057,0.0
13.0,-0.017718294635415077,-1.0218462944030762,0.0
13.0,-0.012993729673326015,-1.0219173431396484,0.0
13.0,-0.008268886245787144,-1.0219664573669434,0.0
13.0,-0.0035508018918335438,-1.0239938497543335,0.0
13.0,0.0011835411423817277,-1.0239993333816528,0.0
13.0,0.005917858798056841,-1.0239830017089844,0.0
13.0,0.010652050375938416,-1.023944616317749,0.0
13.0,0.01535596139729023,-1.021884560585022,0.0
13.0,0.02008035033941269,-1.0218026638031006,0.0
13.0,0.024804310873150826,-1.0216989517211914,0.0
13.0,0.029527738690376282,-1.0215733051300049,0.0
13.0,0.03425053879618645,-1.0214258432388306,0.0
13.0,0.038972605019807816,-1.0212565660476685,0.0
13.0,0.04369383677840233,-1.0210654735565186,0.0
13.0,0.048414137214422226,-1.0208525657653809,0.0
13.0,0.05313339829444885,-1.0206178426742554,0.0
13.0,0.05785152688622475,-1.020361304283142,0.0
13.0,0.06256841868162155,-1.0200828313827515,0.0
13.0,0.06728397309780121,-1.0197826623916626,0.0
13.0,0.07213899493217468,-1.0214558839797974,0.0
13.0,0.07686079293489456,-1.0211113691329956,0.0
13.0,0.08158095180988312,-1.0207451581954956,0.0
13.0,0.08613080531358719,-1.0183640718460083,0.0
13.0,0.09083815664052963,-1.01795494556427,0.0
13.0,0.09573055803775787,-1.0195153951644897,0.0
13.0,0.10044313222169876,-1.0190619230270386,0.0
13.0,0.10515356063842773,-1.0185866355895996,0.0
13.0,0.10986173897981644,-1.0180896520614624,0.0
13.0,0.1145675778388977,-1.0175708532333374,0.0
13.0,0.11927095800638199,-1.0170302391052246,0.0
13.0,0.12421392649412155,-1.0184532403945923,0.0
13.0,0.1289212852716446,-1.0178680419921875,0.0
13.0,0.13362589478492737,-1.0172611474990845,0.0
13.0,0.13832764327526093,-1.0166324377059937,0.0
13.0,0.1430264264345169,-1.0159820318222046,0.0
13.0,0.14772216975688934,-1.0153099298477173,0.0
13.0,0.15271183848381042,-1.0165938138961792,0.0
13.0,0.1577165424823761,-1.0178533792495728,0.0
13.0,0.16242077946662903,-1.0171133279800415,0.0
13.0,0.1671215295791626,-1.0163514614105225,0.0
13.0,0.17181871831417084,-1.0155678987503052,0.0
13.0,0.1765122264623642,-1.0147627592086792,0.0
13.0,0.1812019646167755,-1.0139358043670654,0.0
13.0,0.186248779296875,-1.0150543451309204,0.0
13.0,0.19130980968475342,-1.0161479711532593,0.0
13.0,0.19600580632686615,-1.0152525901794434,0.0
13.0,0.20069760084152222,-1.0143355131149292,0.0
13.0,0.20538510382175446,-1.0133967399597168,0.0
13.0,0.21047453582286835,-1.0143946409225464,0.0
13.0,0.21557757258415222,-1.015367031097412,0.0
13.0,0.22026969492435455,-1.014359474182129,0.0
13.0,0.22495709359645844,-1.013330340385437,0.0
13.0,0.2296396940946579,-1.0122793912887573,0.0
13.0,0.23567183315753937,-1.0170520544052124,0.0
13.0,0.24037152528762817,-1.0159515142440796,0.0
13.0,0.24600501358509064,-1.0187175273895264,0.0
13.0,0.2507123053073883,-1.0175693035125732,0.0
13.0,0.255414217710495,-1.0163992643356323,0.0
13.0,0.2606070637702942,-1.0171449184417725,0.0
13.0,0.26530691981315613,-1.0159292221069336,0.0
13.0,0.27051541209220886,-1.0166245698928833,0.0
13.0,0.2757359743118286,-1.0172933340072632,0.0
13.0,0.28043636679649353,-1.016007661819458,0.0
13.0,0.28513073921203613,-1.014700174331665,0.0
13.0,0.28981903195381165,-1.0133711099624634,0.0
13.0,0.2950599491596222,-1.013940691947937,0.0
13.0,0.3003123104572296,-1.0144833326339722,0.0
13.0,0.304999440908432,-1.013084053993225,0.0
13.0,0.3102654218673706,-1.0135754346847534,0.0
13.0,0.31494826078414917,-1.0121301412582397,0.0
13.0,0.3202274441719055,-1.0125702619552612,0.0
13.0,0.32490551471710205,-1.0110788345336914,0.0
13.0,0.330197274684906,-1.0114670991897583,0.0
13.0,0.3361290395259857,-1.0137263536453247,0.0
13.0,0.3408122956752777,-1.0121614933013916,0.0
13.0,0.34678223729133606,-1.014359951019287,0.0
13.0,0.3514682948589325,-1.0127458572387695,0.0
13.0,0.35747572779655457,-1.0148828029632568,0.0
13.0,0.36216408014297485,-1.0132192373275757,0.0
13.0,0.3675265610218048,-1.0134141445159912,0.0
13.0,0.3728986084461212,-1.0135811567306519,0.0
13.0,0.37758079171180725,-1.0118463039398193,0.0
13.0,0.38296276330947876,-1.0119602680206299,0.0
13.0,0.38763734698295593,-1.010178804397583,0.0
13.0,0.39302876591682434,-1.0102397203445435,0.0
13.0,0.39916279911994934,-1.012133002281189,0.0
13.0,0.40383800864219666,-1.0102766752243042,0.0
13.0,0.41000640392303467,-1.0121060609817505,0.0
13.0,0.4146813750267029,-1.0101996660232544,0.0
13.0,0.42165160179138184,-1.0138115882873535,0.0
13.0,0.4278874397277832,-1.0155375003814697,0.0
13.0,0.43257805705070496,-1.0135483741760254,0.0
13.0,0.4380530118942261,-1.0133733749389648,0.0
13.0,0.4427335262298584,-1.011337161064148,0.0
13.0,0.4490256607532501,-1.0129363536834717,0.0
13.0,0.45370402932167053,-1.0108494758605957,0.0
13.0,0.4600274860858917,-1.0123826265335083,0.0
13.0,0.46553897857666016,-1.0120619535446167,0.0
13.0,0.4702131152153015,-1.0098987817764282,0.0
13.0,0.4774349331855774,-1.0131416320800781,0.0
13.0,0.4821139872074127,-1.0109233856201172,0.0
13.0,0.4876519441604614,-1.0104848146438599,0.0
13.0,0.4923185706138611,-1.0082193613052368,0.0
13.0,0.49874645471572876,-1.0095187425613403,0.0
13.0,0.506985068321228,-1.0143579244613647,0.0
13.0,0.511669397354126,-1.0120030641555786,0.0
13.0,0.5181641578674316,-1.0131880044937134,0.0
13.0,0.5228429436683655,-1.0107815265655518,0.0
13.0,0.5293647646903992,-1.0118976831436157,0.0
13.0,0.5349727869033813,-1.0112073421478271,0.0
13.0,0.5396422743797302,-1.0087231397628784,0.0
13.0,0.5471548438072205,-1.0114946365356445,0.0
13.0,0.5518255233764648,-1.0089541673660278,0.0
13.0,0.5593878030776978,-1.0116428136825562,0.0
13.0,0.5640590786933899,-1.0090458393096924,0.0
13.0,0.5706861019134521,-1.0099095106124878,0.0
13.0,0.5783251523971558,-1.0124702453613281,0.0
13.0,0.5829999446868896,-1.0097856521606445,0.0
13.0,0.5896783471107483,-1.0105341672897339,0.0
13.0,0.5943440794944763,-1.007797122001648,0.0
13.0,0.6020689606666565,-1.0101925134658813,0.0
13.0,0.6067330241203308,-1.0073981285095215,0.0
13.0,0.6134636402130127,-1.0079991817474365,0.0
13.0,0.6202127933502197,-1.0085594654083252,0.0
13.0,0.6248691082000732,-1.0056811571121216,0.0
13.0,0.6337655186653137,-1.0095570087432861,0.0
13.0,0.6384263038635254,-1.0066161155700684,0.0
13.0,0.6463103294372559,-1.008705496788025,0.0
13.0,0.6531406044960022,-1.0090645551681519,0.0
13.0,0.6577989459037781,-1.0060341358184814,0.0
13.0,0.6646475791931152,-1.0063197612762451,0.0
13.0,0.6692931056022644,-1.0032360553741455,0.0
13.0,0.677277147769928,-1.005106806755066,0.0
13.0,0.6852927207946777,-1.0069249868392944,0.0
13.0,0.6899408102035522,-1.0037459135055542,0.0
13.0,0.6991361379623413,-1.0071169137954712,0.0
13.0,0.7037849426269531,-1.0038738250732422,0.0
13.0,0.713041365146637,-1.0071384906768799,0.0
13.0,0.717690110206604,-1.0038310289382935,0.0
13.0,0.7270063161849976,-1.0069884061813354,0.0
13.0,0.7351888418197632,-1.0084649324417114,0.0
13.0,0.739843487739563,-1.0050550699234009,0.0
13.0,0.7480615377426147,-1.006439208984375,0.0
13.0,0.7527066469192505,-1.0029698610305786,0.0
13.0,0.76216721534729,-1.0058553218841553,0.0
13.0,0.7668095231056213,-1.0023208856582642,0.0
13.0,0.7763256430625916,-1.005096197128296,0.0
13.0,0.7858837842941284,-1.0078048706054688,0.0
13.0,0.7905348539352417,-1.0041606426239014,0.0
13.0,0.8001465797424316,-1.0067578554153442,0.0
13.0,0.8047926425933838,-1.0030478239059448,0.0
13.0,0.8144568204879761,-1.0055327415466309,0.0
13.0,0.8241610527038574,-1.007949709892273,0.0
13.0,0.8288123607635498,-1.0041285753250122,0.0
13.0,0.839847207069397,-1.0079686641693115,0.0
13.0,0.8444984555244446,-1.0040749311447144,0.0
13.0,0.8543092608451843,-1.006258249282837,0.0
13.0,0.8589524626731873,-1.0022977590560913,0.0
13.0,0.8675025701522827,-1.002853512763977,0.0
13.0,0.8787069916725159,-1.0063647031784058,0.0
13.0,0.8833504319190979,-1.0022913217544556,0.0
13.0,0.8946214914321899,-1.005668044090271,0.0
13.0,0.899261474609375,-1.0015212297439575,0.0
13.0,0.9092545509338379,-1.0032806396484375,0.0
13.0,0.91388338804245,-0.9990661144256592,0.0
13.0,0.9252762198448181,-1.0021775960922241,0.0
13.0,0.9367172122001648,-1.0052047967910767,0.0
13.0,0.9413546323776245,-1.0008633136749268,0.0
13.0,0.9542337656021118,-1.0052034854888916,0.0
13.0,0.9588709473609924,-1.0007809400558472,0.0
13.0,0.9746101498603821,-1.0078387260437012,0.0
13.0,0.9792593717575073,-1.0033220052719116,0.0
13.0,0.9965195655822754,-1.0116069316864014,0.0
13.0,1.013877034187317,-1.0197535753250122,0.0
13.0,1.0185809135437012,-1.0150550603866577,0.0
13.0,1.0389180183410645,-1.025792121887207,0.0
13.0,1.043649435043335,-1.0209778547286987,0.0
13.0,1.0612837076187134,-1.0286695957183838,0.0
13.0,1.0660282373428345,-1.0237518548965454,0.0
13.0,1.0866881608963013,-1.0339772701263428,0.0
13.0,1.1074649095535278,-1.044033169746399,0.0
13.0,1.1122801303863525,-1.0389018058776855,0.0
13.0,1.1332184076309204,-1.048690676689148,0.0
13.0,1.1380547285079956,-1.0434402227401733,0.0
13.0,1.160631537437439,-1.0543047189712524,0.0
13.0,1.1654934883117676,-1.0489274263381958,0.0
13.0,1.1882439851760864,-1.0595000982284546,0.0
13.0,1.2096176147460938,-1.068560242652893,0.0
13.0,1.2145450115203857,-1.0629563331604004,0.0
13.0,1.2360684871673584,-1.0717419385910034,0.0
13.0,1.2410104274749756,-1.066015601158142,0.0
13.0,1.267249584197998,-1.0784130096435547,0.0
13.0,1.2722219228744507,-1.072542428970337,0.0
13.0,1.297122836112976,-1.0833154916763306,0.0
13.0,1.1665124893188477,-0.9651139378547668,0.0
13.0,1.1709620952606201,-0.9597103595733643,0.0
13.0,1.175386667251587,-0.9542863368988037,0.0
13.0,1.2104896306991577,-0.9552376866340637,0.0
13.0,1.214893102645874,-0.9496309161186218,0.0
13.0,1.2192705869674683,-0.9440038800239563,0.0
13.0,1.2236220836639404,-0.9383566379547119,0.0
13.0,1.2486519813537598,-0.9484155774116516,0.0
13.0,1.2769972085952759,-0.9606675505638123,0.0
13.0,1.28142511844635,-0.9547532796859741,0.0
13.0,1.3099650144577026,-0.9666311740875244,0.0
13.0,1.3144201040267944,-0.960564374923706,0.0
13.0,1.3447703123092651,-0.9732382297515869,0.0
13.0,1.3492555618286133,-0.9670104384422302,0.0
13.0,1.379807710647583,-0.9792827367782593,0.0
13.0,1.410501480102539,-0.9912927746772766,0.0
13.0,1.415069580078125,-0.9847608804702759,0.0
13.0,1.4459574222564697,-0.9963650107383728,0.0
13.0,1.450548529624939,-0.989669144153595,0.0
13.0,1.4749962091445923,-0.9963865280151367,0.0
13.0,1.4795870780944824,-0.9895564317703247,0.0
13.0,1.5008221864700317,-0.993746817111969,0.0
13.0,1.527145266532898,-1.0010510683059692,0.0
13.0,1.5317572355270386,-0.993979811668396,0.0
13.0,1.5598946809768677,-1.002020239830017,0.0
13.0,1.564510703086853,-0.9947975873947144,0.0
13.0,1.5775564908981323,-0.9928802847862244,0.0
13.0,1.573642373085022,-0.9802886247634888,0.0
13.0,1.5781577825546265,-0.9730026125907898,0.0
13.0,1.5758103132247925,-0.9615287780761719,0.0
13.0,1.580238938331604,-0.9542329907417297,0.0
13.0,1.5760496854782104,-0.9417871832847595,0.0
13.0,1.5803871154785156,-0.934490442276001,0.0
13.0,1.5777857303619385,-0.9231337904930115,0.0
13.0,1.5768442153930664,-0.9128232598304749,0.0
13.0,1.581047773361206,-0.9055231213569641,0.0
13.0,1.5869574546813965,-0.8991896510124207,0.0
13.0,1.5910978317260742,-0.8918429017066956,0.0
13.0,1.6091971397399902,-0.8922357559204102,0.0
13.0,1.6290874481201172,-0.8934417963027954,0.0
13.0,1.633200764656067,-0.8859003782272339,0.0
13.0,1.6531407833099365,-0.8868492245674133,0.0
13.0,1.6572233438491821,-0.8791967034339905,0.0
13.0,1.6772102117538452,-0.8798875212669373,0.0
13.0,1.681260347366333,-0.8721237182617188,0.0
13.0,1.697731614112854,-0.8707302808761597,0.0
13.0,1.4513030052185059,-0.7107572555541992,0.0
13.0,1.4545735120773315,-0.7040396928787231,0.0
13.0,1.457813024520874,-0.6973071694374084,0.0
13.0,1.4610214233398438,-0.6905596852302551,0.0
13.0,1.4786953926086426,-0.690567672252655,0.0
13.0,1.481872320175171,-0.6837237477302551,0.0
13.0,1.4850176572799683,-0.6768652200698853,0.0
13.0,1.5063680410385132,-0.6782028675079346,0.0
13.0,1.509487509727478,-0.6712310910224915,0.0
13.0,1.5272244215011597,-0.6706783771514893,0.0
13.0,1.5303088426589966,-0.6636102795600891,0.0
13.0,1.546230673789978,-0.6620384454727173,0.0
13.0,1.5603280067443848,-0.6595547199249268,0.0
13.0,1.5633606910705566,-0.6523337364196777,0.0
13.0,1.5682092905044556,-0.6458603739738464,0.0
13.0,1.5711785554885864,-0.6386030316352844,0.0
13.0,1.5685455799102783,-0.629098653793335,0.0
13.0,1.565858244895935,-0.6196321845054626,0.0
13.0,1.5687062740325928,-0.6123860478401184,0.0
13.0,1.5659215450286865,-0.6029707193374634,0.0
13.0,1.5686925649642944,-0.5957244634628296,0.0
13.0,1.5676841735839844,-0.587062656879425,0.0
13.0,1.5647529363632202,-0.5777302384376526,0.0
13.0,1.567407250404358,-0.5704895853996277,0.0
13.0,1.5662630796432495,-0.5618861317634583,0.0
13.0,1.568844199180603,-0.5546387434005737,0.0
13.0,1.567614197731018,-0.5460636019706726,0.0
13.0,1.5701221227645874,-0.5388100743293762,0.0
13.0,1.5669125318527222,-0.5296238660812378,0.0
13.0,1.563651442527771,-0.5204788446426392,0.0
13.0,1.566041111946106,-0.5132439136505127,0.0
13.0,1.564590573310852,-0.5047699213027954,0.0
13.0,1.566907525062561,-0.49753081798553467,0.0
13.0,1.5653730630874634,-0.48908817768096924,0.0
13.0,1.5637941360473633,-0.4806704521179199,0.0
13.0,1.5659997463226318,-0.47343531250953674,0.0
13.0,1.5624206066131592,-0.46448028087615967,0.0
13.0,1.5645513534545898,-0.4572516679763794,0.0
13.0,1.5628042221069336,-0.4489089548587799,0.0
13.0,1.5629380941390991,-0.441135436296463,0.0
13.0,1.5649608373641968,-0.4339046776294708,0.0
13.0,1.5630908012390137,-0.42561376094818115,0.0
13.0,1.5650418996810913,-0.418382465839386,0.0
13.0,1.5630905628204346,-0.41012707352638245,0.0
13.0,1.5591593980789185,-0.40140002965927124,0.0
13.0,1.560998558998108,-0.39418715238571167,0.0
13.0,1.5550388097763062,-0.38504305481910706,0.0
13.0,1.5568023920059204,-0.37784940004348755,0.0
13.0,1.5429668426513672,-0.3669458329677582,0.0
13.0,1.5465948581695557,-0.3602619469165802,0.0
13.0,1.5482438802719116,-0.35310763120651245,0.0
13.0,1.5774263143539429,-0.16468822956085205,0.0
13.0,1.578170895576477,-0.1573934406042099,0.0
13.0,1.5788816213607788,-0.15009528398513794,0.0
13.0,1.5795587301254272,-0.1427939236164093,0.0
13.0,1.5662533044815063,-0.13429351150989532,0.0
13.0,1.5668574571609497,-0.1270507127046585,0.0
13.0,1.5674281120300293,-0.11980518698692322,0.0
13.0,1.5679652690887451,-0.11255709826946259,0.0
13.0,1.5584913492202759,-0.10463672131299973,0.0
13.0,1.5549662113189697,-0.09718061238527298,0.0
13.0,1.5553988218307495,-0.08999038487672806,0.0
13.0,1.5577954053878784,-0.08290452510118484,0.0
13.0,1.5581620931625366,-0.07570137083530426,0.0
13.0,1.564489722251892,-0.06876004487276077,0.0
13.0,1.572784662246704,-0.06184040382504463,0.0
13.0,1.5730538368225098,-0.05456817150115967,0.0
13.0,1.5832847356796265,-0.047595251351594925,0.0
13.0,1.583487868309021,-0.04027462750673294,0.0
13.0,1.593654990196228,-0.03316117823123932,0.0
13.0,1.6057896614074707,-0.025986937806010246,0.0
13.0,1.6058926582336426,-0.018562497571110725,0.0
13.0,1.6159611940383911,-0.01120700966566801,0.0
13.0,1.6159957647323608,-0.0037356994580477476,0.0
13.0,1.6239956617355347,0.0037541838828474283,0.0
13.0,1.6239608526229858,0.011262480169534683,0.0
13.0,1.6318910121917725,0.018863001838326454,0.0
13.0,1.643784761428833,0.026601815596222878,0.0
13.0,1.6436442136764526,0.03420136123895645,0.0
13.0,1.6554646492004395,0.042105283588171005,0.0
13.0,1.6552523374557495,0.0497586615383625,0.0
13.0,1.6649985313415527,0.0577576644718647,0.0
13.0,1.664713740348816,0.06545495241880417,0.0
13.0,1.672385573387146,0.07350210845470428,0.0
13.0,1.4369316101074219,0.2585105001926422,0.0
13.0,1.4357210397720337,0.2651512324810028,0.0
13.0,1.434479832649231,0.27178627252578735,0.0
13.0,1.4332078695297241,0.2784155011177063,0.0
13.0,1.4417129755020142,0.28699108958244324,0.0
13.0,1.4403706789016724,0.29365360736846924,0.0
13.0,1.4546600580215454,0.3035784959793091,0.0
13.0,1.4649765491485596,0.31280648708343506,0.0
13.0,1.4635146856307983,0.3195762634277344,0.0
13.0,1.4737331867218018,0.32895341515541077,0.0
13.0,1.4721965789794922,0.33576351404190063,0.0
13.0,1.48426353931427,0.3457425832748413,0.0
13.0,1.4826492071151733,0.35260117053985596,0.0
13.0,1.4965516328811646,0.3632260262966156,0.0
13.0,1.4948562383651733,0.37014123797416687,0.0
13.0,1.5125203132629395,0.38194528222084045,0.0
13.0,1.533980369567871,0.3949177861213684,0.0
13.0,1.5321382284164429,0.40200570225715637,0.0
13.0,1.555381178855896,0.4157998561859131,0.0
13.0,1.553442120552063,0.4229865074157715,0.0
13.0,1.5726701021194458,0.4360421299934387,0.0
13.0,1.5860357284545898,0.44765469431877136,0.0
13.0,1.583949089050293,0.454982727766037,0.0
13.0,1.5952664613723755,0.4662283658981323,0.0
13.0,1.5930938720703125,0.4735988974571228,0.0
13.0,1.6042882204055786,0.48501071333885193,0.0
13.0,1.6020286083221436,0.49242275953292847,0.0
13.0,1.6150068044662476,0.5045958757400513,0.0
13.0,1.6260000467300415,0.5162941217422485,0.0
13.0,1.6235957145690918,0.5238062143325806,0.0
13.0,1.6344603300094604,0.5356671810150146,0.0
13.0,1.6319663524627686,0.543218195438385,0.0
13.0,1.6427001953125,0.5552404522895813,0.0
13.0,1.6533576250076294,0.567373514175415,0.0
13.0,1.650716781616211,0.5750115513801575,0.0
13.0,1.659354329109192,0.5866370797157288,0.0
13.0,1.656624436378479,0.5943025946617126,0.0
13.0,1.44148850440979,0.5246589183807373,0.0
13.0,1.4390474557876587,0.5313178300857544,0.0
13.0,1.4365755319595337,0.5379654169082642,0.0
13.0,1.4509004354476929,0.5509918928146362,0.0
13.0,1.4483375549316406,0.5576940178871155,0.0
13.0,1.4457435607910156,0.5643842816352844,0.0
13.0,1.4579962491989136,0.5769496560096741,0.0
13.0,1.4553132057189941,0.5836843848228455,0.0
13.0,1.4692742824554443,0.5971841812133789,0.0
13.0,1.466497540473938,0.6039708256721497,0.0
13.0,1.478455662727356,0.616905927658081,0.0
13.0,1.4755876064300537,0.6237347722053528,0.0
13.0,1.4929122924804688,0.639209508895874,0.0
13.0,1.5101250410079956,0.6548576354980469,0.0
13.0,1.5070812702178955,0.6618325114250183,0.0
13.0,1.5186249017715454,0.6752942204475403,0.0
13.0,1.515486478805542,0.6823081970214844,0.0
13.0,1.525054931640625,0.695114016532898,0.0
13.0,1.521824836730957,0.7021574974060059,0.0
13.0,1.5276228189468384,0.7134173512458801,0.0
13.0,1.5297328233718872,0.7230364680290222,0.0
13.0,1.5263735055923462,0.7301012873649597,0.0
13.0,1.5283823013305664,0.7397644519805908,0.0
13.0,1.5249457359313965,0.7468228340148926,0.0
13.0,1.5268528461456299,0.7565290927886963,0.0
13.0,1.528702735900879,0.7662689089775085,0.0
13.0,1.5251436233520508,0.7733284831047058,0.0
13.0,1.5268906354904175,0.7831096053123474,0.0
13.0,1.5232537984848022,0.7901606559753418,0.0
13.0,1.524897575378418,0.7999821901321411,0.0
13.0,1.5264829397201538,0.8098357319831848,0.0
13.0,1.5227224826812744,0.8168845772743225,0.0
13.0,1.5259613990783691,0.8277303576469421,0.0
13.0,1.5221182107925415,0.8347765803337097,0.0
13.0,1.5217407941818237,0.8437446355819702,0.0
13.0,1.517823576927185,0.8507711887359619,0.0
13.0,1.5121338367462158,0.8567936420440674,0.0
13.0,1.508156418800354,0.8637756705284119,0.0
13.0,1.504146695137024,0.8707391619682312,0.0
13.0,1.4793899059295654,0.8655641674995422,0.0
13.0,1.475372314453125,0.8723946809768677,0.0
13.0,1.2620793581008911,1.1149042844772339,0.0
13.0,1.256911277770996,1.1207274198532104,0.0
13.0,1.2517163753509521,1.1265265941619873,0.0
13.0,1.2464946508407593,1.1323018074035645,0.0
13.0,1.2271639108657837,1.1356288194656372,0.0
13.0,1.2219003438949585,1.141290307044983,0.0
13.0,1.2166106700897217,1.1469274759292603,0.0
13.0,1.2112950086593628,1.1525399684906006,0.0
13.0,1.1987407207489014,1.1512012481689453,0.0
13.0,1.1934055089950562,1.1567312479019165,0.0
13.0,1.185185432434082,1.159439206123352,0.0
13.0,1.1755427122116089,1.1606907844543457,0.0
13.0,1.170163869857788,1.1661133766174316,0.0
13.0,1.1534790992736816,1.160164713859558,0.0
13.0,1.148102879524231,1.1654852628707886,0.0
13.0,1.1315265893936157,1.1593307256698608,0.0
13.0,0.9532598853111267,1.2949748039245605,0.0
13.0,0.9472625255584717,1.2993682622909546,0.0
13.0,0.9412449598312378,1.3037339448928833,0.0
13.0,0.9352072477340698,1.3080717325210571,0.0
13.0,0.9245269298553467,1.3058522939682007,0.0
13.0,0.9184795618057251,1.310112714767456,0.0
13.0,0.9124126434326172,1.3143452405929565,0.0
13.0,0.9029273986816406,1.3136049509048462,0.0
13.0,0.8968445062637329,1.317765474319458,0.0
13.0,0.8907423615455627,1.3218978643417358,0.0
13.0,0.8835113048553467,1.3243381977081299,0.0
13.0,0.8773789405822754,1.3284088373184204,0.0
13.0,0.8701333403587341,1.3307772874832153,0.0
13.0,0.8639713525772095,1.3347859382629395,0.0
13.0,0.8567119836807251,1.3370821475982666,0.0
13.0,0.8505209684371948,1.3410288095474243,0.0
13.0,0.8443118333816528,1.3449467420578003,0.0
13.0,0.8380845785140991,1.3488359451293945,0.0
13.0,0.8318394422531128,1.3526962995529175,0.0
13.0,0.8255765438079834,1.3565278053283691,0.0
13.0,0.8192960023880005,1.3603302240371704,0.0
13.0,0.8119739294052124,1.3623855113983154,0.0
13.0,0.805666446685791,1.3661249876022339,0.0
13.0,0.7993417382240295,1.3698352575302124,0.0
13.0,0.7929999232292175,1.373516321182251,0.0
13.0,0.7866411805152893,1.3771679401397705,0.0
13.0,0.7802656292915344,1.380790114402771,0.0
13.0,0.7738733887672424,1.3843828439712524,0.0
13.0,0.7674645781517029,1.3879460096359253,0.0
13.0,0.7600797414779663,1.3897247314453125,0.0
13.0,0.7536463737487793,1.3932240009307861,0.0
13.0,0.7471969127655029,1.396693468093872,0.0
13.0,0.7407315373420715,1.4001331329345703,0.0
13.0,0.7342502474784851,1.4035428762435913,0.0
13.0,0.7277532815933228,1.4069225788116455,0.0
13.0,0.7212408185005188,1.410272240638733,0.0
13.0,0.47828006744384766,0.9459640979766846,0.0
13.0,0.4739013910293579,0.948165237903595,0.0
13.0,0.46335867047309875,0.9489123821258545,0.0
13.0,0.45896655321121216,0.9510445594787598,0.0
13.0,0.4545646011829376,0.9531563520431519,0.0
13.0,0.4501529633998871,0.9552477598190308,0.0
13.0,0.4440433084964752,0.953692615032196,0.0
13.0,0.43795767426490784,0.9521013498306274,0.0
13.0,0.4335510730743408,0.9541160464286804,0.0
13.0,0.4266783595085144,0.9506364464759827,0.0
13.0,0.42227864265441895,0.9525989890098572,0.0
13.0,0.4162657856941223,0.9508768320083618,0.0
13.0,0.41186508536338806,0.9527912139892578,0.0
13.0,0.4058854281902313,0.9510063529014587,0.0
13.0,0.4007076323032379,0.9510295987129211,0.0
13.0,0.3963063955307007,0.9528720378875732,0.0
13.0,0.3903777003288269,0.9509938359260559,0.0
13.0,0.38597673177719116,0.9527885317802429,0.0
13.0,0.3808251619338989,0.9527057409286499,0.0
13.0,0.3749488592147827,0.9507350921630859,0.0
13.0,0.3705492615699768,0.9524585008621216,0.0
13.0,0.36470869183540344,0.9504270553588867,0.0
13.0,0.3603106141090393,0.9521030783653259,0.0
13.0,0.35520562529563904,0.9518849849700928,0.0
13.0,0.3494197726249695,0.9497630000114441,0.0
13.0,0.3450249433517456,0.9513683319091797,0.0
13.0,0.3399495482444763,0.9510700702667236,0.0
13.0,0.3355487883090973,0.9526315927505493,0.0
13.0,0.3298293948173523,0.9503939747810364,0.0
13.0,0.3241378664970398,0.9481237530708313,0.0
13.0,0.3197508454322815,0.9496122002601624,0.0
13.0,0.31409814953804016,0.9472836852073669,0.0
13.0,0.3097151219844818,0.9487257599830627,0.0
13.0,0.304713636636734,0.9482434391975403,0.0
13.0,0.29972323775291443,0.9477351903915405,0.0
13.0,0.29533830285072327,0.9491108059883118,0.0
13.0,0.2897762358188629,0.9466413259506226,0.0
13.0,0.2853964567184448,0.9479709267616272,0.0
13.0,0.28044286370277405,0.9473625421524048,0.0
13.0,0.2760598659515381,0.948648989200592,0.0
13.0,0.2711210250854492,0.9479922652244568,0.0
13.0,0.2661941647529602,0.9473102688789368,0.0
13.0,0.2618115544319153,0.9485308527946472,0.0
13.0,0.2569001317024231,0.9478007555007935,0.0
13.0,0.25148674845695496,0.9451128840446472,0.0
13.0,0.24711446464061737,0.9462655186653137,0.0
13.0,0.24224050343036652,0.9454604983329773,0.0
13.0,0.23786669969558716,0.9465703368186951,0.0
13.0,0.2334877997636795,0.947659969329834,0.0
13.0,0.2291039228439331,0.948729395866394,0.0
13.0,0.22425465285778046,0.9478321671485901,0.0
13.0,0.21941860020160675,0.9469105005264282,0.0
13.0,0.21503834426403046,0.9479148387908936,0.0
13.0,0.21022003889083862,0.9469464421272278,0.0
13.0,0.20583970844745636,0.9479082822799683,0.0
13.0,0.20103959739208221,0.9468933939933777,0.0
13.0,0.19625328481197357,0.9458544850349426,0.0
13.0,0.19187815487384796,0.9467517137527466,0.0
13.0,0.18711072206497192,0.9456667304039001,0.0
13.0,0.18273654580116272,0.9465216994285583,0.0
13.0,0.1779884397983551,0.9453909993171692,0.0
13.0,0.17325468361377716,0.9442366361618042,0.0
13.0,0.16888727247714996,0.9450275301933289,0.0
13.0,0.16417351365089417,0.9438278675079346,0.0
13.0,0.15980809926986694,0.9445767998695374,0.0
13.0,0.15543925762176514,0.945305585861206,0.0
13.0,0.1510670930147171,0.9460141062736511,0.0
13.0,0.14638546109199524,0.9447259902954102,0.0
13.0,0.14171896874904633,0.9434149265289307,0.0
13.0,0.13735570013523102,0.9440600872039795,0.0
13.0,0.13298949599266052,0.9446850419044495,0.0
13.0,0.1286204308271408,0.9452897906303406,0.0
13.0,0.12398815900087357,0.9438914060592651,0.0
13.0,0.11962287127971649,0.944454550743103,0.0
13.0,0.11525502800941467,0.9449975490570068,0.0
13.0,0.11065176874399185,0.9435338973999023,0.0
13.0,0.10628827661275864,0.9440353512763977,0.0
13.0,0.10170794278383255,0.942528247833252,0.0
13.0,0.09734919667243958,0.942988395690918,0.0
13.0,0.09298837184906006,0.9434283971786499,0.0
13.0,0.08843857795000076,0.9418569803237915,0.0
13.0,0.08408308029174805,0.9422557950019836,0.0
13.0,0.07972577959299088,0.9426344633102417,0.0
13.0,0.0753667801618576,0.9429929852485657,0.0
13.0,0.07115628570318222,0.9453257918357849,0.0
13.0,0.06678493320941925,0.9456446766853333,0.0
13.0,0.06241215020418167,0.945943295955658,0.0
13.0,0.05779314786195755,0.9422292709350586,0.0
13.0,0.05343625321984291,0.9424864053726196,0.0
13.0,0.049078214913606644,0.9427233338356018,0.0
13.0,0.04471912980079651,0.9429401755332947,0.0
13.0,0.04035909101366997,0.9431368708610535,0.0
13.0,0.035921916365623474,0.9413148164749146,0.0
13.0,0.03156948462128639,0.9414708018302917,0.0
13.0,0.02721637673676014,0.9416067004203796,0.0
13.0,0.022862685844302177,0.9417225122451782,0.0
13.0,0.018508508801460266,0.941818118095398,0.0
13.0,0.014153935015201569,0.9418936371803284,0.0
13.0,0.009799058549106121,0.9419490098953247,0.0
13.0,0.005443972535431385,0.941984236240387,0.0
13.0,0.0010887705720961094,0.9419993162155151,0.0
13.0,-0.0032664549071341753,0.941994309425354,0.0
13.0,-0.00760542880743742,0.9399692416191101,0.0
13.0,-0.011951175518333912,0.9399240016937256,0.0
13.0,-0.01633133925497532,0.9418584108352661,0.0
13.0,-0.020685726776719093,0.9417728185653687,0.0
13.0,-0.0250396728515625,0.9416671395301819,0.0
13.0,-0.029330678284168243,0.939542293548584,0.0
13.0,-0.0336742177605629,0.9393966197967529,0.0
13.0,-0.03801703825592995,0.9392309188842773,0.0
13.0,-0.04235904663801193,0.9390451312065125,0.0
13.0,-0.04679951071739197,0.9408367276191711,0.0
13.0,-0.05114884674549103,0.9406102895736694,0.0
13.0,-0.05549709498882294,0.9403637647628784,0.0
13.0,-0.05984415113925934,0.9400971531867981,0.0
13.0,-0.06418993324041367,0.9398103952407837,0.0
13.0,-0.06853433698415756,0.9395036101341248,0.0
13.0,-0.07287728041410446,0.9391766786575317,0.0
13.0,-0.0772186666727066,0.9388297200202942,0.0
13.0,-0.08173156529664993,0.9404551982879639,0.0
13.0,-0.08607876300811768,0.9400672912597656,0.0
13.0,-0.09042412787675858,0.9396592378616333,0.0
13.0,-0.09476755559444427,0.9392311573028564,0.0
13.0,-0.09910895675420761,0.9387829303741455,0.0
13.0,-0.10366740822792053,0.9403026103973389,0.0
13.0,-0.10801366716623306,0.9398132562637329,0.0
13.0,-0.11235762387514114,0.9393038749694824,0.0
13.0,-0.11669917404651642,0.9387743473052979,0.0
13.0,-0.12129412591457367,0.940208375453949,0.0
13.0,-0.12563976645469666,0.9396375417709351,0.0
13.0,-0.12998270988464355,0.9390466213226318,0.0
13.0,-0.134606271982193,0.9404153823852539,0.0
13.0,-0.13895271718502045,0.9397830367088318,0.0
13.0,-0.14329619705677032,0.9391305446624756,0.0
13.0,-0.14763662219047546,0.9384579658508301,0.0
13.0,-0.1522938311100006,0.9397396445274353,0.0
13.0,-0.15696603059768677,0.9409981966018677,0.0
13.0,-0.1613149493932724,0.9402624368667603,0.0
13.0,-0.16566039621829987,0.9395065903663635,0.0
13.0,-0.17000232636928558,0.9387306571006775,0.0
13.0,-0.1750715970993042,0.9418672919273376,0.0
13.0,-0.17942433059215546,0.9410477876663208,0.0
13.0,-0.1837732195854187,0.9402081966400146,0.0
13.0,-0.188510924577713,0.9413095116615295,0.0
13.0,-0.1928609311580658,0.9404278993606567,0.0
13.0,-0.19720681011676788,0.9395262002944946,0.0
13.0,-0.2015484869480133,0.9386043548583984,0.0
13.0,-0.2058858424425125,0.9376624822616577,0.0
13.0,-0.2106567770242691,0.9386520981788635,0.0
13.0,-0.21499426662921906,0.9376680850982666,0.0
13.0,-0.21978312730789185,0.9386113882064819,0.0
13.0,-0.2241203337907791,0.9375852346420288,0.0
13.0,-0.22892671823501587,0.9384820461273193,0.0
13.0,-0.23374615609645844,0.939354419708252,0.0
13.0,-0.23808665573596954,0.9382636547088623,0.0
13.0,-0.24292293190956116,0.9390891790390015,0.0
13.0,-0.24726209044456482,0.9379560351371765,0.0
13.0,-0.2521147131919861,0.9387343525886536,0.0
13.0,-0.2569798231124878,0.9394878149032593,0.0
13.0,-0.26132068037986755,0.9382896423339844,0.0
13.0,-0.2662014365196228,0.9389956593513489,0.0
13.0,-0.27053990960121155,0.9377548694610596,0.0
13.0,-0.2754358649253845,0.9384130239486694,0.0
13.0,-0.2797715663909912,0.937129557132721,0.0
13.0,-0.2846822738647461,0.9377398490905762,0.0
13.0,-0.2896045744419098,0.9383246898651123,0.0
13.0,-0.2939396798610687,0.9369757175445557,0.0
13.0,-0.298876017332077,0.937512218952179,0.0
13.0,-0.30320730805397034,0.9361203908920288,0.0
13.0,-0.30815714597702026,0.9366083145141602,0.0
13.0,-0.31248414516448975,0.9351736307144165,0.0
13.0,-0.31744706630706787,0.9356127977371216,0.0
13.0,-0.32242071628570557,0.9360260963439941,0.0
13.0,-0.32674485445022583,0.9345254302024841,0.0
13.0,-0.3323996663093567,0.936774492263794,0.0
13.0,-0.33672717213630676,0.9352276921272278,0.0
13.0,-0.3417336642742157,0.9355394840240479,0.0
13.0,-0.34675025939941406,0.9358249306678772,0.0
13.0,-0.3510732352733612,0.934211790561676,0.0
13.0,-0.3561008870601654,0.9344475269317627,0.0
13.0,-0.36041736602783203,0.9327911138534546,0.0
13.0,-0.3661850392818451,0.9348392486572266,0.0
13.0,-0.37197938561439514,0.9368540048599243,0.0
13.0,-0.37630683183670044,0.9351241588592529,0.0
13.0,-0.38213664293289185,0.9370781779289246,0.0
13.0,-0.38646501302719116,0.9353014230728149,0.0
13.0,-0.39232975244522095,0.9371944665908813,0.0
13.0,-0.3966585695743561,0.9353705644607544,0.0
13.0,-0.40176820755004883,0.9353642463684082,0.0
13.0,-0.4076840579509735,0.9371646642684937,0.0
13.0,-0.41201257705688477,0.9352697730064392,0.0
13.0,-0.41714704036712646,0.9351814985275269,0.0
13.0,-0.42146629095077515,0.9332428574562073,0.0
13.0,-0.4266080856323242,0.9331032037734985,0.0
13.0,-0.4309176206588745,0.9311208724975586,0.0
13.0,-0.4369146525859833,0.9327408671379089,0.0
13.0,-0.44293591380119324,0.9343253374099731,0.0
13.0,-0.4472509026527405,0.9322674870491028,0.0
13.0,-0.45330315828323364,0.9337881207466125,0.0
13.0,-0.45761555433273315,0.9316823482513428,0.0
13.0,-0.46369826793670654,0.9331387877464294,0.0
13.0,-0.4707023799419403,0.9363456964492798,0.0
13.0,-0.4750264286994934,0.9341594576835632,0.0
13.0,-0.4811698794364929,0.9355103373527527,0.0
13.0,-0.48548996448516846,0.9332757592201233,0.0
13.0,-0.4916619658470154,0.9345611333847046,0.0
13.0,-0.4959775507450104,0.9322779774665833,0.0
13.0,-0.5021774768829346,0.9334975481033325,0.0
13.0,-1.0890381336212158,1.9803019762039185,0.0
13.0,-1.0981820821762085,1.9752458333969116,0.0
13.0,-1.1073026657104492,1.9701473712921143,0.0
13.0,-1.1163995265960693,1.9650068283081055,0.0
13.0,-1.1385375261306763,1.9615187644958496,0.0
13.0,-1.1475942134857178,1.9562338590621948,0.0
13.0,-1.1566263437271118,1.9509072303771973,0.0
13.0,-1.1656336784362793,1.945538878440857,0.0
13.0,-1.1787595748901367,1.9469724893569946,0.0
13.0,-1.1877485513687134,1.9415018558502197,0.0
13.0,-1.203021764755249,1.9461971521377563,0.0
13.0,-1.2162445783615112,1.947399616241455,0.0
13.0,-1.225235104560852,1.9417556524276733,0.0
13.0,-1.2406500577926636,1.946189045906067,0.0
13.0,-1.2496347427368164,1.9404323101043701,0.0
13.0,-1.2629551887512207,1.9413397312164307,0.0
13.0,-1.2785075902938843,1.945508360862732,0.0
13.0,-1.2874886989593506,1.939576506614685,0.0
13.0,-1.3031249046325684,1.9435701370239258,0.0
13.0,-1.3120968341827393,1.9375245571136475,0.0
13.0,-1.3278154134750366,1.9413424730300903,0.0
13.0,-1.3458704948425293,1.9483472108840942,0.0
13.0,-1.3548640012741089,1.9421039819717407,0.0
13.0,-1.3684360980987549,1.9423589706420898,0.0
13.0,-1.3774017095565796,1.9360114336013794,0.0
13.0,-1.3933396339416504,1.9393681287765503,0.0
13.0,-1.402291178703308,1.9329054355621338,0.0
13.0,-1.420668125152588,1.939308762550354,0.0
13.0,-1.4367551803588867,1.9423670768737793,0.0
13.0,-1.4457200765609741,1.9357037544250488,0.0
13.0,-1.4618792533874512,1.9385801553726196,0.0
13.0,-1.4708263874053955,1.9318006038665771,0.0
13.0,-1.4894933700561523,1.9376649856567383,0.0
13.0,-1.5057933330535889,1.9402378797531128,0.0
13.0,-1.5147476196289062,1.9332553148269653,0.0
13.0,-1.5236696004867554,1.9262313842773438,0.0
13.0,-1.5325590372085571,1.9191663265228271,0.0
13.0,-1.5288634300231934,1.8964897394180298,0.0
13.0,-1.5376152992248535,1.8894009590148926,0.0
13.0,-1.5285601615905762,1.8606363534927368,0.0
13.0,-1.521825909614563,1.8350754976272583,0.0
13.0,-1.5302939414978027,1.8280199766159058,0.0
13.0,-1.5232385396957397,1.80259370803833,0.0
13.0,-1.531556248664856,1.7955318689346313,0.0
13.0,-1.5241819620132446,1.7702443599700928,0.0
13.0,-1.5166069269180298,1.7450637817382812,0.0
13.0,-1.5246587991714478,1.7380332946777344,0.0
13.0,-1.516767978668213,1.7129971981048584,0.0
13.0,-1.5246715545654297,1.7059663534164429,0.0
13.0,-1.5191460847854614,1.6840482950210571,0.0
13.0,-1.5107580423355103,1.659260630607605,0.0
13.0,-1.5184133052825928,1.6522581577301025,0.0
13.0,-1.5151551961898804,1.6334896087646484,0.0
13.0,-1.522691249847412,1.626466989517212,0.0
13.0,-1.5164587497711182,1.6048728227615356,0.0
13.0,-1.5072987079620361,1.5804766416549683,0.0
13.0,-1.514589786529541,1.5734909772872925,0.0
13.0,-1.507912039756775,1.5521266460418701,0.0
13.0,-1.515071988105774,1.5451384782791138,0.0
13.0,-1.5081312656402588,1.5239017009735107,0.0
13.0,-1.5010267496109009,1.5027624368667603,0.0
13.0,-1.5079585313796997,1.4958065748214722,0.0
13.0,-1.5034466981887817,1.477603554725647,0.0
13.0,-1.510262131690979,1.4706367254257202,0.0
13.0,-1.5026520490646362,1.4497520923614502,0.0
13.0,-1.5093387365341187,1.4427891969680786,0.0
13.0,-1.5043762922286987,1.4247932434082031,0.0
13.0,-1.4992800951004028,1.4068742990493774,0.0
13.0,-1.5057685375213623,1.3999274969100952,0.0
13.0,-1.50045645236969,1.3821107149124146,0.0
13.0,-1.4950121641159058,1.3643732070922852,0.0
13.0,-1.5013041496276855,1.3574466705322266,0.0
13.0,-1.495646595954895,1.3398152589797974,0.0
13.0,-1.5018250942230225,1.332885980606079,0.0
13.0,-1.4959558248519897,1.3153630495071411,0.0
13.0,-1.5020211935043335,1.308432698249817,0.0
13.0,-1.4974558353424072,1.2923274040222168,0.0
13.0,-1.4927737712860107,1.2762924432754517,0.0
13.0,-1.498658537864685,1.2693772315979004,0.0
13.0,-1.49531888961792,1.2547212839126587,0.0
13.0,-1.5011038780212402,1.247794508934021,0.0
13.0,-1.494505524635315,1.2306702136993408,0.0
13.0,-1.487781286239624,1.2136337757110596,0.0
13.0,-1.49337637424469,1.2067421674728394,0.0
13.0,-1.4895713329315186,1.1923259496688843,0.0
13.0,-1.4950679540634155,1.1854263544082642,0.0
13.0,-1.4926682710647583,1.172324776649475,0.0
13.0,-1.4980723857879639,1.165411114692688,0.0
13.0,-1.4923547506332397,1.1499273777008057,0.0
13.0,-1.486526370048523,1.134521722793579,0.0
13.0,-1.491755723953247,1.1276367902755737,0.0
13.0,-1.485746145248413,1.1123372316360474,0.0
13.0,-1.479627251625061,1.0971176624298096,0.0
13.0,-1.484683871269226,1.090265154838562,0.0
13.0,-1.4816211462020874,1.0775076150894165,0.0
13.0,-1.4865870475769043,1.070646047592163,0.0
13.0,-1.4817514419555664,1.0567936897277832,0.0
13.0,-1.4866214990615845,1.0499316453933716,0.0
13.0,-1.481626033782959,1.0361700057983398,0.0
13.0,-1.4798238277435303,1.024754285812378,0.0
13.0,-1.4845458269119263,1.0179016590118408,0.0
13.0,-1.4809625148773193,1.0054103136062622,0.0
13.0,-1.4855951070785522,0.9985525012016296,0.0
13.0,-1.4818707704544067,0.986133337020874,0.0
13.0,-1.476393461227417,0.9726697206497192,0.0
13.0,-1.4808746576309204,0.9658334255218506,0.0
13.0,-1.4769231081008911,0.9535523653030396,0.0
13.0,-1.4813159704208374,0.9467138051986694,0.0
13.0,-1.4755359888076782,0.9334396719932556,0.0
13.0,-1.471360206604004,0.9213006496429443,0.0
13.0,-1.4756040573120117,0.9144881367683411,0.0
13.0,-1.4729969501495361,0.903473436832428,0.0
13.0,-1.4771583080291748,0.8966535329818726,0.0
13.0,-1.4727157354354858,0.8846651315689087,0.0
13.0,-1.469913363456726,0.8737589716911316,0.0
13.0,-1.4739373922348022,0.8669536709785461,0.0
13.0,-1.4710155725479126,0.8561058640480042,0.0
13.0,-1.4749579429626465,0.8492956757545471,0.0
13.0,-1.4719176292419434,0.8385074138641357,0.0
13.0,-1.4688091278076172,0.8277654647827148,0.0
13.0,-1.4726204872131348,0.8209657669067383,0.0
13.0,-1.4693949222564697,0.8102854490280151,0.0
13.0,-1.4731254577636719,0.8034831881523132,0.0
13.0,-1.4697836637496948,0.7928656339645386,0.0
13.0,-1.4734336137771606,0.7860618233680725,0.0
13.0,-1.4682074785232544,0.7745750546455383,0.0
13.0,-1.4646800756454468,0.7640785574913025,0.0
13.0,-1.4681971073150635,0.7572986483573914,0.0
13.0,-1.4663375616073608,0.7477768063545227,0.0
13.0,-1.469779133796692,0.7409893870353699,0.0
13.0,-1.464239239692688,0.7297256588935852,0.0
13.0,-1.460420846939087,0.7194129824638367,0.0
13.0,-1.4637314081192017,0.7126532196998596,0.0
13.0,-1.4616038799285889,0.7032766938209534,0.0
13.0,-1.4648396968841553,0.6965116262435913,0.0
13.0,-1.4626139402389526,0.6871802806854248,0.0
13.0,-1.4585189819335938,0.6770423650741577,0.0
13.0,-1.4616336822509766,0.6702918410301208,0.0
13.0,-1.4592516422271729,0.6610511541366577,0.0
13.0,-1.4622923135757446,0.654297411441803,0.0
13.0,-1.4598137140274048,0.6451044678688049,0.0
13.0,-1.4572815895080566,0.6359485387802124,0.0
13.0,-1.4602062702178955,0.6292042136192322,0.0
13.0,-1.4557381868362427,0.6193145513534546,0.0
13.0,-1.4585858583450317,0.6125775575637817,0.0
13.0,-1.4558597803115845,0.603529691696167,0.0
13.0,-1.453081488609314,0.5945202112197876,0.0
13.0,-1.4558147192001343,0.5877957344055176,0.0
13.0,-1.4529427289962769,0.578838050365448,0.0
13.0,-1.4556033611297607,0.5721144080162048,0.0
13.0,-1.4545032978057861,0.563932478427887,0.0
13.0,-1.4570950269699097,0.5572017431259155,0.0
13.0,-1.4540417194366455,0.5483419299125671,0.0
13.0,-1.4528120756149292,0.5402193665504456,0.0
13.0,-1.455294132232666,0.5334967374801636,0.0
13.0,-1.4521023035049438,0.5247235894203186,0.0
13.0,-1.4545128345489502,0.5180043578147888,0.0
13.0,-1.4512306451797485,0.5092872381210327,0.0
13.0,-1.4497894048690796,0.5012651681900024,0.0
13.0,-1.4520914554595947,0.49455690383911133,0.0
13.0,-1.448673963546753,0.485929936170578,0.0
13.0,-1.4509050846099854,0.4792269766330719,0.0
13.0,-1.4473992586135864,0.4706583619117737,0.0
13.0,-1.443845510482788,0.46213245391845703,0.0
13.0,-1.4459666013717651,0.4554520845413208,0.0
13.0,-1.444236159324646,0.44757789373397827,0.0
13.0,-1.4462900161743164,0.44089585542678833,0.0
13.0,-1.4463971853256226,0.4336300790309906,0.0
13.0,-1.4445499181747437,0.42580726742744446,0.0
13.0,-1.4465030431747437,0.4191240072250366,0.0
13.0,-1.4445782899856567,0.41133636236190796,0.0
13.0,-1.4464645385742188,0.4046531319618225,0.0
13.0,-1.4444630146026611,0.3969014585018158,0.0
13.0,-1.4424206018447876,0.3891769349575043,0.0
13.0,-1.4442044496536255,0.3825039267539978,0.0
13.0,-1.4420862197875977,0.37481653690338135,0.0
13.0,-1.4438036680221558,0.368145227432251,0.0
13.0,-1.4416097402572632,0.3604956567287445,0.0
13.0,-1.4432610273361206,0.35382673144340515,0.0
13.0,-1.4409922361373901,0.34621575474739075,0.0
13.0,-1.4406307935714722,0.33909159898757935,0.0
13.0,-1.4421831369400024,0.33242738246917725,0.0
13.0,-1.439802646636963,0.3248756527900696,0.0
13.0,-1.4412893056869507,0.31821542978286743,0.0
13.0,-1.4388352632522583,0.3107041120529175,0.0
13.0,-1.436342716217041,0.30322232842445374,0.0
13.0,-1.4377292394638062,0.2965783476829529,0.0
13.0,-1.4371243715286255,0.28953298926353455,0.0
13.0,-1.4384477138519287,0.2828855514526367,0.0
13.0,-1.4358118772506714,0.275478333234787,0.0
13.0,-1.435104250907898,0.26846933364868164,0.0
13.0,-1.4363301992416382,0.26183146238327026,0.0
13.0,-1.4355560541152954,0.25483837723731995,0.0
13.0,-1.4367189407348633,0.24819853901863098,0.0
13.0,-1.4358787536621094,0.2412220537662506,0.0
13.0,-1.4369786977767944,0.2345808744430542,0.0
13.0,-1.4340972900390625,0.2273084968328476,0.0
13.0,-1.4311792850494385,0.22006776928901672,0.0
13.0,-1.4321813583374023,0.21344853937625885,0.0
13.0,-1.4311734437942505,0.2065390944480896,0.0
13.0,-1.4321130514144897,0.19992002844810486,0.0
13.0,-1.433022141456604,0.19329670071601868,0.0
13.0,-1.429934024810791,0.1861528754234314,0.0
13.0,-1.4307793378829956,0.1795397698879242,0.0
13.0,-1.4296085834503174,0.172682985663414,0.0
13.0,-1.4303916692733765,0.16607153415679932,0.0
13.0,-1.4291564226150513,0.15923504531383514,0.0
13.0,-1.4278886318206787,0.15241354703903198,0.0
13.0,-1.4285781383514404,0.14581026136875153,0.0
13.0,-1.4272464513778687,0.1390099823474884,0.0
13.0,-1.4278738498687744,0.13240979611873627,0.0
13.0,-1.4264785051345825,0.12563133239746094,0.0
13.0,-1.4270440340042114,0.11903484910726547,0.0
13.0,-1.4275791645050049,0.11243581771850586,0.0
13.0,-1.4260891675949097,0.10568656772375107,0.0
13.0,-1.4265625476837158,0.09909209609031677,0.0
13.0,-1.427005410194397,0.09249550849199295,0.0
13.0,-1.4254214763641357,0.08577680587768555,0.0
13.0,-1.4258028268814087,0.07918563485145569,0.0
13.0,-1.4241563081741333,0.0724911019206047,0.0
13.0,-1.424476146697998,0.06590592116117477,0.0
13.0,-1.424765706062317,0.05931933596730232,0.0
13.0,-1.4250247478485107,0.0527314767241478,0.0
13.0,-1.4252532720565796,0.046142496168613434,0.0
13.0,-1.4234521389007568,0.039497051388025284,0.0
13.0,-1.4236195087432861,0.03291548043489456,0.0
13.0,-1.42375648021698,0.02633320540189743,0.0
13.0,-1.4238630533218384,0.01975036785006523,0.0
13.0,-1.4239391088485718,0.013167107477784157,0.0
13.0,-1.4219849109649658,0.006574319209903479,0.0
13.0,-1.4220000505447388,-1.1636915075996512e-07,0.0
14.0,-1.4199999570846558,1.2414034245011862e-07,0.0
14.0,-1.4199848175048828,-0.006565064657479525,0.0
14.0,-1.4199392795562744,-0.013130112551152706,0.0
14.0,-1.421863317489624,-0.019722620025277138,0.0
14.0,-1.4217568635940552,-0.026296213269233704,0.0
14.0,-1.4216201305389404,-0.03286924585700035,0.0
14.0,-1.4214529991149902,-0.03944157063961029,0.0
14.0,-1.4312502145767212,-0.04633663594722748,0.0
14.0,-1.4310206174850464,-0.05295334383845329,0.0
14.0,-1.4287621974945068,-0.05948571860790253,0.0
14.0,-1.4184825420379639,-0.06562861055135727,0.0
14.0,-1.4181640148162842,-0.07218608260154724,0.0
14.0,-1.4198120832443237,-0.07885292172431946,0.0
14.0,-1.4194324016571045,-0.08541639894247055,0.0
14.0,-1.4190223217010498,-0.0919780507683754,0.0
14.0,-1.4185818433761597,-0.09853773564100266,0.0
14.0,-1.4181110858917236,-0.10509531199932098,0.0
14.0,-1.4176100492477417,-0.11165064573287964,0.0
14.0,-1.4170787334442139,-0.11820358783006668,0.0
14.0,-1.4165170192718506,-0.12475401163101196,0.0
14.0,-1.415925145149231,-0.13130176067352295,0.0
14.0,-1.4172935485839844,-0.13804058730602264,0.0
14.0,-1.4166401624679565,-0.1445917785167694,0.0
14.0,-1.4159564971923828,-0.15113988518714905,0.0
14.0,-1.4152425527572632,-0.15768477320671082,0.0
14.0,-1.4144984483718872,-0.16422627866268158,0.0
14.0,-1.417695164680481,-0.17124395072460175,0.0
14.0,-1.4168882369995117,-0.1777966469526291,0.0
14.0,-1.4160510301589966,-0.184345543384552,0.0
14.0,-1.415183663368225,-0.19089050590991974,0.0
14.0,-1.4142858982086182,-0.19743138551712036,0.0
14.0,-1.4153375625610352,-0.20425371825695038,0.0
14.0,-1.414378046989441,-0.21079516410827637,0.0
14.0,-1.4133883714675903,-0.21733210980892181,0.0
14.0,-1.4143438339233398,-0.2241775244474411,0.0
14.0,-1.4132922887802124,-0.23071415722370148,0.0
14.0,-1.4141827821731567,-0.23757721483707428,0.0
14.0,-1.4130693674087524,-0.24411296844482422,0.0
14.0,-1.4119255542755127,-0.2506435215473175,0.0
14.0,-1.4127192497253418,-0.25752735137939453,0.0
14.0,-1.4115134477615356,-0.26405614614486694,0.0
14.0,-1.4122416973114014,-0.2709560990333557,0.0
14.0,-1.4109739065170288,-0.2774825394153595,0.0
14.0,-1.4116365909576416,-0.28439804911613464,0.0
14.0,-1.412265419960022,-0.29132556915283203,0.0
14.0,-1.4109033346176147,-0.29785189032554626,0.0
14.0,-1.411466121673584,-0.30479398369789124,0.0
14.0,-1.4100419282913208,-0.31131646037101746,0.0
14.0,-1.4105384349822998,-0.31827250123023987,0.0
14.0,-1.4110007286071777,-0.32523974776268005,0.0
14.0,-1.4094818830490112,-0.33175987005233765,0.0
14.0,-1.4118224382400513,-0.33920735120773315,0.0
14.0,-1.4102389812469482,-0.34573110938072205,0.0
14.0,-1.410565733909607,-0.35273265838623047,0.0
14.0,-1.4089198112487793,-0.3592504560947418,0.0
14.0,-1.4072438478469849,-0.36576056480407715,0.0
14.0,-1.4094043970108032,-0.3732869625091553,0.0
14.0,-1.4076634645462036,-0.3797991871833801,0.0
14.0,-1.4078210592269897,-0.38683319091796875,0.0
14.0,-1.406017541885376,-0.3933379352092743,0.0
14.0,-1.4061075448989868,-0.40038201212882996,0.0
14.0,-1.4042413234710693,-0.40687867999076843,0.0
14.0,-1.4061819314956665,-0.41449761390686035,0.0
14.0,-1.408082127571106,-0.42214319109916687,0.0
14.0,-1.4061152935028076,-0.42864876985549927,0.0
14.0,-1.4060288667678833,-0.4357371926307678,0.0
14.0,-1.4039992094039917,-0.442233145236969,0.0
14.0,-1.4057492017745972,-0.44993895292282104,0.0
14.0,-1.407457947731018,-0.4576704204082489,0.0
14.0,-1.4053269624710083,-0.46417272090911865,0.0
14.0,-1.405061960220337,-0.4713011384010315,0.0
14.0,-1.4028680324554443,-0.47779223322868347,0.0
14.0,-1.4044243097305298,-0.485580176115036,0.0
14.0,-1.402164340019226,-0.49206817150115967,0.0
14.0,-1.4036425352096558,-0.499887615442276,0.0
14.0,-1.4031972885131836,-0.5070515275001526,0.0
14.0,-1.400838017463684,-0.5135335922241211,0.0
14.0,-1.402198076248169,-0.5213988423347473,0.0
14.0,-1.3997724056243896,-0.5278761982917786,0.0
14.0,-1.4010529518127441,-0.5357708930969238,0.0
14.0,-1.4022904634475708,-0.5436887145042419,0.0
14.0,-1.3997617959976196,-0.5501662492752075,0.0
14.0,-1.4009191989898682,-0.558112382888794,0.0
14.0,-1.398323893547058,-0.564583420753479,0.0
14.0,-1.4012519121170044,-0.5733144283294678,0.0
14.0,-1.4022812843322754,-0.5813185572624207,0.0
14.0,-1.39957857131958,-0.587795615196228,0.0
14.0,-1.400526762008667,-0.5958260297775269,0.0
14.0,-1.3977570533752441,-0.6022948026657104,0.0
14.0,-1.4004566669464111,-0.6111505031585693,0.0
14.0,-1.3976161479949951,-0.6176188588142395,0.0
14.0,-1.3983968496322632,-0.6257076263427734,0.0
14.0,-1.3991327285766602,-0.6338168382644653,0.0
14.0,-1.3961873054504395,-0.6402787566184998,0.0
14.0,-1.3986544609069824,-0.6492533087730408,0.0
14.0,-1.3956377506256104,-0.6557128429412842,0.0
14.0,-1.3980097770690918,-0.6647348999977112,0.0
14.0,-1.3949215412139893,-0.6711912751197815,0.0
14.0,-1.3971980810165405,-0.6802598834037781,0.0
14.0,-1.3994203805923462,-0.6893637180328369,0.0
14.0,-1.3962182998657227,-0.6958264112472534,0.0
14.0,-1.3983439207077026,-0.7049752473831177,0.0
14.0,-1.3950695991516113,-0.7114328145980835,0.0
14.0,-1.3953205347061157,-0.7197088003158569,0.0
14.0,-1.3990709781646729,-0.7298523187637329,0.0
14.0,-1.395681619644165,-0.7363129258155823,0.0
14.0,-1.397556185722351,-0.7455819845199585,0.0
14.0,-1.3940942287445068,-0.7520354390144348,0.0
14.0,-1.3976255655288696,-0.7623035311698914,0.0
14.0,-1.3993403911590576,-0.7716544270515442,0.0
14.0,-1.395757794380188,-0.7781158685684204,0.0
14.0,-1.3938877582550049,-0.7855426073074341,0.0
14.0,-1.3902409076690674,-0.791978657245636,0.0
14.0,-1.393497347831726,-0.8023898005485535,0.0
14.0,-1.389772653579712,-0.8088238835334778,0.0
14.0,-1.3929139375686646,-0.8192965984344482,0.0
14.0,-1.3942686319351196,-0.8287935853004456,0.0
14.0,-1.390421986579895,-0.8352309465408325,0.0
14.0,-1.391674518585205,-0.8447638750076294,0.0
14.0,-1.3877540826797485,-0.8511890769004822,0.0
14.0,-1.3923038244247437,-0.8628638386726379,0.0
14.0,-1.3950800895690918,-0.8735374212265015,0.0
14.0,-1.391026496887207,-0.8799780607223511,0.0
14.0,-1.3919987678527832,-0.889630913734436,0.0
14.0,-1.3878707885742188,-0.89605712890625,0.0
14.0,-1.3904139995574951,-0.9068344831466675,0.0
14.0,-1.3862065076828003,-0.9132532477378845,0.0
14.0,-1.3902944326400757,-0.9251924753189087,0.0
14.0,-1.3926416635513306,-0.9360732436180115,0.0
14.0,-1.3882989883422852,-0.942501962184906,0.0
14.0,-1.388875126838684,-0.9523035287857056,0.0
14.0,-1.3844573497772217,-0.9587146639823914,0.0
14.0,-1.3882049322128296,-0.9708362817764282,0.0
14.0,-1.3837015628814697,-0.9772440791130066,0.0
14.0,-1.3856818675994873,-0.9882762432098389,0.0
14.0,-1.387589454650879,-0.9993475675582886,0.0
14.0,-1.3829543590545654,-1.0057522058486938,0.0
14.0,-1.387961745262146,-1.019237995147705,0.0
14.0,-1.3832346200942993,-1.0256441831588745,0.0
14.0,-1.3768768310546875,-1.030829906463623,0.0
14.0,-1.3625234365463257,-1.0299484729766846,0.0
14.0,-1.357746958732605,-1.0362368822097778,0.0
14.0,-1.3418519496917725,-1.033958077430725,0.0
14.0,-1.3370572328567505,-1.0401508808135986,0.0
14.0,-1.3212237358093262,-1.0376741886138916,0.0
14.0,-1.3023076057434082,-1.0325883626937866,0.0
14.0,-1.2975196838378906,-1.0385984182357788,0.0
14.0,-1.2787036895751953,-1.0332729816436768,0.0
14.0,-1.273912787437439,-1.03917396068573,0.0
14.0,-1.256743311882019,-1.0348817110061646,0.0
14.0,-1.24117910861969,-1.0317317247390747,0.0
14.0,-1.2363957166671753,-1.037459135055542,0.0
14.0,-1.219377040863037,-1.0328232049942017,0.0
14.0,-1.2145888805389404,-1.038449764251709,0.0
14.0,-1.1991759538650513,-1.0349072217941284,0.0
14.0,-1.1838220357894897,-1.0312446355819702,0.0
14.0,-1.1790415048599243,-1.0367069244384766,0.0
14.0,-1.1637649536132812,-1.0328538417816162,0.0
14.0,-1.1589772701263428,-1.038223385810852,0.0
14.0,-1.1452637910842896,-1.0355225801467896,0.0
14.0,-1.140463948249817,-1.040806531906128,0.0
14.0,-1.1253423690795898,-1.0365830659866333,0.0
14.0,-1.1102845668792725,-1.0322422981262207,0.0
14.0,-1.105500340461731,-1.0373644828796387,0.0
14.0,-1.0905276536941528,-1.0328376293182373,0.0
14.0,-1.0756207704544067,-1.0281946659088135,0.0
14.0,-1.0708554983139038,-1.0331566333770752,0.0
14.0,-1.0574699640274048,-1.0297247171401978,0.0
14.0,-1.0526978969573975,-1.0346027612686157,0.0
14.0,-1.0379638671875,-1.0295994281768799,0.0
14.0,-1.03319251537323,-1.0343873500823975,0.0
14.0,-1.0213649272918701,-1.0320453643798828,0.0
14.0,-1.0095813274383545,-1.029616355895996,0.0
14.0,-1.0048102140426636,-1.0342729091644287,0.0
14.0,-0.9916956424713135,-1.0302618741989136,0.0
14.0,-0.9800202250480652,-1.0275992155075073,0.0
14.0,-0.9752587676048279,-1.0321192741394043,0.0
14.0,-0.9636421203613281,-1.0293171405792236,0.0
14.0,-0.95887291431427,-1.0337613821029663,0.0
14.0,-0.9473166465759277,-1.030820608139038,0.0
14.0,-0.94254070520401,-1.0351893901824951,0.0
14.0,-0.9297067523002625,-1.0306257009506226,0.0
14.0,-0.9196008443832397,-1.028948187828064,0.0
14.0,-0.9148337841033936,-1.033188819885254,0.0
14.0,-0.9034526348114014,-1.0298899412155151,0.0
14.0,-0.8986814022064209,-1.0340559482574463,0.0
14.0,-0.8886711597442627,-1.032137393951416,0.0
14.0,-0.8774001002311707,-1.028626799583435,0.0
14.0,-0.872635006904602,-1.03267240524292,0.0
14.0,-0.862716019153595,-1.0305615663528442,0.0
14.0,-0.8579421043395996,-1.0345391035079956,0.0
14.0,-0.8468020558357239,-1.030767798423767,0.0
14.0,-0.8369777202606201,-1.0284669399261475,0.0
14.0,-0.832213819026947,-1.0323256254196167,0.0
14.0,-0.8211920261383057,-1.0283479690551758,0.0
14.0,-0.8164287805557251,-1.03213369846344,0.0
14.0,-0.8067141175270081,-1.0296000242233276,0.0
14.0,-0.7970404028892517,-1.02699875831604,0.0
14.0,-0.7922836542129517,-1.0306727886199951,0.0
14.0,-0.782663881778717,-1.0279598236083984,0.0
14.0,-0.7779028415679932,-1.0315674543380737,0.0
14.0,-0.7683380842208862,-1.0287432670593262,0.0
14.0,-0.7600054740905762,-1.0274608135223389,0.0
14.0,-0.7552469968795776,-1.030963659286499,0.0
14.0,-0.7457746267318726,-1.0279690027236938,0.0
14.0,-0.7410139441490173,-1.0314059257507324,0.0
14.0,-0.7327591776847839,-1.0299320220947266,0.0
14.0,-0.7233820557594299,-1.0267689228057861,0.0
14.0,-0.7186272144317627,-1.0301024913787842,0.0
14.0,-0.710446834564209,-1.0284771919250488,0.0
14.0,-0.7056841850280762,-1.0317507982254028,0.0
14.0,-0.6964206695556641,-1.0283784866333008,0.0
14.0,-0.6883172988891602,-1.0266036987304688,0.0
14.0,-0.6835635304450989,-1.0297751426696777,0.0
14.0,-0.6744017601013184,-1.0262389183044434,0.0
14.0,-0.6696498990058899,-1.029345989227295,0.0
14.0,-0.6616350412368774,-1.0273865461349487,0.0
14.0,-0.6536526679992676,-1.0253751277923584,0.0
14.0,-0.6489050388336182,-1.0283862352371216,0.0
14.0,-0.6409651637077332,-1.0262863636016846,0.0
14.0,-0.6362134218215942,-1.0292388200759888,0.0
14.0,-0.6283168792724609,-1.0270510911941528,0.0
14.0,-0.6204542517662048,-1.0248123407363892,0.0
14.0,-0.6157095432281494,-1.0276700258255005,0.0
14.0,-0.6089117527008057,-1.0270649194717407,0.0
14.0,-0.6041567921638489,-1.0298691987991333,0.0
14.0,-0.5963768362998962,-1.0274622440338135,0.0
14.0,-0.5916200876235962,-1.0302084684371948,0.0
14.0,-0.5828988552093506,-1.0259770154953003,0.0
14.0,-0.5761893391609192,-1.0251740217208862,0.0
14.0,-0.5714434385299683,-1.0278270244598389,0.0
14.0,-0.5637940168380737,-1.025200605392456,0.0
14.0,-0.5580925345420837,-1.0260393619537354,0.0
14.0,-0.5533427596092224,-1.0286086797714233,0.0
14.0,-0.5457631349563599,-1.0258588790893555,0.0
14.0,-0.5410143733024597,-1.0283712148666382,0.0
14.0,-0.5334851741790771,-1.025538682937622,0.0
14.0,-0.5287380218505859,-1.0279942750930786,0.0
14.0,-0.5221664309501648,-1.0268622636795044,0.0
14.0,-0.5147184729576111,-1.023904800415039,0.0
14.0,-0.5099790692329407,-1.0262736082077026,0.0
14.0,-0.5034652948379517,-1.0250300168991089,0.0
14.0,-0.49872082471847534,-1.0273468494415283,0.0
14.0,-0.4922355115413666,-1.026035189628601,0.0
14.0,-0.4849162697792053,-1.0228784084320068,0.0
14.0,-0.4801819324493408,-1.0251094102859497,0.0
14.0,-0.47375738620758057,-1.0236884355545044,0.0
14.0,-0.46901941299438477,-1.0258678197860718,0.0
14.0,-0.46262505650520325,-1.0243797302246094,0.0
14.0,-0.4562545716762543,-1.0228546857833862,0.0
14.0,-0.4515206515789032,-1.0249532461166382,0.0
14.0,-0.4451814889907837,-1.0233619213104248,0.0
14.0,-0.44044533371925354,-1.02540922164917,0.0
14.0,-0.43491891026496887,-1.0255931615829468,0.0
14.0,-0.42862799763679504,-1.0239033699035645,0.0
14.0,-0.42388951778411865,-1.025874137878418,0.0
14.0,-0.41687634587287903,-1.0222671031951904,0.0
14.0,-0.41214555501937866,-1.0241835117340088,0.0
14.0,-0.40592989325523376,-1.0223604440689087,0.0
14.0,-0.4004693627357483,-1.0223641395568848,0.0
14.0,-0.39573830366134644,-1.0242047309875488,0.0
14.0,-0.3909987807273865,-1.0260233879089355,0.0
14.0,-0.38625091314315796,-1.0278202295303345,0.0
14.0,-0.38218969106674194,-1.0314702987670898,0.0
14.0,-0.377416729927063,-1.0332263708114624,0.0
14.0,-0.37128064036369324,-1.0311967134475708,0.0
14.0,-0.36584025621414185,-1.0310174226760864,0.0
14.0,-0.36106956005096436,-1.0326977968215942,0.0
14.0,-0.3549884855747223,-1.0305742025375366,0.0
14.0,-0.3502199649810791,-1.032204508781433,0.0
14.0,-0.3441762328147888,-1.0300188064575195,0.0
14.0,-0.3387853503227234,-1.0296992063522339,0.0
14.0,-0.33402103185653687,-1.031254529953003,0.0
14.0,-0.3280346691608429,-1.0289767980575562,0.0
14.0,-0.32327380776405334,-1.030482530593872,0.0
14.0,-0.31791621446609497,-1.0300549268722534,0.0
14.0,-0.3119885325431824,-1.027686357498169,0.0
14.0,-0.3072338104248047,-1.0291178226470947,0.0
14.0,-0.30190926790237427,-1.0286082029342651,0.0
14.0,-0.2971504032611847,-1.0299930572509766,0.0
14.0,-0.29183971881866455,-1.029431700706482,0.0
14.0,-0.2870771586894989,-1.0307700634002686,0.0
14.0,-0.28178074955940247,-1.0301570892333984,0.0
14.0,-0.2759774327278137,-1.027585744857788,0.0
14.0,-0.2712235748767853,-1.0288506746292114,0.0
14.0,-0.26596304774284363,-1.0281574726104736,0.0
14.0,-0.26071470975875854,-1.027437448501587,0.0
14.0,-0.25596168637275696,-1.0286318063735962,0.0
14.0,-0.2507292628288269,-1.02786123752594,0.0
14.0,-0.24597439169883728,-1.029009461402893,0.0
14.0,-0.2407582849264145,-1.0281884670257568,0.0
14.0,-0.23600201308727264,-1.0292905569076538,0.0
14.0,-0.2308027595281601,-1.0284192562103271,0.0
14.0,-0.22561660408973694,-1.0275218486785889,0.0
14.0,-0.22086356580257416,-1.028554081916809,0.0
14.0,-0.21569494903087616,-1.027606725692749,0.0
14.0,-0.2109416425228119,-1.0285929441452026,0.0
14.0,-0.20579108595848083,-1.0275962352752686,0.0
14.0,-0.2006542831659317,-1.026573896408081,0.0
14.0,-0.1959058940410614,-1.0274906158447266,0.0
14.0,-0.19078783690929413,-1.0264190435409546,0.0
14.0,-0.18604028224945068,-1.0272901058197021,0.0
14.0,-0.18094146251678467,-1.026169776916504,0.0
14.0,-0.17585696280002594,-1.0250240564346313,0.0
14.0,-0.17111600935459137,-1.025826096534729,0.0
14.0,-0.1660514622926712,-1.0246320962905884,0.0
14.0,-0.16131243109703064,-1.0253888368606567,0.0
14.0,-0.15626828372478485,-1.024146556854248,0.0
14.0,-0.15153160691261292,-1.0248581171035767,0.0
14.0,-0.14650830626487732,-1.0235679149627686,0.0
14.0,-0.14150016009807587,-1.022253155708313,0.0
14.0,-0.13677239418029785,-1.0228965282440186,0.0
14.0,-0.13204170763492584,-1.0235178470611572,0.0
14.0,-0.127308189868927,-1.0241174697875977,0.0
14.0,-0.12233441323041916,-1.0227092504501343,0.0
14.0,-0.11760473996400833,-1.023263931274414,0.0
14.0,-0.11287254840135574,-1.0237966775894165,0.0
14.0,-0.10813795030117035,-1.0243076086044312,0.0
14.0,-0.10340104252099991,-1.0247966051101685,0.0
14.0,-0.09847034513950348,-1.02327299118042,0.0
14.0,-0.09373831748962402,-1.0237172842025757,0.0
14.0,-0.08900429308414459,-1.0241397619247437,0.0
14.0,-0.08410441875457764,-1.0225470066070557,0.0
14.0,-0.07937590032815933,-1.0229250192642212,0.0
14.0,-0.0745001882314682,-1.0212863683700562,0.0
14.0,-0.06977760046720505,-1.0216199159622192,0.0
14.0,-0.0650535300374031,-1.021931529045105,0.0
14.0,-0.06032806262373924,-1.0222214460372925,0.0
14.0,-0.05560130625963211,-1.0224894285202026,0.0
14.0,-0.05087336152791977,-1.022735595703125,0.0
14.0,-0.046144332736730576,-1.02295982837677,0.0
14.0,-0.04141431301832199,-1.0231622457504272,0.0
14.0,-0.03668341040611267,-1.0233427286148071,0.0
14.0,-0.031951725482940674,-1.0235013961791992,0.0
14.0,-0.02721935510635376,-1.0236382484436035,0.0
14.0,-0.022486403584480286,-1.0237531661987305,0.0
14.0,-0.017718294635415077,-1.0218462944030762,0.0
14.0,-0.012993729673326015,-1.0219173431396484,0.0
14.0,-0.008268886245787144,-1.0219664573669434,0.0
14.0,-0.0035438663326203823,-1.0219937562942505,0.0
14.0,0.0011812294833362103,-1.0219992399215698,0.0
14.0,0.005906300153583288,-1.0219829082489014,0.0
14.0,0.010631244629621506,-1.0219446420669556,0.0
14.0,0.01535596139729023,-1.021884560585022,0.0
14.0,0.02008035033941269,-1.0218026638031006,0.0
14.0,0.024804310873150826,-1.0216989517211914,0.0
14.0,0.029527738690376282,-1.0215733051300049,0.0
14.0,0.03425053879618645,-1.0214258432388306,0.0
14.0,0.038972605019807816,-1.0212565660476685,0.0
14.0,0.04369383677840233,-1.0210654735565186,0.0
14.0,0.048414137214422226,-1.0208525657653809,0.0
14.0,0.05313339829444885,-1.0206178426742554,0.0
14.0,0.05785152688622475,-1.020361304283142,0.0
14.0,0.062690868973732,-1.0220792293548584,0.0
14.0,0.06741565465927124,-1.0217784643173218,0.0
14.0,0.07213899493217468,-1.0214558839797974,0.0
14.0,0.07686079293489456,-1.0211113691329956,0.0
14.0,0.08158095180988312,-1.0207451581954956,0.0
14.0,0.0862993597984314,-1.0203570127487183,0.0
14.0,0.09101593494415283,-1.0199471712112427,0.0
14.0,0.09573055803775787,-1.0195153951644897,0.0
14.0,0.10044313222169876,-1.0190619230270386,0.0
14.0,0.10515356063842773,-1.0185866355895996,0.0
14.0,0.10986173897981644,-1.0180896520614624,0.0
14.0,0.1145675778388977,-1.0175708532333374,0.0
14.0,0.11927095800638199,-1.0170302391052246,0.0
14.0,0.12421392649412155,-1.0184532403945923,0.0
14.0,0.1289212852716446,-1.0178680419921875,0.0
14.0,0.13362589478492737,-1.0172611474990845,0.0
14.0,0.13832764327526093,-1.0166324377059937,0.0
14.0,0.1430264264345169,-1.0159820318222046,0.0
14.0,0.14772216975688934,-1.0153099298477173,0.0
14.0,0.15271183848381042,-1.0165938138961792,0.0
14.0,0.15741030871868134,-1.0158770084381104,0.0
14.0,0.16210539638996124,-1.0151383876800537,0.0
14.0,0.1671215295791626,-1.0163514614105225,0.0
14.0,0.17181871831417084,-1.0155678987503052,0.0
14.0,0.1768549680709839,-1.0167330503463745,0.0
14.0,0.18155381083488464,-1.0159045457839966,0.0
14.0,0.186248779296875,-1.0150543451309204,0.0
14.0,0.19130980968475342,-1.0161479711532593,0.0
14.0,0.19600580632686615,-1.0152525901794434,0.0
14.0,0.20108579099178314,-1.016297459602356,0.0
14.0,0.20578236877918243,-1.0153568983078003,0.0
14.0,0.21047453582286835,-1.0143946409225464,0.0
14.0,0.21599294245243073,-1.01732337474823,0.0
14.0,0.22069409489631653,-1.016313910484314,0.0
14.0,0.2258239984512329,-1.017235279083252,0.0
14.0,0.23052464425563812,-1.016180396080017,0.0
14.0,0.23567183315753937,-1.0170520544052124,0.0
14.0,0.24129247665405273,-1.0198440551757812,0.0
14.0,0.24600501358509064,-1.0187175273895264,0.0
14.0,0.25119075179100037,-1.0195112228393555,0.0
14.0,0.25590163469314575,-1.018338918685913,0.0
14.0,0.26110348105430603,-1.0190824270248413,0.0
14.0,0.26581230759620667,-1.0178643465042114,0.0
14.0,0.27051541209220886,-1.0166245698928833,0.0
14.0,0.2757359743118286,-1.0172933340072632,0.0
14.0,0.28043636679649353,-1.016007661819458,0.0
14.0,0.28513073921203613,-1.014700174331665,0.0
14.0,0.28981903195381165,-1.0133711099624634,0.0
14.0,0.2950599491596222,-1.013940691947937,0.0
14.0,0.3003123104572296,-1.0144833326339722,0.0
14.0,0.304999440908432,-1.013084053993225,0.0
14.0,0.3102654218673706,-1.0135754346847534,0.0
14.0,0.31494826078414917,-1.0121301412582397,0.0
14.0,0.3202274441719055,-1.0125702619552612,0.0
14.0,0.32551735639572144,-1.012982964515686,0.0
14.0,0.330197274684906,-1.0114670991897583,0.0
14.0,0.3361290395259857,-1.0137263536453247,0.0
14.0,0.3408122956752777,-1.0121614933013916,0.0
14.0,0.34678223729133606,-1.014359951019287,0.0
14.0,0.3514682948589325,-1.0127458572387695,0.0
14.0,0.35747572779655457,-1.0148828029632568,0.0
14.0,0.3628372251987457,-1.015102505683899,0.0
14.0,0.3675265610218048,-1.0134141445159912,0.0
14.0,0.3728986084461212,-1.0135811567306519,0.0
14.0,0.37758079171180725,-1.0118463039398193,0.0
14.0,0.38296276330947876,-1.0119602680206299,0.0
14.0,0.38763734698295593,-1.010178804397583,0.0
14.0,0.39302876591682434,-1.0102397203445435,0.0
14.0,0.39916279911994934,-1.012133002281189,0.0
14.0,0.40383800864219666,-1.0102766752243042,0.0
14.0,0.41000640392303467,-1.0121060609817505,0.0
14.0,0.4146813750267029,-1.0101996660232544,0.0
14.0,0.42165160179138184,-1.0138115882873535,0.0
14.0,0.427110880613327,-1.013694405555725,0.0
14.0,0.4317930042743683,-1.0117088556289673,0.0
14.0,0.4380530118942261,-1.0133733749389648,0.0
14.0,0.4427335262298584,-1.011337161064148,0.0
14.0,0.4490256607532501,-1.0129363536834717,0.0
14.0,0.4553419351577759,-1.0144987106323242,0.0
14.0,0.4600274860858917,-1.0123826265335083,0.0
14.0,0.46553897857666016,-1.0120619535446167,0.0
14.0,0.4702131152153015,-1.0098987817764282,0.0
14.0,0.4774349331855774,-1.0131416320800781,0.0
14.0,0.4821139872074127,-1.0109233856201172,0.0
14.0,0.48939049243927,-1.0140873193740845,0.0
14.0,0.4949513077735901,-1.0136109590530396,0.0
14.0,0.499632328748703,-1.0113117694854736,0.0
14.0,0.506985068321228,-1.0143579244613647,0.0
14.0,0.511669397354126,-1.0120030641555786,0.0
14.0,0.5181641578674316,-1.0131880044937134,0.0
14.0,0.5228429436683655,-1.0107815265655518,0.0
14.0,0.5302918553352356,-1.0136698484420776,0.0
14.0,0.535908043384552,-1.0129750967025757,0.0
14.0,0.5405856370925903,-1.0104866027832031,0.0
14.0,0.5471548438072205,-1.0114946365356445,0.0
14.0,0.5518255233764648,-1.0089541673660278,0.0
14.0,0.5593878030776978,-1.0116428136825562,0.0
14.0,0.5660107731819153,-1.0125372409820557,0.0
14.0,0.5706861019134521,-1.0099095106124878,0.0
14.0,0.5783251523971558,-1.0124702453613281,0.0
14.0,0.5829999446868896,-1.0097856521606445,0.0
14.0,0.5896783471107483,-1.0105341672897339,0.0
14.0,0.5953601002693176,-1.0095199346542358,0.0
14.0,0.6000211238861084,-1.0067565441131592,0.0
14.0,0.6067330241203308,-1.0073981285095215,0.0
14.0,0.6113840937614441,-1.0045822858810425,0.0
14.0,0.6202127933502197,-1.0085594654083252,0.0
14.0,0.6248691082000732,-1.0056811571121216,0.0
14.0,0.6337655186653137,-1.0095570087432861,0.0
14.0,0.6416398286819458,-1.0116828680038452,0.0
14.0,0.6463103294372559,-1.008705496788025,0.0
14.0,0.6531406044960022,-1.0090645551681519,0.0
14.0,0.6577989459037781,-1.0060341358184814,0.0
14.0,0.6646475791931152,-1.0063197612762451,0.0
14.0,0.6692931056022644,-1.0032360553741455,0.0
14.0,0.677277147769928,-1.005106806755066,0.0
14.0,0.6852927207946777,-1.0069249868392944,0.0
14.0,0.6899408102035522,-1.0037459135055542,0.0
14.0,0.7002766728401184,-1.0087599754333496,0.0
14.0,0.7049331068992615,-1.0055115222930908,0.0
14.0,0.713041365146637,-1.0071384906768799,0.0
14.0,0.717690110206604,-1.0038310289382935,0.0
14.0,0.7258356213569641,-1.0053669214248657,0.0
14.0,0.7351888418197632,-1.0084649324417114,0.0
14.0,0.739843487739563,-1.0050550699234009,0.0
14.0,0.7480615377426147,-1.006439208984375,0.0
14.0,0.7527066469192505,-1.0029698610305786,0.0
14.0,0.76216721534729,-1.0058553218841553,0.0
14.0,0.7716704607009888,-1.0086747407913208,0.0
14.0,0.7763256430625916,-1.005096197128296,0.0
14.0,0.7858837842941284,-1.0078048706054688,0.0
14.0,0.7905348539352417,-1.0041606426239014,0.0
14.0,0.8001465797424316,-1.0067578554153442,0.0
14.0,0.8097991347312927,-1.0092875957489014,0.0
14.0,0.8144568204879761,-1.0055327415466309,0.0
14.0,0.8241610527038574,-1.007949709892273,0.0
14.0,0.8288123607635498,-1.0041285753250122,0.0
14.0,0.839847207069397,-1.0079686641693115,0.0
14.0,0.8444984555244446,-1.0040749311447144,0.0
14.0,0.8543092608451843,-1.006258249282837,0.0
14.0,0.8628567457199097,-1.0068535804748535,0.0
14.0,0.8675025701522827,-1.002853512763977,0.0
14.0,0.8787069916725159,-1.0063647031784058,0.0
14.0,0.8833504319190979,-1.0022913217544556,0.0
14.0,0.8946214914321899,-1.005668044090271,0.0
14.0,0.899261474609375,-1.0015212297439575,0.0
14.0,0.9092545509338379,-1.0032806396484375,0.0
14.0,0.9206328392028809,-1.0064446926116943,0.0
14.0,0.9252762198448181,-1.0021775960922241,0.0
14.0,0.9367172122001648,-1.0052047967910767,0.0
14.0,0.9413546323776245,-1.0008633136749268,0.0
14.0,0.9542337656021118,-1.0052034854888916,0.0
14.0,0.9588709473609924,-1.0007809400558472,0.0
14.0,0.9732198715209961,-1.0064010620117188,0.0
14.0,0.9904349446296692,-1.0147721767425537,0.0
14.0,0.9951160550117493,-1.0101821422576904,0.0
14.0,1.0124669075012207,-1.018335223197937,0.0
14.0,1.0171642303466797,-1.0136433839797974,0.0
14.0,1.036071538925171,-1.0229817628860474,0.0
14.0,1.04079008102417,-1.0181806087493896,0.0
14.0,1.0627198219299316,-1.0300614833831787,0.0
14.0,1.0818960666656494,-1.0389903783798218,0.0
14.0,1.0866881608963013,-1.0339772701263428,0.0
14.0,1.1074649095535278,-1.044033169746399,0.0
14.0,1.1122801303863525,-1.0389018058776855,0.0
14.0,1.1332184076309204,-1.048690676689148,0.0
14.0,1.1380547285079956,-1.0434402227401733,0.0
14.0,1.160631537437439,-1.0543047189712524,0.0
14.0,1.1818461418151855,-1.063644528388977,0.0
14.0,1.186751127243042,-1.0581690073013306,0.0
14.0,1.2081187963485718,-1.0672361850738525,0.0
14.0,1.2130401134490967,-1.0616391897201538,0.0
14.0,1.2345573902130127,-1.0704317092895508,0.0
14.0,1.2592158317565918,-1.0816539525985718,0.0
14.0,1.2642033100128174,-1.0758205652236938,0.0
14.0,1.2890422344207764,-1.086722731590271,0.0
14.0,1.2940527200698853,-1.0807514190673828,0.0
14.0,1.1678683757781982,-0.9571747779846191,0.0
14.0,1.172281265258789,-0.9517650604248047,0.0
14.0,1.1766690015792847,-0.9463350176811218,0.0
14.0,1.1810317039489746,-0.9408847093582153,0.0
14.0,1.2104896306991577,-0.9552376866340637,0.0
14.0,1.214893102645874,-0.9496309161186218,0.0
14.0,1.2192705869674683,-0.9440038800239563,0.0
14.0,1.2442537546157837,-0.9541783928871155,0.0
14.0,1.2486519813537598,-0.9484155774116516,0.0
14.0,1.2753989696502686,-0.9594651460647583,0.0
14.0,1.2798212766647339,-0.9535582661628723,0.0
14.0,1.3099650144577026,-0.9666311740875244,0.0
14.0,1.3402563333511353,-0.979445219039917,0.0
14.0,1.3447703123092651,-0.9732382297515869,0.0
14.0,1.37526535987854,-0.9856516718864441,0.0
14.0,1.379807710647583,-0.9792827367782593,0.0
14.0,1.410501480102539,-0.9912927746772766,0.0
14.0,1.415069580078125,-0.9847608804702759,0.0
14.0,1.4459574222564697,-0.9963650107383728,0.0
14.0,1.4703737497329712,-1.0031954050064087,0.0
14.0,1.4749962091445923,-0.9963865280151367,0.0
14.0,1.4962116479873657,-1.000675082206726,0.0
14.0,1.5008221864700317,-0.993746817111969,0.0
14.0,1.525472640991211,-0.9999546408653259,0.0
14.0,1.5300794839859009,-0.9928911328315735,0.0
14.0,1.5548465251922607,-0.9987775683403015,0.0
14.0,1.5695738792419434,-0.9980170130729675,0.0
14.0,1.5741713047027588,-0.9907496571540833,0.0
14.0,1.573642373085022,-0.9802886247634888,0.0
14.0,1.5781577825546265,-0.9730026125907898,0.0
14.0,1.5758103132247925,-0.9615287780761719,0.0
14.0,1.580238938331604,-0.9542329907417297,0.0
14.0,1.5760496854782104,-0.9417871832847595,0.0
14.0,1.5735008716583252,-0.9304186105728149,0.0
14.0,1.5777857303619385,-0.9231337904930115,0.0
14.0,1.5768442153930664,-0.9128232598304749,0.0
14.0,1.581047773361206,-0.9055231213569641,0.0
14.0,1.5869574546813965,-0.8991896510124207,0.0
14.0,1.6050548553466797,-0.8996661305427551,0.0
14.0,1.6091971397399902,-0.8922357559204102,0.0
14.0,1.6290874481201172,-0.8934417963027954,0.0
14.0,1.633200764656067,-0.8859003782272339,0.0
14.0,1.6531407833099365,-0.8868492245674133,0.0
14.0,1.6713573932647705,-0.886695146560669,0.0
14.0,1.6754391193389893,-0.8789583444595337,0.0
14.0,1.4545735120773315,-0.7040396928787231,0.0
14.0,1.457813024520874,-0.6973071694374084,0.0
14.0,1.4610214233398438,-0.6905596852302551,0.0
14.0,1.4641984701156616,-0.6837974786758423,0.0
14.0,1.4836883544921875,-0.6845616698265076,0.0
14.0,1.4868375062942505,-0.6776946783065796,0.0
14.0,1.5063680410385132,-0.6782028675079346,0.0
14.0,1.5241073369979858,-0.6777321696281433,0.0
14.0,1.5272244215011597,-0.6706783771514893,0.0
14.0,1.5431532859802246,-0.6691802144050598,0.0
14.0,1.546230673789978,-0.6620384454727173,0.0
14.0,1.5603280067443848,-0.6595547199249268,0.0
14.0,1.5633606910705566,-0.6523337364196777,0.0
14.0,1.5682092905044556,-0.6458603739738464,0.0
14.0,1.5656201839447021,-0.6363438963890076,0.0
14.0,1.5685455799102783,-0.629098653793335,0.0
14.0,1.565858244895935,-0.6196321845054626,0.0
14.0,1.5687062740325928,-0.6123860478401184,0.0
14.0,1.5659215450286865,-0.6029707193374634,0.0
14.0,1.5649532079696655,-0.5943043828010559,0.0
14.0,1.5676841735839844,-0.587062656879425,0.0
14.0,1.5647529363632202,-0.5777302384376526,0.0
14.0,1.567407250404358,-0.5704895853996277,0.0
14.0,1.5662630796432495,-0.5618861317634583,0.0
14.0,1.5650728940963745,-0.553305447101593,0.0
14.0,1.567614197731018,-0.5460636019706726,0.0
14.0,1.564447045326233,-0.5368626117706299,0.0
14.0,1.5669125318527222,-0.5296238660812378,0.0
14.0,1.563651442527771,-0.5204788446426392,0.0
14.0,1.566041111946106,-0.5132439136505127,0.0
14.0,1.564590573310852,-0.5047699213027954,0.0
14.0,1.5630950927734375,-0.4963202476501465,0.0
14.0,1.5653730630874634,-0.48908817768096924,0.0
14.0,1.5637941360473633,-0.4806704521179199,0.0
14.0,1.5602563619613647,-0.47169896960258484,0.0
14.0,1.5624206066131592,-0.46448028087615967,0.0
14.0,1.5626317262649536,-0.45669063925743103,0.0
14.0,1.56472647190094,-0.4494611322879791,0.0
14.0,1.5648629665374756,-0.4416787326335907,0.0
14.0,1.5668882131576538,-0.4344390630722046,0.0
14.0,1.5630908012390137,-0.42561376094818115,0.0
14.0,1.5611776113510132,-0.4173494279384613,0.0
14.0,1.5630905628204346,-0.41012707352638245,0.0
14.0,1.5591593980789185,-0.40140002965927124,0.0
14.0,1.560998558998108,-0.39418715238571167,0.0
14.0,1.5550388097763062,-0.38504305481910706,0.0
14.0,1.543197512626648,-0.3745473623275757,0.0
14.0,1.5449126958847046,-0.3674086034297943,0.0
14.0,1.534907579421997,-0.357539564371109,0.0
14.0,1.5365442037582397,-0.35043928027153015,0.0
14.0,1.5642399787902832,-0.15600410103797913,0.0
14.0,1.5649445056915283,-0.14877036213874817,0.0
14.0,1.5656156539916992,-0.14153344929218292,0.0
14.0,1.5662533044815063,-0.13429351150989532,0.0
14.0,1.5568901300430298,-0.1262425035238266,0.0
14.0,1.5574572086334229,-0.11904306709766388,0.0
14.0,1.5579909086227417,-0.11184109002351761,0.0
14.0,1.5584913492202759,-0.10463672131299973,0.0
14.0,1.5549662113189697,-0.09718061238527298,0.0
14.0,1.5553988218307495,-0.08999038487672806,0.0
14.0,1.5577954053878784,-0.08290452510118484,0.0
14.0,1.564155101776123,-0.07599253207445145,0.0
14.0,1.564489722251892,-0.06876004487276077,0.0
14.0,1.572784662246704,-0.06184040382504463,0.0
14.0,1.5730538368225098,-0.05456817150115967,0.0
14.0,1.5812857151031494,-0.047535158693790436,0.0
14.0,1.5914853811264038,-0.04047803580760956,0.0
14.0,1.5916554927825928,-0.033119574189186096,0.0
14.0,1.6037899255752563,-0.025954576209187508,0.0
14.0,1.6038928031921387,-0.01853938028216362,0.0
14.0,1.6159611940383911,-0.01120700966566801,0.0
14.0,1.6239956617355347,-0.003754192963242531,0.0
14.0,1.6239956617355347,0.0037541838828474283,0.0
14.0,1.6319607496261597,0.011317960917949677,0.0
14.0,1.6318910121917725,0.018863001838326454,0.0
14.0,1.643784761428833,0.026601815596222878,0.0
14.0,1.6436442136764526,0.03420136123895645,0.0
14.0,1.6534652709960938,0.042054433375597,0.0
14.0,1.6652477979660034,0.05005913972854614,0.0
14.0,1.6649985313415527,0.0577576644718647,0.0
14.0,1.6727075576782227,0.065769262611866,0.0
14.0,1.672385573387146,0.07350210845470428,0.0
14.0,1.4375170469284058,0.23125851154327393,0.0
14.0,1.4364326000213623,0.2379022240638733,0.0
14.0,1.4353172779083252,0.24454084038734436,0.0
14.0,1.4341713190078735,0.2511742413043976,0.0
14.0,1.4455547332763672,0.2669673264026642,0.0
14.0,1.4443050622940063,0.27364781498908997,0.0
14.0,1.4430243968963623,0.28032243251800537,0.0
14.0,1.4417129755020142,0.28699108958244324,0.0
14.0,1.4540884494781494,0.29645028710365295,0.0
14.0,1.452702283859253,0.3031699061393738,0.0
14.0,1.4649765491485596,0.31280648708343506,0.0
14.0,1.4635146856307983,0.3195762634277344,0.0
14.0,1.4756851196289062,0.32938912510871887,0.0
14.0,1.4741464853286743,0.3362082540988922,0.0
14.0,1.48426353931427,0.3457425832748413,0.0
14.0,1.4982149600982666,0.35630300641059875,0.0
14.0,1.4965516328811646,0.3632260262966156,0.0
14.0,1.5142699480056763,0.37494826316833496,0.0
14.0,1.5125203132629395,0.38194528222084045,0.0
14.0,1.533980369567871,0.3949177861213684,0.0
14.0,1.5321382284164429,0.40200570225715637,0.0
14.0,1.555381178855896,0.4157998561859131,0.0
14.0,1.5746692419052124,0.4287664294242859,0.0
14.0,1.5726701021194458,0.4360421299934387,0.0
14.0,1.5860357284545898,0.44765469431877136,0.0
14.0,1.583949089050293,0.454982727766037,0.0
14.0,1.5952664613723755,0.4662283658981323,0.0
14.0,1.5930938720703125,0.4735988974571228,0.0
14.0,1.6042882204055786,0.48501071333885193,0.0
14.0,1.617322564125061,0.49712368845939636,0.0
14.0,1.6150068044662476,0.5045958757400513,0.0
14.0,1.6260000467300415,0.5162941217422485,0.0
14.0,1.6235957145690918,0.5238062143325806,0.0
14.0,1.6344603300094604,0.5356671810150146,0.0
14.0,1.6452497243881226,0.5476397275924683,0.0
14.0,1.6427001953125,0.5552404522895813,0.0
14.0,1.6533576250076294,0.567373514175415,0.0
14.0,1.650716781616211,0.5750115513801575,0.0
14.0,1.659354329109192,0.5866370797157288,0.0
14.0,1.656624436378479,0.5943025946617126,0.0
14.0,1.44148850440979,0.5246589183807373,0.0
14.0,1.4390474557876587,0.5313178300857544,0.0
14.0,1.4365755319595337,0.5379654169082642,0.0
14.0,1.4340729713439941,0.5446015000343323,0.0
14.0,1.4483375549316406,0.5576940178871155,0.0
14.0,1.4457435607910156,0.5643842816352844,0.0
14.0,1.4579962491989136,0.5769496560096741,0.0
14.0,1.4553132057189941,0.5836843848228455,0.0
14.0,1.467421531677246,0.5964311361312866,0.0
14.0,1.4646482467651367,0.6032091975212097,0.0
14.0,1.478455662727356,0.616905927658081,0.0
14.0,1.4958516359329224,0.6323003768920898,0.0
14.0,1.4929122924804688,0.639209508895874,0.0
14.0,1.50829017162323,0.6540619730949402,0.0
14.0,1.505250096321106,0.6610283851623535,0.0
14.0,1.5186249017715454,0.6752942204475403,0.0
14.0,1.515486478805542,0.6823081970214844,0.0
14.0,1.525054931640625,0.695114016532898,0.0
14.0,1.5290889739990234,0.7055090665817261,0.0
14.0,1.525810718536377,0.7125710844993591,0.0
14.0,1.5279245376586914,0.7221818566322327,0.0
14.0,1.5245693922042847,0.7292382717132568,0.0
14.0,1.52658212184906,0.7388931512832642,0.0
14.0,1.530334234237671,0.7494617700576782,0.0
14.0,1.5268528461456299,0.7565290927886963,0.0
14.0,1.528702735900879,0.7662689089775085,0.0
14.0,1.5251436233520508,0.7733284831047058,0.0
14.0,1.5251110792160034,0.7821969389915466,0.0
14.0,1.5214784145355225,0.7892397046089172,0.0
14.0,1.523126482963562,0.7990530729293823,0.0
14.0,1.528249740600586,0.8107730150222778,0.0
14.0,1.5244848728179932,0.8178300261497498,0.0
14.0,1.5259613990783691,0.8277303576469421,0.0
14.0,1.5221182107925415,0.8347765803337097,0.0
14.0,1.5217407941818237,0.8437446355819702,0.0
14.0,1.5160789489746094,0.8497933149337769,0.0
14.0,1.5121338367462158,0.8567936420440674,0.0
14.0,1.5046852827072144,0.8617876172065735,0.0
14.0,1.5006848573684692,0.868735134601593,0.0
14.0,1.4793899059295654,0.8655641674995422,0.0
14.0,1.258404016494751,1.1220585107803345,0.0
14.0,1.2532029151916504,1.1278645992279053,0.0
14.0,1.2479749917984009,1.1336464881896973,0.0
14.0,1.242720365524292,1.139404296875,0.0
14.0,1.2271639108657837,1.1356288194656372,0.0
14.0,1.2219003438949585,1.141290307044983,0.0
14.0,1.2166106700897217,1.1469274759292603,0.0
14.0,1.2112950086593628,1.1525399684906006,0.0
14.0,1.1987407207489014,1.1512012481689453,0.0
14.0,1.1905333995819092,1.1539472341537476,0.0
14.0,1.185185432434082,1.159439206123352,0.0
14.0,1.1755427122116089,1.1606907844543457,0.0
14.0,1.170163869857788,1.1661133766174316,0.0
14.0,1.1548892259597778,1.1615829467773438,0.0
14.0,1.1368744373321533,1.1540868282318115,0.0
14.0,1.1315265893936157,1.1593307256698608,0.0
14.0,0.9472625255584717,1.2993682622909546,0.0
14.0,0.9412449598312378,1.3037339448928833,0.0
14.0,0.9352072477340698,1.3080717325210571,0.0
14.0,0.9291495680809021,1.3123815059661865,0.0
14.0,0.9184795618057251,1.310112714767456,0.0
14.0,0.9124126434326172,1.3143452405929565,0.0
14.0,0.9029273986816406,1.3136049509048462,0.0
14.0,0.8968445062637329,1.317765474319458,0.0
14.0,0.8907423615455627,1.3218978643417358,0.0
14.0,0.8835113048553467,1.3243381977081299,0.0
14.0,0.8773789405822754,1.3284088373184204,0.0
14.0,0.8701333403587341,1.3307772874832153,0.0
14.0,0.8639713525772095,1.3347859382629395,0.0
14.0,0.8567119836807251,1.3370821475982666,0.0
14.0,0.8505209684371948,1.3410288095474243,0.0
14.0,0.8443118333816528,1.3449467420578003,0.0
14.0,0.8380845785140991,1.3488359451293945,0.0
14.0,0.8318394422531128,1.3526962995529175,0.0
14.0,0.8255765438079834,1.3565278053283691,0.0
14.0,0.8192960023880005,1.3603302240371704,0.0
14.0,0.8129979372024536,1.3641035556793213,0.0
14.0,0.805666446685791,1.3661249876022339,0.0
14.0,0.7993417382240295,1.3698352575302124,0.0
14.0,0.7929999232292175,1.373516321182251,0.0
14.0,0.7866411805152893,1.3771679401397705,0.0
14.0,0.7792816758155823,1.3790489435195923,0.0
14.0,0.7728975415229797,1.3826371431350708,0.0
14.0,0.7664967775344849,1.3861957788467407,0.0
14.0,0.7600797414779663,1.3897247314453125,0.0
14.0,0.7536463737487793,1.3932240009307861,0.0
14.0,0.7481403350830078,1.3984569311141968,0.0
14.0,0.7407315373420715,1.4001331329345703,0.0
14.0,0.7342502474784851,1.4035428762435913,0.0
14.0,0.7277532815933228,1.4069225788116455,0.0
14.0,0.7212408185005188,1.410272240638733,0.0
14.0,0.47737765312194824,0.9441792964935303,0.0
14.0,0.4730072617530823,0.9463762640953064,0.0
14.0,0.4686267673969269,0.9485530257225037,0.0
14.0,0.4651137888431549,0.9525067210197449,0.0
14.0,0.460705041885376,0.9546469449996948,0.0
14.0,0.455425500869751,0.9549615383148193,0.0
14.0,0.4510054886341095,0.9570569396018982,0.0
14.0,0.4448874890804291,0.9555057287216187,0.0
14.0,0.4371218979358673,0.9502844214439392,0.0
14.0,0.4327237010002136,0.9522952437400818,0.0
14.0,0.4274972975254059,0.9524610638618469,0.0
14.0,0.4230891466140747,0.9544273614883423,0.0
14.0,0.41706782579421997,0.9527089595794678,0.0
14.0,0.4110715091228485,0.9509554505348206,0.0
14.0,0.4066705107688904,0.9528458118438721,0.0
14.0,0.4007076323032379,0.9510295987129211,0.0
14.0,0.3963063955307007,0.9528720378875732,0.0
14.0,0.3903777003288269,0.9509938359260559,0.0
14.0,0.38597673177719116,0.9527885317802429,0.0
14.0,0.3808251619338989,0.9527057409286499,0.0
14.0,0.3749488592147827,0.9507350921630859,0.0
14.0,0.3705492615699768,0.9524585008621216,0.0
14.0,0.36470869183540344,0.9504270553588867,0.0
14.0,0.35960274934768677,0.9502325654029846,0.0
14.0,0.35520562529563904,0.9518849849700928,0.0
14.0,0.3494197726249695,0.9497630000114441,0.0
14.0,0.3450249433517456,0.9513683319091797,0.0
14.0,0.3399495482444763,0.9510700702667236,0.0
14.0,0.3355487883090973,0.9526315927505493,0.0
14.0,0.3298293948173523,0.9503939747810364,0.0
14.0,0.3241378664970398,0.9481237530708313,0.0
14.0,0.3197508454322815,0.9496122002601624,0.0
14.0,0.31409814953804016,0.9472836852073669,0.0
14.0,0.3097151219844818,0.9487257599830627,0.0
14.0,0.304713636636734,0.9482434391975403,0.0
14.0,0.29972323775291443,0.9477351903915405,0.0
14.0,0.29533830285072327,0.9491108059883118,0.0
14.0,0.2897762358188629,0.9466413259506226,0.0
14.0,0.2853964567184448,0.9479709267616272,0.0
14.0,0.28044286370277405,0.9473625421524048,0.0
14.0,0.2760598659515381,0.948648989200592,0.0
14.0,0.2711210250854492,0.9479922652244568,0.0
14.0,0.2661941647529602,0.9473102688789368,0.0
14.0,0.2618115544319153,0.9485308527946472,0.0
14.0,0.2563769221305847,0.9458704590797424,0.0
14.0,0.25148674845695496,0.9451128840446472,0.0
14.0,0.24711446464061737,0.9462655186653137,0.0
14.0,0.24273689091205597,0.9473978877067566,0.0
14.0,0.23835411667823792,0.9485100507736206,0.0
14.0,0.2334877997636795,0.947659969329834,0.0
14.0,0.2291039228439331,0.948729395866394,0.0
14.0,0.22425465285778046,0.9478321671485901,0.0
14.0,0.21896712481975555,0.9449621438980103,0.0
14.0,0.21459588408470154,0.9459643959999084,0.0
14.0,0.21022003889083862,0.9469464421272278,0.0
14.0,0.20583970844745636,0.9479082822799683,0.0
14.0,0.20103959739208221,0.9468933939933777,0.0
14.0,0.19625328481197357,0.9458544850349426,0.0
14.0,0.19187815487384796,0.9467517137527466,0.0
14.0,0.18711072206497192,0.9456667304039001,0.0
14.0,0.18273654580116272,0.9465216994285583,0.0
14.0,0.1779884397983551,0.9453909993171692,0.0
14.0,0.17325468361377716,0.9442366361618042,0.0
14.0,0.16888727247714996,0.9450275301933289,0.0
14.0,0.16451625525951385,0.9457982778549194,0.0
14.0,0.160141721367836,0.9465487599372864,0.0
14.0,0.15543925762176514,0.945305585861206,0.0
14.0,0.1510670930147171,0.9460141062736511,0.0
14.0,0.14638546109199524,0.9447259902954102,0.0
14.0,0.14201606810092926,0.9453927278518677,0.0
14.0,0.13764365017414093,0.9460391998291016,0.0
14.0,0.13298949599266052,0.9446850419044495,0.0
14.0,0.1286204308271408,0.9452897906303406,0.0
14.0,0.12398815900087357,0.9438914060592651,0.0
14.0,0.11962287127971649,0.944454550743103,0.0
14.0,0.11525502800941467,0.9449975490570068,0.0
14.0,0.11065176874399185,0.9435338973999023,0.0
14.0,0.10628827661275864,0.9440353512763977,0.0
14.0,0.10170794278383255,0.942528247833252,0.0
14.0,0.09734919667243958,0.942988395690918,0.0
14.0,0.09298837184906006,0.9434283971786499,0.0
14.0,0.08862555772066116,0.9438482522964478,0.0
14.0,0.08426084369421005,0.9442479014396667,0.0
14.0,0.07972577959299088,0.9426344633102417,0.0
14.0,0.0753667801618576,0.9429929852485657,0.0
14.0,0.07115628570318222,0.9453257918357849,0.0
14.0,0.06664403527975082,0.9436495900154114,0.0
14.0,0.062280476093292236,0.9439476132392883,0.0
14.0,0.05779314786195755,0.9422292709350586,0.0
14.0,0.05343625321984291,0.9424864053726196,0.0
14.0,0.049078214913606644,0.9427233338356018,0.0
14.0,0.04471912980079651,0.9429401755332947,0.0
14.0,0.04035909101366997,0.9431368708610535,0.0
14.0,0.035998184233903885,0.9433133602142334,0.0
14.0,0.03163651004433632,0.943469762802124,0.0
14.0,0.02727416157722473,0.943605899810791,0.0
14.0,0.022862685844302177,0.9417225122451782,0.0
14.0,0.018508508801460266,0.941818118095398,0.0
14.0,0.014153935015201569,0.9418936371803284,0.0
14.0,0.009799058549106121,0.9419490098953247,0.0
14.0,0.005443972535431385,0.941984236240387,0.0
14.0,0.0010887705720961094,0.9419993162155151,0.0
14.0,-0.0032664549071341753,0.941994309425354,0.0
14.0,-0.00760542880743742,0.9399692416191101,0.0
14.0,-0.011951175518333912,0.9399240016937256,0.0
14.0,-0.016296666115522385,0.9398587346076965,0.0
14.0,-0.020641809329390526,0.9397733211517334,0.0
14.0,-0.0250396728515625,0.9416671395301819,0.0
14.0,-0.029330678284168243,0.939542293548584,0.0
14.0,-0.0336742177605629,0.9393966197967529,0.0
14.0,-0.03809792548418045,0.9412292242050171,0.0
14.0,-0.04244917258620262,0.9410430192947388,0.0
14.0,-0.04679951071739197,0.9408367276191711,0.0
14.0,-0.05114884674549103,0.9406102895736694,0.0
14.0,-0.05549709498882294,0.9403637647628784,0.0
14.0,-0.05984415113925934,0.9400971531867981,0.0
14.0,-0.06418993324041367,0.9398103952407837,0.0
14.0,-0.06853433698415756,0.9395036101341248,0.0
14.0,-0.07287728041410446,0.9391766786575317,0.0
14.0,-0.0772186666727066,0.9388297200202942,0.0
14.0,-0.08173156529664993,0.9404551982879639,0.0
14.0,-0.08607876300811768,0.9400672912597656,0.0
14.0,-0.09042412787675858,0.9396592378616333,0.0
14.0,-0.09476755559444427,0.9392311573028564,0.0
14.0,-0.09910895675420761,0.9387829303741455,0.0
14.0,-0.10366740822792053,0.9403026103973389,0.0
14.0,-0.10801366716623306,0.9398132562637329,0.0
14.0,-0.11235762387514114,0.9393038749694824,0.0
14.0,-0.11669917404651642,0.9387743473052979,0.0
14.0,-0.12129412591457367,0.940208375453949,0.0
14.0,-0.12563976645469666,0.9396375417709351,0.0
14.0,-0.12998270988464355,0.9390466213226318,0.0
14.0,-0.134606271982193,0.9404153823852539,0.0
14.0,-0.13895271718502045,0.9397830367088318,0.0
14.0,-0.14329619705677032,0.9391305446624756,0.0
14.0,-0.14763662219047546,0.9384579658508301,0.0
14.0,-0.1522938311100006,0.9397396445274353,0.0
14.0,-0.15663696825504303,0.9390255212783813,0.0
14.0,-0.1613149493932724,0.9402624368667603,0.0
14.0,-0.16566039621829987,0.9395065903663635,0.0
14.0,-0.17000232636928558,0.9387306571006775,0.0
14.0,-0.1750715970993042,0.9418672919273376,0.0
14.0,-0.17942433059215546,0.9410477876663208,0.0
14.0,-0.1837732195854187,0.9402081966400146,0.0
14.0,-0.188510924577713,0.9413095116615295,0.0
14.0,-0.1928609311580658,0.9404278993606567,0.0
14.0,-0.19720681011676788,0.9395262002944946,0.0
14.0,-0.2015484869480133,0.9386043548583984,0.0
14.0,-0.2063147872686386,0.9396160244941711,0.0
14.0,-0.2110947221517563,0.9406035542488098,0.0
14.0,-0.21544122695922852,0.9396175146102905,0.0
14.0,-0.21978312730789185,0.9386113882064819,0.0
14.0,-0.2241203337907791,0.9375852346420288,0.0
14.0,-0.22892671823501587,0.9384820461273193,0.0
14.0,-0.23326322436332703,0.9374136328697205,0.0
14.0,-0.23808665573596954,0.9382636547088623,0.0
14.0,-0.24292293190956116,0.9390891790390015,0.0
14.0,-0.24726209044456482,0.9379560351371765,0.0
14.0,-0.2521147131919861,0.9387343525886536,0.0
14.0,-0.25645214319229126,0.9375587105751038,0.0
14.0,-0.26132068037986755,0.9382896423339844,0.0
14.0,-0.2662014365196228,0.9389956593513489,0.0
14.0,-0.27053990960121155,0.9377548694610596,0.0
14.0,-0.2754358649253845,0.9384130239486694,0.0
14.0,-0.2797715663909912,0.937129557132721,0.0
14.0,-0.2846822738647461,0.9377398490905762,0.0
14.0,-0.2896045744419098,0.9383246898651123,0.0
14.0,-0.2939396798610687,0.9369757175445557,0.0
14.0,-0.298876017332077,0.937512218952179,0.0
14.0,-0.30320730805397034,0.9361203908920288,0.0
14.0,-0.30815714597702026,0.9366083145141602,0.0
14.0,-0.31248414516448975,0.9351736307144165,0.0
14.0,-0.31744706630706787,0.9356127977371216,0.0
14.0,-0.3217693567276001,0.9341351389884949,0.0
14.0,-0.32674485445022583,0.9345254302024841,0.0
14.0,-0.3323996663093567,0.936774492263794,0.0
14.0,-0.33672717213630676,0.9352276921272278,0.0
14.0,-0.3417336642742157,0.9355394840240479,0.0
14.0,-0.34605535864830017,0.9339494705200195,0.0
14.0,-0.3510732352733612,0.934211790561676,0.0
14.0,-0.35681307315826416,0.9363163709640503,0.0
14.0,-0.3611381947994232,0.9346566796302795,0.0
14.0,-0.3661850392818451,0.9348392486572266,0.0
14.0,-0.3705032467842102,0.9331362247467041,0.0
14.0,-0.37630683183670044,0.9351241588592529,0.0
14.0,-0.38213664293289185,0.9370781779289246,0.0
14.0,-0.38646501302719116,0.9353014230728149,0.0
14.0,-0.39232975244522095,0.9371944665908813,0.0
14.0,-0.3966585695743561,0.9353705644607544,0.0
14.0,-0.40176820755004883,0.9353642463684082,0.0
14.0,-0.4060884416103363,0.9334967732429504,0.0
14.0,-0.41201257705688477,0.9352697730064392,0.0
14.0,-0.41714704036712646,0.9351814985275269,0.0
14.0,-0.42146629095077515,0.9332428574562073,0.0
14.0,-0.4266080856323242,0.9331032037734985,0.0
14.0,-0.4309176206588745,0.9311208724975586,0.0
14.0,-0.4369146525859833,0.9327408671379089,0.0
14.0,-0.44293591380119324,0.9343253374099731,0.0
14.0,-0.4472509026527405,0.9322674870491028,0.0
14.0,-0.45330315828323364,0.9337881207466125,0.0
14.0,-0.45761555433273315,0.9316823482513428,0.0
14.0,-0.46369826793670654,0.9331387877464294,0.0
14.0,-0.46800753474235535,0.9309849739074707,0.0
14.0,-0.4741199016571045,0.9323767423629761,0.0
14.0,-0.4811698794364929,0.9355103373527527,0.0
14.0,-0.48548996448516846,0.9332757592201233,0.0
14.0,-0.4916619658470154,0.9345611333847046,0.0
14.0,-0.4959775507450104,0.9322779774665833,0.0
14.0,-0.5021774768829346,0.9334975481033325,0.0
14.0,-1.1073026657104492,1.9701473712921143,0.0
14.0,-1.1163995265960693,1.9650068283081055,0.0
14.0,-1.1254725456237793,1.9598243236541748,0.0
14.0,-1.1345216035842896,1.9545998573303223,0.0
14.0,-1.1475942134857178,1.9562338590621948,0.0
14.0,-1.1566263437271118,1.9509072303771973,0.0
14.0,-1.1656336784362793,1.945538878440857,0.0
14.0,-1.1808311939239502,1.9503942728042603,0.0
14.0,-1.1898359060287476,1.9449139833450317,0.0
14.0,-1.203021764755249,1.9461971521377563,0.0
14.0,-1.2183634042739868,1.9507921934127808,0.0
14.0,-1.2273696660995483,1.9451384544372559,0.0
14.0,-1.2406500577926636,1.946189045906067,0.0
14.0,-1.2496347427368164,1.9404323101043701,0.0
14.0,-1.265136480331421,1.944692611694336,0.0
14.0,-1.2807042598724365,1.9488511085510254,0.0
14.0,-1.2897008657455444,1.9429091215133667,0.0
14.0,-1.3053525686264038,1.9468926191329956,0.0
14.0,-1.3143398761749268,1.9408366680145264,0.0
14.0,-1.3300734758377075,1.9446439743041992,0.0
14.0,-1.3390501737594604,1.9384738206863403,0.0
14.0,-1.3548640012741089,1.9421039819717407,0.0
14.0,-1.3707399368286133,1.9456291198730469,0.0
14.0,-1.379720687866211,1.9392708539962769,0.0
14.0,-1.3956735134124756,1.942616581916809,0.0
14.0,-1.4046399593353271,1.936143159866333,0.0
14.0,-1.420668125152588,1.939308762550354,0.0
14.0,-1.4367551803588867,1.9423670768737793,0.0
14.0,-1.4457200765609741,1.9357037544250488,0.0
14.0,-1.4618792533874512,1.9385801553726196,0.0
14.0,-1.4708263874053955,1.9318006038665771,0.0
14.0,-1.4894933700561523,1.9376649856567383,0.0
14.0,-1.5057933330535889,1.9402378797531128,0.0
14.0,-1.5147476196289062,1.9332553148269653,0.0
14.0,-1.5236696004867554,1.9262313842773438,0.0
14.0,-1.5325590372085571,1.9191663265228271,0.0
14.0,-1.5288634300231934,1.8964897394180298,0.0
14.0,-1.5376152992248535,1.8894009590148926,0.0
14.0,-1.5310993194580078,1.86372709274292,0.0
14.0,-1.521825909614563,1.8350754976272583,0.0
14.0,-1.5302939414978027,1.8280199766159058,0.0
14.0,-1.5232385396957397,1.80259370803833,0.0
14.0,-1.531556248664856,1.7955318689346313,0.0
14.0,-1.5241819620132446,1.7702443599700928,0.0
14.0,-1.5166069269180298,1.7450637817382812,0.0
14.0,-1.5246587991714478,1.7380332946777344,0.0
14.0,-1.516767978668213,1.7129971981048584,0.0
14.0,-1.5246715545654297,1.7059663534164429,0.0
14.0,-1.5191460847854614,1.6840482950210571,0.0
14.0,-1.5107580423355103,1.659260630607605,0.0
14.0,-1.5184133052825928,1.6522581577301025,0.0
14.0,-1.5124350786209106,1.6305570602416992,0.0
14.0,-1.5199575424194336,1.623547077178955,0.0
14.0,-1.5137115716934204,1.6019654273986816,0.0
14.0,-1.5072987079620361,1.5804766416549683,0.0
14.0,-1.514589786529541,1.5734909772872925,0.0
14.0,-1.505124807357788,1.549257755279541,0.0
14.0,-1.512271523475647,1.5422824621200562,0.0
14.0,-1.5053175687789917,1.5210586786270142,0.0
14.0,-1.4981998205184937,1.4999322891235352,0.0
14.0,-1.505118489265442,1.4929895401000977,0.0
14.0,-1.500593900680542,1.4747997522354126,0.0
14.0,-1.5073963403701782,1.4678462743759155,0.0
14.0,-1.4997735023498535,1.446974754333496,0.0
14.0,-1.5064473152160645,1.4400253295898438,0.0
14.0,-1.5014722347259521,1.422042727470398,0.0
14.0,-1.497821569442749,1.405505657196045,0.0
14.0,-1.5043036937713623,1.398565649986267,0.0
14.0,-1.4989855289459229,1.3807557821273804,0.0
14.0,-1.493535041809082,1.3630250692367554,0.0
14.0,-1.4998208284378052,1.3561054468154907,0.0
14.0,-1.494157075881958,1.338480830192566,0.0
14.0,-1.5003293752670288,1.3315584659576416,0.0
14.0,-1.4944539070129395,1.3140424489974976,0.0
14.0,-1.5005131959915161,1.3071190118789673,0.0
14.0,-1.4944275617599487,1.289713978767395,0.0
14.0,-1.4912536144256592,1.274992823600769,0.0
14.0,-1.497132420539856,1.2680845260620117,0.0
14.0,-1.4937868118286133,1.253435730934143,0.0
14.0,-1.4995659589767456,1.2465159893035889,0.0
14.0,-1.4929616451263428,1.2293988466262817,0.0
14.0,-1.487781286239624,1.2136337757110596,0.0
14.0,-1.49337637424469,1.2067421674728394,0.0
14.0,-1.4911327362060547,1.1935757398605347,0.0
14.0,-1.49663507938385,1.1866689920425415,0.0
14.0,-1.4926682710647583,1.172324776649475,0.0
14.0,-1.4854437112808228,1.155586838722229,0.0
14.0,-1.4907705783843994,1.1487066745758057,0.0
14.0,-1.486526370048523,1.134521722793579,0.0
14.0,-1.491755723953247,1.1276367902755737,0.0
14.0,-1.485746145248413,1.1123372316360474,0.0
14.0,-1.479627251625061,1.0971176624298096,0.0
14.0,-1.484683871269226,1.090265154838562,0.0
14.0,-1.483238697052002,1.0786839723587036,0.0
14.0,-1.4882099628448486,1.071814775466919,0.0
14.0,-1.4833797216415405,1.057955026626587,0.0
14.0,-1.4784531593322754,1.0441627502441406,0.0
14.0,-1.4832649230957031,1.0373162031173706,0.0
14.0,-1.4814680814743042,1.025892972946167,0.0
14.0,-1.4861953258514404,1.0190327167510986,0.0
14.0,-1.4809625148773193,1.0054103136062622,0.0
14.0,-1.4756357669830322,0.9918583035469055,0.0
14.0,-1.480205774307251,0.9850252866744995,0.0
14.0,-1.476393461227417,0.9726697206497192,0.0
14.0,-1.4808746576309204,0.9658334255218506,0.0
14.0,-1.4769231081008911,0.9535523653030396,0.0
14.0,-1.4813159704208374,0.9467138051986694,0.0
14.0,-1.4772262573242188,0.9345088601112366,0.0
14.0,-1.471360206604004,0.9213006496429443,0.0
14.0,-1.4756040573120117,0.9144881367683411,0.0
14.0,-1.4729969501495361,0.903473436832428,0.0
14.0,-1.4686099290847778,0.8914645910263062,0.0
14.0,-1.4727157354354858,0.8846651315689087,0.0
14.0,-1.469913363456726,0.8737589716911316,0.0
14.0,-1.4739373922348022,0.8669536709785461,0.0
14.0,-1.4710155725479126,0.8561058640480042,0.0
14.0,-1.4749579429626465,0.8492956757545471,0.0
14.0,-1.4719176292419434,0.8385074138641357,0.0
14.0,-1.4688091278076172,0.8277654647827148,0.0
14.0,-1.4726204872131348,0.8209657669067383,0.0
14.0,-1.4693949222564697,0.8102854490280151,0.0
14.0,-1.4731254577636719,0.8034831881523132,0.0
14.0,-1.468023419380188,0.7919161319732666,0.0
14.0,-1.4646106958389282,0.7813548445701599,0.0
14.0,-1.4682074785232544,0.7745750546455383,0.0
14.0,-1.4646800756454468,0.7640785574913025,0.0
14.0,-1.4681971073150635,0.7572986483573914,0.0
14.0,-1.4645559787750244,0.7468681931495667,0.0
14.0,-1.4608497619628906,0.736487627029419,0.0
14.0,-1.464239239692688,0.7297256588935852,0.0
14.0,-1.460420846939087,0.7194129824638367,0.0
14.0,-1.4637314081192017,0.7126532196998596,0.0
14.0,-1.4616038799285889,0.7032766938209534,0.0
14.0,-1.459421157836914,0.6939351558685303,0.0
14.0,-1.4626139402389526,0.6871802806854248,0.0
14.0,-1.4585189819335938,0.6770423650741577,0.0
14.0,-1.4616336822509766,0.6702918410301208,0.0
14.0,-1.4592516422271729,0.6610511541366577,0.0
14.0,-1.4568156003952026,0.6518468260765076,0.0
14.0,-1.4598137140274048,0.6451044678688049,0.0
14.0,-1.4572815895080566,0.6359485387802124,0.0
14.0,-1.4602062702178955,0.6292042136192322,0.0
14.0,-1.4557381868362427,0.6193145513534546,0.0
14.0,-1.4585858583450317,0.6125775575637817,0.0
14.0,-1.4558597803115845,0.603529691696167,0.0
14.0,-1.453081488609314,0.5945202112197876,0.0
14.0,-1.4558147192001343,0.5877957344055176,0.0
14.0,-1.4548007249832153,0.5795782804489136,0.0
14.0,-1.4574646949768066,0.572845995426178,0.0
14.0,-1.4545032978057861,0.563932478427887,0.0
14.0,-1.451490879058838,0.5550586581230164,0.0
14.0,-1.4540417194366455,0.5483419299125671,0.0
14.0,-1.4528120756149292,0.5402193665504456,0.0
14.0,-1.455294132232666,0.5334967374801636,0.0
14.0,-1.4521023035049438,0.5247235894203186,0.0
14.0,-1.4488605260849,0.5159913897514343,0.0
14.0,-1.4512306451797485,0.5092872381210327,0.0
14.0,-1.4497894048690796,0.5012651681900024,0.0
14.0,-1.4520914554595947,0.49455690383911133,0.0
14.0,-1.448673963546753,0.485929936170578,0.0
14.0,-1.4452077150344849,0.47734519839286804,0.0
14.0,-1.4473992586135864,0.4706583619117737,0.0
14.0,-1.443845510482788,0.46213245391845703,0.0
14.0,-1.4459666013717651,0.4554520845413208,0.0
14.0,-1.444236159324646,0.44757789373397827,0.0
14.0,-1.4462900161743164,0.44089585542678833,0.0
14.0,-1.4463971853256226,0.4336300790309906,0.0
14.0,-1.4445499181747437,0.42580726742744446,0.0
14.0,-1.4465030431747437,0.4191240072250366,0.0
14.0,-1.4445782899856567,0.41133636236190796,0.0
14.0,-1.4464645385742188,0.4046531319618225,0.0
14.0,-1.4425344467163086,0.3963715732097626,0.0
14.0,-1.440489649772644,0.38865596055984497,0.0
14.0,-1.4422712326049805,0.3819918930530548,0.0
14.0,-1.4420862197875977,0.37481653690338135,0.0
14.0,-1.4438036680221558,0.368145227432251,0.0
14.0,-1.4416097402572632,0.3604956567287445,0.0
14.0,-1.4393761157989502,0.3528743088245392,0.0
14.0,-1.4409922361373901,0.34621575474739075,0.0
14.0,-1.4406307935714722,0.33909159898757935,0.0
14.0,-1.4421831369400024,0.33242738246917725,0.0
14.0,-1.439802646636963,0.3248756527900696,0.0
14.0,-1.4412893056869507,0.31821542978286743,0.0
14.0,-1.4388352632522583,0.3107041120529175,0.0
14.0,-1.436342716217041,0.30322232842445374,0.0
14.0,-1.4377292394638062,0.2965783476829529,0.0
14.0,-1.4371243715286255,0.28953298926353455,0.0
14.0,-1.4384477138519287,0.2828855514526367,0.0
14.0,-1.4358118772506714,0.275478333234787,0.0
14.0,-1.435104250907898,0.26846933364868164,0.0
14.0,-1.4363301992416382,0.26183146238327026,0.0
14.0,-1.4355560541152954,0.25483837723731995,0.0
14.0,-1.4367189407348633,0.24819853901863098,0.0
14.0,-1.4358787536621094,0.2412220537662506,0.0
14.0,-1.4330309629440308,0.23393642902374268,0.0
14.0,-1.4340972900390625,0.2273084968328476,0.0
14.0,-1.4311792850494385,0.22006776928901672,0.0
14.0,-1.4321813583374023,0.21344853937625885,0.0
14.0,-1.4311734437942505,0.2065390944480896,0.0
14.0,-1.4321130514144897,0.19992002844810486,0.0
14.0,-1.433022141456604,0.19329670071601868,0.0
14.0,-1.429934024810791,0.1861528754234314,0.0
14.0,-1.4307793378829956,0.1795397698879242,0.0
14.0,-1.4296085834503174,0.172682985663414,0.0
14.0,-1.4284049272537231,0.16584086418151855,0.0
14.0,-1.4291564226150513,0.15923504531383514,0.0
14.0,-1.4278886318206787,0.15241354703903198,0.0
14.0,-1.4285781383514404,0.14581026136875153,0.0
14.0,-1.4272464513778687,0.1390099823474884,0.0
14.0,-1.4278738498687744,0.13240979611873627,0.0
14.0,-1.4264785051345825,0.12563133239746094,0.0
14.0,-1.4270440340042114,0.11903484910726547,0.0
14.0,-1.4275791645050049,0.11243581771850586,0.0
14.0,-1.4260891675949097,0.10568656772375107,0.0
14.0,-1.4265625476837158,0.09909209609031677,0.0
14.0,-1.427005410194397,0.09249550849199295,0.0
14.0,-1.4254214763641357,0.08577680587768555,0.0
14.0,-1.4258028268814087,0.07918563485145569,0.0
14.0,-1.4261536598205566,0.07259277254343033,0.0
14.0,-1.4264739751815796,0.06599835306406021,0.0
14.0,-1.424765706062317,0.05931933596730232,0.0
14.0,-1.4250247478485107,0.0527314767241478,0.0
14.0,-1.4252532720565796,0.046142496168613434,0.0
14.0,-1.4234521389007568,0.039497051388025284,0.0
14.0,-1.4236195087432861,0.03291548043489456,0.0
14.0,-1.42375648021698,0.02633320540189743,0.0
14.0,-1.4238630533218384,0.01975036785006523,0.0
14.0,-1.4239391088485718,0.013167107477784157,0.0
14.0,-1.4219849109649658,0.006574319209903479,0.0
14.0,-1.4220000505447388,-1.1636915075996512e-07,0.0
15.0,-1.4199999570846558,1.2414034245011862e-07,0.0
15.0,-1.4199848175048828,-0.006565064657479525,0.0
15.0,-1.4199392795562744,-0.013130112551152706,0.0
15.0,-1.4198633432388306,-0.01969487965106964,0.0
15.0,-1.4197571277618408,-0.026259226724505424,0.0
15.0,-1.4216201305389404,-0.03286924585700035,0.0
15.0,-1.4214529991149902,-0.03944157063961029,0.0
15.0,-1.423254370689392,-0.04607777297496796,0.0
15.0,-1.4230260848999023,-0.052657514810562134,0.0
15.0,-1.4227674007415771,-0.059236131608486176,0.0
15.0,-1.4184825420379639,-0.06562861055135727,0.0
15.0,-1.4181640148162842,-0.07218608260154724,0.0
15.0,-1.4198120832443237,-0.07885292172431946,0.0
15.0,-1.4194324016571045,-0.08541639894247055,0.0
15.0,-1.4190223217010498,-0.0919780507683754,0.0
15.0,-1.4185818433761597,-0.09853773564100266,0.0
15.0,-1.4181110858917236,-0.10509531199932098,0.0
15.0,-1.4176100492477417,-0.11165064573287964,0.0
15.0,-1.4170787334442139,-0.11820358783006668,0.0
15.0,-1.4185093641281128,-0.12492947280406952,0.0
15.0,-1.4179165363311768,-0.1314864307641983,0.0
15.0,-1.4172935485839844,-0.13804058730602264,0.0
15.0,-1.4166401624679565,-0.1445917785167694,0.0
15.0,-1.4159564971923828,-0.15113988518714905,0.0
15.0,-1.417230248451233,-0.15790623426437378,0.0
15.0,-1.416485071182251,-0.16445693373680115,0.0
15.0,-1.417695164680481,-0.17124395072460175,0.0
15.0,-1.4168882369995117,-0.1777966469526291,0.0
15.0,-1.4160510301589966,-0.184345543384552,0.0
15.0,-1.415183663368225,-0.19089050590991974,0.0
15.0,-1.4142858982086182,-0.19743138551712036,0.0
15.0,-1.4133580923080444,-0.20396804809570312,0.0
15.0,-1.414378046989441,-0.21079516410827637,0.0
15.0,-1.415365219116211,-0.2176360934972763,0.0
15.0,-1.4143438339233398,-0.2241775244474411,0.0
15.0,-1.4132922887802124,-0.23071415722370148,0.0
15.0,-1.412210464477539,-0.23724587261676788,0.0
15.0,-1.4130693674087524,-0.24411296844482422,0.0
15.0,-1.413894772529602,-0.2509930729866028,0.0
15.0,-1.4127192497253418,-0.25752735137939453,0.0
15.0,-1.4134793281555176,-0.2644239068031311,0.0
15.0,-1.4122416973114014,-0.2709560990333557,0.0
15.0,-1.4129364490509033,-0.27786847949028015,0.0
15.0,-1.4116365909576416,-0.28439804911613464,0.0
15.0,-1.410306692123413,-0.29092150926589966,0.0
15.0,-1.4128602743148804,-0.2982649803161621,0.0
15.0,-1.411466121673584,-0.30479398369789124,0.0
15.0,-1.4100419282913208,-0.31131646037101746,0.0
15.0,-1.4085874557495117,-0.3178322911262512,0.0
15.0,-1.409051775932312,-0.3247905373573303,0.0
15.0,-1.4114288091659546,-0.33221811056137085,0.0
15.0,-1.4098777770996094,-0.33874011039733887,0.0
15.0,-1.4102389812469482,-0.34573110938072205,0.0
15.0,-1.4086254835128784,-0.3522474765777588,0.0
15.0,-1.4089198112487793,-0.3592504560947418,0.0
15.0,-1.4072438478469849,-0.36576056480407715,0.0
15.0,-1.4074710607528687,-0.3727749288082123,0.0
15.0,-1.4095945358276367,-0.3803201913833618,0.0
15.0,-1.4078210592269897,-0.38683319091796875,0.0
15.0,-1.407943606376648,-0.3938767611980438,0.0
15.0,-1.4061075448989868,-0.40038201212882996,0.0
15.0,-1.4061622619628906,-0.40743526816368103,0.0
15.0,-1.4081003665924072,-0.41506311297416687,0.0
15.0,-1.4061663150787354,-0.4215688407421112,0.0
15.0,-1.4080283641815186,-0.4292319416999817,0.0
15.0,-1.4060288667678833,-0.4357371926307678,0.0
15.0,-1.4059067964553833,-0.4428339898586273,0.0
15.0,-1.4038443565368652,-0.44932928681373596,0.0
15.0,-1.4055559635162354,-0.45705196261405945,0.0
15.0,-1.4053269624710083,-0.46417272090911865,0.0
15.0,-1.4031658172607422,-0.4706651270389557,0.0
15.0,-1.4047611951828003,-0.47843700647354126,0.0
15.0,-1.4025341272354126,-0.48492664098739624,0.0
15.0,-1.4040515422821045,-0.4927304685115814,0.0
15.0,-1.4036425352096558,-0.499887615442276,0.0
15.0,-1.4013164043426514,-0.5063718557357788,0.0
15.0,-1.402715802192688,-0.5142219662666321,0.0
15.0,-1.4003233909606934,-0.5207017660140991,0.0
15.0,-1.4016437530517578,-0.5285818576812744,0.0
15.0,-1.4029210805892944,-0.5364852547645569,0.0
15.0,-1.400425672531128,-0.5429657697677612,0.0
15.0,-1.401623249053955,-0.5508978962898254,0.0
15.0,-1.3990612030029297,-0.5573722124099731,0.0
15.0,-1.4001784324645996,-0.5653321743011475,0.0
15.0,-1.3975496292114258,-0.5717996954917908,0.0
15.0,-1.4004337787628174,-0.5805526971817017,0.0
15.0,-1.4014226198196411,-0.5885700583457947,0.0
15.0,-1.398686408996582,-0.5950430631637573,0.0
15.0,-1.3995939493179321,-0.6030862927436829,0.0
15.0,-1.396790623664856,-0.6095506548881531,0.0
15.0,-1.3976161479949951,-0.6176188588142395,0.0
15.0,-1.4002225399017334,-0.6265245079994202,0.0
15.0,-1.3973109722137451,-0.6329915523529053,0.0
15.0,-1.3998231887817383,-0.6419461369514465,0.0
15.0,-1.3968403339385986,-0.6484111547470093,0.0
15.0,-1.397447943687439,-0.6565633416175842,0.0
15.0,-1.394397497177124,-0.663017213344574,0.0
15.0,-1.396723747253418,-0.6720584630966187,0.0
15.0,-1.3989962339401245,-0.681135356426239,0.0
15.0,-1.3958321809768677,-0.6875961422920227,0.0
15.0,-1.3980083465576172,-0.6967185139656067,0.0
15.0,-1.3947722911834717,-0.7031745910644531,0.0
15.0,-1.3950695991516113,-0.7114328145980835,0.0
15.0,-1.3970979452133179,-0.720625638961792,0.0
15.0,-1.3937513828277588,-0.7270772457122803,0.0
15.0,-1.395681619644165,-0.7363129258155823,0.0
15.0,-1.3922624588012695,-0.7427577972412109,0.0
15.0,-1.3958543539047241,-0.7529850006103516,0.0
15.0,-1.3923581838607788,-0.759430468082428,0.0
15.0,-1.394086241722107,-0.7687571048736572,0.0
15.0,-1.395757794380188,-0.7781158685684204,0.0
15.0,-1.3921453952789307,-0.7845606803894043,0.0
15.0,-1.3937164545059204,-0.7939585447311401,0.0
15.0,-1.390030860900879,-0.8003937602043152,0.0
15.0,-1.3915011882781982,-0.809829831123352,0.0
15.0,-1.3946378231048584,-0.8203105330467224,0.0
15.0,-1.3908302783966064,-0.8267497420310974,0.0
15.0,-1.3938509225845337,-0.8372907042503357,0.0
15.0,-1.3899649381637573,-0.8437260985374451,0.0
15.0,-1.39116370677948,-0.8532804250717163,0.0
15.0,-1.3872038125991821,-0.8597031235694885,0.0
15.0,-1.3916897773742676,-0.8714145421981812,0.0
15.0,-1.392716646194458,-0.881047248840332,0.0
15.0,-1.388628363609314,-0.8874768614768982,0.0
15.0,-1.3895511627197266,-0.8971419930458069,0.0
15.0,-1.3853884935379028,-0.9035568237304688,0.0
15.0,-1.3895467519760132,-0.9154538512229919,0.0
15.0,-1.3852994441986084,-0.9218685030937195,0.0
15.0,-1.3876620531082153,-0.9327262043952942,0.0
15.0,-1.38995361328125,-0.943625271320343,0.0
15.0,-1.3855760097503662,-0.9500414729118347,0.0
15.0,-1.389390230178833,-0.9621304869651794,0.0
15.0,-1.3849270343780518,-0.9685438871383667,0.0
15.0,-1.3886024951934814,-0.9807054400444031,0.0
15.0,-1.3889384269714355,-0.9905988574028015,0.0
15.0,-1.3843436241149902,-0.9970098733901978,0.0
15.0,-1.3861892223358154,-1.0081048011779785,0.0
15.0,-1.3815135955810547,-1.0145028829574585,0.0
15.0,-1.3880542516708374,-1.0292179584503174,0.0
15.0,-1.380078911781311,-1.0332270860671997,0.0
15.0,-1.3752871751785278,-1.039596676826477,0.0
15.0,-1.354567289352417,-1.0338101387023926,0.0
15.0,-1.3497731685638428,-1.0400617122650146,0.0
15.0,-1.3339000940322876,-1.0376948118209839,0.0
15.0,-1.3290882110595703,-1.0438508987426758,0.0
15.0,-1.3117105960845947,-1.0400439500808716,0.0
15.0,-1.2912741899490356,-1.0335991382598877,0.0
15.0,-1.2864816188812256,-1.0395581722259521,0.0
15.0,-1.2677136659622192,-1.0341171026229858,0.0
15.0,-1.2505676746368408,-1.0297963619232178,0.0
15.0,-1.2457932233810425,-1.0355671644210815,0.0
15.0,-1.228735327720642,-1.0310312509536743,0.0
15.0,-1.2239553928375244,-1.0367010831832886,0.0
15.0,-1.2085083723068237,-1.0332510471343994,0.0
15.0,-1.2037183046340942,-1.0388274192810059,0.0
15.0,-1.1883461475372314,-1.035185694694519,0.0
15.0,-1.1730337142944336,-1.0314242839813232,0.0
15.0,-1.1682524681091309,-1.0368366241455078,0.0
15.0,-1.1515288352966309,-1.0315510034561157,0.0
15.0,-1.1467472314834595,-1.036863923072815,0.0
15.0,-1.1316001415252686,-1.032717227935791,0.0
15.0,-1.1179871559143066,-1.0298080444335938,0.0
15.0,-1.113214135169983,-1.0349658727645874,0.0
15.0,-1.0996664762496948,-1.0318902730941772,0.0
15.0,-1.094883918762207,-1.0369634628295898,0.0
15.0,-1.0799578428268433,-1.0323405265808105,0.0
15.0,-1.0665374994277954,-1.028990626335144,0.0
15.0,-1.061768651008606,-1.0339106321334839,0.0
15.0,-1.0484187602996826,-1.0303971767425537,0.0
15.0,-1.043643593788147,-1.0352333784103394,0.0
15.0,-1.0303657054901123,-1.0315572023391724,0.0
15.0,-1.018551230430603,-1.0292022228240967,0.0
15.0,-1.013782024383545,-1.0339003801345825,0.0
15.0,-1.0020228624343872,-1.03140389919281,0.0
15.0,-0.9972435832023621,-1.0360256433486938,0.0
15.0,-0.9841611981391907,-1.031941294670105,0.0
15.0,-0.9725115895271301,-1.0292119979858398,0.0
15.0,-0.9677428007125854,-1.033697247505188,0.0
15.0,-0.9561527371406555,-1.030828833580017,0.0
15.0,-0.9513766169548035,-1.0352383852005005,0.0
15.0,-0.938501238822937,-1.0307528972625732,0.0
15.0,-0.9270274639129639,-1.0276556015014648,0.0
15.0,-0.9222663044929504,-1.0319305658340454,0.0
15.0,-0.9108561873435974,-1.0286966562271118,0.0
15.0,-0.9060904383659363,-1.032896876335144,0.0
15.0,-0.8947455883026123,-1.029527187347412,0.0
15.0,-0.884756326675415,-1.0275903940200806,0.0
15.0,-0.8799959421157837,-1.0316699743270874,0.0
15.0,-0.870053231716156,-1.029617190361023,0.0
15.0,-0.8652836680412292,-1.0336287021636963,0.0
15.0,-0.8541120886802673,-1.0299206972122192,0.0
15.0,-0.844262957572937,-1.027677059173584,0.0
15.0,-0.8395025730133057,-1.031569480895996,0.0
15.0,-0.8284481763839722,-1.0276545286178589,0.0
15.0,-0.8236880898475647,-1.0314737558364868,0.0
15.0,-0.813947319984436,-1.0289965867996216,0.0
15.0,-0.8042471408843994,-1.0264514684677124,0.0
15.0,-0.7994928359985352,-1.0301588773727417,0.0
15.0,-0.789845883846283,-1.0275015830993652,0.0
15.0,-0.7850869297981262,-1.0311423540115356,0.0
15.0,-0.7754944562911987,-1.0283735990524292,0.0
15.0,-0.7671412229537964,-1.0271408557891846,0.0
15.0,-0.7623841762542725,-1.0306766033172607,0.0
15.0,-0.7528831958770752,-1.0277369022369385,0.0
15.0,-0.7481235265731812,-1.031206727027893,0.0
15.0,-0.7386800646781921,-1.0281574726104736,0.0
15.0,-0.7304403185844421,-1.0266727209091187,0.0
15.0,-0.7256858348846436,-1.030038833618164,0.0
15.0,-0.716338574886322,-1.0268218517303467,0.0
15.0,-0.7115834951400757,-1.0301227569580078,0.0
15.0,-0.7022968530654907,-1.0267983675003052,0.0
15.0,-0.697542130947113,-1.0300344228744507,0.0
15.0,-0.6894311308860779,-1.0282649993896484,0.0
15.0,-0.6813514232635498,-1.026442527770996,0.0
15.0,-0.6765984892845154,-1.0295816659927368,0.0
15.0,-0.6674685478210449,-1.0259929895401,0.0
15.0,-0.6594693064689636,-1.0240236520767212,0.0
15.0,-0.6547278165817261,-1.0270615816116333,0.0
15.0,-0.6467704772949219,-1.025003433227539,0.0
15.0,-0.642024576663971,-1.0279827117919922,0.0
15.0,-0.6341102123260498,-1.0258363485336304,0.0
15.0,-0.6293606162071228,-1.028757095336914,0.0
15.0,-0.6225259304046631,-1.0282341241836548,0.0
15.0,-0.6146816611289978,-1.0259543657302856,0.0
15.0,-0.6099317073822021,-1.0287853479385376,0.0
15.0,-0.6021327972412109,-1.0264191627502441,0.0
15.0,-0.5973808765411377,-1.0291920900344849,0.0
15.0,-0.5896281599998474,-1.0267398357391357,0.0
15.0,-0.5819109082221985,-1.024238109588623,0.0
15.0,-0.5771692395210266,-1.0269174575805664,0.0
15.0,-0.5704716444015503,-1.0260790586471558,0.0
15.0,-0.5657215714454651,-1.0287055969238281,0.0
15.0,-0.5590481162071228,-1.0277962684631348,0.0
15.0,-0.5514478087425232,-1.0250860452651978,0.0
15.0,-0.5467025637626648,-1.0276246070861816,0.0
15.0,-0.5391520857810974,-1.0248311758041382,0.0
15.0,-0.5344080924987793,-1.027312994003296,0.0
15.0,-0.5278232097625732,-1.0262157917022705,0.0
15.0,-0.5212599039077759,-1.0250794887542725,0.0
15.0,-0.5165150165557861,-1.027478575706482,0.0
15.0,-0.5090890526771545,-1.0244824886322021,0.0
15.0,-0.5043470859527588,-1.0268253087997437,0.0
15.0,-0.49872082471847534,-1.0273468494415283,0.0
15.0,-0.49137043952941895,-1.024232029914856,0.0
15.0,-0.48662978410720825,-1.0264928340911865,0.0
15.0,-0.4793335795402527,-1.0232982635498047,0.0
15.0,-0.47459736466407776,-1.025503396987915,0.0
15.0,-0.4681878387928009,-1.024048924446106,0.0
15.0,-0.4618018865585327,-1.022557020187378,0.0
15.0,-0.4570693075656891,-1.0246812105178833,0.0
15.0,-0.4507143795490265,-1.023123025894165,0.0
15.0,-0.4459792673587799,-1.025195837020874,0.0
15.0,-0.43965595960617065,-1.023571491241455,0.0
15.0,-0.433357298374176,-1.0219106674194336,0.0
15.0,-0.42862799763679504,-1.0239033699035645,0.0
15.0,-0.42236196994781494,-1.0221772193908691,0.0
15.0,-0.4176315367221832,-1.0241190195083618,0.0
15.0,-0.41139891743659973,-1.0223281383514404,0.0
15.0,-0.40666791796684265,-1.024219274520874,0.0
15.0,-0.4011988043785095,-1.0242263078689575,0.0
15.0,-0.39790078997612,-1.029801368713379,0.0
15.0,-0.3931353688240051,-1.031630039215088,0.0
15.0,-0.3876579999923706,-1.031564474105835,0.0
15.0,-0.38288456201553345,-1.0333456993103027,0.0
15.0,-0.37604427337646484,-1.0294691324234009,0.0
15.0,-0.37060314416885376,-1.0293149948120117,0.0
15.0,-0.36584025621414185,-1.0310174226760864,0.0
15.0,-0.3604094982147217,-1.0308098793029785,0.0
15.0,-0.35563981533050537,-1.0324652194976807,0.0
15.0,-0.3495773673057556,-1.0303105115890503,0.0
15.0,-0.3435423970222473,-1.028121829032898,0.0
15.0,-0.3387853503227234,-1.0296992063522339,0.0
15.0,-0.3334047794342041,-1.029351830482483,0.0
15.0,-0.3286421298980713,-1.0308823585510254,0.0
15.0,-0.32327380776405334,-1.030482530593872,0.0
15.0,-0.31850606203079224,-1.0319660902023315,0.0
15.0,-0.3131504952907562,-1.0315138101577759,0.0
15.0,-0.3072338104248047,-1.0291178226470947,0.0
15.0,-0.3024725317955017,-1.0305272340774536,0.0
15.0,-0.2971504032611847,-1.0299930572509766,0.0
15.0,-0.29238519072532654,-1.031355857849121,0.0
15.0,-0.28654053807258606,-1.0288432836532593,0.0
15.0,-0.28125306963920593,-1.0282279253005981,0.0
15.0,-0.27649617195129395,-1.0295172929763794,0.0
15.0,-0.270713746547699,-1.0269168615341187,0.0
15.0,-0.26546216011047363,-1.0262210369110107,0.0
15.0,-0.26071470975875854,-1.027437448501587,0.0
15.0,-0.25596168637275696,-1.0286318063735962,0.0
15.0,-0.2512032091617584,-1.0298042297363281,0.0
15.0,-0.24597439169883728,-1.029009461402893,0.0
15.0,-0.24121426045894623,-1.0301357507705688,0.0
15.0,-0.23555505275726318,-1.0273411273956299,0.0
15.0,-0.23036479949951172,-1.0264678001403809,0.0
15.0,-0.22561660408973694,-1.0275218486785889,0.0
15.0,-0.22044365108013153,-1.0265984535217285,0.0
15.0,-0.21569494903087616,-1.027606725692749,0.0
15.0,-0.21053984761238098,-1.0266337394714355,0.0
15.0,-0.20539836585521698,-1.0256351232528687,0.0
15.0,-0.2006542831659317,-1.026573896408081,0.0
15.0,-0.1959058940410614,-1.0274906158447266,0.0
15.0,-0.19115333259105682,-1.0283854007720947,0.0
15.0,-0.18604028224945068,-1.0272901058197021,0.0
15.0,-0.18128874897956848,-1.028139352798462,0.0
15.0,-0.17585696280002594,-1.0250240564346313,0.0
15.0,-0.17078694701194763,-1.0238534212112427,0.0
15.0,-0.1660514622926712,-1.0246320962905884,0.0
15.0,-0.16131243109703064,-1.0253888368606567,0.0
15.0,-0.1565699577331543,-1.0261236429214478,0.0
15.0,-0.15153160691261292,-1.0248581171035767,0.0
15.0,-0.14650830626487732,-1.0235679149627686,0.0
15.0,-0.14177440106868744,-1.024234414100647,0.0
15.0,-0.13677239418029785,-1.0228965282440186,0.0
15.0,-0.13204170763492584,-1.0235178470611572,0.0
15.0,-0.12706147134304047,-1.0221327543258667,0.0
15.0,-0.12233441323041916,-1.0227092504501343,0.0
15.0,-0.11760473996400833,-1.023263931274414,0.0
15.0,-0.11265338212251663,-1.0218087434768677,0.0
15.0,-0.10792797803878784,-1.022318720817566,0.0
15.0,-0.103200264275074,-1.0228067636489868,0.0
15.0,-0.09827876836061478,-1.0212821960449219,0.0
15.0,-0.09355594962835312,-1.0217256546020508,0.0
15.0,-0.08900429308414459,-1.0241397619247437,0.0
15.0,-0.08426836133003235,-1.0245403051376343,0.0
15.0,-0.07953062653541565,-1.0249189138412476,0.0
15.0,-0.07479120045900345,-1.025275707244873,0.0
15.0,-0.06991388648748398,-1.0236152410507202,0.0
15.0,-0.06518058478832245,-1.0239274501800537,0.0
15.0,-0.060445886105298996,-1.024217963218689,0.0
15.0,-0.055709902197122574,-1.0244864225387573,0.0
15.0,-0.050972722470760345,-1.024733066558838,0.0
15.0,-0.046144332736730576,-1.02295982837677,0.0
15.0,-0.04141431301832199,-1.0231622457504272,0.0
15.0,-0.03668341040611267,-1.0233427286148071,0.0
15.0,-0.031951725482940674,-1.0235013961791992,0.0
15.0,-0.02721935510635376,-1.0236382484436035,0.0
15.0,-0.02244248241186142,-1.0217535495758057,0.0
15.0,-0.017718294635415077,-1.0218462944030762,0.0
15.0,-0.012993729673326015,-1.0219173431396484,0.0
15.0,-0.008268886245787144,-1.0219664573669434,0.0
15.0,-0.0035438663326203823,-1.0219937562942505,0.0
15.0,0.0011812294833362103,-1.0219992399215698,0.0
15.0,0.005906300153583288,-1.0219829082489014,0.0
15.0,0.010631244629621506,-1.0219446420669556,0.0
15.0,0.015386013314127922,-1.0238844156265259,0.0
15.0,0.020119648426771164,-1.023802399635315,0.0
15.0,0.024852853268384933,-1.0236984491348267,0.0
15.0,0.029585527256131172,-1.023572564125061,0.0
15.0,0.03425053879618645,-1.0214258432388306,0.0
15.0,0.038972605019807816,-1.0212565660476685,0.0
15.0,0.04369383677840233,-1.0210654735565186,0.0
15.0,0.048414137214422226,-1.0208525657653809,0.0
15.0,0.05313339829444885,-1.0206178426742554,0.0
15.0,0.05785152688622475,-1.020361304283142,0.0
15.0,0.062690868973732,-1.0220792293548584,0.0
15.0,0.06741565465927124,-1.0217784643173218,0.0
15.0,0.07213899493217468,-1.0214558839797974,0.0
15.0,0.07686079293489456,-1.0211113691329956,0.0
15.0,0.08158095180988312,-1.0207451581954956,0.0
15.0,0.0862993597984314,-1.0203570127487183,0.0
15.0,0.09101593494415283,-1.0199471712112427,0.0
15.0,0.09573055803775787,-1.0195153951644897,0.0
15.0,0.10044313222169876,-1.0190619230270386,0.0
15.0,0.10515356063842773,-1.0185866355895996,0.0
15.0,0.10986173897981644,-1.0180896520614624,0.0
15.0,0.1145675778388977,-1.0175708532333374,0.0
15.0,0.11927095800638199,-1.0170302391052246,0.0
15.0,0.12397179752588272,-1.0164679288864136,0.0
15.0,0.1289212852716446,-1.0178680419921875,0.0
15.0,0.13362589478492737,-1.0172611474990845,0.0
15.0,0.13832764327526093,-1.0166324377059937,0.0
15.0,0.1430264264345169,-1.0159820318222046,0.0
15.0,0.14801011979579926,-1.0172890424728394,0.0
15.0,0.15271183848381042,-1.0165938138961792,0.0
15.0,0.15741030871868134,-1.0158770084381104,0.0
15.0,0.16210539638996124,-1.0151383876800537,0.0
15.0,0.16679702699184418,-1.0143779516220093,0.0
15.0,0.17181871831417084,-1.0155678987503052,0.0
15.0,0.1768549680709839,-1.0167330503463745,0.0
15.0,0.18155381083488464,-1.0159045457839966,0.0
15.0,0.186248779296875,-1.0150543451309204,0.0
15.0,0.1909397542476654,-1.0141823291778564,0.0
15.0,0.19600580632686615,-1.0152525901794434,0.0
15.0,0.20108579099178314,-1.016297459602356,0.0
15.0,0.20578236877918243,-1.0153568983078003,0.0
15.0,0.210880845785141,-1.016352891921997,0.0
15.0,0.21557757258415222,-1.015367031097412,0.0
15.0,0.22026969492435455,-1.014359474182129,0.0
15.0,0.22495709359645844,-1.013330340385437,0.0
15.0,0.23052464425563812,-1.016180396080017,0.0
15.0,0.23567183315753937,-1.0170520544052124,0.0
15.0,0.24037152528762817,-1.0159515142440796,0.0
15.0,0.24553555250167847,-1.0167734622955322,0.0
15.0,0.25023385882377625,-1.015627384185791,0.0
15.0,0.255414217710495,-1.0163992643356323,0.0
15.0,0.2606070637702942,-1.0171449184417725,0.0
15.0,0.26530691981315613,-1.0159292221069336,0.0
15.0,0.27051541209220886,-1.0166245698928833,0.0
15.0,0.27521276473999023,-1.0153629779815674,0.0
15.0,0.28043636679649353,-1.016007661819458,0.0
15.0,0.28513073921203613,-1.014700174331665,0.0
15.0,0.28981903195381165,-1.0133711099624634,0.0
15.0,0.29617756605148315,-1.0177812576293945,0.0
15.0,0.30087998509407043,-1.0164010524749756,0.0
15.0,0.305575966835022,-1.0149991512298584,0.0
15.0,0.3102654218673706,-1.0135754346847534,0.0
15.0,0.31494826078414917,-1.0121301412582397,0.0
15.0,0.3202274441719055,-1.0125702619552612,0.0
15.0,0.32490551471710205,-1.0110788345336914,0.0
15.0,0.33081793785095215,-1.0133683681488037,0.0
15.0,0.3354995846748352,-1.011828064918518,0.0
15.0,0.3414505422115326,-1.0140570402145386,0.0
15.0,0.3461352586746216,-1.0124675035476685,0.0
15.0,0.35212400555610657,-1.0146352052688599,0.0
15.0,0.35747572779655457,-1.0148828029632568,0.0
15.0,0.36216408014297485,-1.0132192373275757,0.0
15.0,0.3675265610218048,-1.0134141445159912,0.0
15.0,0.37220802903175354,-1.0117040872573853,0.0
15.0,0.37827998399734497,-1.0137200355529785,0.0
15.0,0.3836706280708313,-1.0138307809829712,0.0
15.0,0.3883538544178009,-1.0120460987091064,0.0
15.0,0.39375388622283936,-1.0121036767959595,0.0
15.0,0.3984290063381195,-1.0102723836898804,0.0
15.0,0.40532270073890686,-1.013990879058838,0.0
15.0,0.41000640392303467,-1.0121060609817505,0.0
15.0,0.4154408574104309,-1.0120497941970825,0.0
15.0,0.42088353633880615,-1.0119649171829224,0.0
15.0,0.4255577027797699,-1.0100082159042358,0.0
15.0,0.4317930042743683,-1.0117088556289673,0.0
15.0,0.43646588921546936,-1.0097017288208008,0.0
15.0,0.44353556632995605,-1.013169288635254,0.0
15.0,0.45064666867256165,-1.016593098640442,0.0
15.0,0.4553419351577759,-1.0144987106323242,0.0
15.0,0.4600274860858917,-1.0123826265335083,0.0
15.0,0.46470317244529724,-1.0102449655532837,0.0
15.0,0.4702131152153015,-1.0098987817764282,0.0
15.0,0.4774349331855774,-1.0131416320800781,0.0
15.0,0.4821139872074127,-1.0109233856201172,0.0
15.0,0.48939049243927,-1.0140873193740845,0.0
15.0,0.494073748588562,-1.0118138790130615,0.0
15.0,0.5005182027816772,-1.0131049156188965,0.0
15.0,0.5051968097686768,-1.0107799768447876,0.0
15.0,0.511669397354126,-1.0120030641555786,0.0
15.0,0.5181641578674316,-1.0131880044937134,0.0
15.0,0.5228429436683655,-1.0107815265655518,0.0
15.0,0.5293647646903992,-1.0118976831436157,0.0
15.0,0.5340374708175659,-1.0094393491744995,0.0
15.0,0.5396422743797302,-1.0087231397628784,0.0
15.0,0.5443001985549927,-1.006217360496521,0.0
15.0,0.5518255233764648,-1.0089541673660278,0.0
15.0,0.5593878030776978,-1.0116428136825562,0.0
15.0,0.5640590786933899,-1.0090458393096924,0.0
15.0,0.5716699957847595,-1.011650800704956,0.0
15.0,0.5763411521911621,-1.0089969635009766,0.0
15.0,0.5829999446868896,-1.0097856521606445,0.0
15.0,0.5896783471107483,-1.0105341672897339,0.0
15.0,0.5943440794944763,-1.007797122001648,0.0
15.0,0.6041167974472046,-1.0136284828186035,0.0
15.0,0.6087967157363892,-1.0108246803283691,0.0
15.0,0.6155431866645813,-1.0114160776138306,0.0
15.0,0.6202127933502197,-1.0085594654083252,0.0
15.0,0.6248691082000732,-1.0056811571121216,0.0
15.0,0.6337655186653137,-1.0095570087432861,0.0
15.0,0.6384263038635254,-1.0066161155700684,0.0
15.0,0.6463103294372559,-1.008705496788025,0.0
15.0,0.6509670615196228,-1.005706548690796,0.0
15.0,0.6577989459037781,-1.0060341358184814,0.0
15.0,0.6646475791931152,-1.0063197612762451,0.0
15.0,0.6692931056022644,-1.0032360553741455,0.0
15.0,0.6783947348594666,-1.006765365600586,0.0
15.0,0.6830421686172485,-1.0036181211471558,0.0
15.0,0.693339467048645,-1.008690357208252,0.0
15.0,0.6979956030845642,-1.0054740905761719,0.0
15.0,0.7060811519622803,-1.00714910030365,0.0
15.0,0.7153527140617371,-1.0104031562805176,0.0
15.0,0.7200165390968323,-1.0070850849151611,0.0
15.0,0.728177011013031,-1.0086100101470947,0.0
15.0,0.7328324317932129,-1.005232572555542,0.0
15.0,0.7410290837287903,-1.0066657066345215,0.0
15.0,0.7456753849983215,-1.0032289028167725,0.0
15.0,0.7551077008247375,-1.0061691999435425,0.0
15.0,0.7633751630783081,-1.0074495077133179,0.0
15.0,0.7680248022079468,-1.0039093494415283,0.0
15.0,0.7763256430625916,-1.005096197128296,0.0
15.0,0.7809643149375916,-1.0014961957931519,0.0
15.0,0.7905348539352417,-1.0041606426239014,0.0
15.0,0.8001465797424316,-1.0067578554153442,0.0
15.0,0.8047926425933838,-1.0030478239059448,0.0
15.0,0.8144568204879761,-1.0055327415466309,0.0
15.0,0.8190970420837402,-1.0017565488815308,0.0
15.0,0.8313586115837097,-1.0072134733200073,0.0
15.0,0.8360064029693604,-1.0033589601516724,0.0
15.0,0.8457857966423035,-1.0056054592132568,0.0
15.0,0.8543092608451843,-1.006258249282837,0.0
15.0,0.8589524626731873,-1.0022977590560913,0.0
15.0,0.8688110113143921,-1.004366159439087,0.0
15.0,0.8734452724456787,-1.0003385543823242,0.0
15.0,0.8846728801727295,-1.0037918090820312,0.0
15.0,0.8893043398857117,-0.9996909499168396,0.0
15.0,0.899261474609375,-1.0015212297439575,0.0
15.0,0.910597562789917,-1.0047626495361328,0.0
15.0,0.9152332544326782,-1.0005418062210083,0.0
15.0,0.9266329407691956,-1.0036470890045166,0.0
15.0,0.9312633275985718,-0.999352216720581,0.0
15.0,0.9440951347351074,-1.003777027130127,0.0
15.0,0.9556106925010681,-1.0066540241241455,0.0
15.0,0.9602546095848083,-1.0022250413894653,0.0
15.0,0.9746101498603821,-1.0078387260437012,0.0
15.0,0.9792593717575073,-1.0033220052719116,0.0
15.0,0.9965195655822754,-1.0116069316864014,0.0
15.0,1.0011858940124512,-1.0069888830184937,0.0
15.0,1.0199975967407227,-1.0164669752120972,0.0
15.0,1.0389180183410645,-1.025792121887207,0.0
15.0,1.043649435043335,-1.0209778547286987,0.0
15.0,1.0641558170318604,-1.0314534902572632,0.0
15.0,1.068913221359253,-1.0265225172042847,0.0
15.0,1.0895859003067017,-1.0367344617843628,0.0
15.0,1.094367504119873,-1.0316858291625977,0.0
15.0,1.1122801303863525,-1.0389018058776855,0.0
15.0,1.1346862316131592,-1.050049066543579,0.0
15.0,1.1395288705825806,-1.0447918176651,0.0
15.0,1.1621119976043701,-1.0556495189666748,0.0
15.0,1.166980266571045,-1.0502653121948242,0.0
15.0,1.1882439851760864,-1.0595000982284546,0.0
15.0,1.1931296586990356,-1.0539950132369995,0.0
15.0,1.2145450115203857,-1.0629563331604004,0.0
15.0,1.237579584121704,-1.0730520486831665,0.0
15.0,1.2425274848937988,-1.0673187971115112,0.0
15.0,1.267249584197998,-1.0784130096435547,0.0
15.0,1.2722219228744507,-1.072542428970337,0.0
15.0,1.297122836112976,-1.0833154916763306,0.0
15.0,1.3021175861358643,-1.077306866645813,0.0
15.0,1.1797860860824585,-0.9488418698310852,0.0
15.0,1.1841603517532349,-0.9433771371841431,0.0
15.0,1.188509225845337,-0.9378922581672668,0.0
15.0,1.1928328275680542,-0.9323872923851013,0.0
15.0,1.2192705869674683,-0.9440038800239563,0.0
15.0,1.2236220836639404,-0.9383566379547119,0.0
15.0,1.2502447366714478,-0.9496253132820129,0.0
15.0,1.2546218633651733,-0.9438348412513733,0.0
15.0,1.28142511844635,-0.9547532796859741,0.0
15.0,1.3115742206573486,-0.9678186178207397,0.0
15.0,1.3160347938537598,-0.9617444276809692,0.0
15.0,1.348010778427124,-0.9755834341049194,0.0
15.0,1.3525068759918213,-0.9693406224250793,0.0
15.0,1.3814387321472168,-0.9804403185844421,0.0
15.0,1.385956883430481,-0.9740428924560547,0.0
15.0,1.4167112112045288,-0.9859033226966858,0.0
15.0,1.4476042985916138,-0.9974998235702515,0.0
15.0,1.4522006511688232,-0.9907963275909424,0.0
15.0,1.4799680709838867,-0.9997451901435852,0.0
15.0,1.484574556350708,-0.9928920269012451,0.0
15.0,1.5058249235153198,-0.9970592856407166,0.0
15.0,1.5104186534881592,-0.9900866746902466,0.0
15.0,1.5317572355270386,-0.993979811668396,0.0
15.0,1.5632601976394653,-1.00418221950531,0.0
15.0,1.5678861141204834,-0.9969438910484314,0.0
15.0,1.580941915512085,-0.9950109720230103,0.0
15.0,1.5855252742767334,-0.9876910448074341,0.0
15.0,1.5781577825546265,-0.9730026125907898,0.0
15.0,1.5741031169891357,-0.9604870676994324,0.0
15.0,1.5785269737243652,-0.9531991481781006,0.0
15.0,1.5743329524993896,-0.9407612681388855,0.0
15.0,1.5786656141281128,-0.9334725141525269,0.0
15.0,1.5760595798492432,-0.9221237897872925,0.0
15.0,1.580306053161621,-0.9148272275924683,0.0
15.0,1.5775766372680664,-0.9035351276397705,0.0
15.0,1.5886975526809692,-0.9001755714416504,0.0
15.0,1.5928423404693604,-0.8928208351135254,0.0
15.0,1.6109462976455688,-0.8932055830955505,0.0
15.0,1.6150586605072021,-0.885748028755188,0.0
15.0,1.6367167234420776,-0.8878075480461121,0.0
15.0,1.656665563583374,-0.8887401819229126,0.0
15.0,1.6607568264007568,-0.8810712695121765,0.0
15.0,1.6789813041687012,-0.880816638469696,0.0
15.0,1.6830357313156128,-0.8730446696281433,0.0
15.0,1.4482446908950806,-0.7259389162063599,0.0
15.0,1.4515855312347412,-0.7192354202270508,0.0
15.0,1.454895257949829,-0.7125164866447449,0.0
15.0,1.4581739902496338,-0.7057823538780212,0.0
15.0,1.4809114933013916,-0.6999608278274536,0.0
15.0,1.4841318130493164,-0.6931065917015076,0.0
15.0,1.4873204231262207,-0.6862374544143677,0.0
15.0,1.4904773235321045,-0.6793537139892578,0.0
15.0,1.5081918239593506,-0.6790239810943604,0.0
15.0,1.511315107345581,-0.6720438003540039,0.0
15.0,1.5290555953979492,-0.6714825630187988,0.0
15.0,1.5321438312530518,-0.6644060015678406,0.0
15.0,1.5499076843261719,-0.6636128425598145,0.0
15.0,1.5529593229293823,-0.6564399600028992,0.0
15.0,1.5670522451400757,-0.6538740396499634,0.0
15.0,1.5682092905044556,-0.6458603739738464,0.0
15.0,1.5711785554885864,-0.6386030316352844,0.0
15.0,1.5685455799102783,-0.629098653793335,0.0
15.0,1.5714373588562012,-0.6218399405479431,0.0
15.0,1.5687062740325928,-0.6123860478401184,0.0
15.0,1.5659215450286865,-0.6029707193374634,0.0
15.0,1.5686925649642944,-0.5957244634628296,0.0
15.0,1.5658111572265625,-0.586361289024353,0.0
15.0,1.5685054063796997,-0.5791156888008118,0.0
15.0,1.567407250404358,-0.5704895853996277,0.0
15.0,1.5662630796432495,-0.5618861317634583,0.0
15.0,1.568844199180603,-0.5546387434005737,0.0
15.0,1.565725564956665,-0.5454056859016418,0.0
15.0,1.5682305097579956,-0.5381609201431274,0.0
15.0,1.5650177001953125,-0.5289834141731262,0.0
15.0,1.5674467086791992,-0.5217421054840088,0.0
15.0,1.566041111946106,-0.5132439136505127,0.0
15.0,1.564590573310852,-0.5047699213027954,0.0
15.0,1.566907525062561,-0.49753081798553467,0.0
15.0,1.5653730630874634,-0.48908817768096924,0.0
15.0,1.5676175355911255,-0.4818456470966339,0.0
15.0,1.5640852451324463,-0.4728564918041229,0.0
15.0,1.5624206066131592,-0.46448028087615967,0.0
15.0,1.5645513534545898,-0.4572516679763794,0.0
15.0,1.56472647190094,-0.4494611322879791,0.0
15.0,1.5629380941390991,-0.441135436296463,0.0
15.0,1.5649608373641968,-0.4339046776294708,0.0
15.0,1.5630908012390137,-0.42561376094818115,0.0
15.0,1.5650418996810913,-0.418382465839386,0.0
15.0,1.5630905628204346,-0.41012707352638245,0.0
15.0,1.5649700164794922,-0.4028959274291992,0.0
15.0,1.560998558998108,-0.39418715238571167,0.0
15.0,1.5511561632156372,-0.3840816617012024,0.0
15.0,1.552915334701538,-0.37690597772598267,0.0
15.0,1.5390753746032715,-0.3660203814506531,0.0
15.0,1.5407512187957764,-0.3589007556438446,0.0
15.0,1.5423940420150757,-0.3517734706401825,0.0
15.0,1.574659824371338,-0.1717626303434372,0.0
15.0,1.575437068939209,-0.1644805520772934,0.0
15.0,1.5761806964874268,-0.15719495713710785,0.0
15.0,1.5768907070159912,-0.1499060094356537,0.0
15.0,1.5642606019973755,-0.13412266969680786,0.0
15.0,1.5648640394210815,-0.12688906490802765,0.0
15.0,1.5654339790344238,-0.11965276300907135,0.0
15.0,1.5659704208374023,-0.11241389811038971,0.0
15.0,1.5564957857131958,-0.10450273752212524,0.0
15.0,1.5549662113189697,-0.09718061238527298,0.0
15.0,1.5553988218307495,-0.08999038487672806,0.0
15.0,1.5577954053878784,-0.08290452510118484,0.0
15.0,1.5581620931625366,-0.07570137083530426,0.0
15.0,1.564489722251892,-0.06876004487276077,0.0
15.0,1.572784662246704,-0.06184040382504463,0.0
15.0,1.5730538368225098,-0.05456817150115967,0.0
15.0,1.585283875465393,-0.047655344009399414,0.0
15.0,1.5854872465133667,-0.040325477719306946,0.0
15.0,1.5956546068191528,-0.03320278599858284,0.0
15.0,1.595790982246399,-0.025825126096606255,0.0
15.0,1.607892632484436,-0.01858561486005783,0.0
15.0,1.6179611682891846,-0.011220879852771759,0.0
15.0,1.6179957389831543,-0.0037403227761387825,0.0
15.0,1.6259957551956177,0.003758807433769107,0.0
15.0,1.6259609460830688,0.011276351287961006,0.0
15.0,1.6358907222747803,0.018909234553575516,0.0
15.0,1.643784761428833,0.026601815596222878,0.0
15.0,1.6436442136764526,0.03420136123895645,0.0
15.0,1.6554646492004395,0.042105283588171005,0.0
15.0,1.6552523374557495,0.0497586615383625,0.0
15.0,1.6669973134994507,0.05782699957489967,0.0
15.0,1.6667121648788452,0.06553353369235992,0.0
15.0,1.6743836402893066,0.07358992844820023,0.0
15.0,1.4262912273406982,0.2497941553592682,0.0
15.0,1.4251210689544678,0.2563857436180115,0.0
15.0,1.4239205121994019,0.2629718780517578,0.0
15.0,1.422689437866211,0.2695523798465729,0.0
15.0,1.4332078695297241,0.2784155011177063,0.0
15.0,1.4436744451522827,0.28738152980804443,0.0
15.0,1.4423303604125977,0.2940531075000763,0.0
15.0,1.4546600580215454,0.3035784959793091,0.0
15.0,1.453240990638733,0.31030067801475525,0.0
15.0,1.4674224853515625,0.32042959332466125,0.0
15.0,1.4795891046524048,0.3302605450153351,0.0
15.0,1.4780464172363281,0.337097704410553,0.0
15.0,1.4862112998962402,0.3461962938308716,0.0
15.0,1.4845948219299316,0.3530639111995697,0.0
15.0,1.5004388093948364,0.36416947841644287,0.0
15.0,1.4987391233444214,0.3711026608943939,0.0
15.0,1.516398549079895,0.3829246461391449,0.0
15.0,1.5378541946411133,0.39591506123542786,0.0
15.0,1.536007285118103,0.4030208885669708,0.0
15.0,1.5592453479766846,0.41683289408683777,0.0
15.0,1.5573015213012695,0.4240373969078064,0.0
15.0,1.5745973587036133,0.4365764856338501,0.0
15.0,1.5898852348327637,0.44874122738838196,0.0
15.0,1.5877935886383057,0.45608705282211304,0.0
15.0,1.5991058349609375,0.46735048294067383,0.0
15.0,1.5969280004501343,0.474738746881485,0.0
15.0,1.6062026023864746,0.48558947443962097,0.0
15.0,1.6039403676986694,0.49301037192344666,0.0
15.0,1.6169158220291138,0.5051922798156738,0.0
15.0,1.6145628690719604,0.5126625299453735,0.0
15.0,1.6274025440216064,0.5250343680381775,0.0
15.0,1.6363608837127686,0.5362900495529175,0.0
15.0,1.633863925933838,0.5438498258590698,0.0
15.0,1.6445949077606201,0.5558808445930481,0.0
15.0,1.6420072317123413,0.5634784698486328,0.0
15.0,1.652605414390564,0.5756694674491882,0.0
15.0,1.6612399816513062,0.5873036980628967,0.0
15.0,1.6585068702697754,0.5949779748916626,0.0
15.0,1.443367838859558,0.5253429412841797,0.0
15.0,1.4527701139450073,0.5517019033432007,0.0
15.0,1.4502038955688477,0.5584127306938171,0.0
15.0,1.4476066827774048,0.5651115775108337,0.0
15.0,1.4449784755706787,0.5717983841896057,0.0
15.0,1.457169532775879,0.5844289064407349,0.0
15.0,1.4692742824554443,0.5971841812133789,0.0
15.0,1.466497540473938,0.6039708256721497,0.0
15.0,1.4803013801574707,0.6176760792732239,0.0
15.0,1.4774298667907715,0.6245134472846985,0.0
15.0,1.4929122924804688,0.639209508895874,0.0
15.0,1.5101250410079956,0.6548576354980469,0.0
15.0,1.5070812702178955,0.6618325114250183,0.0
15.0,1.5204523801803589,0.6761069297790527,0.0
15.0,1.5173102617263794,0.6831293106079102,0.0
15.0,1.5286946296691895,0.6967729926109314,0.0
15.0,1.5254567861557007,0.703833281993866,0.0
15.0,1.5294349193572998,0.7142636179924011,0.0
15.0,1.5297328233718872,0.7230364680290222,0.0
15.0,1.5263735055923462,0.7301012873649597,0.0
15.0,1.5283823013305664,0.7397644519805908,0.0
15.0,1.5249457359313965,0.7468228340148926,0.0
15.0,1.5268528461456299,0.7565290927886963,0.0
15.0,1.523338794708252,0.7635802030563354,0.0
15.0,1.5251436233520508,0.7733284831047058,0.0
15.0,1.5268906354904175,0.7831096053123474,0.0
15.0,1.5232537984848022,0.7901606559753418,0.0
15.0,1.524897575378418,0.7999821901321411,0.0
15.0,1.521182656288147,0.8070237636566162,0.0
15.0,1.5244848728179932,0.8178300261497498,0.0
15.0,1.5259613990783691,0.8277303576469421,0.0
15.0,1.5221182107925415,0.8347765803337097,0.0
15.0,1.5217407941818237,0.8437446355819702,0.0
15.0,1.517823576927185,0.8507711887359619,0.0
15.0,1.5121338367462158,0.8567936420440674,0.0
15.0,1.508156418800354,0.8637756705284119,0.0
15.0,1.504146695137024,0.8707391619682312,0.0
15.0,1.4811161756515503,0.8665741682052612,0.0
15.0,1.4770938158035278,0.8734126091003418,0.0
15.0,1.243533730506897,1.1296122074127197,0.0
15.0,1.2382978200912476,1.1353493928909302,0.0
15.0,1.2330354452133179,1.1410623788833618,0.0
15.0,1.2277467250823975,1.1467509269714355,0.0
15.0,1.2122448682785034,1.14281165599823,0.0
15.0,1.2069482803344727,1.1484041213989258,0.0
15.0,1.1987407207489014,1.1512012481689453,0.0
15.0,1.1934055089950562,1.1567312479019165,0.0
15.0,1.185185432434082,1.159439206123352,0.0
15.0,1.1798123121261597,1.16490638256073,0.0
15.0,1.170163869857788,1.1661133766174316,0.0
15.0,1.1534790992736816,1.160164713859558,0.0
15.0,1.148102879524231,1.1654852628707886,0.0
15.0,1.1315265893936157,1.1593307256698608,0.0
15.0,0.9651932716369629,1.2861050367355347,0.0
15.0,0.9592368602752686,1.2905536890029907,0.0
15.0,0.9532598853111267,1.2949748039245605,0.0
15.0,0.9472625255584717,1.2993682622909546,0.0
15.0,0.9305544495582581,1.3015638589859009,0.0
15.0,0.9245269298553467,1.3058522939682007,0.0
15.0,0.9184795618057251,1.310112714767456,0.0
15.0,0.9124126434326172,1.3143452405929565,0.0
15.0,0.9029273986816406,1.3136049509048462,0.0
15.0,0.8968445062637329,1.317765474319458,0.0
15.0,0.8907423615455627,1.3218978643417358,0.0
15.0,0.8835113048553467,1.3243381977081299,0.0
15.0,0.8773789405822754,1.3284088373184204,0.0
15.0,0.8701333403587341,1.3307772874832153,0.0
15.0,0.8639713525772095,1.3347859382629395,0.0
15.0,0.8567119836807251,1.3370821475982666,0.0
15.0,0.8505209684371948,1.3410288095474243,0.0
15.0,0.8443118333816528,1.3449467420578003,0.0
15.0,0.8380845785140991,1.3488359451293945,0.0
15.0,0.8318394422531128,1.3526962995529175,0.0
15.0,0.8255765438079834,1.3565278053283691,0.0
15.0,0.8192960023880005,1.3603302240371704,0.0
15.0,0.8119739294052124,1.3623855113983154,0.0
15.0,0.8046504855155945,1.3644022941589355,0.0
15.0,0.7983337640762329,1.3681079149246216,0.0
15.0,0.7929999232292175,1.373516321182251,0.0
15.0,0.7866411805152893,1.3771679401397705,0.0
15.0,0.7802656292915344,1.380790114402771,0.0
15.0,0.7728975415229797,1.3826371431350708,0.0
15.0,0.7664967775344849,1.3861957788467407,0.0
15.0,0.7600797414779663,1.3897247314453125,0.0
15.0,0.7536463737487793,1.3932240009307861,0.0
15.0,0.7481403350830078,1.3984569311141968,0.0
15.0,0.7407315373420715,1.4001331329345703,0.0
15.0,0.7342502474784851,1.4035428762435913,0.0
15.0,0.49068212509155273,0.9486068487167358,0.0
15.0,0.48629114031791687,0.9508653283119202,0.0
15.0,0.4730072617530823,0.9463762640953064,0.0
15.0,0.4686267673969269,0.9485530257225037,0.0
15.0,0.46423622965812683,0.9507095813751221,0.0
15.0,0.45983579754829407,0.9528457522392273,0.0
15.0,0.45370370149612427,0.9513511657714844,0.0
15.0,0.4493004083633423,0.9534386396408081,0.0
15.0,0.443199098110199,0.9518794417381287,0.0
15.0,0.4371218979358673,0.9502844214439392,0.0
15.0,0.4327237010002136,0.9522952437400818,0.0
15.0,0.4266783595085144,0.9506364464759827,0.0
15.0,0.42227864265441895,0.9525989890098572,0.0
15.0,0.4162657856941223,0.9508768320083618,0.0
15.0,0.41027793288230896,0.9491196274757385,0.0
15.0,0.4058854281902313,0.9510063529014587,0.0
15.0,0.4007076323032379,0.9510295987129211,0.0
15.0,0.3963063955307007,0.9528720378875732,0.0
15.0,0.3903777003288269,0.9509938359260559,0.0
15.0,0.38597673177719116,0.9527885317802429,0.0
15.0,0.3800828456878662,0.9508486390113831,0.0
15.0,0.3749488592147827,0.9507350921630859,0.0
15.0,0.3705492615699768,0.9524585008621216,0.0
15.0,0.36470869183540344,0.9504270553588867,0.0
15.0,0.35960274934768677,0.9502325654029846,0.0
15.0,0.35520562529563904,0.9518849849700928,0.0
15.0,0.3494197726249695,0.9497630000114441,0.0
15.0,0.3450249433517456,0.9513683319091797,0.0
15.0,0.3399495482444763,0.9510700702667236,0.0
15.0,0.3355487883090973,0.9526315927505493,0.0
15.0,0.3298293948173523,0.9503939747810364,0.0
15.0,0.3247848153114319,0.9500161409378052,0.0
15.0,0.320389062166214,0.9515076279640198,0.0
15.0,0.3147275745868683,0.9491820335388184,0.0
15.0,0.31033578515052795,0.9506270289421082,0.0
15.0,0.304713636636734,0.9482434391975403,0.0
15.0,0.29972323775291443,0.9477351903915405,0.0
15.0,0.29533830285072327,0.9491108059883118,0.0
15.0,0.2903616428375244,0.9485536813735962,0.0
15.0,0.2859730124473572,0.9498860239982605,0.0
15.0,0.28044286370277405,0.9473625421524048,0.0
15.0,0.2755010426044464,0.9467286467552185,0.0
15.0,0.2711210250854492,0.9479922652244568,0.0
15.0,0.2661941647529602,0.9473102688789368,0.0
15.0,0.2618115544319153,0.9485308527946472,0.0
15.0,0.2563769221305847,0.9458704590797424,0.0
15.0,0.25148674845695496,0.9451128840446472,0.0
15.0,0.24711446464061737,0.9462655186653137,0.0
15.0,0.24224050343036652,0.9454604983329773,0.0
15.0,0.23786669969558716,0.9465703368186951,0.0
15.0,0.2334877997636795,0.947659969329834,0.0
15.0,0.22816497087478638,0.9448411464691162,0.0
15.0,0.22379417717456818,0.9458858966827393,0.0
15.0,0.21896712481975555,0.9449621438980103,0.0
15.0,0.21459588408470154,0.9459643959999084,0.0
15.0,0.20978659391403198,0.9449939727783203,0.0
15.0,0.2054152935743332,0.9459537863731384,0.0
15.0,0.20103959739208221,0.9468933939933777,0.0
15.0,0.19584695994853973,0.9438961744308472,0.0
15.0,0.19148088991641998,0.9447915554046631,0.0
15.0,0.1867225170135498,0.9437047839164734,0.0
15.0,0.18235743045806885,0.9445579648017883,0.0
15.0,0.1779884397983551,0.9453909993171692,0.0
15.0,0.17325468361377716,0.9442366361618042,0.0
15.0,0.16888727247714996,0.9450275301933289,0.0
15.0,0.16417351365089417,0.9438278675079346,0.0
15.0,0.15980809926986694,0.9445767998695374,0.0
15.0,0.15543925762176514,0.945305585861206,0.0
15.0,0.15075170993804932,0.9440391063690186,0.0
15.0,0.14638546109199524,0.9447259902954102,0.0
15.0,0.14201606810092926,0.9453927278518677,0.0
15.0,0.13764365017414093,0.9460391998291016,0.0
15.0,0.13298949599266052,0.9446850419044495,0.0
15.0,0.1286204308271408,0.9452897906303406,0.0
15.0,0.12398815900087357,0.9438914060592651,0.0
15.0,0.11962287127971649,0.944454550743103,0.0
15.0,0.11525502800941467,0.9449975490570068,0.0
15.0,0.11065176874399185,0.9435338973999023,0.0
15.0,0.10628827661275864,0.9440353512763977,0.0
15.0,0.10170794278383255,0.942528247833252,0.0
15.0,0.09734919667243958,0.942988395690918,0.0
15.0,0.09298837184906006,0.9434283971786499,0.0
15.0,0.08862555772066116,0.9438482522964478,0.0
15.0,0.08426084369421005,0.9442479014396667,0.0
15.0,0.07972577959299088,0.9426344633102417,0.0
15.0,0.0753667801618576,0.9429929852485657,0.0
15.0,0.0710061639547348,0.9433313608169556,0.0
15.0,0.06664403527975082,0.9436495900154114,0.0
15.0,0.062280476093292236,0.9439476132392883,0.0
15.0,0.05779314786195755,0.9422292709350586,0.0
15.0,0.05343625321984291,0.9424864053726196,0.0
15.0,0.049078214913606644,0.9427233338356018,0.0
15.0,0.04471912980079651,0.9429401755332947,0.0
15.0,0.04035909101366997,0.9431368708610535,0.0
15.0,0.035921916365623474,0.9413148164749146,0.0
15.0,0.03156948462128639,0.9414708018302917,0.0
15.0,0.02721637673676014,0.9416067004203796,0.0
15.0,0.022862685844302177,0.9417225122451782,0.0
15.0,0.018508508801460266,0.941818118095398,0.0
15.0,0.014153935015201569,0.9418936371803284,0.0
15.0,0.009799058549106121,0.9419490098953247,0.0
15.0,0.005443972535431385,0.941984236240387,0.0
15.0,0.0010887705720961094,0.9419993162155151,0.0
15.0,-0.0032664549071341753,0.941994309425354,0.0
15.0,-0.007621610537171364,0.9419691562652588,0.0
15.0,-0.011976603418588638,0.9419238567352295,0.0
15.0,-0.01633133925497532,0.9418584108352661,0.0
15.0,-0.020685726776719093,0.9417728185653687,0.0
15.0,-0.0250396728515625,0.9416671395301819,0.0
15.0,-0.029330678284168243,0.939542293548584,0.0
15.0,-0.0336742177605629,0.9393966197967529,0.0
15.0,-0.03809792548418045,0.9412292242050171,0.0
15.0,-0.04244917258620262,0.9410430192947388,0.0
15.0,-0.04679951071739197,0.9408367276191711,0.0
15.0,-0.05114884674549103,0.9406102895736694,0.0
15.0,-0.05549709498882294,0.9403637647628784,0.0
15.0,-0.05984415113925934,0.9400971531867981,0.0
15.0,-0.06418993324041367,0.9398103952407837,0.0
15.0,-0.06853433698415756,0.9395036101341248,0.0
15.0,-0.07287728041410446,0.9391766786575317,0.0
15.0,-0.0772186666727066,0.9388297200202942,0.0
15.0,-0.08173156529664993,0.9404551982879639,0.0
15.0,-0.08607876300811768,0.9400672912597656,0.0
15.0,-0.09042412787675858,0.9396592378616333,0.0
15.0,-0.09476755559444427,0.9392311573028564,0.0
15.0,-0.09910895675420761,0.9387829303741455,0.0
15.0,-0.10344824194908142,0.93831467628479,0.0
15.0,-0.10778531432151794,0.93782639503479,0.0
15.0,-0.11235762387514114,0.9393038749694824,0.0
15.0,-0.11669917404651642,0.9387743473052979,0.0
15.0,-0.12129412591457367,0.940208375453949,0.0
15.0,-0.12563976645469666,0.9396375417709351,0.0
15.0,-0.12998270988464355,0.9390466213226318,0.0
15.0,-0.1343228816986084,0.9384356141090393,0.0
15.0,-0.13866019248962402,0.9378045797348022,0.0
15.0,-0.14329619705677032,0.9391305446624756,0.0
15.0,-0.14763662219047546,0.9384579658508301,0.0
15.0,-0.1522938311100006,0.9397396445274353,0.0
15.0,-0.15663696825504303,0.9390255212783813,0.0
15.0,-0.16097676753997803,0.9382912516593933,0.0
15.0,-0.16600769758224487,0.9414761662483215,0.0
15.0,-0.17035871744155884,0.9406986236572266,0.0
15.0,-0.1750715970993042,0.9418672919273376,0.0
15.0,-0.17942433059215546,0.9410477876663208,0.0
15.0,-0.1833895593881607,0.9382452964782715,0.0
15.0,-0.188510924577713,0.9413095116615295,0.0
15.0,-0.1928609311580658,0.9404278993606567,0.0
15.0,-0.19720681011676788,0.9395262002944946,0.0
15.0,-0.2015484869480133,0.9386043548583984,0.0
15.0,-0.2058858424425125,0.9376624822616577,0.0
15.0,-0.2106567770242691,0.9386520981788635,0.0
15.0,-0.21499426662921906,0.9376680850982666,0.0
15.0,-0.21978312730789185,0.9386113882064819,0.0
15.0,-0.2241203337907791,0.9375852346420288,0.0
15.0,-0.22892671823501587,0.9384820461273193,0.0
15.0,-0.23326322436332703,0.9374136328697205,0.0
15.0,-0.23808665573596954,0.9382636547088623,0.0
15.0,-0.24292293190956116,0.9390891790390015,0.0
15.0,-0.24726209044456482,0.9379560351371765,0.0
15.0,-0.25159597396850586,0.9368028044700623,0.0
15.0,-0.2559244632720947,0.9356296062469482,0.0
15.0,-0.26132068037986755,0.9382896423339844,0.0
15.0,-0.2662014365196228,0.9389956593513489,0.0
15.0,-0.27053990960121155,0.9377548694610596,0.0
15.0,-0.2754358649253845,0.9384130239486694,0.0
15.0,-0.2797715663909912,0.937129557132721,0.0
15.0,-0.2846822738647461,0.9377398490905762,0.0
15.0,-0.2896045744419098,0.9383246898651123,0.0
15.0,-0.2939396798610687,0.9369757175445557,0.0
15.0,-0.298876017332077,0.937512218952179,0.0
15.0,-0.30320730805397034,0.9361203908920288,0.0
15.0,-0.30815714597702026,0.9366083145141602,0.0
15.0,-0.31248414516448975,0.9351736307144165,0.0
15.0,-0.31808966398239136,0.9375067949295044,0.0
15.0,-0.32242071628570557,0.9360260963439941,0.0
15.0,-0.3274049460887909,0.9364133477210999,0.0
15.0,-0.3323996663093567,0.936774492263794,0.0
15.0,-0.33672717213630676,0.9352276921272278,0.0
15.0,-0.3417336642742157,0.9355394840240479,0.0
15.0,-0.34605535864830017,0.9339494705200195,0.0
15.0,-0.3510732352733612,0.934211790561676,0.0
15.0,-0.35681307315826416,0.9363163709640503,0.0
15.0,-0.3611381947994232,0.9346566796302795,0.0
15.0,-0.3669145405292511,0.9367015361785889,0.0
15.0,-0.37124133110046387,0.934995174407959,0.0
15.0,-0.37705346941947937,0.9369795322418213,0.0
15.0,-0.38138142228126526,0.9352262616157532,0.0
15.0,-0.3872288167476654,0.9371499419212341,0.0
15.0,-0.39232975244522095,0.9371944665908813,0.0
15.0,-0.3966585695743561,0.9353705644607544,0.0
15.0,-0.40176820755004883,0.9353642463684082,0.0
15.0,-0.4060884416103363,0.9334967732429504,0.0
15.0,-0.41201257705688477,0.9352697730064392,0.0
15.0,-0.41714704036712646,0.9351814985275269,0.0
15.0,-0.42146629095077515,0.9332428574562073,0.0
15.0,-0.4266080856323242,0.9331032037734985,0.0
15.0,-0.4309176206588745,0.9311208724975586,0.0
15.0,-0.4369146525859833,0.9327408671379089,0.0
15.0,-0.4412223994731903,0.9307108521461487,0.0
15.0,-0.4472509026527405,0.9322674870491028,0.0
15.0,-0.45330315828323364,0.9337881207466125,0.0
15.0,-0.45761555433273315,0.9316823482513428,0.0
15.0,-0.4645882546901703,0.9349298477172852,0.0
15.0,-0.46890580654144287,0.9327718615531921,0.0
15.0,-0.4750264286994934,0.9341594576835632,0.0
15.0,-0.4793403148651123,0.9319532513618469,0.0
15.0,-0.48548996448516846,0.9332757592201233,0.0
15.0,-0.4916619658470154,0.9345611333847046,0.0
15.0,-0.4959775507450104,0.9322779774665833,0.0
15.0,-0.5021774768829346,0.9334975481033325,0.0
15.0,-0.506488025188446,0.9311658143997192,0.0
15.0,-1.1163995265960693,1.9650068283081055,0.0
15.0,-1.1254725456237793,1.9598243236541748,0.0
15.0,-1.1345216035842896,1.9545998573303223,0.0
15.0,-1.143546223640442,1.949333667755127,0.0
15.0,-1.1566263437271118,1.9509072303771973,0.0
15.0,-1.1656336784362793,1.945538878440857,0.0
15.0,-1.1787595748901367,1.9469724893569946,0.0
15.0,-1.1877485513687134,1.9415018558502197,0.0
15.0,-1.203021764755249,1.9461971521377563,0.0
15.0,-1.2120068073272705,1.9406143426895142,0.0
15.0,-1.2273696660995483,1.9451384544372559,0.0
15.0,-1.2406500577926636,1.946189045906067,0.0
15.0,-1.2496347427368164,1.9404323101043701,0.0
15.0,-1.265136480331421,1.944692611694336,0.0
15.0,-1.2741140127182007,1.938822627067566,0.0
15.0,-1.2897008657455444,1.9429091215133667,0.0
15.0,-1.3053525686264038,1.9468926191329956,0.0
15.0,-1.3143398761749268,1.9408366680145264,0.0
15.0,-1.3300734758377075,1.9446439743041992,0.0
15.0,-1.3390501737594604,1.9384738206863403,0.0
15.0,-1.3548640012741089,1.9421039819717407,0.0
15.0,-1.3638285398483276,1.935819149017334,0.0
15.0,-1.379720687866211,1.9392708539962769,0.0
15.0,-1.3956735134124756,1.942616581916809,0.0
15.0,-1.4046399593353271,1.936143159866333,0.0
15.0,-1.420668125152588,1.939308762550354,0.0
15.0,-1.4296190738677979,1.9327197074890137,0.0
15.0,-1.4481137990951538,1.9389086961746216,0.0
15.0,-1.4618792533874512,1.9385801553726196,0.0
15.0,-1.4708263874053955,1.9318006038665771,0.0
15.0,-1.4894933700561523,1.9376649856567383,0.0
15.0,-1.4984359741210938,1.930757761001587,0.0
15.0,-1.5147476196289062,1.9332553148269653,0.0
15.0,-1.5236696004867554,1.9262313842773438,0.0
15.0,-1.5325590372085571,1.9191663265228271,0.0
15.0,-1.5288634300231934,1.8964897394180298,0.0
15.0,-1.5376152992248535,1.8894009590148926,0.0
15.0,-1.5310993194580078,1.86372709274292,0.0
15.0,-1.539699673652649,1.8566282987594604,0.0
15.0,-1.5302939414978027,1.8280199766159058,0.0
15.0,-1.5232385396957397,1.80259370803833,0.0
15.0,-1.531556248664856,1.7955318689346313,0.0
15.0,-1.5241819620132446,1.7702443599700928,0.0
15.0,-1.5323501825332642,1.7631785869598389,0.0
15.0,-1.5246587991714478,1.7380332946777344,0.0
15.0,-1.516767978668213,1.7129971981048584,0.0
15.0,-1.5246715545654297,1.7059663534164429,0.0
15.0,-1.5191460847854614,1.6840482950210571,0.0
15.0,-1.5269157886505127,1.677006721496582,0.0
15.0,-1.5184133052825928,1.6522581577301025,0.0
15.0,-1.5124350786209106,1.6305570602416992,0.0
15.0,-1.5199575424194336,1.623547077178955,0.0
15.0,-1.5137115716934204,1.6019654273986816,0.0
15.0,-1.5211018323898315,1.5949499607086182,0.0
15.0,-1.514589786529541,1.5734909772872925,0.0
15.0,-1.505124807357788,1.549257755279541,0.0
15.0,-1.512271523475647,1.5422824621200562,0.0
15.0,-1.5053175687789917,1.5210586786270142,0.0
15.0,-1.512333869934082,1.5140827894210815,0.0
15.0,-1.5079585313796997,1.4958065748214722,0.0
15.0,-1.500593900680542,1.4747997522354126,0.0
15.0,-1.5073963403701782,1.4678462743759155,0.0
15.0,-1.5026520490646362,1.4497520923614502,0.0
15.0,-1.5093387365341187,1.4427891969680786,0.0
15.0,-1.5014722347259521,1.422042727470398,0.0
15.0,-1.5080307722091675,1.4150856733322144,0.0
15.0,-1.5028390884399414,1.397204041481018,0.0
15.0,-1.4989855289459229,1.3807557821273804,0.0
15.0,-1.505353331565857,1.3738106489181519,0.0
15.0,-1.4998208284378052,1.3561054468154907,0.0
15.0,-1.494157075881958,1.338480830192566,0.0
15.0,-1.5003293752670288,1.3315584659576416,0.0
15.0,-1.4929519891738892,1.312721848487854,0.0
15.0,-1.4990051984786987,1.3058053255081177,0.0
15.0,-1.4944275617599487,1.289713978767395,0.0
15.0,-1.4912536144256592,1.274992823600769,0.0
15.0,-1.497132420539856,1.2680845260620117,0.0
15.0,-1.492254614830017,1.2521501779556274,0.0
15.0,-1.4980278015136719,1.2452374696731567,0.0
15.0,-1.4929616451263428,1.2293988466262817,0.0
15.0,-1.4986296892166138,1.2224831581115723,0.0
15.0,-1.49337637424469,1.2067421674728394,0.0
15.0,-1.4911327362060547,1.1935757398605347,0.0
15.0,-1.49663507938385,1.1866689920425415,0.0
15.0,-1.4910954236984253,1.17108952999115,0.0
15.0,-1.4964938163757324,1.1641831398010254,0.0
15.0,-1.4907705783843994,1.1487066745758057,0.0
15.0,-1.4849364757537842,1.1333082914352417,0.0
15.0,-1.490160346031189,1.1264307498931885,0.0
15.0,-1.484145164489746,1.1111387014389038,0.0
15.0,-1.4892665147781372,1.1042649745941162,0.0
15.0,-1.484683871269226,1.090265154838562,0.0
15.0,-1.4816211462020874,1.0775076150894165,0.0
15.0,-1.4865870475769043,1.070646047592163,0.0
15.0,-1.4817514419555664,1.0567936897277832,0.0
15.0,-1.4866214990615845,1.0499316453933716,0.0
15.0,-1.481626033782959,1.0361700057983398,0.0
15.0,-1.4798238277435303,1.024754285812378,0.0
15.0,-1.4845458269119263,1.0179016590118408,0.0
15.0,-1.4809625148773193,1.0054103136062622,0.0
15.0,-1.4855951070785522,0.9985525012016296,0.0
15.0,-1.480205774307251,0.9850252866744995,0.0
15.0,-1.476393461227417,0.9726697206497192,0.0
15.0,-1.4808746576309204,0.9658334255218506,0.0
15.0,-1.4769231081008911,0.9535523653030396,0.0
15.0,-1.4813159704208374,0.9467138051986694,0.0
15.0,-1.4772262573242188,0.9345088601112366,0.0
15.0,-1.471360206604004,0.9213006496429443,0.0
15.0,-1.4756040573120117,0.9144881367683411,0.0
15.0,-1.4729969501495361,0.903473436832428,0.0
15.0,-1.4771583080291748,0.8966535329818726,0.0
15.0,-1.4727157354354858,0.8846651315689087,0.0
15.0,-1.469913363456726,0.8737589716911316,0.0
15.0,-1.4739373922348022,0.8669536709785461,0.0
15.0,-1.4692870378494263,0.8550998568534851,0.0
15.0,-1.4732247591018677,0.848297655582428,0.0
15.0,-1.470179796218872,0.8375174403190613,0.0
15.0,-1.467066764831543,0.8267835974693298,0.0
15.0,-1.4708735942840576,0.819991946220398,0.0
15.0,-1.4676436185836792,0.8093196749687195,0.0
15.0,-1.4713696241378784,0.8025255799293518,0.0
15.0,-1.468023419380188,0.7919161319732666,0.0
15.0,-1.47166907787323,0.78512042760849,0.0
15.0,-1.4682074785232544,0.7745750546455383,0.0
15.0,-1.4646800756454468,0.7640785574913025,0.0
15.0,-1.4681971073150635,0.7572986483573914,0.0
15.0,-1.4645559787750244,0.7468681931495667,0.0
15.0,-1.4679933786392212,0.7400889992713928,0.0
15.0,-1.4660292863845825,0.7306177616119385,0.0
15.0,-1.460420846939087,0.7194129824638367,0.0
15.0,-1.4637314081192017,0.7126532196998596,0.0
15.0,-1.4616038799285889,0.7032766938209534,0.0
15.0,-1.4648396968841553,0.6965116262435913,0.0
15.0,-1.4626139402389526,0.6871802806854248,0.0
15.0,-1.4585189819335938,0.6770423650741577,0.0
15.0,-1.4616336822509766,0.6702918410301208,0.0
15.0,-1.4592516422271729,0.6610511541366577,0.0
15.0,-1.4622923135757446,0.654297411441803,0.0
15.0,-1.4598137140274048,0.6451044678688049,0.0
15.0,-1.4572815895080566,0.6359485387802124,0.0
15.0,-1.4602062702178955,0.6292042136192322,0.0
15.0,-1.4557381868362427,0.6193145513534546,0.0
15.0,-1.4585858583450317,0.6125775575637817,0.0
15.0,-1.4558597803115845,0.603529691696167,0.0
15.0,-1.453081488609314,0.5945202112197876,0.0
15.0,-1.4558147192001343,0.5877957344055176,0.0
15.0,-1.4548007249832153,0.5795782804489136,0.0
15.0,-1.4574646949768066,0.572845995426178,0.0
15.0,-1.4545032978057861,0.563932478427887,0.0
15.0,-1.4570950269699097,0.5572017431259155,0.0
15.0,-1.4540417194366455,0.5483419299125671,0.0
15.0,-1.4528120756149292,0.5402193665504456,0.0
15.0,-1.455294132232666,0.5334967374801636,0.0
15.0,-1.4521023035049438,0.5247235894203186,0.0
15.0,-1.4545128345489502,0.5180043578147888,0.0
15.0,-1.4512306451797485,0.5092872381210327,0.0
15.0,-1.4497894048690796,0.5012651681900024,0.0
15.0,-1.4520914554595947,0.49455690383911133,0.0
15.0,-1.448673963546753,0.485929936170578,0.0
15.0,-1.4509050846099854,0.4792269766330719,0.0
15.0,-1.4473992586135864,0.4706583619117737,0.0
15.0,-1.443845510482788,0.46213245391845703,0.0
15.0,-1.4459666013717651,0.4554520845413208,0.0
15.0,-1.444236159324646,0.44757789373397827,0.0
15.0,-1.4462900161743164,0.44089585542678833,0.0
15.0,-1.4463971853256226,0.4336300790309906,0.0
15.0,-1.4445499181747437,0.42580726742744446,0.0
15.0,-1.4465030431747437,0.4191240072250366,0.0
15.0,-1.4445782899856567,0.41133636236190796,0.0
15.0,-1.4464645385742188,0.4046531319618225,0.0
15.0,-1.4425344467163086,0.3963715732097626,0.0
15.0,-1.440489649772644,0.38865596055984497,0.0
15.0,-1.4422712326049805,0.3819918930530548,0.0
15.0,-1.4420862197875977,0.37481653690338135,0.0
15.0,-1.4438036680221558,0.368145227432251,0.0
15.0,-1.4416097402572632,0.3604956567287445,0.0
15.0,-1.4393761157989502,0.3528743088245392,0.0
15.0,-1.4409922361373901,0.34621575474739075,0.0
15.0,-1.4386839866638184,0.33863335847854614,0.0
15.0,-1.4402341842651367,0.3319781720638275,0.0
15.0,-1.439802646636963,0.3248756527900696,0.0
15.0,-1.4412893056869507,0.31821542978286743,0.0
15.0,-1.4388352632522583,0.3107041120529175,0.0
15.0,-1.438299536705017,0.3036354184150696,0.0
15.0,-1.439687967300415,0.29698237776756287,0.0
15.0,-1.4371243715286255,0.28953298926353455,0.0
15.0,-1.4384477138519287,0.2828855514526367,0.0
15.0,-1.4358118772506714,0.275478333234787,0.0
15.0,-1.435104250907898,0.26846933364868164,0.0
15.0,-1.4363301992416382,0.26183146238327026,0.0
15.0,-1.4355560541152954,0.25483837723731995,0.0
15.0,-1.4367189407348633,0.24819853901863098,0.0
15.0,-1.4358787536621094,0.2412220537662506,0.0
15.0,-1.4330309629440308,0.23393642902374268,0.0
15.0,-1.4340972900390625,0.2273084968328476,0.0
15.0,-1.433156132698059,0.22037173807621002,0.0
15.0,-1.4341596364974976,0.21374337375164032,0.0
15.0,-1.4331529140472412,0.20682474970817566,0.0
15.0,-1.4340938329696655,0.2001965492963791,0.0
15.0,-1.433022141456604,0.19329670071601868,0.0
15.0,-1.429934024810791,0.1861528754234314,0.0
15.0,-1.4307793378829956,0.1795397698879242,0.0
15.0,-1.4296085834503174,0.172682985663414,0.0
15.0,-1.4303916692733765,0.16607153415679932,0.0
15.0,-1.4291564226150513,0.15923504531383514,0.0
15.0,-1.4278886318206787,0.15241354703903198,0.0
15.0,-1.4285781383514404,0.14581026136875153,0.0
15.0,-1.4292370080947876,0.13920384645462036,0.0
15.0,-1.4298652410507202,0.13259446620941162,0.0
15.0,-1.4264785051345825,0.12563133239746094,0.0
15.0,-1.4270440340042114,0.11903484910726547,0.0
15.0,-1.4275791645050049,0.11243581771850586,0.0
15.0,-1.4280837774276733,0.10583438724279404,0.0
15.0,-1.4285577535629272,0.09923069179058075,0.0
15.0,-1.427005410194397,0.09249550849199295,0.0
15.0,-1.4254214763641357,0.08577680587768555,0.0
15.0,-1.4258028268814087,0.07918563485145569,0.0
15.0,-1.4261536598205566,0.07259277254343033,0.0
15.0,-1.4264739751815796,0.06599835306406021,0.0
15.0,-1.424765706062317,0.05931933596730232,0.0
15.0,-1.4250247478485107,0.0527314767241478,0.0
15.0,-1.423254370689392,0.04607778042554855,0.0
15.0,-1.4234521389007568,0.039497051388025284,0.0
15.0,-1.4236195087432861,0.03291548043489456,0.0
15.0,-1.42375648021698,0.02633320540189743,0.0
15.0,-1.4238630533218384,0.01975036785006523,0.0
15.0,-1.4239391088485718,0.013167107477784157,0.0
15.0,-1.4219849109649658,0.006574319209903479,0.0
15.0,-1.4220000505447388,-1.1636915075996512e-07,0.0
16.0,-1.4199999570846558,1.2414034245011862e-07,0.0
16.0,-1.4199848175048828,-0.006565064657479525,0.0
16.0,-1.4199392795562744,-0.013130112551152706,0.0
16.0,-1.4198633432388306,-0.01969487965106964,0.0
16.0,-1.4197571277618408,-0.026259226724505424,0.0
16.0,-1.4196205139160156,-0.03282301127910614,0.0
16.0,-1.4194536209106445,-0.039386097341775894,0.0
16.0,-1.419256329536438,-0.0459483377635479,0.0
16.0,-1.4190287590026855,-0.052509598433971405,0.0
16.0,-1.420769214630127,-0.059152934700250626,0.0
16.0,-1.420480489730835,-0.0657210499048233,0.0
16.0,-1.420161485671997,-0.07228775322437286,0.0
16.0,-1.4198120832443237,-0.07885292172431946,0.0
16.0,-1.4194324016571045,-0.08541639894247055,0.0
16.0,-1.4190223217010498,-0.0919780507683754,0.0
16.0,-1.4185818433761597,-0.09853773564100266,0.0
16.0,-1.4201055765151978,-0.10524312406778336,0.0
16.0,-1.4196038246154785,-0.1118076741695404,0.0
16.0,-1.4190717935562134,-0.11836984008550644,0.0
16.0,-1.4185093641281128,-0.12492947280406952,0.0
16.0,-1.4179165363311768,-0.1314864307641983,0.0
16.0,-1.4172935485839844,-0.13804058730602264,0.0
16.0,-1.4166401624679565,-0.1445917785167694,0.0
16.0,-1.4159564971923828,-0.15113988518714905,0.0
16.0,-1.4152425527572632,-0.15768477320671082,0.0
16.0,-1.4144984483718872,-0.16422627866268158,0.0
16.0,-1.4137240648269653,-0.1707642823457718,0.0
16.0,-1.4129194021224976,-0.1772986203432083,0.0
16.0,-1.4140678644180298,-0.1840873658657074,0.0
16.0,-1.4132015705108643,-0.19062316417694092,0.0
16.0,-1.416266679763794,-0.1977079063653946,0.0
16.0,-1.4153375625610352,-0.20425371825695038,0.0
16.0,-1.414378046989441,-0.21079516410827637,0.0
16.0,-1.415365219116211,-0.2176360934972763,0.0
16.0,-1.4143438339233398,-0.2241775244474411,0.0
16.0,-1.4152661561965942,-0.23103637993335724,0.0
16.0,-1.4141827821731567,-0.23757721483707428,0.0
16.0,-1.415040135383606,-0.24445343017578125,0.0
16.0,-1.4158639907836914,-0.25134265422821045,0.0
16.0,-1.4146867990493774,-0.25788602232933044,0.0
16.0,-1.4134793281555176,-0.2644239068031311,0.0
16.0,-1.4122416973114014,-0.2709560990333557,0.0
16.0,-1.4129364490509033,-0.27786847949028015,0.0
16.0,-1.4116365909576416,-0.28439804911613464,0.0
16.0,-1.410306692123413,-0.29092150926589966,0.0
16.0,-1.4109033346176147,-0.29785189032554626,0.0
16.0,-1.4095112085342407,-0.30437183380126953,0.0
16.0,-1.4100419282913208,-0.31131646037101746,0.0
16.0,-1.4085874557495117,-0.3178322911262512,0.0
16.0,-1.409051775932312,-0.3247905373573303,0.0
16.0,-1.4114288091659546,-0.33221811056137085,0.0
16.0,-1.4098777770996094,-0.33874011039733887,0.0
16.0,-1.4102389812469482,-0.34573110938072205,0.0
16.0,-1.4086254835128784,-0.3522474765777588,0.0
16.0,-1.4089198112487793,-0.3592504560947418,0.0
16.0,-1.4072438478469849,-0.36576056480407715,0.0
16.0,-1.4074710607528687,-0.3727749288082123,0.0
16.0,-1.4076634645462036,-0.3797991871833801,0.0
16.0,-1.4058924913406372,-0.38630327582359314,0.0
16.0,-1.407943606376648,-0.3938767611980438,0.0
16.0,-1.4061075448989868,-0.40038201212882996,0.0
16.0,-1.4061622619628906,-0.40743526816368103,0.0
16.0,-1.4081003665924072,-0.41506311297416687,0.0
16.0,-1.4061663150787354,-0.4215688407421112,0.0
16.0,-1.4080283641815186,-0.4292319416999817,0.0
16.0,-1.4060288667678833,-0.4357371926307678,0.0
16.0,-1.4059067964553833,-0.4428339898586273,0.0
16.0,-1.4038443565368652,-0.44932928681373596,0.0
16.0,-1.4055559635162354,-0.45705196261405945,0.0
16.0,-1.4053269624710083,-0.46417272090911865,0.0
16.0,-1.4031658172607422,-0.4706651270389557,0.0
16.0,-1.4047611951828003,-0.47843700647354126,0.0
16.0,-1.4025341272354126,-0.48492664098739624,0.0
16.0,-1.4040515422821045,-0.4927304685115814,0.0
16.0,-1.4036425352096558,-0.499887615442276,0.0
16.0,-1.4013164043426514,-0.5063718557357788,0.0
16.0,-1.402715802192688,-0.5142219662666321,0.0
16.0,-1.4003233909606934,-0.5207017660140991,0.0
16.0,-1.4016437530517578,-0.5285818576812744,0.0
16.0,-1.4029210805892944,-0.5364852547645569,0.0
16.0,-1.400425672531128,-0.5429657697677612,0.0
16.0,-1.403484582901001,-0.5516294836997986,0.0
16.0,-1.4009191989898682,-0.558112382888794,0.0
16.0,-1.4020328521728516,-0.5660809278488159,0.0
16.0,-1.3994007110595703,-0.5725570321083069,0.0
16.0,-1.4004337787628174,-0.5805526971817017,0.0
16.0,-1.4032665491104126,-0.5893445014953613,0.0
16.0,-1.400526762008667,-0.5958260297775269,0.0
16.0,-1.401430606842041,-0.6038777232170105,0.0
16.0,-1.3986237049102783,-0.6103506088256836,0.0
16.0,-1.3976161479949951,-0.6176188588142395,0.0
16.0,-1.402048110961914,-0.6273413300514221,0.0
16.0,-1.3991327285766602,-0.6338168382644653,0.0
16.0,-1.3998231887817383,-0.6419461369514465,0.0
16.0,-1.3968403339385986,-0.6484111547470093,0.0
16.0,-1.397447943687439,-0.6565633416175842,0.0
16.0,-1.394397497177124,-0.663017213344574,0.0
16.0,-1.3985260725021362,-0.6729256510734558,0.0
16.0,-1.3989962339401245,-0.681135356426239,0.0
16.0,-1.3958321809768677,-0.6875961422920227,0.0
16.0,-1.3980083465576172,-0.6967185139656067,0.0
16.0,-1.3947722911834717,-0.7031745910644531,0.0
16.0,-1.3968513011932373,-0.7123413681983948,0.0
16.0,-1.3970979452133179,-0.720625638961792,0.0
16.0,-1.3937513828277588,-0.7270772457122803,0.0
16.0,-1.395681619644165,-0.7363129258155823,0.0
16.0,-1.3922624588012695,-0.7427577972412109,0.0
16.0,-1.3958543539047241,-0.7529850006103516,0.0
16.0,-1.3923581838607788,-0.759430468082428,0.0
16.0,-1.394086241722107,-0.7687571048736572,0.0
16.0,-1.3975046873092651,-0.7790897488594055,0.0
16.0,-1.3938877582550049,-0.7855426073074341,0.0
16.0,-1.3954542875289917,-0.7949485182762146,0.0
16.0,-1.3917640447616577,-0.8013917207717896,0.0
16.0,-1.3932297229766846,-0.8108358383178711,0.0
16.0,-1.3963617086410522,-0.8213245272636414,0.0
16.0,-1.3925495147705078,-0.8277716636657715,0.0
16.0,-1.3938509225845337,-0.8372907042503357,0.0
16.0,-1.3899649381637573,-0.8437260985374451,0.0
16.0,-1.39116370677948,-0.8532804250717163,0.0
16.0,-1.3957037925720215,-0.8649709224700928,0.0
16.0,-1.3916897773742676,-0.8714145421981812,0.0
16.0,-1.394406795501709,-0.8821164965629578,0.0
16.0,-1.3903136253356934,-0.8885539174079895,0.0
16.0,-1.3912312984466553,-0.898226797580719,0.0
16.0,-1.3870636224746704,-0.9046493768692017,0.0
16.0,-1.3912168741226196,-0.9165541529655457,0.0
16.0,-1.3936245441436768,-0.9274085164070129,0.0
16.0,-1.3893219232559204,-0.9338418841362,0.0
16.0,-1.391608476638794,-0.9447486996650696,0.0
16.0,-1.38722562789917,-0.9511725306510925,0.0
16.0,-1.3910343647003174,-0.9632691144943237,0.0
16.0,-1.3865660429000854,-0.9696900844573975,0.0
16.0,-1.3886024951934814,-0.9807054400444031,0.0
16.0,-1.3889384269714355,-0.9905988574028015,0.0
16.0,-1.3843436241149902,-0.9970098733901978,0.0
16.0,-1.3861892223358154,-1.0081048011779785,0.0
16.0,-1.3815135955810547,-1.0145028829574585,0.0
16.0,-1.3880542516708374,-1.0292179584503174,0.0
16.0,-1.380078911781311,-1.0332270860671997,0.0
16.0,-1.3752871751785278,-1.039596676826477,0.0
16.0,-1.354567289352417,-1.0338101387023926,0.0
16.0,-1.3497731685638428,-1.0400617122650146,0.0
16.0,-1.3323215246200562,-1.0364667177200317,0.0
16.0,-1.3149322271347046,-1.0327329635620117,0.0
16.0,-1.3101434707641602,-1.0388013124465942,0.0
16.0,-1.2928354740142822,-1.034848928451538,0.0
16.0,-1.2880371809005737,-1.0408151149749756,0.0
16.0,-1.2692633867263794,-1.0353813171386719,0.0
16.0,-1.2505676746368408,-1.0297963619232178,0.0
16.0,-1.2457932233810425,-1.0355671644210815,0.0
16.0,-1.228735327720642,-1.0310312509536743,0.0
16.0,-1.2239553928375244,-1.0367010831832886,0.0
16.0,-1.2100284099578857,-1.0345507860183716,0.0
16.0,-1.2052323818206787,-1.040134072303772,0.0
16.0,-1.1883461475372314,-1.035185694694519,0.0
16.0,-1.1730337142944336,-1.0314242839813232,0.0
16.0,-1.1682524681091309,-1.0368366241455078,0.0
16.0,-1.1530184745788574,-1.0328854322433472,0.0
16.0,-1.1482306718826294,-1.0382052659988403,0.0
16.0,-1.1316001415252686,-1.032717227935791,0.0
16.0,-1.1179871559143066,-1.0298080444335938,0.0
16.0,-1.113214135169983,-1.0349658727645874,0.0
16.0,-1.0996664762496948,-1.0318902730941772,0.0
16.0,-1.084719181060791,-1.0273364782333374,0.0
16.0,-1.0799578428268433,-1.0323405265808105,0.0
16.0,-1.0679768323898315,-1.030379295349121,0.0
16.0,-1.0632015466690063,-1.0353058576583862,0.0
16.0,-1.0484187602996826,-1.0303971767425537,0.0
16.0,-1.043643593788147,-1.0352333784103394,0.0
16.0,-1.0303657054901123,-1.0315572023391724,0.0
16.0,-1.018551230430603,-1.0292022228240967,0.0
16.0,-1.013782024383545,-1.0339003801345825,0.0
16.0,-1.0020228624343872,-1.03140389919281,0.0
16.0,-0.9903087019920349,-1.0288209915161133,0.0
16.0,-0.9855414628982544,-1.033388614654541,0.0
16.0,-0.973885178565979,-1.030665636062622,0.0
16.0,-0.9691095948219299,-1.0351572036743164,0.0
16.0,-0.9575128555297852,-1.0322951078414917,0.0
16.0,-0.9527299404144287,-1.0367109775543213,0.0
16.0,-0.938501238822937,-1.0307528972625732,0.0
16.0,-0.9270274639129639,-1.0276556015014648,0.0
16.0,-0.9222663044929504,-1.0319305658340454,0.0
16.0,-0.9108561873435974,-1.0286966562271118,0.0
16.0,-0.9060904383659363,-1.032896876335144,0.0
16.0,-0.8947455883026123,-1.029527187347412,0.0
16.0,-0.884756326675415,-1.0275903940200806,0.0
16.0,-0.8799959421157837,-1.0316699743270874,0.0
16.0,-0.870053231716156,-1.029617190361023,0.0
16.0,-0.8652836680412292,-1.0336287021636963,0.0
16.0,-0.8553887605667114,-1.031460165977478,0.0
16.0,-0.844262957572937,-1.027677059173584,0.0
16.0,-0.8395025730133057,-1.031569480895996,0.0
16.0,-0.8284481763839722,-1.0276545286178589,0.0
16.0,-0.8236880898475647,-1.0314737558364868,0.0
16.0,-0.813947319984436,-1.0289965867996216,0.0
16.0,-0.8042471408843994,-1.0264514684677124,0.0
16.0,-0.7994928359985352,-1.0301588773727417,0.0
16.0,-0.789845883846283,-1.0275015830993652,0.0
16.0,-0.7850869297981262,-1.0311423540115356,0.0
16.0,-0.7766985893249512,-1.0299705266952515,0.0
16.0,-0.7671412229537964,-1.0271408557891846,0.0
16.0,-0.7623841762542725,-1.0306766033172607,0.0
16.0,-0.7528831958770752,-1.0277369022369385,0.0
16.0,-0.7481235265731812,-1.031206727027893,0.0
16.0,-0.7386800646781921,-1.0281574726104736,0.0
16.0,-0.7304403185844421,-1.0266727209091187,0.0
16.0,-0.7256858348846436,-1.030038833618164,0.0
16.0,-0.71748286485672,-1.0284620523452759,0.0
16.0,-0.7127202153205872,-1.0317683219909668,0.0
16.0,-0.7034260034561157,-1.028449296951294,0.0
16.0,-0.698663592338562,-1.0316904783248901,0.0
16.0,-0.6894311308860779,-1.0282649993896484,0.0
16.0,-0.6813514232635498,-1.026442527770996,0.0
16.0,-0.6765984892845154,-1.0295816659927368,0.0
16.0,-0.6674685478210449,-1.0259929895401,0.0
16.0,-0.6594693064689636,-1.0240236520767212,0.0
16.0,-0.6547278165817261,-1.0270615816116333,0.0
16.0,-0.6467704772949219,-1.025003433227539,0.0
16.0,-0.642024576663971,-1.0279827117919922,0.0
16.0,-0.6341102123260498,-1.0258363485336304,0.0
16.0,-0.6293606162071228,-1.028757095336914,0.0
16.0,-0.6225259304046631,-1.0282341241836548,0.0
16.0,-0.6146816611289978,-1.0259543657302856,0.0
16.0,-0.6099317073822021,-1.0287853479385376,0.0
16.0,-0.6021327972412109,-1.0264191627502441,0.0
16.0,-0.5973808765411377,-1.0291920900344849,0.0
16.0,-0.5896281599998474,-1.0267398357391357,0.0
16.0,-0.5819109082221985,-1.024238109588623,0.0
16.0,-0.5771692395210266,-1.0269174575805664,0.0
16.0,-0.5704716444015503,-1.0260790586471558,0.0
16.0,-0.5657215714454651,-1.0287055969238281,0.0
16.0,-0.5590481162071228,-1.0277962684631348,0.0
16.0,-0.5514478087425232,-1.0250860452651978,0.0
16.0,-0.5467025637626648,-1.0276246070861816,0.0
16.0,-0.5391520857810974,-1.0248311758041382,0.0
16.0,-0.5344080924987793,-1.027312994003296,0.0
16.0,-0.5278232097625732,-1.0262157917022705,0.0
16.0,-0.5212599039077759,-1.0250794887542725,0.0
16.0,-0.5165150165557861,-1.027478575706482,0.0
16.0,-0.5090890526771545,-1.0244824886322021,0.0
16.0,-0.5043470859527588,-1.0268253087997437,0.0
16.0,-0.49872082471847534,-1.0273468494415283,0.0
16.0,-0.49137043952941895,-1.024232029914856,0.0
16.0,-0.48662978410720825,-1.0264928340911865,0.0
16.0,-0.4793335795402527,-1.0232982635498047,0.0
16.0,-0.47459736466407776,-1.025503396987915,0.0
16.0,-0.4681878387928009,-1.024048924446106,0.0
16.0,-0.4618018865585327,-1.022557020187378,0.0
16.0,-0.4570693075656891,-1.0246812105178833,0.0
16.0,-0.4507143795490265,-1.023123025894165,0.0
16.0,-0.4459792673587799,-1.025195837020874,0.0
16.0,-0.43965595960617065,-1.023571491241455,0.0
16.0,-0.433357298374176,-1.0219106674194336,0.0
16.0,-0.42862799763679504,-1.0239033699035645,0.0
16.0,-0.42236196994781494,-1.0221772193908691,0.0
16.0,-0.4176315367221832,-1.0241190195083618,0.0
16.0,-0.41214555501937866,-1.0241835117340088,0.0
16.0,-0.4074059724807739,-1.0260781049728394,0.0
16.0,-0.4011988043785095,-1.0242263078689575,0.0
16.0,-0.39790078997612,-1.029801368713379,0.0
16.0,-0.3931353688240051,-1.031630039215088,0.0
16.0,-0.3876579999923706,-1.031564474105835,0.0
16.0,-0.38288456201553345,-1.0333456993103027,0.0
16.0,-0.37604427337646484,-1.0294691324234009,0.0
16.0,-0.37060314416885376,-1.0293149948120117,0.0
16.0,-0.36584025621414185,-1.0310174226760864,0.0
16.0,-0.3604094982147217,-1.0308098793029785,0.0
16.0,-0.35563981533050537,-1.0324652194976807,0.0
16.0,-0.3495773673057556,-1.0303105115890503,0.0
16.0,-0.3435423970222473,-1.028121829032898,0.0
16.0,-0.3387853503227234,-1.0296992063522339,0.0
16.0,-0.3334047794342041,-1.029351830482483,0.0
16.0,-0.3286421298980713,-1.0308823585510254,0.0
16.0,-0.32327380776405334,-1.030482530593872,0.0
16.0,-0.31850606203079224,-1.0319660902023315,0.0
16.0,-0.3125694990158081,-1.0296000242233276,0.0
16.0,-0.3072338104248047,-1.0291178226470947,0.0
16.0,-0.3024725317955017,-1.0305272340774536,0.0
16.0,-0.2971504032611847,-1.0299930572509766,0.0
16.0,-0.29238519072532654,-1.031355857849121,0.0
16.0,-0.2870771586894989,-1.0307700634002686,0.0
16.0,-0.28125306963920593,-1.0282279253005981,0.0
16.0,-0.27649617195129395,-1.0295172929763794,0.0
16.0,-0.270713746547699,-1.0269168615341187,0.0
16.0,-0.26546216011047363,-1.0262210369110107,0.0
16.0,-0.26071470975875854,-1.027437448501587,0.0
16.0,-0.25596168637275696,-1.0286318063735962,0.0
16.0,-0.2512032091617584,-1.0298042297363281,0.0
16.0,-0.24597439169883728,-1.029009461402893,0.0
16.0,-0.24121426045894623,-1.0301357507705688,0.0
16.0,-0.23600201308727264,-1.0292905569076538,0.0
16.0,-0.23036479949951172,-1.0264678001403809,0.0
16.0,-0.22561660408973694,-1.0275218486785889,0.0
16.0,-0.22044365108013153,-1.0265984535217285,0.0
16.0,-0.21569494903087616,-1.027606725692749,0.0
16.0,-0.21053984761238098,-1.0266337394714355,0.0
16.0,-0.20539836585521698,-1.0256351232528687,0.0
16.0,-0.2006542831659317,-1.026573896408081,0.0
16.0,-0.1959058940410614,-1.0274906158447266,0.0
16.0,-0.19115333259105682,-1.0283854007720947,0.0
16.0,-0.18604028224945068,-1.0272901058197021,0.0
16.0,-0.18128874897956848,-1.028139352798462,0.0
16.0,-0.1761951595544815,-1.026995301246643,0.0
16.0,-0.17111600935459137,-1.025826096534729,0.0
16.0,-0.1663714051246643,-1.0266063213348389,0.0
16.0,-0.16131243109703064,-1.0253888368606567,0.0
16.0,-0.1565699577331543,-1.0261236429214478,0.0
16.0,-0.15153160691261292,-1.0248581171035767,0.0
16.0,-0.14650830626487732,-1.0235679149627686,0.0
16.0,-0.14177440106868744,-1.024234414100647,0.0
16.0,-0.13677239418029785,-1.0228965282440186,0.0
16.0,-0.13204170763492584,-1.0235178470611572,0.0
16.0,-0.127308189868927,-1.0241174697875977,0.0
16.0,-0.12233441323041916,-1.0227092504501343,0.0
16.0,-0.11760473996400833,-1.023263931274414,0.0
16.0,-0.11287254840135574,-1.0237966775894165,0.0
16.0,-0.10813795030117035,-1.0243076086044312,0.0
16.0,-0.103200264275074,-1.0228067636489868,0.0
16.0,-0.09827876836061478,-1.0212821960449219,0.0
16.0,-0.09355594962835312,-1.0217256546020508,0.0
16.0,-0.08900429308414459,-1.0241397619247437,0.0
16.0,-0.08426836133003235,-1.0245403051376343,0.0
16.0,-0.07953062653541565,-1.0249189138412476,0.0
16.0,-0.07479120045900345,-1.025275707244873,0.0
16.0,-0.06991388648748398,-1.0236152410507202,0.0
16.0,-0.06518058478832245,-1.0239274501800537,0.0
16.0,-0.060445886105298996,-1.024217963218689,0.0
16.0,-0.055709902197122574,-1.0244864225387573,0.0
16.0,-0.050972722470760345,-1.024733066558838,0.0
16.0,-0.046144332736730576,-1.02295982837677,0.0
16.0,-0.04141431301832199,-1.0231622457504272,0.0
16.0,-0.03668341040611267,-1.0233427286148071,0.0
16.0,-0.031951725482940674,-1.0235013961791992,0.0
16.0,-0.02721935510635376,-1.0236382484436035,0.0
16.0,-0.02244248241186142,-1.0217535495758057,0.0
16.0,-0.017718294635415077,-1.0218462944030762,0.0
16.0,-0.012993729673326015,-1.0219173431396484,0.0
16.0,-0.008268886245787144,-1.0219664573669434,0.0
16.0,-0.0035438663326203823,-1.0219937562942505,0.0
16.0,0.0011812294833362103,-1.0219992399215698,0.0
16.0,0.005906300153583288,-1.0219829082489014,0.0
16.0,0.010631244629621506,-1.0219446420669556,0.0
16.0,0.01535596139729023,-1.021884560585022,0.0
16.0,0.02008035033941269,-1.0218026638031006,0.0
16.0,0.024804310873150826,-1.0216989517211914,0.0
16.0,0.029527738690376282,-1.0215733051300049,0.0
16.0,0.03425053879618645,-1.0214258432388306,0.0
16.0,0.038972605019807816,-1.0212565660476685,0.0
16.0,0.04369383677840233,-1.0210654735565186,0.0
16.0,0.048414137214422226,-1.0208525657653809,0.0
16.0,0.05313339829444885,-1.0206178426742554,0.0
16.0,0.05785152688622475,-1.020361304283142,0.0
16.0,0.062690868973732,-1.0220792293548584,0.0
16.0,0.06741565465927124,-1.0217784643173218,0.0
16.0,0.07213899493217468,-1.0214558839797974,0.0
16.0,0.07686079293489456,-1.0211113691329956,0.0
16.0,0.08158095180988312,-1.0207451581954956,0.0
16.0,0.0862993597984314,-1.0203570127487183,0.0
16.0,0.09101593494415283,-1.0199471712112427,0.0
16.0,0.09573055803775787,-1.0195153951644897,0.0
16.0,0.10044313222169876,-1.0190619230270386,0.0
16.0,0.10515356063842773,-1.0185866355895996,0.0
16.0,0.10986173897981644,-1.0180896520614624,0.0
16.0,0.11479133367538452,-1.0195581912994385,0.0
16.0,0.11950390785932541,-1.0190166234970093,0.0
16.0,0.12421392649412155,-1.0184532403945923,0.0
16.0,0.12866997718811035,-1.0158839225769043,0.0
16.0,0.13336540758609772,-1.0152782201766968,0.0
16.0,0.13832764327526093,-1.0166324377059937,0.0
16.0,0.1430264264345169,-1.0159820318222046,0.0
16.0,0.14801011979579926,-1.0172890424728394,0.0
16.0,0.15271183848381042,-1.0165938138961792,0.0
16.0,0.15741030871868134,-1.0158770084381104,0.0
16.0,0.16210539638996124,-1.0151383876800537,0.0
16.0,0.16679702699184418,-1.0143779516220093,0.0
16.0,0.17181871831417084,-1.0155678987503052,0.0
16.0,0.1768549680709839,-1.0167330503463745,0.0
16.0,0.18155381083488464,-1.0159045457839966,0.0
16.0,0.186248779296875,-1.0150543451309204,0.0
16.0,0.1909397542476654,-1.0141823291778564,0.0
16.0,0.1956266611814499,-1.0132887363433838,0.0
16.0,0.20069760084152222,-1.0143355131149292,0.0
16.0,0.20538510382175446,-1.0133967399597168,0.0
16.0,0.21047453582286835,-1.0143946409225464,0.0
16.0,0.2151622176170349,-1.0134106874465942,0.0
16.0,0.22026969492435455,-1.014359474182129,0.0
16.0,0.22495709359645844,-1.013330340385437,0.0
16.0,0.23052464425563812,-1.016180396080017,0.0
16.0,0.23567183315753937,-1.0170520544052124,0.0
16.0,0.24037152528762817,-1.0159515142440796,0.0
16.0,0.24553555250167847,-1.0167734622955322,0.0
16.0,0.25023385882377625,-1.015627384185791,0.0
16.0,0.255414217710495,-1.0163992643356323,0.0
16.0,0.2606070637702942,-1.0171449184417725,0.0
16.0,0.26530691981315613,-1.0159292221069336,0.0
16.0,0.27051541209220886,-1.0166245698928833,0.0
16.0,0.27521276473999023,-1.0153629779815674,0.0
16.0,0.28043636679649353,-1.016007661819458,0.0
16.0,0.28567177057266235,-1.0166256427764893,0.0
16.0,0.2903689742088318,-1.0152939558029175,0.0
16.0,0.29617756605148315,-1.0177812576293945,0.0
16.0,0.30087998509407043,-1.0164010524749756,0.0
16.0,0.305575966835022,-1.0149991512298584,0.0
16.0,0.3102654218673706,-1.0135754346847534,0.0
16.0,0.31494826078414917,-1.0121301412582397,0.0
16.0,0.3202274441719055,-1.0125702619552612,0.0
16.0,0.32490551471710205,-1.0110788345336914,0.0
16.0,0.33081793785095215,-1.0133683681488037,0.0
16.0,0.3354995846748352,-1.011828064918518,0.0
16.0,0.3414505422115326,-1.0140570402145386,0.0
16.0,0.3461352586746216,-1.0124675035476685,0.0
16.0,0.35212400555610657,-1.0146352052688599,0.0
16.0,0.35747572779655457,-1.0148828029632568,0.0
16.0,0.36216408014297485,-1.0132192373275757,0.0
16.0,0.3675265610218048,-1.0134141445159912,0.0
16.0,0.37220802903175354,-1.0117040872573853,0.0
16.0,0.37827998399734497,-1.0137200355529785,0.0
16.0,0.3836706280708313,-1.0138307809829712,0.0
16.0,0.3883538544178009,-1.0120460987091064,0.0
16.0,0.39375388622283936,-1.0121036767959595,0.0
16.0,0.3984290063381195,-1.0102723836898804,0.0
16.0,0.40383800864219666,-1.0102766752243042,0.0
16.0,0.41000640392303467,-1.0121060609817505,0.0
16.0,0.4146813750267029,-1.0101996660232544,0.0
16.0,0.42088353633880615,-1.0119649171829224,0.0
16.0,0.4255577027797699,-1.0100082159042358,0.0
16.0,0.433363139629364,-1.015387773513794,0.0
16.0,0.4380530118942261,-1.0133733749389648,0.0
16.0,0.4443376660346985,-1.0150015354156494,0.0
16.0,0.4498361647129059,-1.0147647857666016,0.0
16.0,0.4545229971408844,-1.01267409324646,0.0
16.0,0.4600274860858917,-1.0123826265335083,0.0
16.0,0.46470317244529724,-1.0102449655532837,0.0
16.0,0.4702131152153015,-1.0098987817764282,0.0
16.0,0.4774349331855774,-1.0131416320800781,0.0
16.0,0.4821139872074127,-1.0109233856201172,0.0
16.0,0.48939049243927,-1.0140873193740845,0.0
16.0,0.494073748588562,-1.0118138790130615,0.0
16.0,0.5014040470123291,-1.0148979425430298,0.0
16.0,0.5060909390449524,-1.0125689506530762,0.0
16.0,0.5125718712806702,-1.0137879848480225,0.0
16.0,0.5181641578674316,-1.0131880044937134,0.0
16.0,0.5228429436683655,-1.0107815265655518,0.0
16.0,0.5293647646903992,-1.0118976831436157,0.0
16.0,0.5340374708175659,-1.0094393491744995,0.0
16.0,0.5396422743797302,-1.0087231397628784,0.0
16.0,0.5471548438072205,-1.0114946365356445,0.0
16.0,0.5518255233764648,-1.0089541673660278,0.0
16.0,0.5593878030776978,-1.0116428136825562,0.0
16.0,0.5640590786933899,-1.0090458393096924,0.0
16.0,0.5716699957847595,-1.011650800704956,0.0
16.0,0.5763411521911621,-1.0089969635009766,0.0
16.0,0.5839999318122864,-1.0115176439285278,0.0
16.0,0.5916943550109863,-1.0139890909194946,0.0
16.0,0.5963760614395142,-1.0112426280975342,0.0
16.0,0.6020689606666565,-1.0101925134658813,0.0
16.0,0.6067330241203308,-1.0073981285095215,0.0
16.0,0.6134636402130127,-1.0079991817474365,0.0
16.0,0.6181174516677856,-1.0051521062850952,0.0
16.0,0.6248691082000732,-1.0056811571121216,0.0
16.0,0.6337655186653137,-1.0095570087432861,0.0
16.0,0.6384263038635254,-1.0066161155700684,0.0
16.0,0.6463103294372559,-1.008705496788025,0.0
16.0,0.6509670615196228,-1.005706548690796,0.0
16.0,0.6577989459037781,-1.0060341358184814,0.0
16.0,0.6657498478889465,-1.0079885721206665,0.0
16.0,0.670403003692627,-1.0048998594284058,0.0
16.0,0.6783947348594666,-1.006765365600586,0.0
16.0,0.6830421686172485,-1.0036181211471558,0.0
16.0,0.6899408102035522,-1.0037459135055542,0.0
16.0,0.7014172077178955,-1.0104029178619385,0.0
16.0,0.7060811519622803,-1.00714910030365,0.0
16.0,0.7141969799995422,-1.0087708234786987,0.0
16.0,0.7188532948493958,-1.0054579973220825,0.0
16.0,0.7258356213569641,-1.0053669214248657,0.0
16.0,0.7304760813713074,-1.002000331878662,0.0
16.0,0.7410290837287903,-1.0066657066345215,0.0
16.0,0.750447690486908,-1.009649634361267,0.0
16.0,0.7551077008247375,-1.0061691999435425,0.0
16.0,0.7633751630783081,-1.0074495077133179,0.0
16.0,0.7680248022079468,-1.0039093494415283,0.0
16.0,0.7775481939315796,-1.0066790580749512,0.0
16.0,0.7821941375732422,-1.0030733346939087,0.0
16.0,0.7917719483375549,-1.0057320594787598,0.0
16.0,0.8001465797424316,-1.0067578554153442,0.0
16.0,0.8047926425933838,-1.0030478239059448,0.0
16.0,0.8157156109809875,-1.0070868730545044,0.0
16.0,0.8203630447387695,-1.0033048391342163,0.0
16.0,0.8313586115837097,-1.0072134733200073,0.0
16.0,0.8360064029693604,-1.0033589601516724,0.0
16.0,0.8457857966423035,-1.0056054592132568,0.0
16.0,0.8543092608451843,-1.006258249282837,0.0
16.0,0.8589524626731873,-1.0022977590560913,0.0
16.0,0.8688110113143921,-1.004366159439087,0.0
16.0,0.8734452724456787,-1.0003385543823242,0.0
16.0,0.8846728801727295,-1.0037918090820312,0.0
16.0,0.8946214914321899,-1.005668044090271,0.0
16.0,0.899261474609375,-1.0015212297439575,0.0
16.0,0.910597562789917,-1.0047626495361328,0.0
16.0,0.9152332544326782,-1.0005418062210083,0.0
16.0,0.927989661693573,-1.005116581916809,0.0
16.0,0.9326267838478088,-1.0008153915405273,0.0
16.0,0.9440951347351074,-1.003777027130127,0.0
16.0,0.9556106925010681,-1.0066540241241455,0.0
16.0,0.9602546095848083,-1.0022250413894653,0.0
16.0,0.9746101498603821,-1.0078387260437012,0.0
16.0,0.9792593717575073,-1.0033220052719116,0.0
16.0,0.9965195655822754,-1.0116069316864014,0.0
16.0,1.0011858940124512,-1.0069888830184937,0.0
16.0,1.0199975967407227,-1.0164669752120972,0.0
16.0,1.0389180183410645,-1.025792121887207,0.0
16.0,1.043649435043335,-1.0209778547286987,0.0
16.0,1.0655919313430786,-1.0328454971313477,0.0
16.0,1.070355772972107,-1.0279077291488647,0.0
16.0,1.0895859003067017,-1.0367344617843628,0.0
16.0,1.1089203357696533,-1.0454051494598389,0.0
16.0,1.1137417554855347,-1.040266990661621,0.0
16.0,1.1346862316131592,-1.050049066543579,0.0
16.0,1.1395288705825806,-1.0447918176651,0.0
16.0,1.1621119976043701,-1.0556495189666748,0.0
16.0,1.166980266571045,-1.0502653121948242,0.0
16.0,1.1882439851760864,-1.0595000982284546,0.0
16.0,1.2096176147460938,-1.068560242652893,0.0
16.0,1.2145450115203857,-1.0629563331604004,0.0
16.0,1.2390906810760498,-1.0743622779846191,0.0
16.0,1.244044542312622,-1.0686219930648804,0.0
16.0,1.2702958583831787,-1.081005334854126,0.0
16.0,1.2752801179885864,-1.0751206874847412,0.0
16.0,1.297122836112976,-1.0833154916763306,0.0
16.0,1.3021175861358643,-1.077306866645813,0.0
16.0,1.1709620952606201,-0.9597103595733643,0.0
16.0,1.175386667251587,-0.9542863368988037,0.0
16.0,1.1797860860824585,-0.9488418698310852,0.0
16.0,1.1841603517532349,-0.9433771371841431,0.0
16.0,1.2104896306991577,-0.9552376866340637,0.0
16.0,1.214893102645874,-0.9496309161186218,0.0
16.0,1.2192705869674683,-0.9440038800239563,0.0
16.0,1.2236220836639404,-0.9383566379547119,0.0
16.0,1.2502447366714478,-0.9496253132820129,0.0
16.0,1.2785954475402832,-0.9618698954582214,0.0
16.0,1.2830288410186768,-0.9559481739997864,0.0
16.0,1.3115742206573486,-0.9678186178207397,0.0
16.0,1.3160347938537598,-0.9617444276809692,0.0
16.0,1.348010778427124,-0.9755834341049194,0.0
16.0,1.3525068759918213,-0.9693406224250793,0.0
16.0,1.3863316774368286,-0.9839129447937012,0.0
16.0,1.3908658027648926,-0.9774929285049438,0.0
16.0,1.4199944734573364,-0.9881881475448608,0.0
16.0,1.4476042985916138,-0.9974998235702515,0.0
16.0,1.4522006511688232,-0.9907963275909424,0.0
16.0,1.4783108234405518,-0.998625636100769,0.0
16.0,1.4829120635986328,-0.9917802214622498,0.0
16.0,1.5058249235153198,-0.9970592856407166,0.0
16.0,1.5104186534881592,-0.9900866746902466,0.0
16.0,1.5317572355270386,-0.993979811668396,0.0
16.0,1.5632601976394653,-1.00418221950531,0.0
16.0,1.5678861141204834,-0.9969438910484314,0.0
16.0,1.580941915512085,-0.9950109720230103,0.0
16.0,1.5855252742767334,-0.9876910448074341,0.0
16.0,1.5781577825546265,-0.9730026125907898,0.0
16.0,1.5741031169891357,-0.9604870676994324,0.0
16.0,1.5785269737243652,-0.9531991481781006,0.0
16.0,1.5743329524993896,-0.9407612681388855,0.0
16.0,1.5786656141281128,-0.9334725141525269,0.0
16.0,1.5760595798492432,-0.9221237897872925,0.0
16.0,1.5733823776245117,-0.9108192324638367,0.0
16.0,1.5775766372680664,-0.9035351276397705,0.0
16.0,1.5886975526809692,-0.9001755714416504,0.0
16.0,1.5928423404693604,-0.8928208351135254,0.0
16.0,1.6109462976455688,-0.8932055830955505,0.0
16.0,1.6150586605072021,-0.885748028755188,0.0
16.0,1.6367167234420776,-0.8878075480461121,0.0
16.0,1.656665563583374,-0.8887401819229126,0.0
16.0,1.6607568264007568,-0.8810712695121765,0.0
16.0,1.6772102117538452,-0.8798875212669373,0.0
16.0,1.681260347366333,-0.8721237182617188,0.0
16.0,1.4581739902496338,-0.7057823538780212,0.0
16.0,1.4614214897155762,-0.6990331411361694,0.0
16.0,1.4646377563476562,-0.692268967628479,0.0
16.0,1.4678226709365845,-0.6854900121688843,0.0
16.0,1.4873204231262207,-0.6862374544143677,0.0
16.0,1.4904773235321045,-0.6793537139892578,0.0
16.0,1.5081918239593506,-0.6790239810943604,0.0
16.0,1.511315107345581,-0.6720438003540039,0.0
16.0,1.5272244215011597,-0.6706783771514893,0.0
16.0,1.5303088426589966,-0.6636102795600891,0.0
16.0,1.5480692386627197,-0.6628256440162659,0.0
16.0,1.5603280067443848,-0.6595547199249268,0.0
16.0,1.5633606910705566,-0.6523337364196777,0.0
16.0,1.5682092905044556,-0.6458603739738464,0.0
16.0,1.5711785554885864,-0.6386030316352844,0.0
16.0,1.5685455799102783,-0.629098653793335,0.0
16.0,1.5714373588562012,-0.6218399405479431,0.0
16.0,1.5687062740325928,-0.6123860478401184,0.0
16.0,1.5659215450286865,-0.6029707193374634,0.0
16.0,1.5686925649642944,-0.5957244634628296,0.0
16.0,1.5658111572265625,-0.586361289024353,0.0
16.0,1.5685054063796997,-0.5791156888008118,0.0
16.0,1.567407250404358,-0.5704895853996277,0.0
16.0,1.5662630796432495,-0.5618861317634583,0.0
16.0,1.568844199180603,-0.5546387434005737,0.0
16.0,1.565725564956665,-0.5454056859016418,0.0
16.0,1.5682305097579956,-0.5381609201431274,0.0
16.0,1.5650177001953125,-0.5289834141731262,0.0
16.0,1.563651442527771,-0.5204788446426392,0.0
16.0,1.566041111946106,-0.5132439136505127,0.0
16.0,1.564590573310852,-0.5047699213027954,0.0
16.0,1.566907525062561,-0.49753081798553467,0.0
16.0,1.5653730630874634,-0.48908817768096924,0.0
16.0,1.5676175355911255,-0.4818456470966339,0.0
16.0,1.5640852451324463,-0.4728564918041229,0.0
16.0,1.5624206066131592,-0.46448028087615967,0.0
16.0,1.5645513534545898,-0.4572516679763794,0.0
16.0,1.5628042221069336,-0.4489089548587799,0.0
16.0,1.5629380941390991,-0.441135436296463,0.0
16.0,1.5649608373641968,-0.4339046776294708,0.0
16.0,1.5630908012390137,-0.42561376094818115,0.0
16.0,1.5650418996810913,-0.418382465839386,0.0
16.0,1.5630905628204346,-0.41012707352638245,0.0
16.0,1.5649700164794922,-0.4028959274291992,0.0
16.0,1.560998558998108,-0.39418715238571167,0.0
16.0,1.5511561632156372,-0.3840816617012024,0.0
16.0,1.552915334701538,-0.37690597772598267,0.0
16.0,1.5410211086273193,-0.3664831221103668,0.0
16.0,1.5426990985870361,-0.35935449600219727,0.0
16.0,1.54629385471344,-0.3526628911495209,0.0
16.0,1.5788816213607788,-0.15009528398513794,0.0
16.0,1.5795587301254272,-0.1427939236164093,0.0
16.0,1.5802019834518433,-0.13548950850963593,0.0
16.0,1.580811619758606,-0.12818220257759094,0.0
16.0,1.5654339790344238,-0.11965276300907135,0.0
16.0,1.5659704208374023,-0.11241389811038971,0.0
16.0,1.5584913492202759,-0.10463672131299973,0.0
16.0,1.5549662113189697,-0.09718061238527298,0.0
16.0,1.5553988218307495,-0.08999038487672806,0.0
16.0,1.5577954053878784,-0.08290452510118484,0.0
16.0,1.5581620931625366,-0.07570137083530426,0.0
16.0,1.564489722251892,-0.06876004487276077,0.0
16.0,1.572784662246704,-0.06184040382504463,0.0
16.0,1.5730538368225098,-0.05456817150115967,0.0
16.0,1.5832847356796265,-0.047595251351594925,0.0
16.0,1.583487868309021,-0.04027462750673294,0.0
16.0,1.593654990196228,-0.03316117823123932,0.0
16.0,1.5937912464141846,-0.025792764499783516,0.0
16.0,1.6038928031921387,-0.01853938028216362,0.0
16.0,1.6159611940383911,-0.01120700966566801,0.0
16.0,1.6159957647323608,-0.0037356994580477476,0.0
16.0,1.6239956617355347,0.0037541838828474283,0.0
16.0,1.6239608526229858,0.011262480169534683,0.0
16.0,1.6318910121917725,0.018863001838326454,0.0
16.0,1.643784761428833,0.026601815596222878,0.0
16.0,1.6436442136764526,0.03420136123895645,0.0
16.0,1.6554646492004395,0.042105283588171005,0.0
16.0,1.6552523374557495,0.0497586615383625,0.0
16.0,1.6669973134994507,0.05782699957489967,0.0
16.0,1.6667121648788452,0.06553353369235992,0.0
16.0,1.6743836402893066,0.07358992844820023,0.0
16.0,1.4285399913787842,0.2365950644016266,0.0
16.0,1.4274308681488037,0.24319720268249512,0.0
16.0,1.4262912273406982,0.2497941553592682,0.0
16.0,1.4251210689544678,0.2563857436180115,0.0
16.0,1.4357210397720337,0.2651512324810028,0.0
16.0,1.434479832649231,0.27178627252578735,0.0
16.0,1.4332078695297241,0.2784155011177063,0.0
16.0,1.4436744451522827,0.28738152980804443,0.0
16.0,1.4423303604125977,0.2940531075000763,0.0
16.0,1.4546600580215454,0.3035784959793091,0.0
16.0,1.453240990638733,0.31030067801475525,0.0
16.0,1.4674224853515625,0.32042959332466125,0.0
16.0,1.4776371717453003,0.329824835062027,0.0
16.0,1.476096510887146,0.3366529941558838,0.0
16.0,1.4862112998962402,0.3461962938308716,0.0
16.0,1.4845948219299316,0.3530639111995697,0.0
16.0,1.49849534034729,0.36369776725769043,0.0
16.0,1.496797800064087,0.3706219792366028,0.0
16.0,1.516398549079895,0.3829246461391449,0.0
16.0,1.5378541946411133,0.39591506123542786,0.0
16.0,1.536007285118103,0.4030208885669708,0.0
16.0,1.5592453479766846,0.41683289408683777,0.0
16.0,1.5573015213012695,0.4240373969078064,0.0
16.0,1.5745973587036133,0.4365764856338501,0.0
16.0,1.5879604816436768,0.44819796085357666,0.0
16.0,1.5858713388442993,0.4555349051952362,0.0
16.0,1.5971862077713013,0.4667894244194031,0.0
16.0,1.5950109958648682,0.4741688370704651,0.0
16.0,1.6062026023864746,0.48558947443962097,0.0
16.0,1.6039403676986694,0.49301037192344666,0.0
16.0,1.6169158220291138,0.5051922798156738,0.0
16.0,1.627906322479248,0.5168993473052979,0.0
16.0,1.6254990100860596,0.5244202613830566,0.0
16.0,1.6363608837127686,0.5362900495529175,0.0
16.0,1.633863925933838,0.5438498258590698,0.0
16.0,1.6445949077606201,0.5558808445930481,0.0
16.0,1.6420072317123413,0.5634784698486328,0.0
16.0,1.652605414390564,0.5756694674491882,0.0
16.0,1.6612399816513062,0.5873036980628967,0.0
16.0,1.6585068702697754,0.5949779748916626,0.0
16.0,1.4409235715866089,0.532010555267334,0.0
16.0,1.4384485483169556,0.5386667847633362,0.0
16.0,1.4359426498413086,0.5453115105628967,0.0
16.0,1.433406114578247,0.5519446134567261,0.0
16.0,1.4457435607910156,0.5643842816352844,0.0
16.0,1.4598560333251953,0.5776855945587158,0.0
16.0,1.457169532775879,0.5844289064407349,0.0
16.0,1.4692742824554443,0.5971841812133789,0.0
16.0,1.466497540473938,0.6039708256721497,0.0
16.0,1.478455662727356,0.616905927658081,0.0
16.0,1.4755876064300537,0.6237347722053528,0.0
16.0,1.491073727607727,0.6384223103523254,0.0
16.0,1.50829017162323,0.6540619730949402,0.0
16.0,1.505250096321106,0.6610283851623535,0.0
16.0,1.5186249017715454,0.6752942204475403,0.0
16.0,1.515486478805542,0.6823081970214844,0.0
16.0,1.525054931640625,0.695114016532898,0.0
16.0,1.521824836730957,0.7021574974060059,0.0
16.0,1.5276228189468384,0.7134173512458801,0.0
16.0,1.5279245376586914,0.7221818566322327,0.0
16.0,1.5245693922042847,0.7292382717132568,0.0
16.0,1.52658212184906,0.7388931512832642,0.0
16.0,1.5231496095657349,0.7459431886672974,0.0
16.0,1.5268528461456299,0.7565290927886963,0.0
16.0,1.528702735900879,0.7662689089775085,0.0
16.0,1.5251436233520508,0.7733284831047058,0.0
16.0,1.5251110792160034,0.7821969389915466,0.0
16.0,1.5214784145355225,0.7892397046089172,0.0
16.0,1.523126482963562,0.7990530729293823,0.0
16.0,1.5194158554077148,0.8060864806175232,0.0
16.0,1.5227224826812744,0.8168845772743225,0.0
16.0,1.5259613990783691,0.8277303576469421,0.0
16.0,1.5221182107925415,0.8347765803337097,0.0
16.0,1.5217407941818237,0.8437446355819702,0.0
16.0,1.517823576927185,0.8507711887359619,0.0
16.0,1.5121338367462158,0.8567936420440674,0.0
16.0,1.5046852827072144,0.8617876172065735,0.0
16.0,1.5006848573684692,0.868735134601593,0.0
16.0,1.4776637554168701,0.8645541667938232,0.0
16.0,1.4736508131027222,0.8713767528533936,0.0
16.0,1.2532029151916504,1.1278645992279053,0.0
16.0,1.2479749917984009,1.1336464881896973,0.0
16.0,1.242720365524292,1.139404296875,0.0
16.0,1.2374391555786133,1.1451376676559448,0.0
16.0,1.2219003438949585,1.141290307044983,0.0
16.0,1.2166106700897217,1.1469274759292603,0.0
16.0,1.2112950086593628,1.1525399684906006,0.0
16.0,1.200183391571045,1.1525866985321045,0.0
16.0,1.194841742515564,1.158123254776001,0.0
16.0,1.1866151094436646,1.1608377695083618,0.0
16.0,1.1755427122116089,1.1606907844543457,0.0
16.0,1.170163869857788,1.1661133766174316,0.0
16.0,1.1548892259597778,1.1615829467773438,0.0
16.0,1.1495064496994019,1.1669100522994995,0.0
16.0,1.1343203783035278,1.1621931791305542,0.0
16.0,0.9496188759803772,1.3026005029678345,0.0
16.0,0.9435863494873047,1.3069769144058228,0.0
16.0,0.9375336170196533,1.3113255500793457,0.0
16.0,0.9314608573913574,1.3156460523605347,0.0
16.0,0.9196276664733887,1.3117502927780151,0.0
16.0,0.9135531187057495,1.3159880638122559,0.0
16.0,0.9040603041648865,1.3152531385421753,0.0
16.0,0.8979697227478027,1.3194189071655273,0.0
16.0,0.8907423615455627,1.3218978643417358,0.0
16.0,0.8835113048553467,1.3243381977081299,0.0
16.0,0.8773789405822754,1.3284088373184204,0.0
16.0,0.8701333403587341,1.3307772874832153,0.0
16.0,0.8639713525772095,1.3347859382629395,0.0
16.0,0.8567119836807251,1.3370821475982666,0.0
16.0,0.8505209684371948,1.3410288095474243,0.0
16.0,0.8443118333816528,1.3449467420578003,0.0
16.0,0.8380845785140991,1.3488359451293945,0.0
16.0,0.8318394422531128,1.3526962995529175,0.0
16.0,0.8245367407798767,1.3548191785812378,0.0
16.0,0.8182640671730042,1.358616828918457,0.0
16.0,0.8119739294052124,1.3623855113983154,0.0
16.0,0.8046504855155945,1.3644022941589355,0.0
16.0,0.7983337640762329,1.3681079149246216,0.0
16.0,0.7919999361038208,1.3717842102050781,0.0
16.0,0.7856492400169373,1.3754312992095947,0.0
16.0,0.7792816758155823,1.3790489435195923,0.0
16.0,0.7728975415229797,1.3826371431350708,0.0
16.0,0.7664967775344849,1.3861957788467407,0.0
16.0,0.7610393762588501,1.3914793729782104,0.0
16.0,0.7545979619026184,1.3949830532073975,0.0
16.0,0.7481403350830078,1.3984569311141968,0.0
16.0,0.7416667342185974,1.4019010066986084,0.0
16.0,0.7351773381233215,1.4053149223327637,0.0
16.0,0.7277532815933228,1.4069225788116455,0.0
16.0,0.7212408185005188,1.410272240638733,0.0
16.0,0.47828006744384766,0.9459640979766846,0.0
16.0,0.4739013910293579,0.948165237903595,0.0
16.0,0.46951261162757874,0.9503461122512817,0.0
16.0,0.46335867047309875,0.9489123821258545,0.0
16.0,0.45896655321121216,0.9510445594787598,0.0
16.0,0.4545646011829376,0.9531563520431519,0.0
16.0,0.4501529633998871,0.9552477598190308,0.0
16.0,0.4440433084964752,0.953692615032196,0.0
16.0,0.43795767426490784,0.9521013498306274,0.0
16.0,0.4335510730743408,0.9541160464286804,0.0
16.0,0.4274972975254059,0.9524610638618469,0.0
16.0,0.4230891466140747,0.9544273614883423,0.0
16.0,0.41706782579421997,0.9527089595794678,0.0
16.0,0.4110715091228485,0.9509554505348206,0.0
16.0,0.4066705107688904,0.9528458118438721,0.0
16.0,0.4007076323032379,0.9510295987129211,0.0
16.0,0.3963063955307007,0.9528720378875732,0.0
16.0,0.3903777003288269,0.9509938359260559,0.0
16.0,0.3852258324623108,0.950934886932373,0.0
16.0,0.3808251619338989,0.9527057409286499,0.0
16.0,0.3749488592147827,0.9507350921630859,0.0
16.0,0.3705492615699768,0.9524585008621216,0.0
16.0,0.36470869183540344,0.9504270553588867,0.0
16.0,0.35960274934768677,0.9502325654029846,0.0
16.0,0.35520562529563904,0.9518849849700928,0.0
16.0,0.3494197726249695,0.9497630000114441,0.0
16.0,0.3450249433517456,0.9513683319091797,0.0
16.0,0.3399495482444763,0.9510700702667236,0.0
16.0,0.33421990275382996,0.9488588571548462,0.0
16.0,0.3298293948173523,0.9503939747810364,0.0
16.0,0.3247848153114319,0.9500161409378052,0.0
16.0,0.320389062166214,0.9515076279640198,0.0
16.0,0.3153570294380188,0.9510803818702698,0.0
16.0,0.30909445881843567,0.9468244910240173,0.0
16.0,0.304713636636734,0.9482434391975403,0.0
16.0,0.29972323775291443,0.9477351903915405,0.0
16.0,0.29533830285072327,0.9491108059883118,0.0
16.0,0.2897762358188629,0.9466413259506226,0.0
16.0,0.2853964567184448,0.9479709267616272,0.0
16.0,0.28101059794425964,0.9492802619934082,0.0
16.0,0.2760598659515381,0.948648989200592,0.0
16.0,0.27167096734046936,0.9499151706695557,0.0
16.0,0.2661941647529602,0.9473102688789368,0.0
16.0,0.2618115544319153,0.9485308527946472,0.0
16.0,0.2569001317024231,0.9478007555007935,0.0
16.0,0.25148674845695496,0.9451128840446472,0.0
16.0,0.24711446464061737,0.9462655186653137,0.0
16.0,0.24273689091205597,0.9473978877067566,0.0
16.0,0.23835411667823792,0.9485100507736206,0.0
16.0,0.2334877997636795,0.947659969329834,0.0
16.0,0.22863443195819855,0.9467852115631104,0.0
16.0,0.22425465285778046,0.9478321671485901,0.0
16.0,0.21896712481975555,0.9449621438980103,0.0
16.0,0.21459588408470154,0.9459643959999084,0.0
16.0,0.21022003889083862,0.9469464421272278,0.0
16.0,0.2054152935743332,0.9459537863731384,0.0
16.0,0.20103959739208221,0.9468933939933777,0.0
16.0,0.19625328481197357,0.9458544850349426,0.0
16.0,0.19187815487384796,0.9467517137527466,0.0
16.0,0.18711072206497192,0.9456667304039001,0.0
16.0,0.18235743045806885,0.9445579648017883,0.0
16.0,0.1779884397983551,0.9453909993171692,0.0
16.0,0.17325468361377716,0.9442366361618042,0.0
16.0,0.16888727247714996,0.9450275301933289,0.0
16.0,0.16451625525951385,0.9457982778549194,0.0
16.0,0.160141721367836,0.9465487599372864,0.0
16.0,0.15543925762176514,0.945305585861206,0.0
16.0,0.15075170993804932,0.9440391063690186,0.0
16.0,0.14638546109199524,0.9447259902954102,0.0
16.0,0.14201606810092926,0.9453927278518677,0.0
16.0,0.13764365017414093,0.9460391998291016,0.0
16.0,0.13298949599266052,0.9446850419044495,0.0
16.0,0.12835079431533813,0.9433080554008484,0.0
16.0,0.12398815900087357,0.9438914060592651,0.0
16.0,0.11962287127971649,0.944454550743103,0.0
16.0,0.11525502800941467,0.9449975490570068,0.0
16.0,0.11065176874399185,0.9435338973999023,0.0
16.0,0.10606451332569122,0.9420479536056519,0.0
16.0,0.10170794278383255,0.942528247833252,0.0
16.0,0.09734919667243958,0.942988395690918,0.0
16.0,0.09298837184906006,0.9434283971786499,0.0
16.0,0.08862555772066116,0.9438482522964478,0.0
16.0,0.08426084369421005,0.9442479014396667,0.0
16.0,0.07972577959299088,0.9426344633102417,0.0
16.0,0.0753667801618576,0.9429929852485657,0.0
16.0,0.0710061639547348,0.9433313608169556,0.0
16.0,0.06664403527975082,0.9436495900154114,0.0
16.0,0.062280476093292236,0.9439476132392883,0.0
16.0,0.05779314786195755,0.9422292709350586,0.0
16.0,0.05343625321984291,0.9424864053726196,0.0
16.0,0.049078214913606644,0.9427233338356018,0.0
16.0,0.04471912980079651,0.9429401755332947,0.0
16.0,0.04035909101366997,0.9431368708610535,0.0
16.0,0.035921916365623474,0.9413148164749146,0.0
16.0,0.03156948462128639,0.9414708018302917,0.0
16.0,0.02721637673676014,0.9416067004203796,0.0
16.0,0.022862685844302177,0.9417225122451782,0.0
16.0,0.018508508801460266,0.941818118095398,0.0
16.0,0.014153935015201569,0.9418936371803284,0.0
16.0,0.009799058549106121,0.9419490098953247,0.0
16.0,0.005443972535431385,0.941984236240387,0.0
16.0,0.0010887705720961094,0.9419993162155151,0.0
16.0,-0.0032664549071341753,0.941994309425354,0.0
16.0,-0.007621610537171364,0.9419691562652588,0.0
16.0,-0.011976603418588638,0.9419238567352295,0.0
16.0,-0.01633133925497532,0.9418584108352661,0.0
16.0,-0.020685726776719093,0.9417728185653687,0.0
16.0,-0.0250396728515625,0.9416671395301819,0.0
16.0,-0.029330678284168243,0.939542293548584,0.0
16.0,-0.0336742177605629,0.9393966197967529,0.0
16.0,-0.03809792548418045,0.9412292242050171,0.0
16.0,-0.04244917258620262,0.9410430192947388,0.0
16.0,-0.04679951071739197,0.9408367276191711,0.0
16.0,-0.05114884674549103,0.9406102895736694,0.0
16.0,-0.05549709498882294,0.9403637647628784,0.0
16.0,-0.05984415113925934,0.9400971531867981,0.0
16.0,-0.06418993324041367,0.9398103952407837,0.0
16.0,-0.06853433698415756,0.9395036101341248,0.0
16.0,-0.07287728041410446,0.9391766786575317,0.0
16.0,-0.0772186666727066,0.9388297200202942,0.0
16.0,-0.08173156529664993,0.9404551982879639,0.0
16.0,-0.08607876300811768,0.9400672912597656,0.0
16.0,-0.09042412787675858,0.9396592378616333,0.0
16.0,-0.09476755559444427,0.9392311573028564,0.0
16.0,-0.09910895675420761,0.9387829303741455,0.0
16.0,-0.10366740822792053,0.9403026103973389,0.0
16.0,-0.10801366716623306,0.9398132562637329,0.0
16.0,-0.11235762387514114,0.9393038749694824,0.0
16.0,-0.11694590002298355,0.9407591223716736,0.0
16.0,-0.12129412591457367,0.940208375453949,0.0
16.0,-0.12563976645469666,0.9396375417709351,0.0
16.0,-0.12998270988464355,0.9390466213226318,0.0
16.0,-0.1343228816986084,0.9384356141090393,0.0
16.0,-0.13866019248962402,0.9378045797348022,0.0
16.0,-0.14359788596630096,0.9411076903343201,0.0
16.0,-0.14794743061065674,0.9404337406158447,0.0
16.0,-0.1522938311100006,0.9397396445274353,0.0
16.0,-0.1563078910112381,0.9370527267456055,0.0
16.0,-0.16063857078552246,0.9363200664520264,0.0
16.0,-0.16600769758224487,0.9414761662483215,0.0
16.0,-0.17035871744155884,0.9406986236572266,0.0
16.0,-0.1747061014175415,0.9399009346961975,0.0
16.0,-0.17904974520206451,0.9390831589698792,0.0
16.0,-0.1833895593881607,0.9382452964782715,0.0
16.0,-0.18811818957328796,0.9393484592437744,0.0
16.0,-0.1928609311580658,0.9404278993606567,0.0
16.0,-0.19720681011676788,0.9395262002944946,0.0
16.0,-0.2015484869480133,0.9386043548583984,0.0
16.0,-0.2058858424425125,0.9376624822616577,0.0
16.0,-0.21021881699562073,0.9367005825042725,0.0
16.0,-0.2145472764968872,0.9357186555862427,0.0
16.0,-0.2193271517753601,0.9366641044616699,0.0
16.0,-0.22458532452583313,0.9395304322242737,0.0
16.0,-0.22892671823501587,0.9384820461273193,0.0
16.0,-0.23374615609645844,0.939354419708252,0.0
16.0,-0.23808665573596954,0.9382636547088623,0.0
16.0,-0.24292293190956116,0.9390891790390015,0.0
16.0,-0.24777190387248993,0.9398899078369141,0.0
16.0,-0.2521147131919861,0.9387343525886536,0.0
16.0,-0.2569798231124878,0.9394878149032593,0.0
16.0,-0.26132068037986755,0.9382896423339844,0.0
16.0,-0.2662014365196228,0.9389956593513489,0.0
16.0,-0.27109429240226746,0.9396764636039734,0.0
16.0,-0.2754358649253845,0.9384130239486694,0.0
16.0,-0.2803437113761902,0.9390460252761841,0.0
16.0,-0.2846822738647461,0.9377398490905762,0.0
16.0,-0.2896045744419098,0.9383246898651123,0.0
16.0,-0.2939396798610687,0.9369757175445557,0.0
16.0,-0.298876017332077,0.937512218952179,0.0
16.0,-0.30320730805397034,0.9361203908920288,0.0
16.0,-0.30815714597702026,0.9366083145141602,0.0
16.0,-0.31311798095703125,0.9370704889297485,0.0
16.0,-0.31744706630706787,0.9356127977371216,0.0
16.0,-0.32242071628570557,0.9360260963439941,0.0
16.0,-0.32674485445022583,0.9345254302024841,0.0
16.0,-0.33173084259033203,0.9348896145820618,0.0
16.0,-0.33740466833114624,0.9371094107627869,0.0
16.0,-0.3417336642742157,0.9355394840240479,0.0
16.0,-0.34675025939941406,0.9358249306678772,0.0
16.0,-0.3510732352733612,0.934211790561676,0.0
16.0,-0.3561008870601654,0.9344475269317627,0.0
16.0,-0.3618590235710144,0.9365222454071045,0.0
16.0,-0.3661850392818451,0.9348392486572266,0.0
16.0,-0.37197938561439514,0.9368540048599243,0.0
16.0,-0.37630683183670044,0.9351241588592529,0.0
16.0,-0.38213664293289185,0.9370781779289246,0.0
16.0,-0.38646501302719116,0.9353014230728149,0.0
16.0,-0.3915574550628662,0.9353495836257935,0.0
16.0,-0.3974393904209137,0.937211811542511,0.0
16.0,-0.40176820755004883,0.9353642463684082,0.0
16.0,-0.4068862497806549,0.9353306889533997,0.0
16.0,-0.41120630502700806,0.9334395527839661,0.0
16.0,-0.41633227467536926,0.933354914188385,0.0
16.0,-0.4222894310951233,0.9350655674934387,0.0
16.0,-0.4266080856323242,0.9331032037734985,0.0
16.0,-0.4325975775718689,0.9347509145736694,0.0
16.0,-0.4369146525859833,0.9327408671379089,0.0
16.0,-0.44293591380119324,0.9343253374099731,0.0
16.0,-0.4472509026527405,0.9322674870491028,0.0
16.0,-0.45330315828323364,0.9337881207466125,0.0
16.0,-0.4584972858428955,0.9334774613380432,0.0
16.0,-0.46280819177627563,0.931347668170929,0.0
16.0,-0.4698041081428528,0.9345588088035583,0.0
16.0,-0.4741199016571045,0.9323767423629761,0.0
16.0,-0.4802550673484802,0.933731734752655,0.0
16.0,-0.48456692695617676,0.9315013885498047,0.0
16.0,-0.49073082208633423,0.9327911138534546,0.0
16.0,-0.49691689014434814,0.9340436458587646,0.0
16.0,-0.501230001449585,0.9317362308502197,0.0
16.0,-0.506488025188446,0.9311658143997192,0.0
16.0,-0.5107877254486084,0.928814172744751,0.0
16.0,-1.0981820821762085,1.9752458333969116,0.0
16.0,-1.1073026657104492,1.9701473712921143,0.0
16.0,-1.1163995265960693,1.9650068283081055,0.0
16.0,-1.1254725456237793,1.9598243236541748,0.0
16.0,-1.1385375261306763,1.9615187644958496,0.0
16.0,-1.1475942134857178,1.9562338590621948,0.0
16.0,-1.1566263437271118,1.9509072303771973,0.0
16.0,-1.1656336784362793,1.945538878440857,0.0
16.0,-1.1787595748901367,1.9469724893569946,0.0
16.0,-1.1919233798980713,1.9483259916305542,0.0
16.0,-1.200918436050415,1.9427945613861084,0.0
16.0,-1.2162445783615112,1.947399616241455,0.0
16.0,-1.225235104560852,1.9417556524276733,0.0
16.0,-1.2406500577926636,1.946189045906067,0.0
16.0,-1.253966212272644,1.9471580982208252,0.0
16.0,-1.2629551887512207,1.9413397312164307,0.0
16.0,-1.2785075902938843,1.945508360862732,0.0
16.0,-1.2874886989593506,1.939576506614685,0.0
16.0,-1.3031249046325684,1.9435701370239258,0.0
16.0,-1.318825602531433,1.947460651397705,0.0
16.0,-1.3278154134750366,1.9413424730300903,0.0
16.0,-1.3435970544815063,1.9450560808181763,0.0
16.0,-1.352575421333313,1.9388233423233032,0.0
16.0,-1.3684360980987549,1.9423589706420898,0.0
16.0,-1.384358286857605,1.9457893371582031,0.0
16.0,-1.3933396339416504,1.9393681287765503,0.0
16.0,-1.4093378782272339,1.9426186084747314,0.0
16.0,-1.4183043241500854,1.9360820055007935,0.0
16.0,-1.4343764781951904,1.9391512870788574,0.0
16.0,-1.4433265924453735,1.9324989318847656,0.0
16.0,-1.4594709873199463,1.9353864192962646,0.0
16.0,-1.475672721862793,1.9381657838821411,0.0
16.0,-1.484617829322815,1.931322455406189,0.0
16.0,-1.503340721130371,1.9370777606964111,0.0
16.0,-1.5122805833816528,1.930106520652771,0.0
16.0,-1.5236696004867554,1.9262313842773438,0.0
16.0,-1.5225749015808105,1.9066635370254517,0.0
16.0,-1.5313738584518433,1.8996037244796753,0.0
16.0,-1.5249910354614258,1.873888373374939,0.0
16.0,-1.5336384773254395,1.866817831993103,0.0
16.0,-1.526932716369629,1.8412333726882935,0.0
16.0,-1.5354291200637817,1.8341541290283203,0.0
16.0,-1.5284020900726318,1.8087042570114136,0.0
16.0,-1.5211730003356934,1.7833589315414429,0.0
16.0,-1.5294018983840942,1.7763069868087769,0.0
16.0,-1.5218546390533447,1.7511019706726074,0.0
16.0,-1.5299344062805176,1.7440471649169922,0.0
16.0,-1.5220712423324585,1.7189866304397583,0.0
16.0,-1.5166749954223633,1.6970188617706299,0.0
16.0,-1.5245047807693481,1.689988613128662,0.0
16.0,-1.516144037246704,1.6651761531829834,0.0
16.0,-1.5238265991210938,1.6581486463546753,0.0
16.0,-1.5178755521774292,1.6364223957061768,0.0
16.0,-1.5117563009262085,1.6147868633270264,0.0
16.0,-1.519205927848816,1.6077800989151,0.0
16.0,-1.5128198862075806,1.5862659215927124,0.0
16.0,-1.5201376676559448,1.5792546272277832,0.0
16.0,-1.5106992721557617,1.5549956560134888,0.0
16.0,-1.5038700103759766,1.5337141752243042,0.0
16.0,-1.5109448432922363,1.5267448425292969,0.0
16.0,-1.503853440284729,1.5055924654006958,0.0
16.0,-1.5107983350753784,1.4986236095428467,0.0
16.0,-1.5062994956970215,1.4804073572158813,0.0
16.0,-1.5016647577285767,1.4622650146484375,0.0
16.0,-1.5084092617034912,1.4553065299987793,0.0
16.0,-1.5006643533706665,1.4344972372055054,0.0
16.0,-1.5072804689407349,1.4275438785552979,0.0
16.0,-1.500738501548767,1.40824294090271,0.0
16.0,-1.5072333812713623,1.401289463043213,0.0
16.0,-1.5019276142120361,1.3834657669067383,0.0
16.0,-1.4964895248413086,1.3657214641571045,0.0
16.0,-1.5027878284454346,1.358788013458252,0.0
16.0,-1.4986261129379272,1.3424842357635498,0.0
16.0,-1.4928501844406128,1.324920654296875,0.0
16.0,-1.4989597797393799,1.3180044889450073,0.0
16.0,-1.49297297000885,1.3005505800247192,0.0
16.0,-1.4989699125289917,1.293634057044983,0.0
16.0,-1.4958140850067139,1.278891921043396,0.0
16.0,-1.5017108917236328,1.2719625234603882,0.0
16.0,-1.4968509674072266,1.2560068368911743,0.0
16.0,-1.4918758869171143,1.2401236295700073,0.0
16.0,-1.4975934028625488,1.233212947845459,0.0
16.0,-1.4939802885055542,1.2186905145645142,0.0
16.0,-1.4995988607406616,1.2117702960968018,0.0
16.0,-1.495816946029663,1.1973252296447754,0.0
16.0,-1.4887993335723877,1.1804560422897339,0.0
16.0,-1.4942411184310913,1.1735601425170898,0.0
16.0,-1.4886009693145752,1.1580429077148438,0.0
16.0,-1.4939390420913696,1.1511482000350952,0.0
16.0,-1.4881161451339722,1.135735034942627,0.0
16.0,-1.483778476715088,1.121606707572937,0.0
16.0,-1.4889482259750366,1.1147346496582031,0.0
16.0,-1.4844468832015991,1.1006914377212524,0.0
16.0,-1.4895199537277222,1.0938165187835693,0.0
16.0,-1.484856128692627,1.0798602104187012,0.0
16.0,-1.480095386505127,1.0659706592559814,0.0
16.0,-1.4850080013275146,1.059116244316101,0.0
16.0,-1.4800869226455688,1.0453165769577026,0.0
16.0,-1.4849040508270264,1.0384624004364014,0.0
16.0,-1.4814680814743042,1.025892972946167,0.0
16.0,-1.4779478311538696,1.0133776664733887,0.0
16.0,-1.4826172590255737,1.0065337419509888,0.0
16.0,-1.4772956371307373,0.992974042892456,0.0
16.0,-1.4818707704544067,0.986133337020874,0.0
16.0,-1.4780635833740234,0.973770022392273,0.0
16.0,-1.474173903465271,0.9614630937576294,0.0
16.0,-1.4786033630371094,0.9546371698379517,0.0
16.0,-1.4762601852416992,0.9434826970100403,0.0
16.0,-1.4806065559387207,0.9366472959518433,0.0
16.0,-1.4781407117843628,0.9255462884902954,0.0
16.0,-1.4722040891647339,0.9123810529708862,0.0
16.0,-1.4764065742492676,0.9055647850036621,0.0
16.0,-1.4703195095062256,0.8925023674964905,0.0
16.0,-1.4744302034378052,0.8856949806213379,0.0
16.0,-1.469913363456726,0.8737589716911316,0.0
16.0,-1.4670417308807373,0.8628977537155151,0.0
16.0,-1.4710155725479126,0.8561058640480042,0.0
16.0,-1.4680250883102417,0.8453036546707153,0.0
16.0,-1.4719176292419434,0.8385074138641357,0.0
16.0,-1.4688091278076172,0.8277654647827148,0.0
16.0,-1.4726204872131348,0.8209657669067383,0.0
16.0,-1.4693949222564697,0.8102854490280151,0.0
16.0,-1.4661022424697876,0.7996525168418884,0.0
16.0,-1.4697836637496948,0.7928656339645386,0.0
16.0,-1.4663752317428589,0.7822962403297424,0.0
16.0,-1.4699764251708984,0.7755082845687866,0.0
16.0,-1.4664534330368042,0.7650036811828613,0.0
16.0,-1.462864637374878,0.754548192024231,0.0
16.0,-1.4663375616073608,0.7477768063545227,0.0
16.0,-1.4626356363296509,0.7373879551887512,0.0
16.0,-1.4660292863845825,0.7306177616119385,0.0
16.0,-1.4622149467468262,0.7202967405319214,0.0
16.0,-1.4601348638534546,0.7109021544456482,0.0
16.0,-1.4634060859680176,0.7041438221931458,0.0
16.0,-1.459421157836914,0.6939351558685303,0.0
16.0,-1.4626139402389526,0.6871802806854248,0.0
16.0,-1.4603331089019775,0.6778844594955444,0.0
16.0,-1.4579976797103882,0.6686244010925293,0.0
16.0,-1.461073398590088,0.6618764400482178,0.0
16.0,-1.4586411714553833,0.6526637077331543,0.0
16.0,-1.461643099784851,0.6459129452705383,0.0
16.0,-1.4572815895080566,0.6359485387802124,0.0
16.0,-1.4546959400177002,0.6268298029899597,0.0
16.0,-1.4575785398483276,0.6200975179672241,0.0
16.0,-1.4548978805541992,0.6110286712646484,0.0
16.0,-1.4577072858810425,0.604295551776886,0.0
16.0,-1.4549325704574585,0.5952775478363037,0.0
16.0,-1.4576691389083862,0.5885445475578308,0.0
16.0,-1.4548007249832153,0.5795782804489136,0.0
16.0,-1.4518805742263794,0.5706511735916138,0.0
16.0,-1.4545032978057861,0.563932478427887,0.0
16.0,-1.451490879058838,0.5550586581230164,0.0
16.0,-1.4540417194366455,0.5483419299125671,0.0
16.0,-1.4528120756149292,0.5402193665504456,0.0
16.0,-1.4515385627746582,0.5321199893951416,0.0
16.0,-1.4539833068847656,0.5254032611846924,0.0
16.0,-1.45074462890625,0.5166623592376709,0.0
16.0,-1.453117847442627,0.5099495053291321,0.0
16.0,-1.4516795873641968,0.5019186735153198,0.0
16.0,-1.4483050107955933,0.493267297744751,0.0
16.0,-1.4505701065063477,0.4865659475326538,0.0
16.0,-1.447106957435608,0.47797247767448425,0.0
16.0,-1.4493013620376587,0.4712768495082855,0.0
16.0,-1.4457502365112305,0.4627421200275421,0.0
16.0,-1.4440590143203735,0.4548512399196625,0.0
16.0,-1.4461466073989868,0.4481699466705322,0.0
16.0,-1.4462900161743164,0.44089585542678833,0.0
16.0,-1.4483129978179932,0.4342043995857239,0.0
16.0,-1.4445499181747437,0.42580726742744446,0.0
16.0,-1.4426610469818115,0.41801080107688904,0.0
16.0,-1.4445782899856567,0.41133636236190796,0.0
16.0,-1.4426125288009644,0.40357550978660583,0.0
16.0,-1.4444630146026611,0.3969014585018158,0.0
16.0,-1.4424206018447876,0.3891769349575043,0.0
16.0,-1.440337896347046,0.38147982954978943,0.0
16.0,-1.4420862197875977,0.37481653690338135,0.0
16.0,-1.4399276971817017,0.3671569228172302,0.0
16.0,-1.4416097402572632,0.3604956567287445,0.0
16.0,-1.4413186311721802,0.35335052013397217,0.0
16.0,-1.442936897277832,0.34668299555778503,0.0
16.0,-1.4406307935714722,0.33909159898757935,0.0
16.0,-1.438285231590271,0.3315289318561554,0.0
16.0,-1.439802646636963,0.3248756527900696,0.0
16.0,-1.4393362998962402,0.31778424978256226,0.0
16.0,-1.4407901763916016,0.3111262619495392,0.0
16.0,-1.438299536705017,0.3036354184150696,0.0
16.0,-1.4357703924179077,0.2961742579936981,0.0
16.0,-1.4371243715286255,0.28953298926353455,0.0
16.0,-1.4364852905273438,0.28249961137771606,0.0
16.0,-1.43777596950531,0.2758551836013794,0.0
16.0,-1.4370701313018799,0.2688370943069458,0.0
16.0,-1.434362530708313,0.26147276163101196,0.0
16.0,-1.4355560541152954,0.25483837723731995,0.0
16.0,-1.4347481727600098,0.24785807728767395,0.0
16.0,-1.4358787536621094,0.2412220537662506,0.0
16.0,-1.4350048303604126,0.23425865173339844,0.0
16.0,-1.436072587966919,0.22762158513069153,0.0
16.0,-1.433156132698059,0.22037173807621002,0.0
16.0,-1.4321813583374023,0.21344853937625885,0.0
16.0,-1.4331529140472412,0.20682474970817566,0.0
16.0,-1.4321130514144897,0.19992002844810486,0.0
16.0,-1.4310400485992432,0.19302935898303986,0.0
16.0,-1.4319171905517578,0.186411052942276,0.0
16.0,-1.4307793378829956,0.1795397698879242,0.0
16.0,-1.4315941333770752,0.17292281985282898,0.0
16.0,-1.4303916692733765,0.16607153415679932,0.0
16.0,-1.4291564226150513,0.15923504531383514,0.0
16.0,-1.4298774003982544,0.15262581408023834,0.0
16.0,-1.4285781383514404,0.14581026136875153,0.0
16.0,-1.4292370080947876,0.13920384645462036,0.0
16.0,-1.4298652410507202,0.13259446620941162,0.0
16.0,-1.4304630756378174,0.12598225474357605,0.0
16.0,-1.429037094116211,0.11920109391212463,0.0
16.0,-1.4255852699279785,0.1122787743806839,0.0
16.0,-1.4260891675949097,0.10568656772375107,0.0
16.0,-1.4265625476837158,0.09909209609031677,0.0
16.0,-1.427005410194397,0.09249550849199295,0.0
16.0,-1.4274177551269531,0.08589693903923035,0.0
16.0,-1.4277997016906738,0.0792965367436409,0.0
16.0,-1.42815101146698,0.07269444316625595,0.0
16.0,-1.4264739751815796,0.06599835306406021,0.0
16.0,-1.426763892173767,0.059402529150247574,0.0
16.0,-1.4250247478485107,0.0527314767241478,0.0
16.0,-1.423254370689392,0.04607778042554855,0.0
16.0,-1.4234521389007568,0.039497051388025284,0.0
16.0,-1.4236195087432861,0.03291548043489456,0.0
16.0,-1.42375648021698,0.02633320540189743,0.0
16.0,-1.421863317489624,0.019722629338502884,0.0
16.0,-1.4219392538070679,0.013148615136742592,0.0
16.0,-1.4219849109649658,0.006574319209903479,0.0
17.0,-1.4199999570846558,1.2414034245011862e-07,0.0
17.0,-1.4199848175048828,-0.006565064657479525,0.0
17.0,-1.4199392795562744,-0.013130112551152706,0.0
17.0,-1.4198633432388306,-0.01969487965106964,0.0
17.0,-1.4197571277618408,-0.026259226724505424,0.0
17.0,-1.4196205139160156,-0.03282301127910614,0.0
17.0,-1.417454481124878,-0.0393306240439415,0.0
17.0,-1.4172574281692505,-0.04588362202048302,0.0
17.0,-1.4190287590026855,-0.052509598433971405,0.0
17.0,-1.420769214630127,-0.059152934700250626,0.0
17.0,-1.420480489730835,-0.0657210499048233,0.0
17.0,-1.420161485671997,-0.07228775322437286,0.0
17.0,-1.4198120832443237,-0.07885292172431946,0.0
17.0,-1.4194324016571045,-0.08541639894247055,0.0
17.0,-1.4190223217010498,-0.0919780507683754,0.0
17.0,-1.4185818433761597,-0.09853773564100266,0.0
17.0,-1.4181110858917236,-0.10509531199932098,0.0
17.0,-1.4176100492477417,-0.11165064573287964,0.0
17.0,-1.4190717935562134,-0.11836984008550644,0.0
17.0,-1.4185093641281128,-0.12492947280406952,0.0
17.0,-1.4179165363311768,-0.1314864307641983,0.0
17.0,-1.4172935485839844,-0.13804058730602264,0.0
17.0,-1.4166401624679565,-0.1445917785167694,0.0
17.0,-1.4159564971923828,-0.15113988518714905,0.0
17.0,-1.4152425527572632,-0.15768477320671082,0.0
17.0,-1.4144984483718872,-0.16422627866268158,0.0
17.0,-1.4137240648269653,-0.1707642823457718,0.0
17.0,-1.4129194021224976,-0.1772986203432083,0.0
17.0,-1.4140678644180298,-0.1840873658657074,0.0
17.0,-1.4132015705108643,-0.19062316417694092,0.0
17.0,-1.4142858982086182,-0.19743138551712036,0.0
17.0,-1.4153375625610352,-0.20425371825695038,0.0
17.0,-1.414378046989441,-0.21079516410827637,0.0
17.0,-1.415365219116211,-0.2176360934972763,0.0
17.0,-1.4143438339233398,-0.2241775244474411,0.0
17.0,-1.4132922887802124,-0.23071415722370148,0.0
17.0,-1.412210464477539,-0.23724587261676788,0.0
17.0,-1.4130693674087524,-0.24411296844482422,0.0
17.0,-1.413894772529602,-0.2509930729866028,0.0
17.0,-1.4127192497253418,-0.25752735137939453,0.0
17.0,-1.4134793281555176,-0.2644239068031311,0.0
17.0,-1.4122416973114014,-0.2709560990333557,0.0
17.0,-1.4129364490509033,-0.27786847949028015,0.0
17.0,-1.4116365909576416,-0.28439804911613464,0.0
17.0,-1.410306692123413,-0.29092150926589966,0.0
17.0,-1.4109033346176147,-0.29785189032554626,0.0
17.0,-1.4095112085342407,-0.30437183380126953,0.0
17.0,-1.4100419282913208,-0.31131646037101746,0.0
17.0,-1.4105384349822998,-0.31827250123023987,0.0
17.0,-1.409051775932312,-0.3247905373573303,0.0
17.0,-1.4114288091659546,-0.33221811056137085,0.0
17.0,-1.4098777770996094,-0.33874011039733887,0.0
17.0,-1.4102389812469482,-0.34573110938072205,0.0
17.0,-1.4086254835128784,-0.3522474765777588,0.0
17.0,-1.4089198112487793,-0.3592504560947418,0.0
17.0,-1.409179449081421,-0.36626365780830383,0.0
17.0,-1.4074710607528687,-0.3727749288082123,0.0
17.0,-1.4076634645462036,-0.3797991871833801,0.0
17.0,-1.4058924913406372,-0.38630327582359314,0.0
17.0,-1.407943606376648,-0.3938767611980438,0.0
17.0,-1.4061075448989868,-0.40038201212882996,0.0
17.0,-1.4061622619628906,-0.40743526816368103,0.0
17.0,-1.4081003665924072,-0.41506311297416687,0.0
17.0,-1.4061663150787354,-0.4215688407421112,0.0
17.0,-1.4080283641815186,-0.4292319416999817,0.0
17.0,-1.4060288667678833,-0.4357371926307678,0.0
17.0,-1.4059067964553833,-0.4428339898586273,0.0
17.0,-1.407654047012329,-0.4505486488342285,0.0
17.0,-1.4055559635162354,-0.45705196261405945,0.0
17.0,-1.4053269624710083,-0.46417272090911865,0.0
17.0,-1.4031658172607422,-0.4706651270389557,0.0
17.0,-1.4047611951828003,-0.47843700647354126,0.0
17.0,-1.4063146114349365,-0.48623374104499817,0.0
17.0,-1.4040515422821045,-0.4927304685115814,0.0
17.0,-1.4036425352096558,-0.499887615442276,0.0
17.0,-1.4013164043426514,-0.5063718557357788,0.0
17.0,-1.402715802192688,-0.5142219662666321,0.0
17.0,-1.4003233909606934,-0.5207017660140991,0.0
17.0,-1.4016437530517578,-0.5285818576812744,0.0
17.0,-1.4029210805892944,-0.5364852547645569,0.0
17.0,-1.400425672531128,-0.5429657697677612,0.0
17.0,-1.401623249053955,-0.5508978962898254,0.0
17.0,-1.3990612030029297,-0.5573722124099731,0.0
17.0,-1.4001784324645996,-0.5653321743011475,0.0
17.0,-1.4031028747558594,-0.5740717649459839,0.0
17.0,-1.4004337787628174,-0.5805526971817017,0.0
17.0,-1.4014226198196411,-0.5885700583457947,0.0
17.0,-1.398686408996582,-0.5950430631637573,0.0
17.0,-1.3995939493179321,-0.6030862927436829,0.0
17.0,-1.396790623664856,-0.6095506548881531,0.0
17.0,-1.3976161479949951,-0.6176188588142395,0.0
17.0,-1.402048110961914,-0.6273413300514221,0.0
17.0,-1.3991327285766602,-0.6338168382644653,0.0
17.0,-1.3998231887817383,-0.6419461369514465,0.0
17.0,-1.3968403339385986,-0.6484111547470093,0.0
17.0,-1.397447943687439,-0.6565633416175842,0.0
17.0,-1.3998160362243652,-0.665593683719635,0.0
17.0,-1.396723747253418,-0.6720584630966187,0.0
17.0,-1.3989962339401245,-0.681135356426239,0.0
17.0,-1.3958321809768677,-0.6875961422920227,0.0
17.0,-1.3980083465576172,-0.6967185139656067,0.0
17.0,-1.3947722911834717,-0.7031745910644531,0.0
17.0,-1.3950695991516113,-0.7114328145980835,0.0
17.0,-1.3970979452133179,-0.720625638961792,0.0
17.0,-1.3937513828277588,-0.7270772457122803,0.0
17.0,-1.395681619644165,-0.7363129258155823,0.0
17.0,-1.3922624588012695,-0.7427577972412109,0.0
17.0,-1.3958543539047241,-0.7529850006103516,0.0
17.0,-1.3976255655288696,-0.7623035311698914,0.0
17.0,-1.394086241722107,-0.7687571048736572,0.0
17.0,-1.395757794380188,-0.7781158685684204,0.0
17.0,-1.3921453952789307,-0.7845606803894043,0.0
17.0,-1.3937164545059204,-0.7939585447311401,0.0
17.0,-1.390030860900879,-0.8003937602043152,0.0
17.0,-1.3915011882781982,-0.809829831123352,0.0
17.0,-1.3946378231048584,-0.8203105330467224,0.0
17.0,-1.3908302783966064,-0.8267497420310974,0.0
17.0,-1.3938509225845337,-0.8372907042503357,0.0
17.0,-1.3899649381637573,-0.8437260985374451,0.0
17.0,-1.39116370677948,-0.8532804250717163,0.0
17.0,-1.3940038681030273,-0.8639174103736877,0.0
17.0,-1.389994740486145,-0.8703531622886658,0.0
17.0,-1.392716646194458,-0.881047248840332,0.0
17.0,-1.388628363609314,-0.8874768614768982,0.0
17.0,-1.3895511627197266,-0.8971419930458069,0.0
17.0,-1.3853884935379028,-0.9035568237304688,0.0
17.0,-1.3895467519760132,-0.9154538512229919,0.0
17.0,-1.3936245441436768,-0.9274085164070129,0.0
17.0,-1.3893219232559204,-0.9338418841362,0.0
17.0,-1.38995361328125,-0.943625271320343,0.0
17.0,-1.3855760097503662,-0.9500414729118347,0.0
17.0,-1.389390230178833,-0.9621304869651794,0.0
17.0,-1.3849270343780518,-0.9685438871383667,0.0
17.0,-1.3869688510894775,-0.9795516133308411,0.0
17.0,-1.3889384269714355,-0.9905988574028015,0.0
17.0,-1.3843436241149902,-0.9970098733901978,0.0
17.0,-1.3861892223358154,-1.0081048011779785,0.0
17.0,-1.3815135955810547,-1.0145028829574585,0.0
17.0,-1.3880542516708374,-1.0292179584503174,0.0
17.0,-1.381679892539978,-1.0344257354736328,0.0
17.0,-1.376882553100586,-1.0408027172088623,0.0
17.0,-1.3561571836471558,-1.0350234508514404,0.0
17.0,-1.351357340812683,-1.0412824153900146,0.0
17.0,-1.3339000940322876,-1.0376948118209839,0.0
17.0,-1.3149322271347046,-1.0327329635620117,0.0
17.0,-1.3101434707641602,-1.0388013124465942,0.0
17.0,-1.2928354740142822,-1.034848928451538,0.0
17.0,-1.2880371809005737,-1.0408151149749756,0.0
17.0,-1.270813226699829,-1.036645531654358,0.0
17.0,-1.2536554336547852,-1.0323389768600464,0.0
17.0,-1.2488691806793213,-1.0381240844726562,0.0
17.0,-1.2302674055099487,-1.03231680393219,0.0
17.0,-1.2254815101623535,-1.0379937887191772,0.0
17.0,-1.2100284099578857,-1.0345507860183716,0.0
17.0,-1.1961477994918823,-1.0322939157485962,0.0
17.0,-1.1913622617721558,-1.0378130674362183,0.0
17.0,-1.1760375499725342,-1.0340656042099,0.0
17.0,-1.1712441444396973,-1.0394917726516724,0.0
17.0,-1.1530184745788574,-1.0328854322433472,0.0
17.0,-1.1378462314605713,-1.0288158655166626,0.0
17.0,-1.1330775022506714,-1.0340654850006104,0.0
17.0,-1.1194581985473633,-1.031162977218628,0.0
17.0,-1.1146788597106934,-1.036327600479126,0.0
17.0,-1.101124882698059,-1.0332587957382202,0.0
17.0,-1.0876234769821167,-1.0300869941711426,0.0
17.0,-1.082849383354187,-1.035104513168335,0.0
17.0,-1.0694161653518677,-1.0317678451538086,0.0
17.0,-1.0646344423294067,-1.0367012023925781,0.0
17.0,-1.0484187602996826,-1.0303971767425537,0.0
17.0,-1.043643593788147,-1.0352333784103394,0.0
17.0,-1.0303657054901123,-1.0315572023391724,0.0
17.0,-1.018551230430603,-1.0292022228240967,0.0
17.0,-1.013782024383545,-1.0339003801345825,0.0
17.0,-1.0020228624343872,-1.03140389919281,0.0
17.0,-0.9903087019920349,-1.0288209915161133,0.0
17.0,-0.9855414628982544,-1.033388614654541,0.0
17.0,-0.973885178565979,-1.030665636062622,0.0
17.0,-0.9691095948219299,-1.0351572036743164,0.0
17.0,-0.9575128555297852,-1.0322951078414917,0.0
17.0,-0.944610059261322,-1.0278754234313965,0.0
17.0,-0.9398477673530579,-1.0322316884994507,0.0
17.0,-0.9283671379089355,-1.0291407108306885,0.0
17.0,-0.923599123954773,-1.0334218740463257,0.0
17.0,-0.912182092666626,-1.0301941633224487,0.0
17.0,-0.9074093699455261,-1.034400463104248,0.0
17.0,-0.8960575461387634,-1.0310368537902832,0.0
17.0,-0.884756326675415,-1.0275903940200806,0.0
17.0,-0.8799959421157837,-1.0316699743270874,0.0
17.0,-0.870053231716156,-1.029617190361023,0.0
17.0,-0.8601484298706055,-1.0274944305419922,0.0
17.0,-0.8553887605667114,-1.031460165977478,0.0
17.0,-0.8455324769020081,-1.0292224884033203,0.0
17.0,-0.8407649993896484,-1.0331206321716309,0.0
17.0,-0.8309586048126221,-1.0307685136795044,0.0
17.0,-0.826184093952179,-1.0345994234085083,0.0
17.0,-0.8164287805557251,-1.03213369846344,0.0
17.0,-0.8054805994033813,-1.02802574634552,0.0
17.0,-0.8007190823554993,-1.0317387580871582,0.0
17.0,-0.7910647988319397,-1.0290871858596802,0.0
17.0,-0.7862984538078308,-1.0327335596084595,0.0
17.0,-0.7766985893249512,-1.0299705266952515,0.0
17.0,-0.7683380842208862,-1.0287432670593262,0.0
17.0,-0.7635735869407654,-1.0322846174240112,0.0
17.0,-0.7540650963783264,-1.0293502807617188,0.0
17.0,-0.7492979764938354,-1.0328255891799927,0.0
17.0,-0.7398470044136047,-1.029781699180603,0.0
17.0,-0.731599748134613,-1.0283023118972778,0.0
17.0,-0.726837694644928,-1.031673789024353,0.0
17.0,-0.71748286485672,-1.0284620523452759,0.0
17.0,-0.7127202153205872,-1.0317683219909668,0.0
17.0,-0.7034260034561157,-1.028449296951294,0.0
17.0,-0.6941778063774109,-1.0250664949417114,0.0
17.0,-0.6894311308860779,-1.0282649993896484,0.0
17.0,-0.682457447052002,-1.028108835220337,0.0
17.0,-0.6776968240737915,-1.0312530994415283,0.0
17.0,-0.668559193611145,-1.0276694297790527,0.0
17.0,-0.6605521440505981,-1.025705099105835,0.0
17.0,-0.6558029055595398,-1.0287480354309082,0.0
17.0,-0.64783775806427,-1.0266947746276855,0.0
17.0,-0.6430840492248535,-1.0296790599822998,0.0
17.0,-0.6341102123260498,-1.0258363485336304,0.0
17.0,-0.6272732019424438,-1.025344967842102,0.0
17.0,-0.6225259304046631,-1.0282341241836548,0.0
17.0,-0.6157095432281494,-1.0276700258255005,0.0
17.0,-0.6109516620635986,-1.030505657196045,0.0
17.0,-0.6031447649002075,-1.028144121170044,0.0
17.0,-0.5953727960586548,-1.0257325172424316,0.0
17.0,-0.5906240940093994,-1.02847421169281,0.0
17.0,-0.5828988552093506,-1.0259770154953003,0.0
17.0,-0.578149139881134,-1.0286610126495361,0.0
17.0,-0.5704716444015503,-1.0260790586471558,0.0
17.0,-0.5657215714454651,-1.0287055969238281,0.0
17.0,-0.5580925345420837,-1.0260393619537354,0.0
17.0,-0.5514478087425232,-1.0250860452651978,0.0
17.0,-0.5467025637626648,-1.0276246070861816,0.0
17.0,-0.5391520857810974,-1.0248311758041382,0.0
17.0,-0.5344080924987793,-1.027312994003296,0.0
17.0,-0.5278232097625732,-1.0262157917022705,0.0
17.0,-0.5212599039077759,-1.0250794887542725,0.0
17.0,-0.5165150165557861,-1.027478575706482,0.0
17.0,-0.5090890526771545,-1.0244824886322021,0.0
17.0,-0.5043470859527588,-1.0268253087997437,0.0
17.0,-0.49872082471847534,-1.0273468494415283,0.0
17.0,-0.4922355115413666,-1.026035189628601,0.0
17.0,-0.48748651146888733,-1.0283000469207764,0.0
17.0,-0.4801819324493408,-1.0251094102859497,0.0
17.0,-0.47543734312057495,-1.0273184776306152,0.0
17.0,-0.4681878387928009,-1.024048924446106,0.0
17.0,-0.4618018865585327,-1.022557020187378,0.0
17.0,-0.4570693075656891,-1.0246812105178833,0.0
17.0,-0.4507143795490265,-1.023123025894165,0.0
17.0,-0.4459792673587799,-1.025195837020874,0.0
17.0,-0.43965595960617065,-1.023571491241455,0.0
17.0,-0.433357298374176,-1.0219106674194336,0.0
17.0,-0.42862799763679504,-1.0239033699035645,0.0
17.0,-0.42236196994781494,-1.0221772193908691,0.0
17.0,-0.4176315367221832,-1.0241190195083618,0.0
17.0,-0.41214555501937866,-1.0241835117340088,0.0
17.0,-0.40592989325523376,-1.0223604440689087,0.0
17.0,-0.4011988043785095,-1.0242263078689575,0.0
17.0,-0.39501744508743286,-1.022339105606079,0.0
17.0,-0.39028656482696533,-1.0241544246673584,0.0
17.0,-0.38554733991622925,-1.02594792842865,0.0
17.0,-0.38149479031562805,-1.0295950174331665,0.0
17.0,-0.3767305314540863,-1.0313477516174316,0.0
17.0,-0.37128064036369324,-1.0311967134475708,0.0
17.0,-0.3665090799331665,-1.0329022407531738,0.0
17.0,-0.3604094982147217,-1.0308098793029785,0.0
17.0,-0.35563981533050537,-1.0324652194976807,0.0
17.0,-0.3495773673057556,-1.0303105115890503,0.0
17.0,-0.3441762328147888,-1.0300188064575195,0.0
17.0,-0.3394103944301605,-1.0315990447998047,0.0
17.0,-0.3334047794342041,-1.029351830482483,0.0
17.0,-0.3286421298980713,-1.0308823585510254,0.0
17.0,-0.32327380776405334,-1.030482530593872,0.0
17.0,-0.3173263967037201,-1.0281438827514648,0.0
17.0,-0.3125694990158081,-1.0296000242233276,0.0
17.0,-0.3072338104248047,-1.0291178226470947,0.0
17.0,-0.3024725317955017,-1.0305272340774536,0.0
17.0,-0.2971504032611847,-1.0299930572509766,0.0
17.0,-0.2912941873073578,-1.0275074243545532,0.0
17.0,-0.28654053807258606,-1.0288432836532593,0.0
17.0,-0.28125306963920593,-1.0282279253005981,0.0
17.0,-0.27649617195129395,-1.0295172929763794,0.0
17.0,-0.270713746547699,-1.0269168615341187,0.0
17.0,-0.26596304774284363,-1.0281574726104736,0.0
17.0,-0.26120665669441223,-1.0293761491775513,0.0
17.0,-0.25596168637275696,-1.0286318063735962,0.0
17.0,-0.2512032091617584,-1.0298042297363281,0.0
17.0,-0.24597439169883728,-1.029009461402893,0.0
17.0,-0.24121426045894623,-1.0301357507705688,0.0
17.0,-0.23600201308727264,-1.0292905569076538,0.0
17.0,-0.23036479949951172,-1.0264678001403809,0.0
17.0,-0.22561660408973694,-1.0275218486785889,0.0
17.0,-0.22044365108013153,-1.0265984535217285,0.0
17.0,-0.21569494903087616,-1.027606725692749,0.0
17.0,-0.21053984761238098,-1.0266337394714355,0.0
17.0,-0.20539836585521698,-1.0256351232528687,0.0
17.0,-0.2006542831659317,-1.026573896408081,0.0
17.0,-0.1959058940410614,-1.0274906158447266,0.0
17.0,-0.19115333259105682,-1.0283854007720947,0.0
17.0,-0.18604028224945068,-1.0272901058197021,0.0
17.0,-0.18059414625167847,-1.0241999626159668,0.0
17.0,-0.17585696280002594,-1.0250240564346313,0.0
17.0,-0.17078694701194763,-1.0238534212112427,0.0
17.0,-0.1660514622926712,-1.0246320962905884,0.0
17.0,-0.16131243109703064,-1.0253888368606567,0.0
17.0,-0.1565699577331543,-1.0261236429214478,0.0
17.0,-0.15153160691261292,-1.0248581171035767,0.0
17.0,-0.14650830626487732,-1.0235679149627686,0.0
17.0,-0.14177440106868744,-1.024234414100647,0.0
17.0,-0.13677239418029785,-1.0228965282440186,0.0
17.0,-0.13204170763492584,-1.0235178470611572,0.0
17.0,-0.127308189868927,-1.0241174697875977,0.0
17.0,-0.12233441323041916,-1.0227092504501343,0.0
17.0,-0.11760473996400833,-1.023263931274414,0.0
17.0,-0.11287254840135574,-1.0237966775894165,0.0
17.0,-0.10813795030117035,-1.0243076086044312,0.0
17.0,-0.103200264275074,-1.0228067636489868,0.0
17.0,-0.09827876836061478,-1.0212821960449219,0.0
17.0,-0.09355594962835312,-1.0217256546020508,0.0
17.0,-0.08883113414049149,-1.022147297859192,0.0
17.0,-0.08410441875457764,-1.0225470066070557,0.0
17.0,-0.07937590032815933,-1.0229250192642212,0.0
17.0,-0.07464569061994553,-1.0232809782028198,0.0
17.0,-0.06991388648748398,-1.0236152410507202,0.0
17.0,-0.06518058478832245,-1.0239274501800537,0.0
17.0,-0.060445886105298996,-1.024217963218689,0.0
17.0,-0.055709902197122574,-1.0244864225387573,0.0
17.0,-0.050972722470760345,-1.024733066558838,0.0
17.0,-0.046144332736730576,-1.02295982837677,0.0
17.0,-0.04141431301832199,-1.0231622457504272,0.0
17.0,-0.03668341040611267,-1.0233427286148071,0.0
17.0,-0.031951725482940674,-1.0235013961791992,0.0
17.0,-0.02716618962585926,-1.0216388702392578,0.0
17.0,-0.02244248241186142,-1.0217535495758057,0.0
17.0,-0.017718294635415077,-1.0218462944030762,0.0
17.0,-0.012993729673326015,-1.0219173431396484,0.0
17.0,-0.008268886245787144,-1.0219664573669434,0.0
17.0,-0.0035438663326203823,-1.0219937562942505,0.0
17.0,0.0011812294833362103,-1.0219992399215698,0.0
17.0,0.005906300153583288,-1.0219829082489014,0.0
17.0,0.010631244629621506,-1.0219446420669556,0.0
17.0,0.01535596139729023,-1.021884560585022,0.0
17.0,0.02008035033941269,-1.0218026638031006,0.0
17.0,0.024804310873150826,-1.0216989517211914,0.0
17.0,0.029527738690376282,-1.0215733051300049,0.0
17.0,0.03425053879618645,-1.0214258432388306,0.0
17.0,0.038972605019807816,-1.0212565660476685,0.0
17.0,0.04369383677840233,-1.0210654735565186,0.0
17.0,0.048414137214422226,-1.0208525657653809,0.0
17.0,0.05313339829444885,-1.0206178426742554,0.0
17.0,0.05785152688622475,-1.020361304283142,0.0
17.0,0.06256841868162155,-1.0200828313827515,0.0
17.0,0.06728397309780121,-1.0197826623916626,0.0
17.0,0.07199808955192566,-1.019460678100586,0.0
17.0,0.07671067118644714,-1.019116997718811,0.0
17.0,0.08142160624265671,-1.0187513828277588,0.0
17.0,0.0862993597984314,-1.0203570127487183,0.0
17.0,0.09101593494415283,-1.0199471712112427,0.0
17.0,0.09573055803775787,-1.0195153951644897,0.0
17.0,0.10044313222169876,-1.0190619230270386,0.0
17.0,0.10515356063842773,-1.0185866355895996,0.0
17.0,0.11007631570100784,-1.0200780630111694,0.0
17.0,0.11479133367538452,-1.0195581912994385,0.0
17.0,0.11950390785932541,-1.0190166234970093,0.0
17.0,0.12421392649412155,-1.0184532403945923,0.0
17.0,0.1289212852716446,-1.0178680419921875,0.0
17.0,0.13362589478492737,-1.0172611474990845,0.0
17.0,0.13832764327526093,-1.0166324377059937,0.0
17.0,0.1433052271604538,-1.0179624557495117,0.0
17.0,0.14801011979579926,-1.0172890424728394,0.0
17.0,0.1524147391319275,-1.0146161317825317,0.0
17.0,0.15710406005382538,-1.0139005184173584,0.0
17.0,0.16210539638996124,-1.0151383876800537,0.0
17.0,0.16679702699184418,-1.0143779516220093,0.0
17.0,0.17181871831417084,-1.0155678987503052,0.0
17.0,0.1768549680709839,-1.0167330503463745,0.0
17.0,0.18155381083488464,-1.0159045457839966,0.0
17.0,0.186248779296875,-1.0150543451309204,0.0
17.0,0.1909397542476654,-1.0141823291778564,0.0
17.0,0.1956266611814499,-1.0132887363433838,0.0
17.0,0.20069760084152222,-1.0143355131149292,0.0
17.0,0.20538510382175446,-1.0133967399597168,0.0
17.0,0.21047453582286835,-1.0143946409225464,0.0
17.0,0.2151622176170349,-1.0134106874465942,0.0
17.0,0.22026969492435455,-1.014359474182129,0.0
17.0,0.2258239984512329,-1.017235279083252,0.0
17.0,0.23052464425563812,-1.016180396080017,0.0
17.0,0.23567183315753937,-1.0170520544052124,0.0
17.0,0.24037152528762817,-1.0159515142440796,0.0
17.0,0.24553555250167847,-1.0167734622955322,0.0
17.0,0.25023385882377625,-1.015627384185791,0.0
17.0,0.255414217710495,-1.0163992643356323,0.0
17.0,0.2606070637702942,-1.0171449184417725,0.0
17.0,0.26530691981315613,-1.0159292221069336,0.0
17.0,0.27051541209220886,-1.0166245698928833,0.0
17.0,0.27521276473999023,-1.0153629779815674,0.0
17.0,0.28043636679649353,-1.016007661819458,0.0
17.0,0.28567177057266235,-1.0166256427764893,0.0
17.0,0.2903689742088318,-1.0152939558029175,0.0
17.0,0.2950599491596222,-1.013940691947937,0.0
17.0,0.2997446060180664,-1.0125656127929688,0.0
17.0,0.304999440908432,-1.013084053993225,0.0
17.0,0.3102654218673706,-1.0135754346847534,0.0
17.0,0.31494826078414917,-1.0121301412582397,0.0
17.0,0.3202274441719055,-1.0125702619552612,0.0
17.0,0.32490551471710205,-1.0110788345336914,0.0
17.0,0.330197274684906,-1.0114670991897583,0.0
17.0,0.3348701596260071,-1.0099296569824219,0.0
17.0,0.3414505422115326,-1.0140570402145386,0.0
17.0,0.34742918610572815,-1.0162523984909058,0.0
17.0,0.35212400555610657,-1.0146352052688599,0.0
17.0,0.35747572779655457,-1.0148828029632568,0.0
17.0,0.36216408014297485,-1.0132192373275757,0.0
17.0,0.3675265610218048,-1.0134141445159912,0.0
17.0,0.3728986084461212,-1.0135811567306519,0.0
17.0,0.37758079171180725,-1.0118463039398193,0.0
17.0,0.38296276330947876,-1.0119602680206299,0.0
17.0,0.38763734698295593,-1.010178804397583,0.0
17.0,0.39302876591682434,-1.0102397203445435,0.0
17.0,0.39769527316093445,-1.0084118843078613,0.0
17.0,0.40458035469055176,-1.0121338367462158,0.0
17.0,0.4107573330402374,-1.0139597654342651,0.0
17.0,0.4154408574104309,-1.0120497941970825,0.0
17.0,0.42088353633880615,-1.0119649171829224,0.0
17.0,0.4255577027797699,-1.0100082159042358,0.0
17.0,0.4317930042743683,-1.0117088556289673,0.0
17.0,0.4380530118942261,-1.0133733749389648,0.0
17.0,0.4427335262298584,-1.011337161064148,0.0
17.0,0.4498361647129059,-1.0147647857666016,0.0
17.0,0.4545229971408844,-1.01267409324646,0.0
17.0,0.4608548581600189,-1.0142035484313965,0.0
17.0,0.46637481451034546,-1.0138790607452393,0.0
17.0,0.47105735540390015,-1.0117119550704956,0.0
17.0,0.476582407951355,-1.011332392692566,0.0
17.0,0.481253057718277,-1.0091181993484497,0.0
17.0,0.4876519441604614,-1.0104848146438599,0.0
17.0,0.4923185706138611,-1.0082193613052368,0.0
17.0,0.499632328748703,-1.0113117694854736,0.0
17.0,0.5043026804924011,-1.008991003036499,0.0
17.0,0.511669397354126,-1.0120030641555786,0.0
17.0,0.5181641578674316,-1.0131880044937134,0.0
17.0,0.5228429436683655,-1.0107815265655518,0.0
17.0,0.5293647646903992,-1.0118976831436157,0.0
17.0,0.5340374708175659,-1.0094393491744995,0.0
17.0,0.5396422743797302,-1.0087231397628784,0.0
17.0,0.5471548438072205,-1.0114946365356445,0.0
17.0,0.5518255233764648,-1.0089541673660278,0.0
17.0,0.5603556036949158,-1.0133930444717407,0.0
17.0,0.5650349259376526,-1.010791540145874,0.0
17.0,0.5716699957847595,-1.011650800704956,0.0
17.0,0.5793170928955078,-1.014206886291504,0.0
17.0,0.5839999318122864,-1.0115176439285278,0.0
17.0,0.5906863808631897,-1.0122617483139038,0.0
17.0,0.5953601002693176,-1.0095199346542358,0.0
17.0,0.6020689606666565,-1.0101925134658813,0.0
17.0,0.6067330241203308,-1.0073981285095215,0.0
17.0,0.6134636402130127,-1.0079991817474365,0.0
17.0,0.6202127933502197,-1.0085594654083252,0.0
17.0,0.6248691082000732,-1.0056811571121216,0.0
17.0,0.6337655186653137,-1.0095570087432861,0.0
17.0,0.6384263038635254,-1.0066161155700684,0.0
17.0,0.6463103294372559,-1.008705496788025,0.0
17.0,0.6531406044960022,-1.0090645551681519,0.0
17.0,0.6577989459037781,-1.0060341358184814,0.0
17.0,0.6657498478889465,-1.0079885721206665,0.0
17.0,0.670403003692627,-1.0048998594284058,0.0
17.0,0.6783947348594666,-1.006765365600586,0.0
17.0,0.6830421686172485,-1.0036181211471558,0.0
17.0,0.6899408102035522,-1.0037459135055542,0.0
17.0,0.7014172077178955,-1.0104029178619385,0.0
17.0,0.7060811519622803,-1.00714910030365,0.0
17.0,0.7141969799995422,-1.0087708234786987,0.0
17.0,0.7188532948493958,-1.0054579973220825,0.0
17.0,0.7258356213569641,-1.0053669214248657,0.0
17.0,0.7304760813713074,-1.002000331878662,0.0
17.0,0.7410290837287903,-1.0066657066345215,0.0
17.0,0.7492546439170837,-1.0080444812774658,0.0
17.0,0.7539072036743164,-1.0045695304870605,0.0
17.0,0.7633751630783081,-1.0074495077133179,0.0
17.0,0.7680248022079468,-1.0039093494415283,0.0
17.0,0.7775481939315796,-1.0066790580749512,0.0
17.0,0.787113606929779,-1.0093820095062256,0.0
17.0,0.7917719483375549,-1.0057320594787598,0.0
17.0,0.8001465797424316,-1.0067578554153442,0.0
17.0,0.8047926425933838,-1.0030478239059448,0.0
17.0,0.8157156109809875,-1.0070868730545044,0.0
17.0,0.8203630447387695,-1.0033048391342163,0.0
17.0,0.8288123607635498,-1.0041285753250122,0.0
17.0,0.839847207069397,-1.0079686641693115,0.0
17.0,0.8444984555244446,-1.0040749311447144,0.0
17.0,0.8543092608451843,-1.006258249282837,0.0
17.0,0.8589524626731873,-1.0022977590560913,0.0
17.0,0.8688110113143921,-1.004366159439087,0.0
17.0,0.8787069916725159,-1.0063647031784058,0.0
17.0,0.8833504319190979,-1.0022913217544556,0.0
17.0,0.8946214914321899,-1.005668044090271,0.0
17.0,0.899261474609375,-1.0015212297439575,0.0
17.0,0.910597562789917,-1.0047626495361328,0.0
17.0,0.9152332544326782,-1.0005418062210083,0.0
17.0,0.9266329407691956,-1.0036470890045166,0.0
17.0,0.9394441843032837,-1.0081312656402588,0.0
17.0,0.9440951347351074,-1.003777027130127,0.0
17.0,0.9556106925010681,-1.0066540241241455,0.0
17.0,0.9602546095848083,-1.0022250413894653,0.0
17.0,0.9746101498603821,-1.0078387260437012,0.0
17.0,0.99183189868927,-1.0162034034729004,0.0
17.0,0.9965195655822754,-1.0116069316864014,0.0
17.0,1.0152872800827026,-1.0211719274520874,0.0
17.0,1.0199975967407227,-1.0164669752120972,0.0
17.0,1.0389180183410645,-1.025792121887207,0.0
17.0,1.043649435043335,-1.0209778547286987,0.0
17.0,1.0641558170318604,-1.0314534902572632,0.0
17.0,1.068913221359253,-1.0265225172042847,0.0
17.0,1.0895859003067017,-1.0367344617843628,0.0
17.0,1.1089203357696533,-1.0454051494598389,0.0
17.0,1.1137417554855347,-1.040266990661621,0.0
17.0,1.1346862316131592,-1.050049066543579,0.0
17.0,1.1395288705825806,-1.0447918176651,0.0
17.0,1.1621119976043701,-1.0556495189666748,0.0
17.0,1.1833328008651733,-1.0649824142456055,0.0
17.0,1.1882439851760864,-1.0595000982284546,0.0
17.0,1.2096176147460938,-1.068560242652893,0.0
17.0,1.2145450115203857,-1.0629563331604004,0.0
17.0,1.2390906810760498,-1.0743622779846191,0.0
17.0,1.244044542312622,-1.0686219930648804,0.0
17.0,1.2687727212905884,-1.0797091722488403,0.0
17.0,1.2737510204315186,-1.073831558227539,0.0
17.0,1.297122836112976,-1.0833154916763306,0.0
17.0,1.1665124893188477,-0.9651139378547668,0.0
17.0,1.1709620952606201,-0.9597103595733643,0.0
17.0,1.175386667251587,-0.9542863368988037,0.0
17.0,1.2060602903366089,-0.9608240127563477,0.0
17.0,1.2104896306991577,-0.9552376866340637,0.0
17.0,1.214893102645874,-0.9496309161186218,0.0
17.0,1.2192705869674683,-0.9440038800239563,0.0
17.0,1.2458409070968628,-0.955395519733429,0.0
17.0,1.2502447366714478,-0.9496253132820129,0.0
17.0,1.2785954475402832,-0.9618698954582214,0.0
17.0,1.2830288410186768,-0.9559481739997864,0.0
17.0,1.3131835460662842,-0.9690061211585999,0.0
17.0,1.3176496028900146,-0.9629244208335876,0.0
17.0,1.348010778427124,-0.9755834341049194,0.0
17.0,1.3801422119140625,-0.9891468286514282,0.0
17.0,1.3847006559371948,-0.9827553629875183,0.0
17.0,1.4154105186462402,-0.994742751121521,0.0
17.0,1.4199944734573364,-0.9881881475448608,0.0
17.0,1.4476042985916138,-0.9974998235702515,0.0
17.0,1.4522006511688232,-0.9907963275909424,0.0
17.0,1.4783108234405518,-0.998625636100769,0.0
17.0,1.5011990070343018,-1.0040106773376465,0.0
17.0,1.5058249235153198,-0.9970592856407166,0.0
17.0,1.527145266532898,-1.0010510683059692,0.0
17.0,1.5317572355270386,-0.993979811668396,0.0
17.0,1.5632601976394653,-1.00418221950531,0.0
17.0,1.5678861141204834,-0.9969438910484314,0.0
17.0,1.580941915512085,-0.9950109720230103,0.0
17.0,1.573642373085022,-0.9802886247634888,0.0
17.0,1.5781577825546265,-0.9730026125907898,0.0
17.0,1.5741031169891357,-0.9604870676994324,0.0
17.0,1.5785269737243652,-0.9531991481781006,0.0
17.0,1.5760496854782104,-0.9417871832847595,0.0
17.0,1.5717793703079224,-0.929400622844696,0.0
17.0,1.5760595798492432,-0.9221237897872925,0.0
17.0,1.5751134157180786,-0.9118212461471558,0.0
17.0,1.5793122053146362,-0.9045291543006897,0.0
17.0,1.5886975526809692,-0.9001755714416504,0.0
17.0,1.6067993640899658,-0.9006440043449402,0.0
17.0,1.6109462976455688,-0.8932055830955505,0.0
17.0,1.6325945854187012,-0.8953652381896973,0.0
17.0,1.6367167234420776,-0.8878075480461121,0.0
17.0,1.656665563583374,-0.8887401819229126,0.0
17.0,1.6731243133544922,-0.8876324892044067,0.0
17.0,1.6772102117538452,-0.8798875212669373,0.0
17.0,1.6919124126434326,-0.8776493072509766,0.0
17.0,1.69595205783844,-0.8698176145553589,0.0
17.0,1.4659221172332764,-0.7263389825820923,0.0
17.0,1.4692646265029907,-0.7195537090301514,0.0
17.0,1.4725756645202637,-0.7127530574798584,0.0
17.0,1.4758552312850952,-0.7059372067451477,0.0
17.0,1.5000325441360474,-0.6921027302742004,0.0
17.0,1.5032163858413696,-0.6851601004600525,0.0
17.0,1.5063680410385132,-0.6782028675079346,0.0
17.0,1.509487509727478,-0.6712310910224915,0.0
17.0,1.5272244215011597,-0.6706783771514893,0.0
17.0,1.5449881553649902,-0.6699758768081665,0.0
17.0,1.5480692386627197,-0.6628256440162659,0.0
17.0,1.5603280067443848,-0.6595547199249268,0.0
17.0,1.5633606910705566,-0.6523337364196777,0.0
17.0,1.5682092905044556,-0.6458603739738464,0.0
17.0,1.5656201839447021,-0.6363438963890076,0.0
17.0,1.5685455799102783,-0.629098653793335,0.0
17.0,1.565858244895935,-0.6196321845054626,0.0
17.0,1.5687062740325928,-0.6123860478401184,0.0
17.0,1.5659215450286865,-0.6029707193374634,0.0
17.0,1.5649532079696655,-0.5943043828010559,0.0
17.0,1.5676841735839844,-0.587062656879425,0.0
17.0,1.5647529363632202,-0.5777302384376526,0.0
17.0,1.567407250404358,-0.5704895853996277,0.0
17.0,1.5662630796432495,-0.5618861317634583,0.0
17.0,1.5631872415542603,-0.552638828754425,0.0
17.0,1.565725564956665,-0.5454056859016418,0.0
17.0,1.5625553131103516,-0.5362133979797363,0.0
17.0,1.5650177001953125,-0.5289834141731262,0.0
17.0,1.563651442527771,-0.5204788446426392,0.0
17.0,1.566041111946106,-0.5132439136505127,0.0
17.0,1.564590573310852,-0.5047699213027954,0.0
17.0,1.5630950927734375,-0.4963202476501465,0.0
17.0,1.5653730630874634,-0.48908817768096924,0.0
17.0,1.5618822574615479,-0.48008278012275696,0.0
17.0,1.5640852451324463,-0.4728564918041229,0.0
17.0,1.5624206066131592,-0.46448028087615967,0.0
17.0,1.5607119798660278,-0.4561295807361603,0.0
17.0,1.5628042221069336,-0.4489089548587799,0.0
17.0,1.5629380941390991,-0.441135436296463,0.0
17.0,1.5649608373641968,-0.4339046776294708,0.0
17.0,1.5630908012390137,-0.42561376094818115,0.0
17.0,1.5611776113510132,-0.4173494279384613,0.0
17.0,1.5630905628204346,-0.41012707352638245,0.0
17.0,1.5591593980789185,-0.40140002965927124,0.0
17.0,1.560998558998108,-0.39418715238571167,0.0
17.0,1.5511561632156372,-0.3840816617012024,0.0
17.0,1.5393102169036865,-0.3736039102077484,0.0
17.0,1.5410211086273193,-0.3664831221103668,0.0
17.0,1.5446468591690063,-0.35980820655822754,0.0
17.0,1.54629385471344,-0.3526628911495209,0.0
17.0,1.5774263143539429,-0.16468822956085205,0.0
17.0,1.578170895576477,-0.1573934406042099,0.0
17.0,1.5788816213607788,-0.15009528398513794,0.0
17.0,1.5795587301254272,-0.1427939236164093,0.0
17.0,1.5642606019973755,-0.13412266969680786,0.0
17.0,1.5648640394210815,-0.12688906490802765,0.0
17.0,1.5654339790344238,-0.11965276300907135,0.0
17.0,1.5579909086227417,-0.11184109002351761,0.0
17.0,1.5584913492202759,-0.10463672131299973,0.0
17.0,1.5549662113189697,-0.09718061238527298,0.0
17.0,1.5553988218307495,-0.08999038487672806,0.0
17.0,1.5577954053878784,-0.08290452510118484,0.0
17.0,1.564155101776123,-0.07599253207445145,0.0
17.0,1.564489722251892,-0.06876004487276077,0.0
17.0,1.572784662246704,-0.06184040382504463,0.0
17.0,1.5730538368225098,-0.05456817150115967,0.0
17.0,1.5832847356796265,-0.047595251351594925,0.0
17.0,1.59348464012146,-0.04052888602018356,0.0
17.0,1.593654990196228,-0.03316117823123932,0.0
17.0,1.6037899255752563,-0.025954576209187508,0.0
17.0,1.6038928031921387,-0.01853938028216362,0.0
17.0,1.6159611940383911,-0.01120700966566801,0.0
17.0,1.6159957647323608,-0.0037356994580477476,0.0
17.0,1.6239956617355347,0.0037541838828474283,0.0
17.0,1.6319607496261597,0.011317960917949677,0.0
17.0,1.6318910121917725,0.018863001838326454,0.0
17.0,1.643784761428833,0.026601815596222878,0.0
17.0,1.6436442136764526,0.03420136123895645,0.0
17.0,1.6554646492004395,0.042105283588171005,0.0
17.0,1.6552523374557495,0.0497586615383625,0.0
17.0,1.6649985313415527,0.0577576644718647,0.0
17.0,1.6727075576782227,0.065769262611866,0.0
17.0,1.672385573387146,0.07350210845470428,0.0
17.0,1.4306666851043701,0.22337573766708374,0.0
17.0,1.4296185970306396,0.22998785972595215,0.0
17.0,1.4285399913787842,0.2365950644016266,0.0
17.0,1.4274308681488037,0.24319720268249512,0.0
17.0,1.4349631071090698,0.25815635919570923,0.0
17.0,1.4337542057037354,0.2647879719734192,0.0
17.0,1.4325146675109863,0.2714139223098755,0.0
17.0,1.4312444925308228,0.2780340909957886,0.0
17.0,1.4417129755020142,0.28699108958244324,0.0
17.0,1.4403706789016724,0.29365360736846924,0.0
17.0,1.452702283859253,0.3031699061393738,0.0
17.0,1.4669324159622192,0.31322410702705383,0.0
17.0,1.4654685258865356,0.320002943277359,0.0
17.0,1.4776371717453003,0.329824835062027,0.0
17.0,1.476096510887146,0.3366529941558838,0.0
17.0,1.4862112998962402,0.3461962938308716,0.0
17.0,1.4982149600982666,0.35630300641059875,0.0
17.0,1.4965516328811646,0.3632260262966156,0.0
17.0,1.5162115097045898,0.3754290044307709,0.0
17.0,1.514459490776062,0.38243499398231506,0.0
17.0,1.533980369567871,0.3949177861213684,0.0
17.0,1.5321382284164429,0.40200570225715637,0.0
17.0,1.555381178855896,0.4157998561859131,0.0
17.0,1.5746692419052124,0.4287664294242859,0.0
17.0,1.5726701021194458,0.4360421299934387,0.0
17.0,1.5860357284545898,0.44765469431877136,0.0
17.0,1.583949089050293,0.454982727766037,0.0
17.0,1.5952664613723755,0.4662283658981323,0.0
17.0,1.5930938720703125,0.4735988974571228,0.0
17.0,1.6042882204055786,0.48501071333885193,0.0
17.0,1.617322564125061,0.49712368845939636,0.0
17.0,1.6150068044662476,0.5045958757400513,0.0
17.0,1.6260000467300415,0.5162941217422485,0.0
17.0,1.6235957145690918,0.5238062143325806,0.0
17.0,1.6344603300094604,0.5356671810150146,0.0
17.0,1.6319663524627686,0.543218195438385,0.0
17.0,1.6427001953125,0.5552404522895813,0.0
17.0,1.6533576250076294,0.567373514175415,0.0
17.0,1.650716781616211,0.5750115513801575,0.0
17.0,1.659354329109192,0.5866370797157288,0.0
17.0,1.656624436378479,0.5943025946617126,0.0
17.0,1.44148850440979,0.5246589183807373,0.0
17.0,1.4390474557876587,0.5313178300857544,0.0
17.0,1.4365755319595337,0.5379654169082642,0.0
17.0,1.4490306377410889,0.550281822681427,0.0
17.0,1.4464709758758545,0.5569753050804138,0.0
17.0,1.4438804388046265,0.5636569261550903,0.0
17.0,1.4561365842819214,0.5762137770652771,0.0
17.0,1.4534568786621094,0.582939863204956,0.0
17.0,1.467421531677246,0.5964311361312866,0.0
17.0,1.4646482467651367,0.6032091975212097,0.0
17.0,1.478455662727356,0.616905927658081,0.0
17.0,1.4940094947814941,0.6315217018127441,0.0
17.0,1.491073727607727,0.6384223103523254,0.0
17.0,1.50829017162323,0.6540619730949402,0.0
17.0,1.505250096321106,0.6610283851623535,0.0
17.0,1.5186249017715454,0.6752942204475403,0.0
17.0,1.515486478805542,0.6823081970214844,0.0
17.0,1.525054931640625,0.695114016532898,0.0
17.0,1.5309048891067505,0.7063469886779785,0.0
17.0,1.5276228189468384,0.7134173512458801,0.0
17.0,1.5279245376586914,0.7221818566322327,0.0
17.0,1.5245693922042847,0.7292382717132568,0.0
17.0,1.52658212184906,0.7388931512832642,0.0
17.0,1.530334234237671,0.7494617700576782,0.0
17.0,1.5268528461456299,0.7565290927886963,0.0
17.0,1.528702735900879,0.7662689089775085,0.0
17.0,1.5251436233520508,0.7733284831047058,0.0
17.0,1.5251110792160034,0.7821969389915466,0.0
17.0,1.5214784145355225,0.7892397046089172,0.0
17.0,1.523126482963562,0.7990530729293823,0.0
17.0,1.5264829397201538,0.8098357319831848,0.0
17.0,1.5227224826812744,0.8168845772743225,0.0
17.0,1.5259613990783691,0.8277303576469421,0.0
17.0,1.5221182107925415,0.8347765803337097,0.0
17.0,1.5217407941818237,0.8437446355819702,0.0
17.0,1.5160789489746094,0.8497933149337769,0.0
17.0,1.5121338367462158,0.8567936420440674,0.0
17.0,1.5046852827072144,0.8617876172065735,0.0
17.0,1.5006848573684692,0.868735134601593,0.0
17.0,1.4776637554168701,0.8645541667938232,0.0
17.0,1.2620793581008911,1.1149042844772339,0.0
17.0,1.256911277770996,1.1207274198532104,0.0
17.0,1.2517163753509521,1.1265265941619873,0.0
17.0,1.2464946508407593,1.1323018074035645,0.0
17.0,1.2271639108657837,1.1356288194656372,0.0
17.0,1.2219003438949585,1.141290307044983,0.0
17.0,1.2166106700897217,1.1469274759292603,0.0
17.0,1.2112950086593628,1.1525399684906006,0.0
17.0,1.200183391571045,1.1525866985321045,0.0
17.0,1.1905333995819092,1.1539472341537476,0.0
17.0,1.185185432434082,1.159439206123352,0.0
17.0,1.1755427122116089,1.1606907844543457,0.0
17.0,1.170163869857788,1.1661133766174316,0.0
17.0,1.1548892259597778,1.1615829467773438,0.0
17.0,1.1396815776824951,1.1569364070892334,0.0
17.0,1.1343203783035278,1.1621931791305542,0.0
17.0,0.961622953414917,1.2937639951705933,0.0
17.0,0.9556311368942261,1.2981960773468018,0.0
17.0,0.9496188759803772,1.3026005029678345,0.0
17.0,0.9435863494873047,1.3069769144058228,0.0
17.0,0.9317176342010498,1.30319082736969,0.0
17.0,0.925682544708252,1.30748450756073,0.0
17.0,0.9196276664733887,1.3117502927780151,0.0
17.0,0.9135531187057495,1.3159880638122559,0.0
17.0,0.9040603041648865,1.3152531385421753,0.0
17.0,0.8968445062637329,1.317765474319458,0.0
17.0,0.8907423615455627,1.3218978643417358,0.0
17.0,0.8835113048553467,1.3243381977081299,0.0
17.0,0.8773789405822754,1.3284088373184204,0.0
17.0,0.8701333403587341,1.3307772874832153,0.0
17.0,0.8639713525772095,1.3347859382629395,0.0
17.0,0.8567119836807251,1.3370821475982666,0.0
17.0,0.8505209684371948,1.3410288095474243,0.0
17.0,0.8443118333816528,1.3449467420578003,0.0
17.0,0.8380845785140991,1.3488359451293945,0.0
17.0,0.8318394422531128,1.3526962995529175,0.0
17.0,0.8245367407798767,1.3548191785812378,0.0
17.0,0.8182640671730042,1.358616828918457,0.0
17.0,0.8119739294052124,1.3623855113983154,0.0
17.0,0.8046504855155945,1.3644022941589355,0.0
17.0,0.7983337640762329,1.3681079149246216,0.0
17.0,0.7919999361038208,1.3717842102050781,0.0
17.0,0.7866411805152893,1.3771679401397705,0.0
17.0,0.7802656292915344,1.380790114402771,0.0
17.0,0.7728975415229797,1.3826371431350708,0.0
17.0,0.7664967775344849,1.3861957788467407,0.0
17.0,0.7610393762588501,1.3914793729782104,0.0
17.0,0.7545979619026184,1.3949830532073975,0.0
17.0,0.7481403350830078,1.3984569311141968,0.0
17.0,0.7416667342185974,1.4019010066986084,0.0
17.0,0.7351773381233215,1.4053149223327637,0.0
17.0,0.7286721467971802,1.4086989164352417,0.0
17.0,0.7221514582633972,1.412052869796753,0.0
17.0,0.47828006744384766,0.9459640979766846,0.0
17.0,0.46774089336395264,0.9467599987983704,0.0
17.0,0.46335867047309875,0.9489123821258545,0.0
17.0,0.45896655321121216,0.9510445594787598,0.0
17.0,0.4545646011829376,0.9531563520431519,0.0
17.0,0.4484478533267975,0.9516294598579407,0.0
17.0,0.4440433084964752,0.953692615032196,0.0
17.0,0.43795767426490784,0.9521013498306274,0.0
17.0,0.4335510730743408,0.9541160464286804,0.0
17.0,0.4266783595085144,0.9506364464759827,0.0
17.0,0.42227864265441895,0.9525989890098572,0.0
17.0,0.41706782579421997,0.9527089595794678,0.0
17.0,0.4110715091228485,0.9509554505348206,0.0
17.0,0.4066705107688904,0.9528458118438721,0.0
17.0,0.4007076323032379,0.9510295987129211,0.0
17.0,0.3963063955307007,0.9528720378875732,0.0
17.0,0.3903777003288269,0.9509938359260559,0.0
17.0,0.3852258324623108,0.950934886932373,0.0
17.0,0.3808251619338989,0.9527057409286499,0.0
17.0,0.3749488592147827,0.9507350921630859,0.0
17.0,0.3705492615699768,0.9524585008621216,0.0
17.0,0.3654251992702484,0.9522942900657654,0.0
17.0,0.35960274934768677,0.9502325654029846,0.0
17.0,0.35520562529563904,0.9518849849700928,0.0
17.0,0.3494197726249695,0.9497630000114441,0.0
17.0,0.3450249433517456,0.9513683319091797,0.0
17.0,0.3399495482444763,0.9510700702667236,0.0
17.0,0.33421990275382996,0.9488588571548462,0.0
17.0,0.3298293948173523,0.9503939747810364,0.0
17.0,0.3247848153114319,0.9500161409378052,0.0
17.0,0.320389062166214,0.9515076279640198,0.0
17.0,0.3147275745868683,0.9491820335388184,0.0
17.0,0.30909445881843567,0.9468244910240173,0.0
17.0,0.304713636636734,0.9482434391975403,0.0
17.0,0.29972323775291443,0.9477351903915405,0.0
17.0,0.29533830285072327,0.9491108059883118,0.0
17.0,0.2903616428375244,0.9485536813735962,0.0
17.0,0.2859730124473572,0.9498860239982605,0.0
17.0,0.28101059794425964,0.9492802619934082,0.0
17.0,0.2755010426044464,0.9467286467552185,0.0
17.0,0.2711210250854492,0.9479922652244568,0.0
17.0,0.2661941647529602,0.9473102688789368,0.0
17.0,0.2618115544319153,0.9485308527946472,0.0
17.0,0.2569001317024231,0.9478007555007935,0.0
17.0,0.2520010471343994,0.9470456838607788,0.0
17.0,0.24761982262134552,0.9482006430625916,0.0
17.0,0.24224050343036652,0.9454604983329773,0.0
17.0,0.23786669969558716,0.9465703368186951,0.0
17.0,0.2334877997636795,0.947659969329834,0.0
17.0,0.22863443195819855,0.9467852115631104,0.0
17.0,0.22425465285778046,0.9478321671485901,0.0
17.0,0.21941860020160675,0.9469105005264282,0.0
17.0,0.21503834426403046,0.9479148387908936,0.0
17.0,0.21022003889083862,0.9469464421272278,0.0
17.0,0.2054152935743332,0.9459537863731384,0.0
17.0,0.20103959739208221,0.9468933939933777,0.0
17.0,0.19625328481197357,0.9458544850349426,0.0
17.0,0.19187815487384796,0.9467517137527466,0.0
17.0,0.18711072206497192,0.9456667304039001,0.0
17.0,0.18273654580116272,0.9465216994285583,0.0
17.0,0.1779884397983551,0.9453909993171692,0.0
17.0,0.17325468361377716,0.9442366361618042,0.0
17.0,0.16888727247714996,0.9450275301933289,0.0
17.0,0.16417351365089417,0.9438278675079346,0.0
17.0,0.15980809926986694,0.9445767998695374,0.0
17.0,0.15543925762176514,0.945305585861206,0.0
17.0,0.15075170993804932,0.9440391063690186,0.0
17.0,0.14638546109199524,0.9447259902954102,0.0
17.0,0.14201606810092926,0.9453927278518677,0.0
17.0,0.13764365017414093,0.9460391998291016,0.0
17.0,0.13298949599266052,0.9446850419044495,0.0
17.0,0.12835079431533813,0.9433080554008484,0.0
17.0,0.12398815900087357,0.9438914060592651,0.0
17.0,0.11962287127971649,0.944454550743103,0.0
17.0,0.11525502800941467,0.9449975490570068,0.0
17.0,0.11065176874399185,0.9435338973999023,0.0
17.0,0.10628827661275864,0.9440353512763977,0.0
17.0,0.10192251205444336,0.9445167183876038,0.0
17.0,0.09734919667243958,0.942988395690918,0.0
17.0,0.09298837184906006,0.9434283971786499,0.0
17.0,0.08862555772066116,0.9438482522964478,0.0
17.0,0.08426084369421005,0.9442479014396667,0.0
17.0,0.07972577959299088,0.9426344633102417,0.0
17.0,0.0753667801618576,0.9429929852485657,0.0
17.0,0.0710061639547348,0.9433313608169556,0.0
17.0,0.06664403527975082,0.9436495900154114,0.0
17.0,0.062280476093292236,0.9439476132392883,0.0
17.0,0.05779314786195755,0.9422292709350586,0.0
17.0,0.05343625321984291,0.9424864053726196,0.0
17.0,0.049078214913606644,0.9427233338356018,0.0
17.0,0.04471912980079651,0.9429401755332947,0.0
17.0,0.04035909101366997,0.9431368708610535,0.0
17.0,0.035921916365623474,0.9413148164749146,0.0
17.0,0.03156948462128639,0.9414708018302917,0.0
17.0,0.02721637673676014,0.9416067004203796,0.0
17.0,0.022862685844302177,0.9417225122451782,0.0
17.0,0.018508508801460266,0.941818118095398,0.0
17.0,0.014153935015201569,0.9418936371803284,0.0
17.0,0.009799058549106121,0.9419490098953247,0.0
17.0,0.005443972535431385,0.941984236240387,0.0
17.0,0.0010887705720961094,0.9419993162155151,0.0
17.0,-0.0032664549071341753,0.941994309425354,0.0
17.0,-0.007621610537171364,0.9419691562652588,0.0
17.0,-0.011976603418588638,0.9419238567352295,0.0
17.0,-0.01633133925497532,0.9418584108352661,0.0
17.0,-0.020685726776719093,0.9417728185653687,0.0
17.0,-0.0250396728515625,0.9416671395301819,0.0
17.0,-0.029330678284168243,0.939542293548584,0.0
17.0,-0.0336742177605629,0.9393966197967529,0.0
17.0,-0.03809792548418045,0.9412292242050171,0.0
17.0,-0.04244917258620262,0.9410430192947388,0.0
17.0,-0.04679951071739197,0.9408367276191711,0.0
17.0,-0.05114884674549103,0.9406102895736694,0.0
17.0,-0.05549709498882294,0.9403637647628784,0.0
17.0,-0.05984415113925934,0.9400971531867981,0.0
17.0,-0.06418993324041367,0.9398103952407837,0.0
17.0,-0.06853433698415756,0.9395036101341248,0.0
17.0,-0.07287728041410446,0.9391766786575317,0.0
17.0,-0.0772186666727066,0.9388297200202942,0.0
17.0,-0.08155839890241623,0.9384626746177673,0.0
17.0,-0.08589638769626617,0.9380755424499512,0.0
17.0,-0.09042412787675858,0.9396592378616333,0.0
17.0,-0.09476755559444427,0.9392311573028564,0.0
17.0,-0.09910895675420761,0.9387829303741455,0.0
17.0,-0.10366740822792053,0.9403026103973389,0.0
17.0,-0.10801366716623306,0.9398132562637329,0.0
17.0,-0.11235762387514114,0.9393038749694824,0.0
17.0,-0.11669917404651642,0.9387743473052979,0.0
17.0,-0.12129412591457367,0.940208375453949,0.0
17.0,-0.12563976645469666,0.9396375417709351,0.0
17.0,-0.12998270988464355,0.9390466213226318,0.0
17.0,-0.1343228816986084,0.9384356141090393,0.0
17.0,-0.13866019248962402,0.9378045797348022,0.0
17.0,-0.14329619705677032,0.9391305446624756,0.0
17.0,-0.14763662219047546,0.9384579658508301,0.0
17.0,-0.1522938311100006,0.9397396445274353,0.0
17.0,-0.15663696825504303,0.9390255212783813,0.0
17.0,-0.16097676753997803,0.9382912516593933,0.0
17.0,-0.16531310975551605,0.9375370144844055,0.0
17.0,-0.16964592039585114,0.9367626905441284,0.0
17.0,-0.1743406057357788,0.9379346370697021,0.0
17.0,-0.17867515981197357,0.9371185302734375,0.0
17.0,-0.1830058991909027,0.9362824559211731,0.0
17.0,-0.18811818957328796,0.9393484592437744,0.0
17.0,-0.1924591362476349,0.9384686946868896,0.0
17.0,-0.1967959702014923,0.9375688433647156,0.0
17.0,-0.2015484869480133,0.9386043548583984,0.0
17.0,-0.2058858424425125,0.9376624822616577,0.0
17.0,-0.2106567770242691,0.9386520981788635,0.0
17.0,-0.21499426662921906,0.9376680850982666,0.0
17.0,-0.21978312730789185,0.9386113882064819,0.0
17.0,-0.2241203337907791,0.9375852346420288,0.0
17.0,-0.22892671823501587,0.9384820461273193,0.0
17.0,-0.23374615609645844,0.939354419708252,0.0
17.0,-0.23808665573596954,0.9382636547088623,0.0
17.0,-0.24292293190956116,0.9390891790390015,0.0
17.0,-0.24726209044456482,0.9379560351371765,0.0
17.0,-0.2521147131919861,0.9387343525886536,0.0
17.0,-0.2569798231124878,0.9394878149032593,0.0
17.0,-0.26132068037986755,0.9382896423339844,0.0
17.0,-0.2662014365196228,0.9389956593513489,0.0
17.0,-0.27053990960121155,0.9377548694610596,0.0
17.0,-0.2754358649253845,0.9384130239486694,0.0
17.0,-0.2803437113761902,0.9390460252761841,0.0
17.0,-0.2846822738647461,0.9377398490905762,0.0
17.0,-0.2896045744419098,0.9383246898651123,0.0
17.0,-0.2939396798610687,0.9369757175445557,0.0
17.0,-0.298876017332077,0.937512218952179,0.0
17.0,-0.30320730805397034,0.9361203908920288,0.0
17.0,-0.30815714597702026,0.9366083145141602,0.0
17.0,-0.31248414516448975,0.9351736307144165,0.0
17.0,-0.31744706630706787,0.9356127977371216,0.0
17.0,-0.32242071628570557,0.9360260963439941,0.0
17.0,-0.32674485445022583,0.9345254302024841,0.0
17.0,-0.33173084259033203,0.9348896145820618,0.0
17.0,-0.3360496461391449,0.9333459138870239,0.0
17.0,-0.3417336642742157,0.9355394840240479,0.0
17.0,-0.34675025939941406,0.9358249306678772,0.0
17.0,-0.3510732352733612,0.934211790561676,0.0
17.0,-0.3561008870601654,0.9344475269317627,0.0
17.0,-0.36041736602783203,0.9327911138534546,0.0
17.0,-0.3661850392818451,0.9348392486572266,0.0
17.0,-0.37197938561439514,0.9368540048599243,0.0
17.0,-0.37630683183670044,0.9351241588592529,0.0
17.0,-0.38213664293289185,0.9370781779289246,0.0
17.0,-0.38646501302719116,0.9353014230728149,0.0
17.0,-0.3915574550628662,0.9353495836257935,0.0
17.0,-0.39587774872779846,0.933529257774353,0.0
17.0,-0.40176820755004883,0.9353642463684082,0.0
17.0,-0.4068862497806549,0.9353306889533997,0.0
17.0,-0.41120630502700806,0.9334395527839661,0.0
17.0,-0.41633227467536926,0.933354914188385,0.0
17.0,-0.42064306139945984,0.9314200282096863,0.0
17.0,-0.4266080856323242,0.9331032037734985,0.0
17.0,-0.4325975775718689,0.9347509145736694,0.0
17.0,-0.4369146525859833,0.9327408671379089,0.0
17.0,-0.44293591380119324,0.9343253374099731,0.0
17.0,-0.4472509026527405,0.9322674870491028,0.0
17.0,-0.45330315828323364,0.9337881207466125,0.0
17.0,-0.45761555433273315,0.9316823482513428,0.0
17.0,-0.46280819177627563,0.931347668170929,0.0
17.0,-0.4698041081428528,0.9345588088035583,0.0
17.0,-0.4741199016571045,0.9323767423629761,0.0
17.0,-0.4802550673484802,0.933731734752655,0.0
17.0,-0.48456692695617676,0.9315013885498047,0.0
17.0,-0.49073082208633423,0.9327911138534546,0.0
17.0,-0.49691689014434814,0.9340436458587646,0.0
17.0,-0.501230001449585,0.9317362308502197,0.0
17.0,-0.5074437260627747,0.9329227805137634,0.0
17.0,-0.5117515325546265,0.9305667281150818,0.0
17.0,-1.1163995265960693,1.9650068283081055,0.0
17.0,-1.1254725456237793,1.9598243236541748,0.0
17.0,-1.1345216035842896,1.9545998573303223,0.0
17.0,-1.143546223640442,1.949333667755127,0.0
17.0,-1.1566263437271118,1.9509072303771973,0.0
17.0,-1.1656336784362793,1.945538878440857,0.0
17.0,-1.1787595748901367,1.9469724893569946,0.0
17.0,-1.1919233798980713,1.9483259916305542,0.0
17.0,-1.200918436050415,1.9427945613861084,0.0
17.0,-1.2162445783615112,1.947399616241455,0.0
17.0,-1.225235104560852,1.9417556524276733,0.0
17.0,-1.2406500577926636,1.946189045906067,0.0
17.0,-1.256131887435913,1.9505209922790527,0.0
17.0,-1.265136480331421,1.944692611694336,0.0
17.0,-1.2785075902938843,1.945508360862732,0.0
17.0,-1.2874886989593506,1.939576506614685,0.0
17.0,-1.3031249046325684,1.9435701370239258,0.0
17.0,-1.318825602531433,1.947460651397705,0.0
17.0,-1.3278154134750366,1.9413424730300903,0.0
17.0,-1.3435970544815063,1.9450560808181763,0.0
17.0,-1.352575421333313,1.9388233423233032,0.0
17.0,-1.3684360980987549,1.9423589706420898,0.0
17.0,-1.3774017095565796,1.9360114336013794,0.0
17.0,-1.3933396339416504,1.9393681287765503,0.0
17.0,-1.4093378782272339,1.9426186084747314,0.0
17.0,-1.4183043241500854,1.9360820055007935,0.0
17.0,-1.4343764781951904,1.9391512870788574,0.0
17.0,-1.4433265924453735,1.9324989318847656,0.0
17.0,-1.4594709873199463,1.9353864192962646,0.0
17.0,-1.4780957698822021,1.9413483142852783,0.0
17.0,-1.4870555400848389,1.9344937801361084,0.0
17.0,-1.503340721130371,1.9370777606964111,0.0
17.0,-1.5122805833816528,1.930106520652771,0.0
17.0,-1.5236696004867554,1.9262313842773438,0.0
17.0,-1.5225749015808105,1.9066635370254517,0.0
17.0,-1.5313738584518433,1.8996037244796753,0.0
17.0,-1.5249910354614258,1.873888373374939,0.0
17.0,-1.5336384773254395,1.866817831993103,0.0
17.0,-1.526932716369629,1.8412333726882935,0.0
17.0,-1.5354291200637817,1.8341541290283203,0.0
17.0,-1.5284020900726318,1.8087042570114136,0.0
17.0,-1.518576979637146,1.7803155183792114,0.0
17.0,-1.5267918109893799,1.77327561378479,0.0
17.0,-1.5192307233810425,1.7480828762054443,0.0
17.0,-1.527296543121338,1.7410402297973633,0.0
17.0,-1.5220712423324585,1.7189866304397583,0.0
17.0,-1.5166749954223633,1.6970188617706299,0.0
17.0,-1.5245047807693481,1.689988613128662,0.0
17.0,-1.516144037246704,1.6651761531829834,0.0
17.0,-1.5238265991210938,1.6581486463546753,0.0
17.0,-1.5178755521774292,1.6364223957061768,0.0
17.0,-1.5117563009262085,1.6147868633270264,0.0
17.0,-1.519205927848816,1.6077800989151,0.0
17.0,-1.5100593566894531,1.5833712816238403,0.0
17.0,-1.5173636674880981,1.5763728618621826,0.0
17.0,-1.5106992721557617,1.5549956560134888,0.0
17.0,-1.5038700103759766,1.5337141752243042,0.0
17.0,-1.5109448432922363,1.5267448425292969,0.0
17.0,-1.503853440284729,1.5055924654006958,0.0
17.0,-1.5107983350753784,1.4986236095428467,0.0
17.0,-1.5062994956970215,1.4804073572158813,0.0
17.0,-1.5016647577285767,1.4622650146484375,0.0
17.0,-1.5084092617034912,1.4553065299987793,0.0
17.0,-1.5006643533706665,1.4344972372055054,0.0
17.0,-1.5072804689407349,1.4275438785552979,0.0
17.0,-1.4992800951004028,1.4068742990493774,0.0
17.0,-1.5057685375213623,1.3999274969100952,0.0
17.0,-1.50045645236969,1.3821107149124146,0.0
17.0,-1.4964895248413086,1.3657214641571045,0.0
17.0,-1.5027878284454346,1.358788013458252,0.0
17.0,-1.4986261129379272,1.3424842357635498,0.0
17.0,-1.4928501844406128,1.324920654296875,0.0
17.0,-1.4989597797393799,1.3180044889450073,0.0
17.0,-1.49297297000885,1.3005505800247192,0.0
17.0,-1.4989699125289917,1.293634057044983,0.0
17.0,-1.4958140850067139,1.278891921043396,0.0
17.0,-1.5017108917236328,1.2719625234603882,0.0
17.0,-1.4968509674072266,1.2560068368911743,0.0
17.0,-1.4918758869171143,1.2401236295700073,0.0
17.0,-1.4975934028625488,1.233212947845459,0.0
17.0,-1.4939802885055542,1.2186905145645142,0.0
17.0,-1.4995988607406616,1.2117702960968018,0.0
17.0,-1.495816946029663,1.1973252296447754,0.0
17.0,-1.4887993335723877,1.1804560422897339,0.0
17.0,-1.4942411184310913,1.1735601425170898,0.0
17.0,-1.4886009693145752,1.1580429077148438,0.0
17.0,-1.482849359512329,1.1426030397415161,0.0
17.0,-1.4881161451339722,1.135735034942627,0.0
17.0,-1.483778476715088,1.121606707572937,0.0
17.0,-1.4889482259750366,1.1147346496582031,0.0
17.0,-1.4844468832015991,1.1006914377212524,0.0
17.0,-1.4895199537277222,1.0938165187835693,0.0
17.0,-1.484856128692627,1.0798602104187012,0.0
17.0,-1.480095386505127,1.0659706592559814,0.0
17.0,-1.4850080013275146,1.059116244316101,0.0
17.0,-1.4800869226455688,1.0453165769577026,0.0
17.0,-1.4849040508270264,1.0384624004364014,0.0
17.0,-1.4831123352050781,1.027031660079956,0.0
17.0,-1.4795973300933838,1.014508605003357,0.0
17.0,-1.4842720031738281,1.0076570510864258,0.0
17.0,-1.4772956371307373,0.992974042892456,0.0
17.0,-1.4818707704544067,0.986133337020874,0.0
17.0,-1.4780635833740234,0.973770022392273,0.0
17.0,-1.4758490324020386,0.9625556468963623,0.0
17.0,-1.480283498764038,0.9557219743728638,0.0
17.0,-1.4762601852416992,0.9434826970100403,0.0
17.0,-1.4806065559387207,0.9366472959518433,0.0
17.0,-1.4747505187988281,0.9234234690666199,0.0
17.0,-1.4705040454864502,0.9113275408744812,0.0
17.0,-1.4747017621994019,0.9045190811157227,0.0
17.0,-1.4703195095062256,0.8925023674964905,0.0
17.0,-1.4744302034378052,0.8856949806213379,0.0
17.0,-1.4716325998306274,0.8747808933258057,0.0
17.0,-1.4670417308807373,0.8628977537155151,0.0
17.0,-1.4710155725479126,0.8561058640480042,0.0
17.0,-1.4680250883102417,0.8453036546707153,0.0
17.0,-1.4719176292419434,0.8385074138641357,0.0
17.0,-1.4705514907836914,0.8287473917007446,0.0
17.0,-1.474367380142212,0.8219396471977234,0.0
17.0,-1.4711462259292603,0.8112512230873108,0.0
17.0,-1.4661022424697876,0.7996525168418884,0.0
17.0,-1.4697836637496948,0.7928656339645386,0.0
17.0,-1.4663752317428589,0.7822962403297424,0.0
17.0,-1.4699764251708984,0.7755082845687866,0.0
17.0,-1.4664534330368042,0.7650036811828613,0.0
17.0,-1.462864637374878,0.754548192024231,0.0
17.0,-1.4663375616073608,0.7477768063545227,0.0
17.0,-1.4644215106964111,0.7382882833480835,0.0
17.0,-1.4678192138671875,0.731509804725647,0.0
17.0,-1.4640090465545654,0.7211805582046509,0.0
17.0,-1.4601348638534546,0.7109021544456482,0.0
17.0,-1.4634060859680176,0.7041438221931458,0.0
17.0,-1.459421157836914,0.6939351558685303,0.0
17.0,-1.4626139402389526,0.6871802806854248,0.0
17.0,-1.4603331089019775,0.6778844594955444,0.0
17.0,-1.4579976797103882,0.6686244010925293,0.0
17.0,-1.461073398590088,0.6618764400482178,0.0
17.0,-1.4586411714553833,0.6526637077331543,0.0
17.0,-1.461643099784851,0.6459129452705383,0.0
17.0,-1.4591145515441895,0.6367484927177429,0.0
17.0,-1.4546959400177002,0.6268298029899597,0.0
17.0,-1.4575785398483276,0.6200975179672241,0.0
17.0,-1.4548978805541992,0.6110286712646484,0.0
17.0,-1.4577072858810425,0.604295551776886,0.0
17.0,-1.4549325704574585,0.5952775478363037,0.0
17.0,-1.4521055221557617,0.5862981677055359,0.0
17.0,-1.4548007249832153,0.5795782804489136,0.0
17.0,-1.4537420272827148,0.5713827610015869,0.0
17.0,-1.4563682079315186,0.5646554827690125,0.0
17.0,-1.4533590078353882,0.5557730197906494,0.0
17.0,-1.4559129476547241,0.5490476489067078,0.0
17.0,-1.4528120756149292,0.5402193665504456,0.0
17.0,-1.4496608972549438,0.5314316153526306,0.0
17.0,-1.4521023035049438,0.5247235894203186,0.0
17.0,-1.45074462890625,0.5166623592376709,0.0
17.0,-1.453117847442627,0.5099495053291321,0.0
17.0,-1.4516795873641968,0.5019186735153198,0.0
17.0,-1.4483050107955933,0.493267297744751,0.0
17.0,-1.4505701065063477,0.4865659475326538,0.0
17.0,-1.4490059614181519,0.4785997271537781,0.0
17.0,-1.4512032270431519,0.471895307302475,0.0
17.0,-1.4476549625396729,0.4633517861366272,0.0
17.0,-1.4459666013717651,0.4554520845413208,0.0
17.0,-1.448056936264038,0.4487619698047638,0.0
17.0,-1.4462900161743164,0.44089585542678833,0.0
17.0,-1.4483129978179932,0.4342043995857239,0.0
17.0,-1.4445499181747437,0.42580726742744446,0.0
17.0,-1.4426610469818115,0.41801080107688904,0.0
17.0,-1.4445782899856567,0.41133636236190796,0.0
17.0,-1.4426125288009644,0.40357550978660583,0.0
17.0,-1.4444630146026611,0.3969014585018158,0.0
17.0,-1.4424206018447876,0.3891769349575043,0.0
17.0,-1.440337896347046,0.38147982954978943,0.0
17.0,-1.4420862197875977,0.37481653690338135,0.0
17.0,-1.4399276971817017,0.3671569228172302,0.0
17.0,-1.4416097402572632,0.3604956567287445,0.0
17.0,-1.4413186311721802,0.35335052013397217,0.0
17.0,-1.442936897277832,0.34668299555778503,0.0
17.0,-1.4406307935714722,0.33909159898757935,0.0
17.0,-1.4402341842651367,0.3319781720638275,0.0
17.0,-1.4417537450790405,0.3253158926963806,0.0
17.0,-1.4393362998962402,0.31778424978256226,0.0
17.0,-1.4407901763916016,0.3111262619495392,0.0
17.0,-1.438299536705017,0.3036354184150696,0.0
17.0,-1.4377292394638062,0.2965783476829529,0.0
17.0,-1.4390851259231567,0.28992801904678345,0.0
17.0,-1.4364852905273438,0.28249961137771606,0.0
17.0,-1.43777596950531,0.2758551836013794,0.0
17.0,-1.4370701313018799,0.2688370943069458,0.0
17.0,-1.434362530708313,0.26147276163101196,0.0
17.0,-1.4355560541152954,0.25483837723731995,0.0
17.0,-1.4347481727600098,0.24785807728767395,0.0
17.0,-1.4358787536621094,0.2412220537662506,0.0
17.0,-1.4350048303604126,0.23425865173339844,0.0
17.0,-1.436072587966919,0.22762158513069153,0.0
17.0,-1.433156132698059,0.22037173807621002,0.0
17.0,-1.4321813583374023,0.21344853937625885,0.0
17.0,-1.4331529140472412,0.20682474970817566,0.0
17.0,-1.4321130514144897,0.19992002844810486,0.0
17.0,-1.4310400485992432,0.19302935898303986,0.0
17.0,-1.4319171905517578,0.186411052942276,0.0
17.0,-1.4307793378829956,0.1795397698879242,0.0
17.0,-1.4315941333770752,0.17292281985282898,0.0
17.0,-1.4303916692733765,0.16607153415679932,0.0
17.0,-1.4311442375183105,0.1594565212726593,0.0
17.0,-1.4298774003982544,0.15262581408023834,0.0
17.0,-1.4285781383514404,0.14581026136875153,0.0
17.0,-1.4292370080947876,0.13920384645462036,0.0
17.0,-1.4278738498687744,0.13240979611873627,0.0
17.0,-1.4284707307815552,0.1258067935705185,0.0
17.0,-1.4270440340042114,0.11903484910726547,0.0
17.0,-1.4255852699279785,0.1122787743806839,0.0
17.0,-1.4260891675949097,0.10568656772375107,0.0
17.0,-1.4265625476837158,0.09909209609031677,0.0
17.0,-1.427005410194397,0.09249550849199295,0.0
17.0,-1.4274177551269531,0.08589693903923035,0.0
17.0,-1.4277997016906738,0.0792965367436409,0.0
17.0,-1.42815101146698,0.07269444316625595,0.0
17.0,-1.424476146697998,0.06590592116117477,0.0
17.0,-1.424765706062317,0.05931933596730232,0.0
17.0,-1.4230260848999023,0.05265752226114273,0.0
17.0,-1.423254370689392,0.04607778042554855,0.0
17.0,-1.4234521389007568,0.039497051388025284,0.0
17.0,-1.4216201305389404,0.03286925330758095,0.0
17.0,-1.4217568635940552,0.0262962207198143,0.0
17.0,-1.421863317489624,0.019722629338502884,0.0
17.0,-1.4219392538070679,0.013148615136742592,0.0
17.0,-1.4219849109649658,0.006574319209903479,0.0
18.0,-1.4199999570846558,1.2414034245011862e-07,0.0
18.0,-1.4199848175048828,-0.006565064657479525,0.0
18.0,-1.4199392795562744,-0.013130112551152706,0.0
18.0,-1.4198633432388306,-0.01969487965106964,0.0
18.0,-1.4197571277618408,-0.026259226724505424,0.0
18.0,-1.4196205139160156,-0.03282301127910614,0.0
18.0,-1.4194536209106445,-0.039386097341775894,0.0
18.0,-1.419256329536438,-0.0459483377635479,0.0
18.0,-1.4210275411605835,-0.05258355662226677,0.0
18.0,-1.420769214630127,-0.059152934700250626,0.0
18.0,-1.420480489730835,-0.0657210499048233,0.0
18.0,-1.420161485671997,-0.07228775322437286,0.0
18.0,-1.4198120832443237,-0.07885292172431946,0.0
18.0,-1.4194324016571045,-0.08541639894247055,0.0
18.0,-1.4190223217010498,-0.0919780507683754,0.0
18.0,-1.4185818433761597,-0.09853773564100266,0.0
18.0,-1.4181110858917236,-0.10509531199932098,0.0
18.0,-1.4176100492477417,-0.11165064573287964,0.0
18.0,-1.4190717935562134,-0.11836984008550644,0.0
18.0,-1.4165170192718506,-0.12475401163101196,0.0
18.0,-1.415925145149231,-0.13130176067352295,0.0
18.0,-1.4172935485839844,-0.13804058730602264,0.0
18.0,-1.4166401624679565,-0.1445917785167694,0.0
18.0,-1.4159564971923828,-0.15113988518714905,0.0
18.0,-1.4152425527572632,-0.15768477320671082,0.0
18.0,-1.4144984483718872,-0.16422627866268158,0.0
18.0,-1.4137240648269653,-0.1707642823457718,0.0
18.0,-1.4129194021224976,-0.1772986203432083,0.0
18.0,-1.4160510301589966,-0.184345543384552,0.0
18.0,-1.415183663368225,-0.19089050590991974,0.0
18.0,-1.4142858982086182,-0.19743138551712036,0.0
18.0,-1.4133580923080444,-0.20396804809570312,0.0
18.0,-1.414378046989441,-0.21079516410827637,0.0
18.0,-1.4133883714675903,-0.21733210980892181,0.0
18.0,-1.4143438339233398,-0.2241775244474411,0.0
18.0,-1.4132922887802124,-0.23071415722370148,0.0
18.0,-1.4141827821731567,-0.23757721483707428,0.0
18.0,-1.4130693674087524,-0.24411296844482422,0.0
18.0,-1.4119255542755127,-0.2506435215473175,0.0
18.0,-1.4127192497253418,-0.25752735137939453,0.0
18.0,-1.4115134477615356,-0.26405614614486694,0.0
18.0,-1.4122416973114014,-0.2709560990333557,0.0
18.0,-1.4109739065170288,-0.2774825394153595,0.0
18.0,-1.4116365909576416,-0.28439804911613464,0.0
18.0,-1.412265419960022,-0.29132556915283203,0.0
18.0,-1.4109033346176147,-0.29785189032554626,0.0
18.0,-1.411466121673584,-0.30479398369789124,0.0
18.0,-1.4100419282913208,-0.31131646037101746,0.0
18.0,-1.4105384349822998,-0.31827250123023987,0.0
18.0,-1.4110007286071777,-0.32523974776268005,0.0
18.0,-1.4094818830490112,-0.33175987005233765,0.0
18.0,-1.4118224382400513,-0.33920735120773315,0.0
18.0,-1.4102389812469482,-0.34573110938072205,0.0
18.0,-1.410565733909607,-0.35273265838623047,0.0
18.0,-1.4089198112487793,-0.3592504560947418,0.0
18.0,-1.4072438478469849,-0.36576056480407715,0.0
18.0,-1.4094043970108032,-0.3732869625091553,0.0
18.0,-1.4076634645462036,-0.3797991871833801,0.0
18.0,-1.4078210592269897,-0.38683319091796875,0.0
18.0,-1.406017541885376,-0.3933379352092743,0.0
18.0,-1.4061075448989868,-0.40038201212882996,0.0
18.0,-1.4080833196640015,-0.407991886138916,0.0
18.0,-1.4061819314956665,-0.41449761390686035,0.0
18.0,-1.408082127571106,-0.42214319109916687,0.0
18.0,-1.4061152935028076,-0.42864876985549927,0.0
18.0,-1.4060288667678833,-0.4357371926307678,0.0
18.0,-1.4039992094039917,-0.442233145236969,0.0
18.0,-1.4057492017745972,-0.44993895292282104,0.0
18.0,-1.4055559635162354,-0.45705196261405945,0.0
18.0,-1.4034278392791748,-0.46354547142982483,0.0
18.0,-1.405061960220337,-0.4713011384010315,0.0
18.0,-1.4028680324554443,-0.47779223322868347,0.0
18.0,-1.4044243097305298,-0.485580176115036,0.0
18.0,-1.405938744544983,-0.4933927357196808,0.0
18.0,-1.4036425352096558,-0.499887615442276,0.0
18.0,-1.4031972885131836,-0.5070515275001526,0.0
18.0,-1.400838017463684,-0.5135335922241211,0.0
18.0,-1.402198076248169,-0.5213988423347473,0.0
18.0,-1.403515100479126,-0.529287576675415,0.0
18.0,-1.4010529518127441,-0.5357708930969238,0.0
18.0,-1.4022904634475708,-0.5436887145042419,0.0
18.0,-1.3997617959976196,-0.5501662492752075,0.0
18.0,-1.4009191989898682,-0.558112382888794,0.0
18.0,-1.398323893547058,-0.564583420753479,0.0
18.0,-1.3994007110595703,-0.5725570321083069,0.0
18.0,-1.4022812843322754,-0.5813185572624207,0.0
18.0,-1.39957857131958,-0.587795615196228,0.0
18.0,-1.4023672342300415,-0.5966089963912964,0.0
18.0,-1.3995939493179321,-0.6030862927436829,0.0
18.0,-1.4004566669464111,-0.6111505031585693,0.0
18.0,-1.4012748003005981,-0.619235634803772,0.0
18.0,-1.3983968496322632,-0.6257076263427734,0.0
18.0,-1.3991327285766602,-0.6338168382644653,0.0
18.0,-1.3961873054504395,-0.6402787566184998,0.0
18.0,-1.3986544609069824,-0.6492533087730408,0.0
18.0,-1.3956377506256104,-0.6557128429412842,0.0
18.0,-1.3980097770690918,-0.6647348999977112,0.0
18.0,-1.400328278541565,-0.673792839050293,0.0
18.0,-1.3971980810165405,-0.6802598834037781,0.0
18.0,-1.3994203805923462,-0.6893637180328369,0.0
18.0,-1.3962182998657227,-0.6958264112472534,0.0
18.0,-1.3983439207077026,-0.7049752473831177,0.0
18.0,-1.3950695991516113,-0.7114328145980835,0.0
18.0,-1.3970979452133179,-0.720625638961792,0.0
18.0,-1.3990709781646729,-0.7298523187637329,0.0
18.0,-1.395681619644165,-0.7363129258155823,0.0
18.0,-1.397556185722351,-0.7455819845199585,0.0
18.0,-1.3940942287445068,-0.7520354390144348,0.0
18.0,-1.3976255655288696,-0.7623035311698914,0.0
18.0,-1.3975889682769775,-0.7706886529922485,0.0
18.0,-1.3940107822418213,-0.7771419882774353,0.0
18.0,-1.3938877582550049,-0.7855426073074341,0.0
18.0,-1.3902409076690674,-0.791978657245636,0.0
18.0,-1.393497347831726,-0.8023898005485535,0.0
18.0,-1.3966870307922363,-0.8128478527069092,0.0
18.0,-1.3929139375686646,-0.8192965984344482,0.0
18.0,-1.3942686319351196,-0.8287935853004456,0.0
18.0,-1.390421986579895,-0.8352309465408325,0.0
18.0,-1.391674518585205,-0.8447638750076294,0.0
18.0,-1.3877540826797485,-0.8511890769004822,0.0
18.0,-1.3923038244247437,-0.8628638386726379,0.0
18.0,-1.3950800895690918,-0.8735374212265015,0.0
18.0,-1.391026496887207,-0.8799780607223511,0.0
18.0,-1.3919987678527832,-0.889630913734436,0.0
18.0,-1.3878707885742188,-0.89605712890625,0.0
18.0,-1.3904139995574951,-0.9068344831466675,0.0
18.0,-1.3862065076828003,-0.9132532477378845,0.0
18.0,-1.3902944326400757,-0.9251924753189087,0.0
18.0,-1.3926416635513306,-0.9360732436180115,0.0
18.0,-1.3882989883422852,-0.942501962184906,0.0
18.0,-1.388875126838684,-0.9523035287857056,0.0
18.0,-1.3844573497772217,-0.9587146639823914,0.0
18.0,-1.3882049322128296,-0.9708362817764282,0.0
18.0,-1.3902361392974854,-0.9818592071533203,0.0
18.0,-1.3856818675994873,-0.9882762432098389,0.0
18.0,-1.387589454650879,-0.9993475675582886,0.0
18.0,-1.3829543590545654,-1.0057522058486938,0.0
18.0,-1.387961745262146,-1.019237995147705,0.0
18.0,-1.3832346200942993,-1.0256441831588745,0.0
18.0,-1.3768768310546875,-1.030829906463623,0.0
18.0,-1.360927939414978,-1.0287424325942993,0.0
18.0,-1.3561571836471558,-1.0350234508514404,0.0
18.0,-1.3418519496917725,-1.033958077430725,0.0
18.0,-1.3370572328567505,-1.0401508808135986,0.0
18.0,-1.3212237358093262,-1.0376741886138916,0.0
18.0,-1.3023076057434082,-1.0325883626937866,0.0
18.0,-1.2975196838378906,-1.0385984182357788,0.0
18.0,-1.2787036895751953,-1.0332729816436768,0.0
18.0,-1.273912787437439,-1.03917396068573,0.0
18.0,-1.256743311882019,-1.0348817110061646,0.0
18.0,-1.24117910861969,-1.0317317247390747,0.0
18.0,-1.2363957166671753,-1.037459135055542,0.0
18.0,-1.219377040863037,-1.0328232049942017,0.0
18.0,-1.2145888805389404,-1.038449764251709,0.0
18.0,-1.1991759538650513,-1.0349072217941284,0.0
18.0,-1.1838220357894897,-1.0312446355819702,0.0
18.0,-1.1790415048599243,-1.0367069244384766,0.0
18.0,-1.1637649536132812,-1.0328538417816162,0.0
18.0,-1.1589772701263428,-1.038223385810852,0.0
18.0,-1.14378023147583,-1.0341812372207642,0.0
18.0,-1.128645658493042,-1.0300209522247314,0.0
18.0,-1.1238713264465332,-1.0352280139923096,0.0
18.0,-1.1102845668792725,-1.0322422981262207,0.0
18.0,-1.105500340461731,-1.0373644828796387,0.0
18.0,-1.0905276536941528,-1.0328376293182373,0.0
18.0,-1.0756207704544067,-1.0281946659088135,0.0
18.0,-1.0708554983139038,-1.0331566333770752,0.0
18.0,-1.0574699640274048,-1.0297247171401978,0.0
18.0,-1.0526978969573975,-1.0346027612686157,0.0
18.0,-1.0393837690353394,-1.0310078859329224,0.0
18.0,-1.0261255502700806,-1.027312159538269,0.0
18.0,-1.0213649272918701,-1.0320453643798828,0.0
18.0,-1.0095813274383545,-1.029616355895996,0.0
18.0,-1.0048102140426636,-1.0342729091644287,0.0
18.0,-0.9916956424713135,-1.0302618741989136,0.0
18.0,-0.9800202250480652,-1.0275992155075073,0.0
18.0,-0.9752587676048279,-1.0321192741394043,0.0
18.0,-0.9650089740753174,-1.030777096748352,0.0
18.0,-0.9602330327033997,-1.035227656364441,0.0
18.0,-0.9473166465759277,-1.030820608139038,0.0
18.0,-0.9358082413673401,-1.0277951955795288,0.0
18.0,-0.9310463666915894,-1.0321108102798462,0.0
18.0,-0.9196008443832397,-1.028948187828064,0.0
18.0,-0.9148337841033936,-1.033188819885254,0.0
18.0,-0.9034526348114014,-1.0298899412155151,0.0
18.0,-0.8986814022064209,-1.0340559482574463,0.0
18.0,-0.8886711597442627,-1.032137393951416,0.0
18.0,-0.8774001002311707,-1.028626799583435,0.0
18.0,-0.872635006904602,-1.03267240524292,0.0
18.0,-0.862716019153595,-1.0305615663528442,0.0
18.0,-0.8515586256980896,-1.0268417596817017,0.0
18.0,-0.8468020558357239,-1.030767798423767,0.0
18.0,-0.8369777202606201,-1.0284669399261475,0.0
18.0,-0.832213819026947,-1.0323256254196167,0.0
18.0,-0.8211920261383057,-1.0283479690551758,0.0
18.0,-0.8164287805557251,-1.03213369846344,0.0
18.0,-0.8067141175270081,-1.0296000242233276,0.0
18.0,-0.7982666492462158,-1.0285788774490356,0.0
18.0,-0.7935026288032532,-1.0322585105895996,0.0
18.0,-0.782663881778717,-1.0279598236083984,0.0
18.0,-0.7730861306190491,-1.0251799821853638,0.0
18.0,-0.7683380842208862,-1.0287432670593262,0.0
18.0,-0.7600054740905762,-1.0274608135223389,0.0
18.0,-0.7552469968795776,-1.030963659286499,0.0
18.0,-0.7457746267318726,-1.0279690027236938,0.0
18.0,-0.7410139441490173,-1.0314059257507324,0.0
18.0,-0.7327591776847839,-1.0299320220947266,0.0
18.0,-0.7245339155197144,-1.028403878211975,0.0
18.0,-0.7197715044021606,-1.0317426919937134,0.0
18.0,-0.7115834951400757,-1.0301227569580078,0.0
18.0,-0.7068132758140564,-1.033401608467102,0.0
18.0,-0.697542130947113,-1.0300344228744507,0.0
18.0,-0.6883172988891602,-1.0266036987304688,0.0
18.0,-0.6835635304450989,-1.0297751426696777,0.0
18.0,-0.6744017601013184,-1.0262389183044434,0.0
18.0,-0.6696498990058899,-1.029345989227295,0.0
18.0,-0.6616350412368774,-1.0273865461349487,0.0
18.0,-0.6536526679992676,-1.0253751277923584,0.0
18.0,-0.6489050388336182,-1.0283862352371216,0.0
18.0,-0.6409651637077332,-1.0262863636016846,0.0
18.0,-0.6362134218215942,-1.0292388200759888,0.0
18.0,-0.6283168792724609,-1.0270510911941528,0.0
18.0,-0.6204542517662048,-1.0248123407363892,0.0
18.0,-0.6157095432281494,-1.0276700258255005,0.0
18.0,-0.6089117527008057,-1.0270649194717407,0.0
18.0,-0.6041567921638489,-1.0298691987991333,0.0
18.0,-0.5963768362998962,-1.0274622440338135,0.0
18.0,-0.5916200876235962,-1.0302084684371948,0.0
18.0,-0.5838868618011475,-1.027716040611267,0.0
18.0,-0.5761893391609192,-1.0251740217208862,0.0
18.0,-0.5714434385299683,-1.0278270244598389,0.0
18.0,-0.5647578239440918,-1.026953101158142,0.0
18.0,-0.5600038170814514,-1.0295531749725342,0.0
18.0,-0.5533427596092224,-1.0286086797714233,0.0
18.0,-0.5457631349563599,-1.0258588790893555,0.0
18.0,-0.5410143733024597,-1.0283712148666382,0.0
18.0,-0.5344080924987793,-1.027312994003296,0.0
18.0,-0.5296527743339539,-1.0297727584838867,0.0
18.0,-0.5221664309501648,-1.0268622636795044,0.0
18.0,-0.5156167149543762,-1.0256916284561157,0.0
18.0,-0.5108690857887268,-1.0280646085739136,0.0
18.0,-0.5034652948379517,-1.0250300168991089,0.0
18.0,-0.49872082471847534,-1.0273468494415283,0.0
18.0,-0.4922355115413666,-1.026035189628601,0.0
18.0,-0.4849162697792053,-1.0228784084320068,0.0
18.0,-0.4801819324493408,-1.0251094102859497,0.0
18.0,-0.47375738620758057,-1.0236884355545044,0.0
18.0,-0.46901941299438477,-1.0258678197860718,0.0
18.0,-0.46262505650520325,-1.0243797302246094,0.0
18.0,-0.4570693075656891,-1.0246812105178833,0.0
18.0,-0.4523269236087799,-1.0267834663391113,0.0
18.0,-0.4459792673587799,-1.025195837020874,0.0
18.0,-0.44123464822769165,-1.0272468328475952,0.0
18.0,-0.43491891026496887,-1.0255931615829468,0.0
18.0,-0.42862799763679504,-1.0239033699035645,0.0
18.0,-0.42388951778411865,-1.025874137878418,0.0
18.0,-0.4176315367221832,-1.0241190195083618,0.0
18.0,-0.4128921926021576,-1.0260390043258667,0.0
18.0,-0.40666791796684265,-1.024219274520874,0.0
18.0,-0.4004693627357483,-1.0223641395568848,0.0
18.0,-0.39573830366134644,-1.0242047309875488,0.0
18.0,-0.3917109966278076,-1.0278922319412231,0.0
18.0,-0.3869544565677643,-1.02969229221344,0.0
18.0,-0.38218969106674194,-1.0314702987670898,0.0
18.0,-0.377416729927063,-1.0332263708114624,0.0
18.0,-0.37128064036369324,-1.0311967134475708,0.0
18.0,-0.36584025621414185,-1.0310174226760864,0.0
18.0,-0.36106956005096436,-1.0326977968215942,0.0
18.0,-0.35563981533050537,-1.0324652194976807,0.0
18.0,-0.3508625626564026,-1.0340983867645264,0.0
18.0,-0.3441762328147888,-1.0300188064575195,0.0
18.0,-0.3387853503227234,-1.0296992063522339,0.0
18.0,-0.33402103185653687,-1.031254529953003,0.0
18.0,-0.3286421298980713,-1.0308823585510254,0.0
18.0,-0.32387247681617737,-1.0323907136917114,0.0
18.0,-0.31791621446609497,-1.0300549268722534,0.0
18.0,-0.3131504952907562,-1.0315138101577759,0.0
18.0,-0.3078059256076813,-1.0310341119766235,0.0
18.0,-0.3024725317955017,-1.0305272340774536,0.0
18.0,-0.2977047860622406,-1.0319147109985352,0.0
18.0,-0.29183971881866455,-1.029431700706482,0.0
18.0,-0.2870771586894989,-1.0307700634002686,0.0
18.0,-0.28178074955940247,-1.0301570892333984,0.0
18.0,-0.2759774327278137,-1.027585744857788,0.0
18.0,-0.2712235748767853,-1.0288506746292114,0.0
18.0,-0.26596304774284363,-1.0281574726104736,0.0
18.0,-0.26120665669441223,-1.0293761491775513,0.0
18.0,-0.25596168637275696,-1.0286318063735962,0.0
18.0,-0.2507292628288269,-1.02786123752594,0.0
18.0,-0.24597439169883728,-1.029009461402893,0.0
18.0,-0.2407582849264145,-1.0281884670257568,0.0
18.0,-0.23600201308727264,-1.0292905569076538,0.0
18.0,-0.2308027595281601,-1.0284192562103271,0.0
18.0,-0.22561660408973694,-1.0275218486785889,0.0
18.0,-0.22086356580257416,-1.028554081916809,0.0
18.0,-0.21569494903087616,-1.027606725692749,0.0
18.0,-0.2109416425228119,-1.0285929441452026,0.0
18.0,-0.20579108595848083,-1.0275962352752686,0.0
18.0,-0.2006542831659317,-1.026573896408081,0.0
18.0,-0.1959058940410614,-1.0274906158447266,0.0
18.0,-0.19078783690929413,-1.0264190435409546,0.0
18.0,-0.18604028224945068,-1.0272901058197021,0.0
18.0,-0.18094146251678467,-1.026169776916504,0.0
18.0,-0.1761951595544815,-1.026995301246643,0.0
18.0,-0.17111600935459137,-1.025826096534729,0.0
18.0,-0.1660514622926712,-1.0246320962905884,0.0
18.0,-0.16131243109703064,-1.0253888368606567,0.0
18.0,-0.15626828372478485,-1.024146556854248,0.0
18.0,-0.15153160691261292,-1.0248581171035767,0.0
18.0,-0.14650830626487732,-1.0235679149627686,0.0
18.0,-0.14150016009807587,-1.022253155708313,0.0
18.0,-0.13677239418029785,-1.0228965282440186,0.0
18.0,-0.13204170763492584,-1.0235178470611572,0.0
18.0,-0.127308189868927,-1.0241174697875977,0.0
18.0,-0.12233441323041916,-1.0227092504501343,0.0
18.0,-0.11760473996400833,-1.023263931274414,0.0
18.0,-0.11287254840135574,-1.0237966775894165,0.0
18.0,-0.10792797803878784,-1.022318720817566,0.0
18.0,-0.103200264275074,-1.0228067636489868,0.0
18.0,-0.09847034513950348,-1.02327299118042,0.0
18.0,-0.09373831748962402,-1.0237172842025757,0.0
18.0,-0.08900429308414459,-1.0241397619247437,0.0
18.0,-0.08410441875457764,-1.0225470066070557,0.0
18.0,-0.07937590032815933,-1.0229250192642212,0.0
18.0,-0.0745001882314682,-1.0212863683700562,0.0
18.0,-0.06977760046720505,-1.0216199159622192,0.0
18.0,-0.06518058478832245,-1.0239274501800537,0.0
18.0,-0.060445886105298996,-1.024217963218689,0.0
18.0,-0.055709902197122574,-1.0244864225387573,0.0
18.0,-0.05087336152791977,-1.022735595703125,0.0
18.0,-0.046144332736730576,-1.02295982837677,0.0
18.0,-0.04141431301832199,-1.0231622457504272,0.0
18.0,-0.03668341040611267,-1.0233427286148071,0.0
18.0,-0.031951725482940674,-1.0235013961791992,0.0
18.0,-0.02716618962585926,-1.0216388702392578,0.0
18.0,-0.02244248241186142,-1.0217535495758057,0.0
18.0,-0.017718294635415077,-1.0218462944030762,0.0
18.0,-0.012993729673326015,-1.0219173431396484,0.0
18.0,-0.008268886245787144,-1.0219664573669434,0.0
18.0,-0.0035508018918335438,-1.0239938497543335,0.0
18.0,0.0011835411423817277,-1.0239993333816528,0.0
18.0,0.005917858798056841,-1.0239830017089844,0.0
18.0,0.010652050375938416,-1.023944616317749,0.0
18.0,0.01535596139729023,-1.021884560585022,0.0
18.0,0.020041054114699364,-1.0198030471801758,0.0
18.0,0.024755770340561867,-1.0196995735168457,0.0
18.0,0.029527738690376282,-1.0215733051300049,0.0
18.0,0.03425053879618645,-1.0214258432388306,0.0
18.0,0.038972605019807816,-1.0212565660476685,0.0
18.0,0.04369383677840233,-1.0210654735565186,0.0
18.0,0.048414137214422226,-1.0208525657653809,0.0
18.0,0.05313339829444885,-1.0206178426742554,0.0
18.0,0.05785152688622475,-1.020361304283142,0.0
18.0,0.06256841868162155,-1.0200828313827515,0.0
18.0,0.06728397309780121,-1.0197826623916626,0.0
18.0,0.07199808955192566,-1.019460678100586,0.0
18.0,0.07686079293489456,-1.0211113691329956,0.0
18.0,0.08158095180988312,-1.0207451581954956,0.0
18.0,0.0862993597984314,-1.0203570127487183,0.0
18.0,0.09101593494415283,-1.0199471712112427,0.0
18.0,0.09573055803775787,-1.0195153951644897,0.0
18.0,0.10044313222169876,-1.0190619230270386,0.0
18.0,0.10515356063842773,-1.0185866355895996,0.0
18.0,0.10986173897981644,-1.0180896520614624,0.0
18.0,0.1145675778388977,-1.0175708532333374,0.0
18.0,0.11927095800638199,-1.0170302391052246,0.0
18.0,0.12397179752588272,-1.0164679288864136,0.0
18.0,0.12866997718811035,-1.0158839225769043,0.0
18.0,0.13362589478492737,-1.0172611474990845,0.0
18.0,0.13832764327526093,-1.0166324377059937,0.0
18.0,0.1430264264345169,-1.0159820318222046,0.0
18.0,0.14772216975688934,-1.0153099298477173,0.0
18.0,0.15271183848381042,-1.0165938138961792,0.0
18.0,0.1577165424823761,-1.0178533792495728,0.0
18.0,0.16242077946662903,-1.0171133279800415,0.0
18.0,0.1671215295791626,-1.0163514614105225,0.0
18.0,0.17181871831417084,-1.0155678987503052,0.0
18.0,0.1765122264623642,-1.0147627592086792,0.0
18.0,0.18155381083488464,-1.0159045457839966,0.0
18.0,0.186248779296875,-1.0150543451309204,0.0
18.0,0.19130980968475342,-1.0161479711532593,0.0
18.0,0.19600580632686615,-1.0152525901794434,0.0
18.0,0.20108579099178314,-1.016297459602356,0.0
18.0,0.20578236877918243,-1.0153568983078003,0.0
18.0,0.21047453582286835,-1.0143946409225464,0.0
18.0,0.21557757258415222,-1.015367031097412,0.0
18.0,0.22026969492435455,-1.014359474182129,0.0
18.0,0.22539053857326508,-1.0152827501296997,0.0
18.0,0.23008215427398682,-1.0142297744750977,0.0
18.0,0.23567183315753937,-1.0170520544052124,0.0
18.0,0.24129247665405273,-1.0198440551757812,0.0
18.0,0.24600501358509064,-1.0187175273895264,0.0
18.0,0.25119075179100037,-1.0195112228393555,0.0
18.0,0.25590163469314575,-1.018338918685913,0.0
18.0,0.26110348105430603,-1.0190824270248413,0.0
18.0,0.26581230759620667,-1.0178643465042114,0.0
18.0,0.27051541209220886,-1.0166245698928833,0.0
18.0,0.2757359743118286,-1.0172933340072632,0.0
18.0,0.28043636679649353,-1.016007661819458,0.0
18.0,0.28513073921203613,-1.014700174331665,0.0
18.0,0.28981903195381165,-1.0133711099624634,0.0
18.0,0.2950599491596222,-1.013940691947937,0.0
18.0,0.3003123104572296,-1.0144833326339722,0.0
18.0,0.304999440908432,-1.013084053993225,0.0
18.0,0.3102654218673706,-1.0135754346847534,0.0
18.0,0.31494826078414917,-1.0121301412582397,0.0
18.0,0.3202274441719055,-1.0125702619552612,0.0
18.0,0.3261292278766632,-1.0148869752883911,0.0
18.0,0.33081793785095215,-1.0133683681488037,0.0
18.0,0.3367585241794586,-1.0156248807907104,0.0
18.0,0.3414505422115326,-1.0140570402145386,0.0
18.0,0.34678223729133606,-1.014359951019287,0.0
18.0,0.3514682948589325,-1.0127458572387695,0.0
18.0,0.3568112850189209,-1.0129964351654053,0.0
18.0,0.3628372251987457,-1.015102505683899,0.0
18.0,0.3675265610218048,-1.0134141445159912,0.0
18.0,0.3728986084461212,-1.0135811567306519,0.0
18.0,0.37758079171180725,-1.0118463039398193,0.0
18.0,0.38296276330947876,-1.0119602680206299,0.0
18.0,0.3883538544178009,-1.0120460987091064,0.0
18.0,0.39302876591682434,-1.0102397203445435,0.0
18.0,0.3984290063381195,-1.0102723836898804,0.0
18.0,0.40309563279151917,-1.0084195137023926,0.0
18.0,0.41000640392303467,-1.0121060609817505,0.0
18.0,0.4146813750267029,-1.0101996660232544,0.0
18.0,0.42088353633880615,-1.0119649171829224,0.0
18.0,0.427110880613327,-1.013694405555725,0.0
18.0,0.4317930042743683,-1.0117088556289673,0.0
18.0,0.4388465881347656,-1.0152090787887573,0.0
18.0,0.44353556632995605,-1.013169288635254,0.0
18.0,0.4498361647129059,-1.0147647857666016,0.0
18.0,0.4553419351577759,-1.0144987106323242,0.0
18.0,0.4600274860858917,-1.0123826265335083,0.0
18.0,0.46553897857666016,-1.0120619535446167,0.0
18.0,0.4702131152153015,-1.0098987817764282,0.0
18.0,0.4757298529148102,-1.0095232725143433,0.0
18.0,0.4829748868942261,-1.0127285718917847,0.0
18.0,0.4876519441604614,-1.0104848146438599,0.0
18.0,0.4949513077735901,-1.0136109590530396,0.0
18.0,0.499632328748703,-1.0113117694854736,0.0
18.0,0.5060909390449524,-1.0125689506530762,0.0
18.0,0.5107670426368713,-1.0102182626724243,0.0
18.0,0.51634281873703,-1.0096266269683838,0.0
18.0,0.5237618684768677,-1.012557864189148,0.0
18.0,0.5284376740455627,-1.0101255178451538,0.0
18.0,0.535908043384552,-1.0129750967025757,0.0
18.0,0.5405856370925903,-1.0104866027832031,0.0
18.0,0.5462033152580261,-1.0097355842590332,0.0
18.0,0.5508658289909363,-1.0071995258331299,0.0
18.0,0.5584200620651245,-1.0098927021026611,0.0
18.0,0.5660107731819153,-1.0125372409820557,0.0
18.0,0.5706861019134521,-1.0099095106124878,0.0
18.0,0.5773331522941589,-1.0107336044311523,0.0
18.0,0.5819999575614929,-1.0080536603927612,0.0
18.0,0.5896783471107483,-1.0105341672897339,0.0
18.0,0.5953601002693176,-1.0095199346542358,0.0
18.0,0.6000211238861084,-1.0067565441131592,0.0
18.0,0.6067330241203308,-1.0073981285095215,0.0
18.0,0.6113840937614441,-1.0045822858810425,0.0
18.0,0.6202127933502197,-1.0085594654083252,0.0
18.0,0.6248691082000732,-1.0056811571121216,0.0
18.0,0.6337655186653137,-1.0095570087432861,0.0
18.0,0.6416398286819458,-1.0116828680038452,0.0
18.0,0.6463103294372559,-1.008705496788025,0.0
18.0,0.6531406044960022,-1.0090645551681519,0.0
18.0,0.6577989459037781,-1.0060341358184814,0.0
18.0,0.6646475791931152,-1.0063197612762451,0.0
18.0,0.6726229190826416,-1.0082273483276367,0.0
18.0,0.677277147769928,-1.005106806755066,0.0
18.0,0.6841674447059631,-1.005271553993225,0.0
18.0,0.6888078451156616,-1.0020976066589355,0.0
18.0,0.6979956030845642,-1.0054740905761719,0.0
18.0,0.7026368379592896,-1.002236247062683,0.0
18.0,0.7118856906890869,-1.005506157875061,0.0
18.0,0.721179723739624,-1.0087119340896606,0.0
18.0,0.7258356213569641,-1.0053669214248657,0.0
18.0,0.734010636806488,-1.0068488121032715,0.0
18.0,0.7386578321456909,-1.0034444332122803,0.0
18.0,0.7468684315681458,-1.0048340559005737,0.0
18.0,0.7515062093734741,-1.0013703107833862,0.0
18.0,0.7609593868255615,-1.0042613744735718,0.0
18.0,0.7704552412033081,-1.0070862770080566,0.0
18.0,0.7751031517982483,-1.0035134553909302,0.0
18.0,0.784653902053833,-1.006227731704712,0.0
18.0,0.7892976999282837,-1.002589225769043,0.0
18.0,0.7989022135734558,-1.0051921606063843,0.0
18.0,0.8085475564002991,-1.0077276229858398,0.0
18.0,0.8131980299949646,-1.0039786100387573,0.0
18.0,0.8241610527038574,-1.007949709892273,0.0
18.0,0.8288123607635498,-1.0041285753250122,0.0
18.0,0.8385668992996216,-1.006432056427002,0.0
18.0,0.8432110548019409,-1.0025442838668823,0.0
18.0,0.8530148267745972,-1.0047335624694824,0.0
18.0,0.8628567457199097,-1.0068535804748535,0.0
18.0,0.8675025701522827,-1.002853512763977,0.0
18.0,0.8787069916725159,-1.0063647031784058,0.0
18.0,0.8833504319190979,-1.0022913217544556,0.0
18.0,0.8932921886444092,-1.004173755645752,0.0
18.0,0.904606282711029,-1.0074738264083862,0.0
18.0,0.9092545509338379,-1.0032806396484375,0.0
18.0,0.9192829728126526,-1.0049690008163452,0.0
18.0,0.9239194989204407,-1.0007081031799316,0.0
18.0,0.9367172122001648,-1.0052047967910767,0.0
18.0,0.9413546323776245,-1.0008633136749268,0.0
18.0,0.952856719493866,-1.0037529468536377,0.0
18.0,0.9671728610992432,-1.0094456672668457,0.0
18.0,0.9718295335769653,-1.0049632787704468,0.0
18.0,0.9876410961151123,-1.0119097232818604,0.0
18.0,0.9923089742660522,-1.0073325634002686,0.0
18.0,1.0096467733383179,-1.0154986381530762,0.0
18.0,1.0143309831619263,-1.010819911956787,0.0
18.0,1.0332252979278564,-1.0201714038848877,0.0
18.0,1.053657054901123,-1.0307680368423462,0.0
18.0,1.0584113597869873,-1.0258855819702148,0.0
18.0,1.0775684118270874,-1.034834384918213,0.0
18.0,1.0823413133621216,-1.0298413038253784,0.0
18.0,1.1045544147491455,-1.0412893295288086,0.0
18.0,1.1093568801879883,-1.0361714363098145,0.0
18.0,1.1302825212478638,-1.0459738969802856,0.0
18.0,1.1527963876724243,-1.0569562911987305,0.0
18.0,1.1576707363128662,-1.0516151189804077,0.0
18.0,1.1788729429244995,-1.0609686374664307,0.0
18.0,1.1837656497955322,-1.055506944656372,0.0
18.0,1.2051209211349487,-1.064587950706482,0.0
18.0,1.2100300788879395,-1.0590049028396606,0.0
18.0,1.233046293258667,-1.0691214799880981,0.0
18.0,1.2561815977096558,-1.0790475606918335,0.0
18.0,1.2611570358276367,-1.0732282400131226,0.0
18.0,1.2859840393066406,-1.0841444730758667,0.0
18.0,1.2909826040267944,-1.078187346458435,0.0
18.0,1.1691758632659912,-0.9492438435554504,0.0
18.0,1.1735520362854004,-0.9438281655311584,0.0
18.0,1.177903175354004,-0.9383923411369324,0.0
18.0,1.1822291612625122,-0.932936429977417,0.0
18.0,1.2070143222808838,-0.9434724450111389,0.0
18.0,1.211363434791565,-0.9378818869590759,0.0
18.0,1.237905502319336,-0.9493101239204407,0.0
18.0,1.2422813177108765,-0.9435766935348511,0.0
18.0,1.272202491760254,-0.9570605158805847,0.0
18.0,1.276613712310791,-0.951168417930603,0.0
18.0,1.305137038230896,-0.9630686044692993,0.0
18.0,1.3337972164154053,-0.9747249484062195,0.0
18.0,1.338289499282837,-0.9685479402542114,0.0
18.0,1.3687629699707031,-0.9809913635253906,0.0
18.0,1.373283863067627,-0.9746525883674622,0.0
18.0,1.4039562940597534,-0.9866927862167358,0.0
18.0,1.4085030555725098,-0.9801912307739258,0.0
18.0,1.4426636695861816,-0.9940953254699707,0.0
18.0,1.4703737497329712,-1.0031954050064087,0.0
18.0,1.4749962091445923,-0.9963865280151367,0.0
18.0,1.4945491552352905,-0.9995632171630859,0.0
18.0,1.4991545677185059,-0.9926426410675049,0.0
18.0,1.523800015449524,-0.9988582134246826,0.0
18.0,1.5284017324447632,-0.991802453994751,0.0
18.0,1.551481008529663,-0.9966156482696533,0.0
18.0,1.5661983489990234,-0.9958707094192505,0.0
18.0,1.5707858800888062,-0.9886189699172974,0.0
18.0,1.575339913368225,-0.981346070766449,0.0
18.0,1.5798602104187012,-0.9740521907806396,0.0
18.0,1.5775176286697388,-0.9625706076622009,0.0
18.0,1.5733908414840698,-0.9500976800918579,0.0
18.0,1.5777666568756104,-0.9428131580352783,0.0
18.0,1.5752224922180176,-0.9314365983009338,0.0
18.0,1.579512119293213,-0.9241437911987305,0.0
18.0,1.580306053161621,-0.9148272275924683,0.0
18.0,1.5862542390823364,-0.9085050821304321,0.0
18.0,1.590437650680542,-0.9011614918708801,0.0
18.0,1.603310227394104,-0.8986882567405701,0.0
18.0,1.6074481010437012,-0.8912659287452698,0.0
18.0,1.6273337602615356,-0.8924800753593445,0.0
18.0,1.631442666053772,-0.8849467635154724,0.0
18.0,1.6513783931732178,-0.8859037160873413,0.0
18.0,1.669590711593628,-0.8857578039169312,0.0
18.0,1.6736680269241333,-0.8780292272567749,0.0
18.0,1.6901371479034424,-0.8767284154891968,0.0
18.0,1.6941725015640259,-0.8689048886299133,0.0
18.0,1.44130539894104,-0.7308180332183838,0.0
18.0,1.4446687698364258,-0.7241465449333191,0.0
18.0,1.4480013847351074,-0.7174595594406128,0.0
18.0,1.4513030052185059,-0.7107572555541992,0.0
18.0,1.472246766090393,-0.7042111754417419,0.0
18.0,1.4754868745803833,-0.6973968744277954,0.0
18.0,1.4786953926086426,-0.690567672252655,0.0
18.0,1.481872320175171,-0.6837237477302551,0.0
18.0,1.5013965368270874,-0.6843306422233582,0.0
18.0,1.5045443773269653,-0.6773818135261536,0.0
18.0,1.5222798585891724,-0.6769195199012756,0.0
18.0,1.5253932476043701,-0.6698742508888245,0.0
18.0,1.5431532859802246,-0.6691802144050598,0.0
18.0,1.546230673789978,-0.6620384454727173,0.0
18.0,1.5603280067443848,-0.6595547199249268,0.0
18.0,1.5652064085006714,-0.6531038880348206,0.0
18.0,1.5682092905044556,-0.6458603739738464,0.0
18.0,1.5656201839447021,-0.6363438963890076,0.0
18.0,1.5685455799102783,-0.629098653793335,0.0
18.0,1.565858244895935,-0.6196321845054626,0.0
18.0,1.5687062740325928,-0.6123860478401184,0.0
18.0,1.5677878856658936,-0.6036893725395203,0.0
18.0,1.5649532079696655,-0.5943043828010559,0.0
18.0,1.5676841735839844,-0.587062656879425,0.0
18.0,1.5647529363632202,-0.5777302384376526,0.0
18.0,1.567407250404358,-0.5704895853996277,0.0
18.0,1.5662630796432495,-0.5618861317634583,0.0
18.0,1.5650728940963745,-0.553305447101593,0.0
18.0,1.567614197731018,-0.5460636019706726,0.0
18.0,1.564447045326233,-0.5368626117706299,0.0
18.0,1.5669125318527222,-0.5296238660812378,0.0
18.0,1.563651442527771,-0.5204788446426392,0.0
18.0,1.5641405582427979,-0.5126210451126099,0.0
18.0,1.5664938688278198,-0.5053839683532715,0.0
18.0,1.5630950927734375,-0.4963202476501465,0.0
18.0,1.5653730630874634,-0.48908817768096924,0.0
18.0,1.5637941360473633,-0.4806704521179199,0.0
18.0,1.5621708631515503,-0.4722777307033539,0.0
18.0,1.5643376111984253,-0.46505019068717957,0.0
18.0,1.5607119798660278,-0.4561295807361603,0.0
18.0,1.5628042221069336,-0.4489089548587799,0.0
18.0,1.5629380941390991,-0.441135436296463,0.0
18.0,1.5611063241958618,-0.43283596634864807,0.0
18.0,1.5630908012390137,-0.42561376094818115,0.0
18.0,1.5611776113510132,-0.4173494279384613,0.0
18.0,1.5630905628204346,-0.41012707352638245,0.0
18.0,1.56109619140625,-0.40189865231513977,0.0
18.0,1.562937617301941,-0.3946768343448639,0.0
18.0,1.5569802522659302,-0.3855237364768982,0.0
18.0,1.5451409816741943,-0.3750191032886505,0.0
18.0,1.546858310699463,-0.36787131428718567,0.0
18.0,1.5388033390045166,-0.35844704508781433,0.0
18.0,1.5404441356658936,-0.3513287305831909,0.0
18.0,1.5676075220108032,-0.14171351492404938,0.0
18.0,1.5682458877563477,-0.13446436822414398,0.0
18.0,1.5688508749008179,-0.12721234560012817,0.0
18.0,1.5694222450256348,-0.11995761096477509,0.0
18.0,1.5599857568740845,-0.11198429018259048,0.0
18.0,1.5604867935180664,-0.10477069765329361,0.0
18.0,1.5549662113189697,-0.09718061238527298,0.0
18.0,1.5553988218307495,-0.08999038487672806,0.0
18.0,1.5557982921600342,-0.08279823511838913,0.0
18.0,1.5621575117111206,-0.07589548081159592,0.0
18.0,1.5624916553497314,-0.06867223232984543,0.0
18.0,1.572784662246704,-0.06184040382504463,0.0
18.0,1.5810490846633911,-0.054845523089170456,0.0
18.0,1.5812857151031494,-0.047535158693790436,0.0
18.0,1.589486002922058,-0.04042718559503555,0.0
18.0,1.589655876159668,-0.033077966421842575,0.0
18.0,1.6017903089523315,-0.02592221461236477,0.0
18.0,1.6018929481506348,-0.018516264855861664,0.0
18.0,1.613961100578308,-0.011193138547241688,0.0
18.0,1.6219956874847412,-0.0037495694123208523,0.0
18.0,1.6219956874847412,0.0037495605647563934,0.0
18.0,1.6319607496261597,0.011317960917949677,0.0
18.0,1.6318910121917725,0.018863001838326454,0.0
18.0,1.643784761428833,0.026601815596222878,0.0
18.0,1.6436442136764526,0.03420136123895645,0.0
18.0,1.651465892791748,0.0420035794377327,0.0
18.0,1.6632486581802368,0.049999043345451355,0.0
18.0,1.6629997491836548,0.05768832564353943,0.0
18.0,1.6727075576782227,0.065769262611866,0.0
18.0,1.672385573387146,0.07350210845470428,0.0
18.0,1.4353172779083252,0.24454084038734436,0.0
18.0,1.4341713190078735,0.2511742413043976,0.0
18.0,1.4329947233200073,0.25780224800109863,0.0
18.0,1.4317874908447266,0.26442477107048035,0.0
18.0,1.4423400163650513,0.2732754945755005,0.0
18.0,1.4410611391067505,0.27994105219841003,0.0
18.0,1.4397515058517456,0.28660061955451965,0.0
18.0,1.4521287679672241,0.2960507571697235,0.0
18.0,1.4507445096969604,0.3027613162994385,0.0
18.0,1.4630206823349,0.3123888671398163,0.0
18.0,1.4615607261657715,0.31914961338043213,0.0
18.0,1.4737331867218018,0.32895341515541077,0.0
18.0,1.4838961362838745,0.33843183517456055,0.0
18.0,1.4823155403137207,0.34528881311416626,0.0
18.0,1.494323492050171,0.35537755489349365,0.0
18.0,1.4926645755767822,0.36228257417678833,0.0
18.0,1.5103873014450073,0.3739868700504303,0.0
18.0,1.5086420774459839,0.3809659481048584,0.0
18.0,1.530106782913208,0.39392051100730896,0.0
18.0,1.5514832735061646,0.4070815443992615,0.0
18.0,1.5495846271514893,0.41425028443336487,0.0
18.0,1.5708098411560059,0.42771556973457336,0.0
18.0,1.5688155889511108,0.43497341871261597,0.0
18.0,1.584110975265503,0.44711142778396606,0.0
18.0,1.5820268392562866,0.45443058013916016,0.0
18.0,1.5933467149734497,0.46566733717918396,0.0
18.0,1.6045963764190674,0.4770183861255646,0.0
18.0,1.6023738384246826,0.4844319522380829,0.0
18.0,1.6154108047485352,0.4965360760688782,0.0
18.0,1.613097906112671,0.5039994120597839,0.0
18.0,1.6240938901901245,0.5156888365745544,0.0
18.0,1.6350160837173462,0.5274906754493713,0.0
18.0,1.632559895515442,0.5350443124771118,0.0
18.0,1.6433521509170532,0.5470080375671387,0.0
18.0,1.6408054828643799,0.5546000599861145,0.0
18.0,1.6495741605758667,0.5660751461982727,0.0
18.0,1.6469392776489258,0.573695719242096,0.0
18.0,1.6574687957763672,0.5859704613685608,0.0
18.0,1.4420162439346313,0.5173134207725525,0.0
18.0,1.4396090507507324,0.5239748358726501,0.0
18.0,1.4478133916854858,0.5421737432479858,0.0
18.0,1.44529128074646,0.5488617420196533,0.0
18.0,1.4427381753921509,0.5555379986763,0.0
18.0,1.4401543140411377,0.5622023940086365,0.0
18.0,1.4542769193649292,0.5754778981208801,0.0
18.0,1.4516006708145142,0.5821954011917114,0.0
18.0,1.46371591091156,0.594925045967102,0.0
18.0,1.4775934219360352,0.6085406541824341,0.0
18.0,1.4747642278671265,0.6153655648231506,0.0
18.0,1.4903250932693481,0.6299643516540527,0.0
18.0,1.4873965978622437,0.6368479132652283,0.0
18.0,1.502785325050354,0.6516748666763306,0.0
18.0,1.519899606704712,0.6674616932868958,0.0
18.0,1.516797423362732,0.6744816303253174,0.0
18.0,1.528252363204956,0.688055694103241,0.0
18.0,1.525054931640625,0.695114016532898,0.0
18.0,1.5290889739990234,0.7055090665817261,0.0
18.0,1.525810718536377,0.7125710844993591,0.0
18.0,1.5279245376586914,0.7221818566322327,0.0
18.0,1.5299819707870483,0.7318272590637207,0.0
18.0,1.52658212184906,0.7388931512832642,0.0
18.0,1.5285381078720093,0.748582124710083,0.0
18.0,1.525060772895813,0.7556411623954773,0.0
18.0,1.5269147157669067,0.765372633934021,0.0
18.0,1.528711199760437,0.7751374244689941,0.0
18.0,1.5251110792160034,0.7821969389915466,0.0
18.0,1.5268045663833618,0.7920025587081909,0.0
18.0,1.523126482963562,0.7990530729293823,0.0
18.0,1.5264829397201538,0.8098357319831848,0.0
18.0,1.5227224826812744,0.8168845772743225,0.0
18.0,1.5242034196853638,0.8267767429351807,0.0
18.0,1.523871898651123,0.8357383608818054,0.0
18.0,1.5199916362762451,0.8427748680114746,0.0
18.0,1.517823576927185,0.8507711887359619,0.0
18.0,1.5138739347457886,0.8577795624732971,0.0
18.0,1.5064208507537842,0.8627815842628479,0.0
18.0,1.4851068258285522,0.8597171306610107,0.0
18.0,1.4811161756515503,0.8665741682052612,0.0
18.0,1.2509357929229736,1.136336088180542,0.0
18.0,1.2456687688827515,1.1421074867248535,0.0
18.0,1.24037504196167,1.1478544473648071,0.0
18.0,1.235054850578308,1.1535769701004028,0.0
18.0,1.2180659770965576,1.1482993364334106,0.0
18.0,1.2054994106292725,1.147025465965271,0.0
18.0,1.200183391571045,1.1525866985321045,0.0
18.0,1.1905333995819092,1.1539472341537476,0.0
18.0,1.185185432434082,1.159439206123352,0.0
18.0,1.1769659519195557,1.1620960235595703,0.0
18.0,1.1616638898849487,1.1576428413391113,0.0
18.0,1.1562992334365845,1.163001298904419,0.0
18.0,1.141085147857666,1.1583613157272339,0.0
18.0,1.1357173919677734,1.1636245250701904,0.0
18.0,1.1275447607040405,1.165987491607666,0.0
18.0,0.9759606122970581,1.2880051136016846,0.0
18.0,0.9699952602386475,1.2925034761428833,0.0
18.0,0.964009165763855,1.2969744205474854,0.0
18.0,0.9580024480819702,1.3014174699783325,0.0
18.0,0.9377328157424927,1.2988691329956055,0.0
18.0,0.9317176342010498,1.30319082736969,0.0
18.0,0.925682544708252,1.30748450756073,0.0
18.0,0.9196276664733887,1.3117502927780151,0.0
18.0,0.910131573677063,1.3110592365264893,0.0
18.0,0.9040603041648865,1.3152531385421753,0.0
18.0,0.8968445062637329,1.317765474319458,0.0
18.0,0.8907423615455627,1.3218978643417358,0.0
18.0,0.8835113048553467,1.3243381977081299,0.0
18.0,0.8762767314910889,1.326740026473999,0.0
18.0,0.8701333403587341,1.3307772874832153,0.0
18.0,0.8628846406936646,1.3331069946289062,0.0
18.0,0.8567119836807251,1.3370821475982666,0.0
18.0,0.8505209684371948,1.3410288095474243,0.0
18.0,0.8443118333816528,1.3449467420578003,0.0
18.0,0.8380845785140991,1.3488359451293945,0.0
18.0,0.8318394422531128,1.3526962995529175,0.0
18.0,0.8255765438079834,1.3565278053283691,0.0
18.0,0.8192960023880005,1.3603302240371704,0.0
18.0,0.8129979372024536,1.3641035556793213,0.0
18.0,0.805666446685791,1.3661249876022339,0.0
18.0,0.7983337640762329,1.3681079149246216,0.0
18.0,0.7919999361038208,1.3717842102050781,0.0
18.0,0.7856492400169373,1.3754312992095947,0.0
18.0,0.7792816758155823,1.3790489435195923,0.0
18.0,0.7728975415229797,1.3826371431350708,0.0
18.0,0.7664967775344849,1.3861957788467407,0.0
18.0,0.7600797414779663,1.3897247314453125,0.0
18.0,0.7555495500564575,1.396742343902588,0.0
18.0,0.7490838170051575,1.400220513343811,0.0
18.0,0.7426020503044128,1.4036688804626465,0.0
18.0,0.7351773381233215,1.4053149223327637,0.0
18.0,0.7286721467971802,1.4086989164352417,0.0
18.0,0.47828006744384766,0.9459640979766846,0.0
18.0,0.4739013910293579,0.948165237903595,0.0
18.0,0.46951261162757874,0.9503461122512817,0.0
18.0,0.4651137888431549,0.9525067210197449,0.0
18.0,0.45896655321121216,0.9510445594787598,0.0
18.0,0.4545646011829376,0.9531563520431519,0.0
18.0,0.4484478533267975,0.9516294598579407,0.0
18.0,0.4440433084964752,0.953692615032196,0.0
18.0,0.4371218979358673,0.9502844214439392,0.0
18.0,0.43106892704963684,0.9486536383628845,0.0
18.0,0.4266783595085144,0.9506364464759827,0.0
18.0,0.4214681088924408,0.9507704973220825,0.0
18.0,0.41706782579421997,0.9527089595794678,0.0
18.0,0.4110715091228485,0.9509554505348206,0.0
18.0,0.4051003158092499,0.9491668343544006,0.0
18.0,0.4007076323032379,0.9510295987129211,0.0
18.0,0.3947703242301941,0.9491788148880005,0.0
18.0,0.3903777003288269,0.9509938359260559,0.0
18.0,0.3852258324623108,0.950934886932373,0.0
18.0,0.37934044003486633,0.9489914178848267,0.0
18.0,0.3749488592147827,0.9507350921630859,0.0
18.0,0.3698241114616394,0.9505946040153503,0.0
18.0,0.3654251992702484,0.9522942900657654,0.0
18.0,0.35960274934768677,0.9502325654029846,0.0
18.0,0.35380715131759644,0.9481373429298401,0.0
18.0,0.3494197726249695,0.9497630000114441,0.0
18.0,0.3450249433517456,0.9513683319091797,0.0
18.0,0.3406227231025696,0.9529533386230469,0.0
18.0,0.3348843455314636,0.9507452249526978,0.0
18.0,0.3285179138183594,0.9466149806976318,0.0
18.0,0.3241378664970398,0.9481237530708313,0.0
18.0,0.319112628698349,0.9477167725563049,0.0
18.0,0.3147275745868683,0.9491820335388184,0.0
18.0,0.3097151219844818,0.9487257599830627,0.0
18.0,0.3053255081176758,0.9501475691795349,0.0
18.0,0.29972323775291443,0.9477351903915405,0.0
18.0,0.2947440445423126,0.9472010731697083,0.0
18.0,0.2903616428375244,0.9485536813735962,0.0
18.0,0.2853964567184448,0.9479709267616272,0.0
18.0,0.28101059794425964,0.9492802619934082,0.0
18.0,0.2760598659515381,0.948648989200592,0.0
18.0,0.2705710828304291,0.9460694193840027,0.0
18.0,0.2661941647529602,0.9473102688789368,0.0
18.0,0.2612794041633606,0.9466028809547424,0.0
18.0,0.2563769221305847,0.9458704590797424,0.0
18.0,0.2520010471343994,0.9470456838607788,0.0
18.0,0.24711446464061737,0.9462655186653137,0.0
18.0,0.24273689091205597,0.9473978877067566,0.0
18.0,0.23786669969558716,0.9465703368186951,0.0
18.0,0.2334877997636795,0.947659969329834,0.0
18.0,0.22863443195819855,0.9467852115631104,0.0
18.0,0.22379417717456818,0.9458858966827393,0.0
18.0,0.21941860020160675,0.9469105005264282,0.0
18.0,0.21459588408470154,0.9459643959999084,0.0
18.0,0.21022003889083862,0.9469464421272278,0.0
18.0,0.2054152935743332,0.9459537863731384,0.0
18.0,0.2006242275238037,0.944936990737915,0.0
18.0,0.19625328481197357,0.9458544850349426,0.0
18.0,0.19148088991641998,0.9447915554046631,0.0
18.0,0.18711072206497192,0.9456667304039001,0.0
18.0,0.18235743045806885,0.9445579648017883,0.0
18.0,0.17761839926242828,0.9434254765510559,0.0
18.0,0.17325468361377716,0.9442366361618042,0.0
18.0,0.16853544116020203,0.9430587291717529,0.0
18.0,0.16417351365089417,0.9438278675079346,0.0
18.0,0.15980809926986694,0.9445767998695374,0.0
18.0,0.15543925762176514,0.945305585861206,0.0
18.0,0.1510670930147171,0.9460141062736511,0.0
18.0,0.14638546109199524,0.9447259902954102,0.0
18.0,0.14201606810092926,0.9453927278518677,0.0
18.0,0.13735570013523102,0.9440600872039795,0.0
18.0,0.13298949599266052,0.9446850419044495,0.0
18.0,0.1286204308271408,0.9452897906303406,0.0
18.0,0.12398815900087357,0.9438914060592651,0.0
18.0,0.11962287127971649,0.944454550743103,0.0
18.0,0.11501289159059525,0.9430121779441833,0.0
18.0,0.11065176874399185,0.9435338973999023,0.0
18.0,0.10628827661275864,0.9440353512763977,0.0
18.0,0.10170794278383255,0.942528247833252,0.0
18.0,0.09734919667243958,0.942988395690918,0.0
18.0,0.09298837184906006,0.9434283971786499,0.0
18.0,0.08862555772066116,0.9438482522964478,0.0
18.0,0.08426084369421005,0.9442479014396667,0.0
18.0,0.07989433407783508,0.9446274042129517,0.0
18.0,0.0753667801618576,0.9429929852485657,0.0
18.0,0.07085604965686798,0.9413370490074158,0.0
18.0,0.0665031373500824,0.9416545629501343,0.0
18.0,0.0621488057076931,0.9419519901275635,0.0
18.0,0.05779314786195755,0.9422292709350586,0.0
18.0,0.05343625321984291,0.9424864053726196,0.0
18.0,0.049078214913606644,0.9427233338356018,0.0
18.0,0.04471912980079651,0.9429401755332947,0.0
18.0,0.04027358070015907,0.9411386847496033,0.0
18.0,0.035921916365623474,0.9413148164749146,0.0
18.0,0.03156948462128639,0.9414708018302917,0.0
18.0,0.02721637673676014,0.9416067004203796,0.0
18.0,0.022862685844302177,0.9417225122451782,0.0
18.0,0.018508508801460266,0.941818118095398,0.0
18.0,0.014153935015201569,0.9418936371803284,0.0
18.0,0.009799058549106121,0.9419490098953247,0.0
18.0,0.005443972535431385,0.941984236240387,0.0
18.0,0.0010887705720961094,0.9419993162155151,0.0
18.0,-0.0032664549071341753,0.941994309425354,0.0
18.0,-0.007621610537171364,0.9419691562652588,0.0
18.0,-0.011976603418588638,0.9419238567352295,0.0
18.0,-0.01633133925497532,0.9418584108352661,0.0
18.0,-0.020685726776719093,0.9417728185653687,0.0
18.0,-0.0250396728515625,0.9416671395301819,0.0
18.0,-0.029393082484602928,0.941541314125061,0.0
18.0,-0.033745866268873215,0.9413953423500061,0.0
18.0,-0.03809792548418045,0.9412292242050171,0.0
18.0,-0.04244917258620262,0.9410430192947388,0.0
18.0,-0.04679951071739197,0.9408367276191711,0.0
18.0,-0.05114884674549103,0.9406102895736694,0.0
18.0,-0.05549709498882294,0.9403637647628784,0.0
18.0,-0.05984415113925934,0.9400971531867981,0.0
18.0,-0.06418993324041367,0.9398103952407837,0.0
18.0,-0.06853433698415756,0.9395036101341248,0.0
18.0,-0.07287728041410446,0.9391766786575317,0.0
18.0,-0.07738261669874191,0.9408230185508728,0.0
18.0,-0.08173156529664993,0.9404551982879639,0.0
18.0,-0.08607876300811768,0.9400672912597656,0.0
18.0,-0.09042412787675858,0.9396592378616333,0.0
18.0,-0.09476755559444427,0.9392311573028564,0.0
18.0,-0.09931892901659012,0.9407718777656555,0.0
18.0,-0.10366740822792053,0.9403026103973389,0.0
18.0,-0.10801366716623306,0.9398132562637329,0.0
18.0,-0.11235762387514114,0.9393038749694824,0.0
18.0,-0.11669917404651642,0.9387743473052979,0.0
18.0,-0.12103822827339172,0.9382247924804688,0.0
18.0,-0.12563976645469666,0.9396375417709351,0.0
18.0,-0.12998270988464355,0.9390466213226318,0.0
18.0,-0.1343228816986084,0.9384356141090393,0.0
18.0,-0.13866019248962402,0.9378045797348022,0.0
18.0,-0.14299452304840088,0.9371534585952759,0.0
18.0,-0.1473258137702942,0.936482310295105,0.0
18.0,-0.1516539454460144,0.9357911944389343,0.0
18.0,-0.1563078910112381,0.9370527267456055,0.0
18.0,-0.16097676753997803,0.9382912516593933,0.0
18.0,-0.16531310975551605,0.9375370144844055,0.0
18.0,-0.17000232636928558,0.9387306571006775,0.0
18.0,-0.1743406057357788,0.9379346370697021,0.0
18.0,-0.17867515981197357,0.9371185302734375,0.0
18.0,-0.1833895593881607,0.9382452964782715,0.0
18.0,-0.18772545456886292,0.9373874068260193,0.0
18.0,-0.1924591362476349,0.9384686946868896,0.0
18.0,-0.1967959702014923,0.9375688433647156,0.0
18.0,-0.20112860202789307,0.936648964881897,0.0
18.0,-0.2058858424425125,0.9376624822616577,0.0
18.0,-0.21021881699562073,0.9367005825042725,0.0
18.0,-0.21499426662921906,0.9376680850982666,0.0
18.0,-0.2193271517753601,0.9366641044616699,0.0
18.0,-0.22458532452583313,0.9395304322242737,0.0
18.0,-0.22892671823501587,0.9384820461273193,0.0
18.0,-0.23374615609645844,0.939354419708252,0.0
18.0,-0.23857857286930084,0.9402022957801819,0.0
18.0,-0.24292293190956116,0.9390891790390015,0.0
18.0,-0.24726209044456482,0.9379560351371765,0.0
18.0,-0.25159597396850586,0.9368028044700623,0.0
18.0,-0.25645214319229126,0.9375587105751038,0.0
18.0,-0.26132068037986755,0.9382896423339844,0.0
18.0,-0.2656559348106384,0.9370714426040649,0.0
18.0,-0.27053990960121155,0.9377548694610596,0.0
18.0,-0.27487263083457947,0.9364940524101257,0.0
18.0,-0.2803437113761902,0.9390460252761841,0.0
18.0,-0.2846822738647461,0.9377398490905762,0.0
18.0,-0.2896045744419098,0.9383246898651123,0.0
18.0,-0.2939396798610687,0.9369757175445557,0.0
18.0,-0.29826852679252625,0.9356066584587097,0.0
18.0,-0.3038235604763031,0.938023030757904,0.0
18.0,-0.30815714597702026,0.9366083145141602,0.0
18.0,-0.31311798095703125,0.9370704889297485,0.0
18.0,-0.31744706630706787,0.9356127977371216,0.0
18.0,-0.32242071628570557,0.9360260963439941,0.0
18.0,-0.3274049460887909,0.9364133477210999,0.0
18.0,-0.33173084259033203,0.9348896145820618,0.0
18.0,-0.33672717213630676,0.9352276921272278,0.0
18.0,-0.341047465801239,0.9336608648300171,0.0
18.0,-0.34605535864830017,0.9339494705200195,0.0
18.0,-0.35177677869796753,0.9360839128494263,0.0
18.0,-0.3561008870601654,0.9344475269317627,0.0
18.0,-0.3611381947994232,0.9346566796302795,0.0
18.0,-0.36545559763908386,0.932977020740509,0.0
18.0,-0.37197938561439514,0.9368540048599243,0.0
18.0,-0.37630683183670044,0.9351241588592529,0.0
18.0,-0.38213664293289185,0.9370781779289246,0.0
18.0,-0.3879925608634949,0.9389983415603638,0.0
18.0,-0.39232975244522095,0.9371944665908813,0.0
18.0,-0.3974393904209137,0.937211811542511,0.0
18.0,-0.40176820755004883,0.9353642463684082,0.0
18.0,-0.4068862497806549,0.9353306889533997,0.0
18.0,-0.41281890869140625,0.9371001124382019,0.0
18.0,-0.41714704036712646,0.9351814985275269,0.0
18.0,-0.4222894310951233,0.9350655674934387,0.0
18.0,-0.4266080856323242,0.9331032037734985,0.0
18.0,-0.4317575991153717,0.932935893535614,0.0
18.0,-0.43606629967689514,0.9309297204017639,0.0
18.0,-0.4420791268348694,0.9325180649757385,0.0
18.0,-0.4481160044670105,0.9340707063674927,0.0
18.0,-0.45242977142333984,0.9319888949394226,0.0
18.0,-0.4584972858428955,0.9334774613380432,0.0
18.0,-0.46280819177627563,0.931347668170929,0.0
18.0,-0.46890580654144287,0.9327718615531921,0.0
18.0,-0.4759329557418823,0.9359421730041504,0.0
18.0,-0.4802550673484802,0.933731734752655,0.0
18.0,-0.486412912607193,0.9350500106811523,0.0
18.0,-0.49073082208633423,0.9327911138534546,0.0
18.0,-0.49691689014434814,0.9340436458587646,0.0
18.0,-0.501230001449585,0.9317362308502197,0.0
18.0,-0.5074437260627747,0.9329227805137634,0.0
18.0,-1.1033830642700195,1.963173508644104,0.0
18.0,-1.112447738647461,1.9580512046813965,0.0
18.0,-1.1214886903762817,1.952886939048767,0.0
18.0,-1.1305055618286133,1.9476810693740845,0.0
18.0,-1.1455702781677246,1.9527838230133057,0.0
18.0,-1.1545864343643188,1.947466492652893,0.0
18.0,-1.167689561843872,1.9489703178405762,0.0
18.0,-1.1766879558563232,1.9435508251190186,0.0
18.0,-1.1919233798980713,1.9483259916305542,0.0
18.0,-1.200918436050415,1.9427945613861084,0.0
18.0,-1.2162445783615112,1.947399616241455,0.0
18.0,-1.2295042276382446,1.9485212564468384,0.0
18.0,-1.2384997606277466,1.942815899848938,0.0
18.0,-1.253966212272644,1.9471580982208252,0.0
18.0,-1.2629551887512207,1.9413397312164307,0.0
18.0,-1.276310682296753,1.9421653747558594,0.0
18.0,-1.2919130325317383,1.9462416172027588,0.0
18.0,-1.3008973598480225,1.940247893333435,0.0
18.0,-1.318825602531433,1.947460651397705,0.0
18.0,-1.3278154134750366,1.9413424730300903,0.0
18.0,-1.3413234949111938,1.9417648315429688,0.0
18.0,-1.3502867221832275,1.9355427026748657,0.0
18.0,-1.366132378578186,1.939089059829712,0.0
18.0,-1.3820394277572632,1.9425301551818848,0.0
18.0,-1.3910057544708252,1.9361196756362915,0.0
18.0,-1.4069888591766357,1.9393807649612427,0.0
18.0,-1.415940284729004,1.9328550100326538,0.0
18.0,-1.4319977760314941,1.9359354972839355,0.0
18.0,-1.4505072832107544,1.9421133995056152,0.0
18.0,-1.4594709873199463,1.9353864192962646,0.0
18.0,-1.475672721862793,1.9381657838821411,0.0
18.0,-1.484617829322815,1.931322455406189,0.0
18.0,-1.5008883476257324,1.933917760848999,0.0
18.0,-1.5172146558761597,1.9364038705825806,0.0
18.0,-1.526151180267334,1.929368495941162,0.0
18.0,-1.527566909790039,1.9129148721694946,0.0
18.0,-1.536394715309143,1.9058318138122559,0.0
18.0,-1.5275160074234009,1.8769910335540771,0.0
18.0,-1.536177635192871,1.8699086904525757,0.0
18.0,-1.529486060142517,1.844312310218811,0.0
18.0,-1.5225909948349,1.81881844997406,0.0
18.0,-1.530983805656433,1.8117594718933105,0.0
18.0,-1.5237687826156616,1.7864022254943848,0.0
18.0,-1.5320117473602295,1.7793381214141846,0.0
18.0,-1.5244784355163574,1.7541210651397705,0.0
18.0,-1.5167453289031982,1.7290122509002686,0.0
18.0,-1.524722933769226,1.721981406211853,0.0
18.0,-1.5193405151367188,1.7000013589859009,0.0
18.0,-1.527184009552002,1.6929587125778198,0.0
18.0,-1.5215299129486084,1.6710914373397827,0.0
18.0,-1.5130001306533813,1.6463677883148193,0.0
18.0,-1.520595669746399,1.6393550634384155,0.0
18.0,-1.5144901275634766,1.6177070140838623,0.0
18.0,-1.5219532251358032,1.6106876134872437,0.0
18.0,-1.515580654144287,1.589160680770874,0.0
18.0,-1.5090419054031372,1.5677273273468018,0.0
18.0,-1.5162739753723145,1.5607337951660156,0.0
18.0,-1.5094709396362305,1.5394262075424194,0.0
18.0,-1.516572117805481,1.53243088722229,0.0
18.0,-1.5095069408416748,1.511252522468567,0.0
18.0,-1.5022786855697632,1.4901726245880127,0.0
18.0,-1.5091522932052612,1.4832110404968262,0.0
18.0,-1.504530429840088,1.4650554656982422,0.0
18.0,-1.5112879276275635,1.4580838680267334,0.0
18.0,-1.5035557746887207,1.4372612237930298,0.0
18.0,-1.510184645652771,1.430294394493103,0.0
18.0,-1.5051137208938599,1.4123485088348389,0.0
18.0,-1.4984447956085205,1.3931186199188232,0.0
18.0,-1.5048696994781494,1.3861757516860962,0.0
18.0,-1.4994440078735352,1.3684178590774536,0.0
18.0,-1.4953702688217163,1.352081298828125,0.0
18.0,-1.50160551071167,1.3451532125473022,0.0
18.0,-1.4958418607711792,1.32757568359375,0.0
18.0,-1.50196373462677,1.3206456899642944,0.0
18.0,-1.4959890842437744,1.3031779527664185,0.0
18.0,-1.5019980669021606,1.2962474822998047,0.0
18.0,-1.4973342418670654,1.2801915407180786,0.0
18.0,-1.4940801858901978,1.265499234199524,0.0
18.0,-1.4999150037765503,1.2585780620574951,0.0
18.0,-1.494951844215393,1.242680549621582,0.0
18.0,-1.5006812810897827,1.2357555627822876,0.0
18.0,-1.495530128479004,1.2199547290802002,0.0
18.0,-1.4902652502059937,1.204228162765503,0.0
18.0,-1.495816946029663,1.1973252296447754,0.0
18.0,-1.4919337034225464,1.182941198348999,0.0
18.0,-1.4973869323730469,1.1760308742523193,0.0
18.0,-1.491758108139038,1.1604989767074585,0.0
18.0,-1.4860179424285889,1.1450445652008057,0.0
18.0,-1.4912959337234497,1.1381618976593018,0.0
18.0,-1.4869693517684937,1.124018669128418,0.0
18.0,-1.4921501874923706,1.1171318292617798,0.0
18.0,-1.4876599311828613,1.1030738353729248,0.0
18.0,-1.4814597368240356,1.087897539138794,0.0
18.0,-1.4864736795425415,1.0810365676879883,0.0
18.0,-1.4833412170410156,1.0683083534240723,0.0
18.0,-1.488264560699463,1.0614389181137085,0.0
18.0,-1.4833542108535767,1.047624111175537,0.0
18.0,-1.4783481359481812,1.0338776111602783,0.0
18.0,-1.4831123352050781,1.027031660079956,0.0
18.0,-1.481246829032898,1.0156396627426147,0.0
18.0,-1.485926628112793,1.0087803602218628,0.0
18.0,-1.4789555072784424,0.9940897226333618,0.0
18.0,-1.4735456705093384,0.9805932641029358,0.0
18.0,-1.4780635833740234,0.973770022392273,0.0
18.0,-1.4758490324020386,0.9625556468963623,0.0
18.0,-1.480283498764038,0.9557219743728638,0.0
18.0,-1.4779454469680786,0.9445596933364868,0.0
18.0,-1.4738457202911377,0.9323703646659851,0.0
18.0,-1.4781407117843628,0.9255462884902954,0.0
18.0,-1.473904013633728,0.913434624671936,0.0
18.0,-1.4781113862991333,0.9066104292869568,0.0
18.0,-1.4737389087677002,0.8945779204368591,0.0
18.0,-1.4692867994308472,0.8826053142547607,0.0
18.0,-1.4733517169952393,0.8758028149604797,0.0
18.0,-1.470489501953125,0.8649256825447083,0.0
18.0,-1.4744726419448853,0.8581178188323975,0.0
18.0,-1.4714914560317993,0.8472996354103088,0.0
18.0,-1.4684420824050903,0.8365274667739868,0.0
18.0,-1.4722938537597656,0.8297293782234192,0.0
18.0,-1.46912682056427,0.8190180659294128,0.0
18.0,-1.4728976488113403,0.8122169971466064,0.0
18.0,-1.4696139097213745,0.8015679121017456,0.0
18.0,-1.4733041524887085,0.7947647571563721,0.0
18.0,-1.468139886856079,0.7832376956939697,0.0
18.0,-1.4646697044372559,0.7727086544036865,0.0
18.0,-1.4682265520095825,0.7659286856651306,0.0
18.0,-1.4646421670913696,0.755465030670166,0.0
18.0,-1.4681192636489868,0.748685359954834,0.0
18.0,-1.4644215106964111,0.7382882833480835,0.0
18.0,-1.462449073791504,0.7288335561752319,0.0
18.0,-1.4658031463623047,0.7220643162727356,0.0
18.0,-1.4619331359863281,0.7117776870727539,0.0
18.0,-1.4652084112167358,0.7050110697746277,0.0
18.0,-1.4630335569381714,0.6956527829170227,0.0
18.0,-1.4589935541152954,0.6854793429374695,0.0
18.0,-1.4621471166610718,0.6787264943122864,0.0
18.0,-1.4598156213760376,0.6694580912590027,0.0
18.0,-1.462895154953003,0.6627016663551331,0.0
18.0,-1.460466742515564,0.653480589389801,0.0
18.0,-1.4561550617218018,0.6434876918792725,0.0
18.0,-1.4591145515441895,0.6367484927177429,0.0
18.0,-1.4565327167510986,0.6276212334632874,0.0
18.0,-1.4594188928604126,0.6208804845809937,0.0
18.0,-1.4567419290542603,0.6118031144142151,0.0
18.0,-1.4558597803115845,0.603529691696167,0.0
18.0,-1.458634614944458,0.5967922806739807,0.0
18.0,-1.4539600610733032,0.5870469212532043,0.0
18.0,-1.4566586017608643,0.5803184509277344,0.0
18.0,-1.4537420272827148,0.5713827610015869,0.0
18.0,-1.4563682079315186,0.5646554827690125,0.0
18.0,-1.455227017402649,0.5564873814582825,0.0
18.0,-1.4521703720092773,0.5476362705230713,0.0
18.0,-1.4546867609024048,0.5409165024757385,0.0
18.0,-1.4515385627746582,0.5321199893951416,0.0
18.0,-1.4539833068847656,0.5254032611846924,0.0
18.0,-1.4526287317276,0.5173333883285522,0.0
18.0,-1.4493435621261597,0.5086249709129333,0.0
18.0,-1.4516795873641968,0.5019186735153198,0.0
18.0,-1.4501981735229492,0.49391207098960876,0.0
18.0,-1.4524662494659424,0.487201988697052,0.0
18.0,-1.4490059614181519,0.4785997271537781,0.0
18.0,-1.4473992586135864,0.4706583619117737,0.0
18.0,-1.4495598077774048,0.4639614522457123,0.0
18.0,-1.4459666013717651,0.4554520845413208,0.0
18.0,-1.448056936264038,0.4487619698047638,0.0
18.0,-1.4462900161743164,0.44089585542678833,0.0
18.0,-1.4444814920425415,0.43305572867393494,0.0
18.0,-1.4464682340621948,0.4263727366924286,0.0
18.0,-1.4445819854736328,0.41856738924980164,0.0
18.0,-1.4465017318725586,0.411884069442749,0.0
18.0,-1.4445385932922363,0.40411433577537537,0.0
18.0,-1.4425344467163086,0.3963715732097626,0.0
18.0,-1.4443516731262207,0.38969796895980835,0.0
18.0,-1.4422712326049805,0.3819918930530548,0.0
18.0,-1.4440218210220337,0.3753196597099304,0.0
18.0,-1.4418656826019287,0.367651104927063,0.0
18.0,-1.4435501098632812,0.3609808683395386,0.0
18.0,-1.4413186311721802,0.35335052013397217,0.0
18.0,-1.4390475749969482,0.34574854373931885,0.0
18.0,-1.4406307935714722,0.33909159898757935,0.0
18.0,-1.4402341842651367,0.3319781720638275,0.0
18.0,-1.4417537450790405,0.3253158926963806,0.0
18.0,-1.4393362998962402,0.31778424978256226,0.0
18.0,-1.436880350112915,0.31028199195861816,0.0
18.0,-1.438299536705017,0.3036354184150696,0.0
18.0,-1.4357703924179077,0.2961742579936981,0.0
18.0,-1.4371243715286255,0.28953298926353455,0.0
18.0,-1.4364852905273438,0.28249961137771606,0.0
18.0,-1.4358118772506714,0.275478333234787,0.0
18.0,-1.4370701313018799,0.2688370943069458,0.0
18.0,-1.434362530708313,0.26147276163101196,0.0
18.0,-1.4355560541152954,0.25483837723731995,0.0
18.0,-1.4347481727600098,0.24785807728767395,0.0
18.0,-1.4339064359664917,0.2408907115459442,0.0
18.0,-1.4350048303604126,0.23425865173339844,0.0
18.0,-1.4340972900390625,0.2273084968328476,0.0
18.0,-1.4351328611373901,0.22067570686340332,0.0
18.0,-1.4321813583374023,0.21344853937625885,0.0
18.0,-1.4331529140472412,0.20682474970817566,0.0
18.0,-1.4321130514144897,0.19992002844810486,0.0
18.0,-1.4310400485992432,0.19302935898303986,0.0
18.0,-1.4319171905517578,0.186411052942276,0.0
18.0,-1.4307793378829956,0.1795397698879242,0.0
18.0,-1.4315941333770752,0.17292281985282898,0.0
18.0,-1.4303916692733765,0.16607153415679932,0.0
18.0,-1.4291564226150513,0.15923504531383514,0.0
18.0,-1.4298774003982544,0.15262581408023834,0.0
18.0,-1.4285781383514404,0.14581026136875153,0.0
18.0,-1.4292370080947876,0.13920384645462036,0.0
18.0,-1.4298652410507202,0.13259446620941162,0.0
18.0,-1.4284707307815552,0.1258067935705185,0.0
18.0,-1.429037094116211,0.11920109391212463,0.0
18.0,-1.4255852699279785,0.1122787743806839,0.0
18.0,-1.4260891675949097,0.10568656772375107,0.0
18.0,-1.4265625476837158,0.09909209609031677,0.0
18.0,-1.427005410194397,0.09249550849199295,0.0
18.0,-1.4274177551269531,0.08589693903923035,0.0
18.0,-1.4277997016906738,0.0792965367436409,0.0
18.0,-1.42815101146698,0.07269444316625595,0.0
18.0,-1.4264739751815796,0.06599835306406021,0.0
18.0,-1.426763892173767,0.059402529150247574,0.0
18.0,-1.4250247478485107,0.0527314767241478,0.0
18.0,-1.423254370689392,0.04607778042554855,0.0
18.0,-1.4234521389007568,0.039497051388025284,0.0
18.0,-1.4236195087432861,0.03291548043489456,0.0
18.0,-1.42375648021698,0.02633320540189743,0.0
18.0,-1.421863317489624,0.019722629338502884,0.0
18.0,-1.4219392538070679,0.013148615136742592,0.0
18.0,-1.4219849109649658,0.006574319209903479,0.0
19.0,-1.4199999570846558,1.2414034245011862e-07,0.0
19.0,-1.4199848175048828,-0.006565064657479525,0.0
19.0,-1.4199392795562744,-0.013130112551152706,0.0
19.0,-1.4198633432388306,-0.01969487965106964,0.0
19.0,-1.4197571277618408,-0.026259226724505424,0.0
19.0,-1.4216201305389404,-0.03286924585700035,0.0
19.0,-1.4214529991149902,-0.03944157063961029,0.0
19.0,-1.4312502145767212,-0.04633663594722748,0.0
19.0,-1.429021954536438,-0.05287938192486763,0.0
19.0,-1.4287621974945068,-0.05948571860790253,0.0
19.0,-1.420480489730835,-0.0657210499048233,0.0
19.0,-1.420161485671997,-0.07228775322437286,0.0
19.0,-1.4198120832443237,-0.07885292172431946,0.0
19.0,-1.4194324016571045,-0.08541639894247055,0.0
19.0,-1.4190223217010498,-0.0919780507683754,0.0
19.0,-1.4185818433761597,-0.09853773564100266,0.0
19.0,-1.4181110858917236,-0.10509531199932098,0.0
19.0,-1.4176100492477417,-0.11165064573287964,0.0
19.0,-1.4170787334442139,-0.11820358783006668,0.0
19.0,-1.4165170192718506,-0.12475401163101196,0.0
19.0,-1.4179165363311768,-0.1314864307641983,0.0
19.0,-1.4172935485839844,-0.13804058730602264,0.0
19.0,-1.4166401624679565,-0.1445917785167694,0.0
19.0,-1.4159564971923828,-0.15113988518714905,0.0
19.0,-1.4152425527572632,-0.15768477320671082,0.0
19.0,-1.4144984483718872,-0.16422627866268158,0.0
19.0,-1.417695164680481,-0.17124395072460175,0.0
19.0,-1.4149038791656494,-0.1775476336479187,0.0
19.0,-1.4140678644180298,-0.1840873658657074,0.0
19.0,-1.415183663368225,-0.19089050590991974,0.0
19.0,-1.4142858982086182,-0.19743138551712036,0.0
19.0,-1.4133580923080444,-0.20396804809570312,0.0
19.0,-1.4123998880386353,-0.21050035953521729,0.0
19.0,-1.4133883714675903,-0.21733210980892181,0.0
19.0,-1.4123684167861938,-0.22386440634727478,0.0
19.0,-1.4132922887802124,-0.23071415722370148,0.0
19.0,-1.4141827821731567,-0.23757721483707428,0.0
19.0,-1.4130693674087524,-0.24411296844482422,0.0
19.0,-1.4119255542755127,-0.2506435215473175,0.0
19.0,-1.4107517004013062,-0.2571686804294586,0.0
19.0,-1.4134793281555176,-0.2644239068031311,0.0
19.0,-1.4122416973114014,-0.2709560990333557,0.0
19.0,-1.4109739065170288,-0.2774825394153595,0.0
19.0,-1.4116365909576416,-0.28439804911613464,0.0
19.0,-1.410306692123413,-0.29092150926589966,0.0
19.0,-1.4109033346176147,-0.29785189032554626,0.0
19.0,-1.4095112085342407,-0.30437183380126953,0.0
19.0,-1.4080889225006104,-0.3108852803707123,0.0
19.0,-1.4105384349822998,-0.31827250123023987,0.0
19.0,-1.409051775932312,-0.3247905373573303,0.0
19.0,-1.4094818830490112,-0.33175987005233765,0.0
19.0,-1.407932996749878,-0.3382728695869446,0.0
19.0,-1.4102389812469482,-0.34573110938072205,0.0
19.0,-1.4086254835128784,-0.3522474765777588,0.0
19.0,-1.4089198112487793,-0.3592504560947418,0.0
19.0,-1.409179449081421,-0.36626365780830383,0.0
19.0,-1.4074710607528687,-0.3727749288082123,0.0
19.0,-1.4076634645462036,-0.3797991871833801,0.0
19.0,-1.4058924913406372,-0.38630327582359314,0.0
19.0,-1.406017541885376,-0.3933379352092743,0.0
19.0,-1.4080309867858887,-0.400929719209671,0.0
19.0,-1.4061622619628906,-0.40743526816368103,0.0
19.0,-1.4061819314956665,-0.41449761390686035,0.0
19.0,-1.4042505025863647,-0.42099449038505554,0.0
19.0,-1.4061152935028076,-0.42864876985549927,0.0
19.0,-1.4079391956329346,-0.4363292455673218,0.0
19.0,-1.4059067964553833,-0.4428339898586273,0.0
19.0,-1.4057492017745972,-0.44993895292282104,0.0
19.0,-1.4036539793014526,-0.4564334452152252,0.0
19.0,-1.4053269624710083,-0.46417272090911865,0.0
19.0,-1.4031658172607422,-0.4706651270389557,0.0
19.0,-1.4028680324554443,-0.47779223322868347,0.0
19.0,-1.4044243097305298,-0.485580176115036,0.0
19.0,-1.402164340019226,-0.49206817150115967,0.0
19.0,-1.4036425352096558,-0.499887615442276,0.0
19.0,-1.4013164043426514,-0.5063718557357788,0.0
19.0,-1.402715802192688,-0.5142219662666321,0.0
19.0,-1.404072642326355,-0.5220959186553955,0.0
19.0,-1.4016437530517578,-0.5285818576812744,0.0
19.0,-1.4029210805892944,-0.5364852547645569,0.0
19.0,-1.400425672531128,-0.5429657697677612,0.0
19.0,-1.401623249053955,-0.5508978962898254,0.0
19.0,-1.4027771949768066,-0.5588526129722595,0.0
19.0,-1.4001784324645996,-0.5653321743011475,0.0
19.0,-1.4012519121170044,-0.5733144283294678,0.0
19.0,-1.3985862731933594,-0.5797867774963379,0.0
19.0,-1.4014226198196411,-0.5885700583457947,0.0
19.0,-1.398686408996582,-0.5950430631637573,0.0
19.0,-1.3995939493179321,-0.6030862927436829,0.0
19.0,-1.4004566669464111,-0.6111505031585693,0.0
19.0,-1.3976161479949951,-0.6176188588142395,0.0
19.0,-1.4002225399017334,-0.6265245079994202,0.0
19.0,-1.3973109722137451,-0.6329915523529053,0.0
19.0,-1.3980052471160889,-0.6411124467849731,0.0
19.0,-1.3950262069702148,-0.6475691199302673,0.0
19.0,-1.397447943687439,-0.6565633416175842,0.0
19.0,-1.3998160362243652,-0.665593683719635,0.0
19.0,-1.396723747253418,-0.6720584630966187,0.0
19.0,-1.3989962339401245,-0.681135356426239,0.0
19.0,-1.3958321809768677,-0.6875961422920227,0.0
19.0,-1.3980083465576172,-0.6967185139656067,0.0
19.0,-1.3983439207077026,-0.7049752473831177,0.0
19.0,-1.3950695991516113,-0.7114328145980835,0.0
19.0,-1.3970979452133179,-0.720625638961792,0.0
19.0,-1.3937513828277588,-0.7270772457122803,0.0
19.0,-1.395681619644165,-0.7363129258155823,0.0
19.0,-1.3922624588012695,-0.7427577972412109,0.0
19.0,-1.3940942287445068,-0.7520354390144348,0.0
19.0,-1.3976255655288696,-0.7623035311698914,0.0
19.0,-1.394086241722107,-0.7687571048736572,0.0
19.0,-1.3940107822418213,-0.7771419882774353,0.0
19.0,-1.390402913093567,-0.7835786938667297,0.0
19.0,-1.3937164545059204,-0.7939585447311401,0.0
19.0,-1.3952305316925049,-0.8033877611160278,0.0
19.0,-1.3915011882781982,-0.809829831123352,0.0
19.0,-1.3946378231048584,-0.8203105330467224,0.0
19.0,-1.3908302783966064,-0.8267497420310974,0.0
19.0,-1.3938509225845337,-0.8372907042503357,0.0
19.0,-1.3933842182159424,-0.8458016514778137,0.0
19.0,-1.3894588947296143,-0.8522347211837769,0.0
19.0,-1.3940038681030273,-0.8639174103736877,0.0
19.0,-1.389994740486145,-0.8703531622886658,0.0
19.0,-1.392716646194458,-0.881047248840332,0.0
19.0,-1.388628363609314,-0.8874768614768982,0.0
19.0,-1.3912312984466553,-0.898226797580719,0.0
19.0,-1.3937644958496094,-0.9090197086334229,0.0
19.0,-1.3895467519760132,-0.9154538512229919,0.0
19.0,-1.391959547996521,-0.9263005256652832,0.0
19.0,-1.3876620531082153,-0.9327262043952942,0.0
19.0,-1.38995361328125,-0.943625271320343,0.0
19.0,-1.3855760097503662,-0.9500414729118347,0.0
19.0,-1.3877458572387695,-0.9609918594360352,0.0
19.0,-1.3914828300476074,-0.9731286764144897,0.0
19.0,-1.3869688510894775,-0.9795516133308411,0.0
19.0,-1.3889384269714355,-0.9905988574028015,0.0
19.0,-1.3843436241149902,-0.9970098733901978,0.0
19.0,-1.3861892223358154,-1.0081048011779785,0.0
19.0,-1.392797827720642,-1.022789478302002,0.0
19.0,-1.3880542516708374,-1.0292179584503174,0.0
19.0,-1.381679892539978,-1.0344257354736328,0.0
19.0,-1.376882553100586,-1.0408027172088623,0.0
19.0,-1.3561571836471558,-1.0350234508514404,0.0
19.0,-1.351357340812683,-1.0412824153900146,0.0
19.0,-1.3323215246200562,-1.0364667177200317,0.0
19.0,-1.3149322271347046,-1.0327329635620117,0.0
19.0,-1.3101434707641602,-1.0388013124465942,0.0
19.0,-1.2928354740142822,-1.034848928451538,0.0
19.0,-1.2880371809005737,-1.0408151149749756,0.0
19.0,-1.2692633867263794,-1.0353813171386719,0.0
19.0,-1.252111554145813,-1.0310676097869873,0.0
19.0,-1.247331142425537,-1.0368455648422241,0.0
19.0,-1.2302674055099487,-1.03231680393219,0.0
19.0,-1.2254815101623535,-1.0379937887191772,0.0
19.0,-1.2100284099578857,-1.0345507860183716,0.0
19.0,-1.1946336030960083,-1.0309871435165405,0.0
19.0,-1.1898541450500488,-1.0364993810653687,0.0
19.0,-1.1745356321334839,-1.0327448844909668,0.0
19.0,-1.169748306274414,-1.0381642580032349,0.0
19.0,-1.1530184745788574,-1.0328854322433472,0.0
19.0,-1.1393296718597412,-1.030157208442688,0.0
19.0,-1.1345547437667847,-1.0354137420654297,0.0
19.0,-1.1194581985473633,-1.031162977218628,0.0
19.0,-1.1146788597106934,-1.036327600479126,0.0
19.0,-1.101124882698059,-1.0332587957382202,0.0
19.0,-1.0876234769821167,-1.0300869941711426,0.0
19.0,-1.082849383354187,-1.035104513168335,0.0
19.0,-1.0679768323898315,-1.030379295349121,0.0
19.0,-1.0632015466690063,-1.0353058576583862,0.0
19.0,-1.0498450994491577,-1.031799077987671,0.0
19.0,-1.0365439653396606,-1.0281909704208374,0.0
19.0,-1.031779170036316,-1.0329723358154297,0.0
19.0,-1.0199581384658813,-1.0306237936019897,0.0
19.0,-1.0151822566986084,-1.0353285074234009,0.0
19.0,-1.0020228624343872,-1.03140389919281,0.0
19.0,-0.9903087019920349,-1.0288209915161133,0.0
19.0,-0.9855414628982544,-1.033388614654541,0.0
19.0,-0.973885178565979,-1.030665636062622,0.0
19.0,-0.9691095948219299,-1.0351572036743164,0.0
19.0,-0.9575128555297852,-1.0322951078414917,0.0
19.0,-0.9459633827209473,-1.0293480157852173,0.0
19.0,-0.9411942362785339,-1.0337104797363281,0.0
19.0,-0.9283671379089355,-1.0291407108306885,0.0
19.0,-0.923599123954773,-1.0334218740463257,0.0
19.0,-0.912182092666626,-1.0301941633224487,0.0
19.0,-0.9074093699455261,-1.034400463104248,0.0
19.0,-0.8960575461387634,-1.0310368537902832,0.0
19.0,-0.884756326675415,-1.0275903940200806,0.0
19.0,-0.8799959421157837,-1.0316699743270874,0.0
19.0,-0.870053231716156,-1.029617190361023,0.0
19.0,-0.8601484298706055,-1.0274944305419922,0.0
19.0,-0.8553887605667114,-1.031460165977478,0.0
19.0,-0.8455324769020081,-1.0292224884033203,0.0
19.0,-0.8407649993896484,-1.0331206321716309,0.0
19.0,-0.8309586048126221,-1.0307685136795044,0.0
19.0,-0.8211920261383057,-1.0283479690551758,0.0
19.0,-0.8164287805557251,-1.03213369846344,0.0
19.0,-0.8054805994033813,-1.02802574634552,0.0
19.0,-0.8007190823554993,-1.0317387580871582,0.0
19.0,-0.7910647988319397,-1.0290871858596802,0.0
19.0,-0.7862984538078308,-1.0327335596084595,0.0
19.0,-0.7766985893249512,-1.0299705266952515,0.0
19.0,-0.7683380842208862,-1.0287432670593262,0.0
19.0,-0.7635735869407654,-1.0322846174240112,0.0
19.0,-0.7540650963783264,-1.0293502807617188,0.0
19.0,-0.7492979764938354,-1.0328255891799927,0.0
19.0,-0.7398470044136047,-1.029781699180603,0.0
19.0,-0.7304403185844421,-1.0266727209091187,0.0
19.0,-0.7256858348846436,-1.030038833618164,0.0
19.0,-0.71748286485672,-1.0284620523452759,0.0
19.0,-0.7127202153205872,-1.0317683219909668,0.0
19.0,-0.7034260034561157,-1.028449296951294,0.0
19.0,-0.6941778063774109,-1.0250664949417114,0.0
19.0,-0.6894311308860779,-1.0282649993896484,0.0
19.0,-0.682457447052002,-1.028108835220337,0.0
19.0,-0.6776968240737915,-1.0312530994415283,0.0
19.0,-0.668559193611145,-1.0276694297790527,0.0
19.0,-0.6605521440505981,-1.025705099105835,0.0
19.0,-0.6558029055595398,-1.0287480354309082,0.0
19.0,-0.64783775806427,-1.0266947746276855,0.0
19.0,-0.6430840492248535,-1.0296790599822998,0.0
19.0,-0.6341102123260498,-1.0258363485336304,0.0
19.0,-0.6272732019424438,-1.025344967842102,0.0
19.0,-0.6225259304046631,-1.0282341241836548,0.0
19.0,-0.6157095432281494,-1.0276700258255005,0.0
19.0,-0.6109516620635986,-1.030505657196045,0.0
19.0,-0.6031447649002075,-1.028144121170044,0.0
19.0,-0.5953727960586548,-1.0257325172424316,0.0
19.0,-0.5906240940093994,-1.02847421169281,0.0
19.0,-0.5828988552093506,-1.0259770154953003,0.0
19.0,-0.578149139881134,-1.0286610126495361,0.0
19.0,-0.5714434385299683,-1.0278270244598389,0.0
19.0,-0.5666853189468384,-1.0304579734802246,0.0
19.0,-0.5590481162071228,-1.0277962684631348,0.0
19.0,-0.5523952841758728,-1.0268473625183105,0.0
19.0,-0.5476418733596802,-1.0293903350830078,0.0
19.0,-0.5400832295417786,-1.0266011953353882,0.0
19.0,-0.5334851741790771,-1.025538682937622,0.0
19.0,-0.5287380218505859,-1.0279942750930786,0.0
19.0,-0.5212599039077759,-1.0250794887542725,0.0
19.0,-0.5165150165557861,-1.027478575706482,0.0
19.0,-0.5099790692329407,-1.0262736082077026,0.0
19.0,-0.5052287578582764,-1.0286203622817993,0.0
19.0,-0.49872082471847534,-1.0273468494415283,0.0
19.0,-0.49137043952941895,-1.024232029914856,0.0
19.0,-0.48662978410720825,-1.0264928340911865,0.0
19.0,-0.4793335795402527,-1.0232982635498047,0.0
19.0,-0.47459736466407776,-1.025503396987915,0.0
19.0,-0.4681878387928009,-1.024048924446106,0.0
19.0,-0.4618018865585327,-1.022557020187378,0.0
19.0,-0.4570693075656891,-1.0246812105178833,0.0
19.0,-0.4507143795490265,-1.023123025894165,0.0
19.0,-0.4459792673587799,-1.025195837020874,0.0
19.0,-0.44044533371925354,-1.02540922164917,0.0
19.0,-0.43413808941841125,-1.023751974105835,0.0
19.0,-0.4294002652168274,-1.0257482528686523,0.0
19.0,-0.4231257736682892,-1.0240256786346436,0.0
19.0,-0.4183867871761322,-1.0259710550308228,0.0
19.0,-0.41214555501937866,-1.0241835117340088,0.0
19.0,-0.40666791796684265,-1.024219274520874,0.0
19.0,-0.40192824602127075,-1.0260885953903198,0.0
19.0,-0.39501744508743286,-1.022339105606079,0.0
19.0,-0.39028656482696533,-1.0241544246673584,0.0
19.0,-0.38554733991622925,-1.02594792842865,0.0
19.0,-0.38149479031562805,-1.0295950174331665,0.0
19.0,-0.3767305314540863,-1.0313477516174316,0.0
19.0,-0.37128064036369324,-1.0311967134475708,0.0
19.0,-0.3665090799331665,-1.0329022407531738,0.0
19.0,-0.3604094982147217,-1.0308098793029785,0.0
19.0,-0.35563981533050537,-1.0324652194976807,0.0
19.0,-0.3502199649810791,-1.032204508781433,0.0
19.0,-0.3441762328147888,-1.0300188064575195,0.0
19.0,-0.3394103944301605,-1.0315990447998047,0.0
19.0,-0.3334047794342041,-1.029351830482483,0.0
19.0,-0.3286421298980713,-1.0308823585510254,0.0
19.0,-0.32327380776405334,-1.030482530593872,0.0
19.0,-0.31791621446609497,-1.0300549268722534,0.0
19.0,-0.3131504952907562,-1.0315138101577759,0.0
19.0,-0.3072338104248047,-1.0291178226470947,0.0
19.0,-0.3024725317955017,-1.0305272340774536,0.0
19.0,-0.2971504032611847,-1.0299930572509766,0.0
19.0,-0.29183971881866455,-1.029431700706482,0.0
19.0,-0.2870771586894989,-1.0307700634002686,0.0
19.0,-0.28125306963920593,-1.0282279253005981,0.0
19.0,-0.27649617195129395,-1.0295172929763794,0.0
19.0,-0.2712235748767853,-1.0288506746292114,0.0
19.0,-0.26596304774284363,-1.0281574726104736,0.0
19.0,-0.26120665669441223,-1.0293761491775513,0.0
19.0,-0.25596168637275696,-1.0286318063735962,0.0
19.0,-0.2512032091617584,-1.0298042297363281,0.0
19.0,-0.24597439169883728,-1.029009461402893,0.0
19.0,-0.2407582849264145,-1.0281884670257568,0.0
19.0,-0.23600201308727264,-1.0292905569076538,0.0
19.0,-0.2308027595281601,-1.0284192562103271,0.0
19.0,-0.22604551911354065,-1.0294753313064575,0.0
19.0,-0.22086356580257416,-1.028554081916809,0.0
19.0,-0.21610581874847412,-1.0295641422271729,0.0
19.0,-0.2109416425228119,-1.0285929441452026,0.0
19.0,-0.20579108595848083,-1.0275962352752686,0.0
19.0,-0.2010379284620285,-1.0285366773605347,0.0
19.0,-0.1959058940410614,-1.0274906158447266,0.0
19.0,-0.19115333259105682,-1.0283854007720947,0.0
19.0,-0.18604028224945068,-1.0272901058197021,0.0
19.0,-0.18128874897956848,-1.028139352798462,0.0
19.0,-0.17653334140777588,-1.0289665460586548,0.0
19.0,-0.17111600935459137,-1.025826096534729,0.0
19.0,-0.1663714051246643,-1.0266063213348389,0.0
19.0,-0.16131243109703064,-1.0253888368606567,0.0
19.0,-0.1565699577331543,-1.0261236429214478,0.0
19.0,-0.15153160691261292,-1.0248581171035767,0.0
19.0,-0.14650830626487732,-1.0235679149627686,0.0
19.0,-0.14177440106868744,-1.024234414100647,0.0
19.0,-0.1370374709367752,-1.024878978729248,0.0
19.0,-0.1322976052761078,-1.0255014896392822,0.0
19.0,-0.127308189868927,-1.0241174697875977,0.0
19.0,-0.12233441323041916,-1.0227092504501343,0.0
19.0,-0.11760473996400833,-1.023263931274414,0.0
19.0,-0.11265338212251663,-1.0218087434768677,0.0
19.0,-0.10792797803878784,-1.022318720817566,0.0
19.0,-0.103200264275074,-1.0228067636489868,0.0
19.0,-0.09827876836061478,-1.0212821960449219,0.0
19.0,-0.09355594962835312,-1.0217256546020508,0.0
19.0,-0.08883113414049149,-1.022147297859192,0.0
19.0,-0.08410441875457764,-1.0225470066070557,0.0
19.0,-0.07937590032815933,-1.0229250192642212,0.0
19.0,-0.07464569061994553,-1.0232809782028198,0.0
19.0,-0.06991388648748398,-1.0236152410507202,0.0
19.0,-0.06518058478832245,-1.0239274501800537,0.0
19.0,-0.060445886105298996,-1.024217963218689,0.0
19.0,-0.055709902197122574,-1.0244864225387573,0.0
19.0,-0.050972722470760345,-1.024733066558838,0.0
19.0,-0.046144332736730576,-1.02295982837677,0.0
19.0,-0.04141431301832199,-1.0231622457504272,0.0
19.0,-0.03668341040611267,-1.0233427286148071,0.0
19.0,-0.031951725482940674,-1.0235013961791992,0.0
19.0,-0.02716618962585926,-1.0216388702392578,0.0
19.0,-0.02244248241186142,-1.0217535495758057,0.0
19.0,-0.017718294635415077,-1.0218462944030762,0.0
19.0,-0.012993729673326015,-1.0219173431396484,0.0
19.0,-0.008268886245787144,-1.0219664573669434,0.0
19.0,-0.0035438663326203823,-1.0219937562942505,0.0
19.0,0.0011812294833362103,-1.0219992399215698,0.0
19.0,0.005906300153583288,-1.0219829082489014,0.0
19.0,0.010631244629621506,-1.0219446420669556,0.0
19.0,0.01535596139729023,-1.021884560585022,0.0
19.0,0.02008035033941269,-1.0218026638031006,0.0
19.0,0.024804310873150826,-1.0216989517211914,0.0
19.0,0.029527738690376282,-1.0215733051300049,0.0
19.0,0.03425053879618645,-1.0214258432388306,0.0
19.0,0.038972605019807816,-1.0212565660476685,0.0
19.0,0.04369383677840233,-1.0210654735565186,0.0
19.0,0.048414137214422226,-1.0208525657653809,0.0
19.0,0.05313339829444885,-1.0206178426742554,0.0
19.0,0.05785152688622475,-1.020361304283142,0.0
19.0,0.062690868973732,-1.0220792293548584,0.0
19.0,0.06741565465927124,-1.0217784643173218,0.0
19.0,0.07213899493217468,-1.0214558839797974,0.0
19.0,0.07686079293489456,-1.0211113691329956,0.0
19.0,0.08142160624265671,-1.0187513828277588,0.0
19.0,0.0862993597984314,-1.0203570127487183,0.0
19.0,0.09101593494415283,-1.0199471712112427,0.0
19.0,0.09573055803775787,-1.0195153951644897,0.0
19.0,0.10044313222169876,-1.0190619230270386,0.0
19.0,0.10515356063842773,-1.0185866355895996,0.0
19.0,0.11007631570100784,-1.0200780630111694,0.0
19.0,0.11479133367538452,-1.0195581912994385,0.0
19.0,0.11950390785932541,-1.0190166234970093,0.0
19.0,0.12421392649412155,-1.0184532403945923,0.0
19.0,0.1289212852716446,-1.0178680419921875,0.0
19.0,0.13362589478492737,-1.0172611474990845,0.0
19.0,0.13832764327526093,-1.0166324377059937,0.0
19.0,0.1433052271604538,-1.0179624557495117,0.0
19.0,0.14801011979579926,-1.0172890424728394,0.0
19.0,0.15300893783569336,-1.0185716152191162,0.0
19.0,0.1577165424823761,-1.0178533792495728,0.0
19.0,0.16210539638996124,-1.0151383876800537,0.0
19.0,0.16679702699184418,-1.0143779516220093,0.0
19.0,0.17181871831417084,-1.0155678987503052,0.0
19.0,0.1768549680709839,-1.0167330503463745,0.0
19.0,0.18155381083488464,-1.0159045457839966,0.0
19.0,0.186248779296875,-1.0150543451309204,0.0
19.0,0.1909397542476654,-1.0141823291778564,0.0
19.0,0.19638492166996002,-1.0172163248062134,0.0
19.0,0.20147398114204407,-1.0182594060897827,0.0
19.0,0.20617961883544922,-1.0173170566558838,0.0
19.0,0.21128717064857483,-1.0183111429214478,0.0
19.0,0.21599294245243073,-1.01732337474823,0.0
19.0,0.2211185246706009,-1.0182684659957886,0.0
19.0,0.2258239984512329,-1.017235279083252,0.0
19.0,0.23052464425563812,-1.016180396080017,0.0
19.0,0.23567183315753937,-1.0170520544052124,0.0
19.0,0.24037152528762817,-1.0159515142440796,0.0
19.0,0.24553555250167847,-1.0167734622955322,0.0
19.0,0.25023385882377625,-1.015627384185791,0.0
19.0,0.255414217710495,-1.0163992643356323,0.0
19.0,0.2606070637702942,-1.0171449184417725,0.0
19.0,0.26530691981315613,-1.0159292221069336,0.0
19.0,0.27051541209220886,-1.0166245698928833,0.0
19.0,0.27521276473999023,-1.0153629779815674,0.0
19.0,0.28043636679649353,-1.016007661819458,0.0
19.0,0.28567177057266235,-1.0166256427764893,0.0
19.0,0.2903689742088318,-1.0152939558029175,0.0
19.0,0.2950599491596222,-1.013940691947937,0.0
19.0,0.2997446060180664,-1.0125656127929688,0.0
19.0,0.304999440908432,-1.013084053993225,0.0
19.0,0.3102654218673706,-1.0135754346847534,0.0
19.0,0.31494826078414917,-1.0121301412582397,0.0
19.0,0.3202274441719055,-1.0125702619552612,0.0
19.0,0.32490551471710205,-1.0110788345336914,0.0
19.0,0.33081793785095215,-1.0133683681488037,0.0
19.0,0.3354995846748352,-1.011828064918518,0.0
19.0,0.3414505422115326,-1.0140570402145386,0.0
19.0,0.3461352586746216,-1.0124675035476685,0.0
19.0,0.3514682948589325,-1.0127458572387695,0.0
19.0,0.35747572779655457,-1.0148828029632568,0.0
19.0,0.36216408014297485,-1.0132192373275757,0.0
19.0,0.3675265610218048,-1.0134141445159912,0.0
19.0,0.37220802903175354,-1.0117040872573853,0.0
19.0,0.37827998399734497,-1.0137200355529785,0.0
19.0,0.3836706280708313,-1.0138307809829712,0.0
19.0,0.3883538544178009,-1.0120460987091064,0.0
19.0,0.39375388622283936,-1.0121036767959595,0.0
19.0,0.3984290063381195,-1.0102723836898804,0.0
19.0,0.40383800864219666,-1.0102766752243042,0.0
19.0,0.41000640392303467,-1.0121060609817505,0.0
19.0,0.4146813750267029,-1.0101996660232544,0.0
19.0,0.42165160179138184,-1.0138115882873535,0.0
19.0,0.42633432149887085,-1.0118513107299805,0.0
19.0,0.433363139629364,-1.015387773513794,0.0
19.0,0.4380530118942261,-1.0133733749389648,0.0
19.0,0.4443376660346985,-1.0150015354156494,0.0
19.0,0.4498361647129059,-1.0147647857666016,0.0
19.0,0.4545229971408844,-1.01267409324646,0.0
19.0,0.4600274860858917,-1.0123826265335083,0.0
19.0,0.46470317244529724,-1.0102449655532837,0.0
19.0,0.4702131152153015,-1.0098987817764282,0.0
19.0,0.4774349331855774,-1.0131416320800781,0.0
19.0,0.4821139872074127,-1.0109233856201172,0.0
19.0,0.48939049243927,-1.0140873193740845,0.0
19.0,0.494073748588562,-1.0118138790130615,0.0
19.0,0.5005182027816772,-1.0131049156188965,0.0
19.0,0.5051968097686768,-1.0107799768447876,0.0
19.0,0.511669397354126,-1.0120030641555786,0.0
19.0,0.5181641578674316,-1.0131880044937134,0.0
19.0,0.5228429436683655,-1.0107815265655518,0.0
19.0,0.5293647646903992,-1.0118976831436157,0.0
19.0,0.5340374708175659,-1.0094393491744995,0.0
19.0,0.5396422743797302,-1.0087231397628784,0.0
19.0,0.5471548438072205,-1.0114946365356445,0.0
19.0,0.5518255233764648,-1.0089541673660278,0.0
19.0,0.5603556036949158,-1.0133930444717407,0.0
19.0,0.5650349259376526,-1.010791540145874,0.0
19.0,0.5716699957847595,-1.011650800704956,0.0
19.0,0.5793170928955078,-1.014206886291504,0.0
19.0,0.5839999318122864,-1.0115176439285278,0.0
19.0,0.5906863808631897,-1.0122617483139038,0.0
19.0,0.5953601002693176,-1.0095199346542358,0.0
19.0,0.6041167974472046,-1.0136284828186035,0.0
19.0,0.6087967157363892,-1.0108246803283691,0.0
19.0,0.6155431866645813,-1.0114160776138306,0.0
19.0,0.6202127933502197,-1.0085594654083252,0.0
19.0,0.6238135695457458,-1.003982424736023,0.0
19.0,0.6327021718025208,-1.007863163948059,0.0
19.0,0.6373551487922668,-1.004927158355713,0.0
19.0,0.6463103294372559,-1.008705496788025,0.0
19.0,0.6509670615196228,-1.005706548690796,0.0
19.0,0.6577989459037781,-1.0060341358184814,0.0
19.0,0.6657498478889465,-1.0079885721206665,0.0
19.0,0.670403003692627,-1.0048998594284058,0.0
19.0,0.6783947348594666,-1.006765365600586,0.0
19.0,0.6830421686172485,-1.0036181211471558,0.0
19.0,0.692206621170044,-1.0070421695709229,0.0
19.0,0.7014172077178955,-1.0104029178619385,0.0
19.0,0.7060811519622803,-1.00714910030365,0.0
19.0,0.7141969799995422,-1.0087708234786987,0.0
19.0,0.7188532948493958,-1.0054579973220825,0.0
19.0,0.7270063161849976,-1.0069884061813354,0.0
19.0,0.7316542267799377,-1.003616452217102,0.0
19.0,0.739843487739563,-1.0050550699234009,0.0
19.0,0.7492546439170837,-1.0080444812774658,0.0
19.0,0.7539072036743164,-1.0045695304870605,0.0
19.0,0.76216721534729,-1.0058553218841553,0.0
19.0,0.7668095231056213,-1.0023208856582642,0.0
19.0,0.7763256430625916,-1.005096197128296,0.0
19.0,0.7809643149375916,-1.0014961957931519,0.0
19.0,0.7905348539352417,-1.0041606426239014,0.0
19.0,0.8001465797424316,-1.0067578554153442,0.0
19.0,0.8047926425933838,-1.0030478239059448,0.0
19.0,0.8144568204879761,-1.0055327415466309,0.0
19.0,0.8190970420837402,-1.0017565488815308,0.0
19.0,0.8313586115837097,-1.0072134733200073,0.0
19.0,0.8360064029693604,-1.0033589601516724,0.0
19.0,0.8470731377601624,-1.0071361064910889,0.0
19.0,0.8556036949157715,-1.0077829360961914,0.0
19.0,0.8602538704872131,-1.0038163661956787,0.0
19.0,0.8688110113143921,-1.004366159439087,0.0
19.0,0.8734452724456787,-1.0003385543823242,0.0
19.0,0.8846728801727295,-1.0037918090820312,0.0
19.0,0.8946214914321899,-1.005668044090271,0.0
19.0,0.899261474609375,-1.0015212297439575,0.0
19.0,0.910597562789917,-1.0047626495361328,0.0
19.0,0.9152332544326782,-1.0005418062210083,0.0
19.0,0.9266329407691956,-1.0036470890045166,0.0
19.0,0.9380807280540466,-1.0066680908203125,0.0
19.0,0.9427249431610107,-1.0023202896118164,0.0
19.0,0.9556106925010681,-1.0066540241241455,0.0
19.0,0.9602546095848083,-1.0022250413894653,0.0
19.0,0.9746101498603821,-1.0078387260437012,0.0
19.0,0.9792593717575073,-1.0033220052719116,0.0
19.0,0.9979231953620911,-1.0130318403244019,0.0
19.0,1.0152872800827026,-1.0211719274520874,0.0
19.0,1.0199975967407227,-1.0164669752120972,0.0
19.0,1.0389180183410645,-1.025792121887207,0.0
19.0,1.043649435043335,-1.0209778547286987,0.0
19.0,1.0655919313430786,-1.0328454971313477,0.0
19.0,1.070355772972107,-1.0279077291488647,0.0
19.0,1.0895859003067017,-1.0367344617843628,0.0
19.0,1.1089203357696533,-1.0454051494598389,0.0
19.0,1.1137417554855347,-1.040266990661621,0.0
19.0,1.1346862316131592,-1.050049066543579,0.0
19.0,1.1395288705825806,-1.0447918176651,0.0
19.0,1.1621119976043701,-1.0556495189666748,0.0
19.0,1.166980266571045,-1.0502653121948242,0.0
19.0,1.1882439851760864,-1.0595000982284546,0.0
19.0,1.2111165523529053,-1.0698844194412231,0.0
19.0,1.216050148010254,-1.0642735958099365,0.0
19.0,1.2390906810760498,-1.0743622779846191,0.0
19.0,1.244044542312622,-1.0686219930648804,0.0
19.0,1.2687727212905884,-1.0797091722488403,0.0
19.0,1.2737510204315186,-1.073831558227539,0.0
19.0,1.2986578941345215,-1.0845974683761597,0.0
19.0,1.3036584854125977,-1.078581690788269,0.0
19.0,1.1725088357925415,-0.9609781503677368,0.0
19.0,1.1769393682479858,-0.9555469155311584,0.0
19.0,1.2120596170425415,-0.956476628780365,0.0
19.0,1.2164688110351562,-0.9508625864982605,0.0
19.0,1.220852017402649,-0.9452282190322876,0.0
19.0,1.22520911693573,-0.9395737051963806,0.0
19.0,1.2502447366714478,-0.9496253132820129,0.0
19.0,1.2785954475402832,-0.9618698954582214,0.0
19.0,1.2830288410186768,-0.9559481739997864,0.0
19.0,1.3131835460662842,-0.9690061211585999,0.0
19.0,1.3176496028900146,-0.9629244208335876,0.0
19.0,1.3496309518814087,-0.9767559766769409,0.0
19.0,1.3541324138641357,-0.9705057144165039,0.0
19.0,1.3863316774368286,-0.9839129447937012,0.0
19.0,1.3908658027648926,-0.9774929285049438,0.0
19.0,1.4199944734573364,-0.9881881475448608,0.0
19.0,1.4492511749267578,-0.9986345767974854,0.0
19.0,1.4538527727127075,-0.9919235110282898,0.0
19.0,1.4799680709838867,-0.9997451901435852,0.0
19.0,1.484574556350708,-0.9928920269012451,0.0
19.0,1.5058249235153198,-0.9970592856407166,0.0
19.0,1.5104186534881592,-0.9900866746902466,0.0
19.0,1.5334348678588867,-0.9950684905052185,0.0
19.0,1.5632601976394653,-1.00418221950531,0.0
19.0,1.5678861141204834,-0.9969438910484314,0.0
19.0,1.580941915512085,-0.9950109720230103,0.0
19.0,1.5855252742767334,-0.9876910448074341,0.0
19.0,1.5781577825546265,-0.9730026125907898,0.0
19.0,1.5741031169891357,-0.9604870676994324,0.0
19.0,1.5785269737243652,-0.9531991481781006,0.0
19.0,1.5743329524993896,-0.9407612681388855,0.0
19.0,1.5786656141281128,-0.9334725141525269,0.0
19.0,1.5760595798492432,-0.9221237897872925,0.0
19.0,1.5751134157180786,-0.9118212461471558,0.0
19.0,1.5793122053146362,-0.9045291543006897,0.0
19.0,1.5886975526809692,-0.9001755714416504,0.0
19.0,1.5928423404693604,-0.8928208351135254,0.0
19.0,1.612695336341858,-0.8941753506660461,0.0
19.0,1.6168122291564941,-0.8867096900939941,0.0
19.0,1.6367167234420776,-0.8878075480461121,0.0
19.0,1.656665563583374,-0.8887401819229126,0.0
19.0,1.6607568264007568,-0.8810712695121765,0.0
19.0,1.6772102117538452,-0.8798875212669373,0.0
19.0,1.681260347366333,-0.8721237182617188,0.0
19.0,1.454895257949829,-0.7125164866447449,0.0
19.0,1.4581739902496338,-0.7057823538780212,0.0
19.0,1.4614214897155762,-0.6990331411361694,0.0
19.0,1.4646377563476562,-0.692268967628479,0.0
19.0,1.4841318130493164,-0.6931065917015076,0.0
19.0,1.4873204231262207,-0.6862374544143677,0.0
19.0,1.4904773235321045,-0.6793537139892578,0.0
19.0,1.5081918239593506,-0.6790239810943604,0.0
19.0,1.511315107345581,-0.6720438003540039,0.0
19.0,1.5272244215011597,-0.6706783771514893,0.0
19.0,1.5303088426589966,-0.6636102795600891,0.0
19.0,1.5499076843261719,-0.6636128425598145,0.0
19.0,1.5529593229293823,-0.6564399600028992,0.0
19.0,1.5652064085006714,-0.6531038880348206,0.0
19.0,1.5663599967956543,-0.6450987458229065,0.0
19.0,1.5693258047103882,-0.6378499865531921,0.0
19.0,1.5685455799102783,-0.629098653793335,0.0
19.0,1.5714373588562012,-0.6218399405479431,0.0
19.0,1.5687062740325928,-0.6123860478401184,0.0
19.0,1.56405508518219,-0.6022520661354065,0.0
19.0,1.56682288646698,-0.5950143933296204,0.0
19.0,1.5658111572265625,-0.586361289024353,0.0
19.0,1.5685054063796997,-0.5791156888008118,0.0
19.0,1.567407250404358,-0.5704895853996277,0.0
19.0,1.5643805265426636,-0.5612107515335083,0.0
19.0,1.5669584274291992,-0.553972065448761,0.0
19.0,1.563836932182312,-0.5447477698326111,0.0
19.0,1.5663387775421143,-0.5375117659568787,0.0
19.0,1.5650177001953125,-0.5289834141731262,0.0
19.0,1.5674467086791992,-0.5217421054840088,0.0
19.0,1.566041111946106,-0.5132439136505127,0.0
19.0,1.564590573310852,-0.5047699213027954,0.0
19.0,1.566907525062561,-0.49753081798553467,0.0
19.0,1.5634640455245972,-0.4884917438030243,0.0
19.0,1.5618822574615479,-0.48008278012275696,0.0
19.0,1.5640852451324463,-0.4728564918041229,0.0
19.0,1.5605034828186035,-0.46391037106513977,0.0
19.0,1.5626317262649536,-0.45669063925743103,0.0
19.0,1.5628042221069336,-0.4489089548587799,0.0
19.0,1.5648629665374756,-0.4416787326335907,0.0
19.0,1.5649608373641968,-0.4339046776294708,0.0
19.0,1.5630908012390137,-0.42561376094818115,0.0
19.0,1.5650418996810913,-0.418382465839386,0.0
19.0,1.5630905628204346,-0.41012707352638245,0.0
19.0,1.5649700164794922,-0.4028959274291992,0.0
19.0,1.559059500694275,-0.39369750022888184,0.0
19.0,1.5492147207260132,-0.3836009204387665,0.0
19.0,1.5509716272354126,-0.37643423676490784,0.0
19.0,1.5390753746032715,-0.3660203814506531,0.0
19.0,1.5407512187957764,-0.3589007556438446,0.0
19.0,1.5404441356658936,-0.3513287305831909,0.0
19.0,1.5734479427337646,-0.16427287459373474,0.0
19.0,1.574190616607666,-0.156996488571167,0.0
19.0,1.574899673461914,-0.14971673488616943,0.0
19.0,1.5755749940872192,-0.1424337923526764,0.0
19.0,1.5642606019973755,-0.13412266969680786,0.0
19.0,1.5648640394210815,-0.12688906490802765,0.0
19.0,1.5654339790344238,-0.11965276300907135,0.0
19.0,1.5659704208374023,-0.11241389811038971,0.0
19.0,1.5564957857131958,-0.10450273752212524,0.0
19.0,1.556962251663208,-0.09730536490678787,0.0
19.0,1.5553988218307495,-0.08999038487672806,0.0
19.0,1.5577954053878784,-0.08290452510118484,0.0
19.0,1.5581620931625366,-0.07570137083530426,0.0
19.0,1.564489722251892,-0.06876004487276077,0.0
19.0,1.5647908449172974,-0.0615260936319828,0.0
19.0,1.5730538368225098,-0.05456817150115967,0.0
19.0,1.585283875465393,-0.047655344009399414,0.0
19.0,1.5854872465133667,-0.040325477719306946,0.0
19.0,1.5956546068191528,-0.03320278599858284,0.0
19.0,1.595790982246399,-0.025825126096606255,0.0
19.0,1.607892632484436,-0.01858561486005783,0.0
19.0,1.6179611682891846,-0.011220879852771759,0.0
19.0,1.6179957389831543,-0.0037403227761387825,0.0
19.0,1.6259957551956177,0.003758807433769107,0.0
19.0,1.6259609460830688,0.011276351287961006,0.0
19.0,1.6358907222747803,0.018909234553575516,0.0
19.0,1.6357858180999756,0.026472365483641624,0.0
19.0,1.6456438302993774,0.034242965281009674,0.0
19.0,1.6454678773880005,0.04185102507472038,0.0
19.0,1.6572513580322266,0.04981875792145729,0.0
19.0,1.6689960956573486,0.05789633467793465,0.0
19.0,1.6687105894088745,0.06561210751533508,0.0
19.0,1.6763817071914673,0.07367774099111557,0.0
19.0,1.6760231256484985,0.08142749220132828,0.0
19.0,1.4346188306808472,0.22399280965328217,0.0
19.0,1.4335678815841675,0.23062320053577423,0.0
19.0,1.4324862957000732,0.23724864423274994,0.0
19.0,1.431374192237854,0.24386903643608093,0.0
19.0,1.4376877546310425,0.26551443338394165,0.0
19.0,1.436444878578186,0.27215856313705444,0.0
19.0,1.4351712465286255,0.27879688143730164,0.0
19.0,1.4338668584823608,0.2854292392730713,0.0
19.0,1.444290041923523,0.29445263743400574,0.0
19.0,1.4546600580215454,0.3035784959793091,0.0
19.0,1.453240990638733,0.31030067801475525,0.0
19.0,1.4674224853515625,0.32042959332466125,0.0
19.0,1.4659253358840942,0.3272106349468231,0.0
19.0,1.476096510887146,0.3366529941558838,0.0
19.0,1.4862112998962402,0.3461962938308716,0.0
19.0,1.4845948219299316,0.3530639111995697,0.0
19.0,1.5004388093948364,0.36416947841644287,0.0
19.0,1.4987391233444214,0.3711026608943939,0.0
19.0,1.5202767848968506,0.38390398025512695,0.0
19.0,1.51848566532135,0.3909286856651306,0.0
19.0,1.5398762226104736,0.4040360450744629,0.0
19.0,1.5592453479766846,0.41683289408683777,0.0
19.0,1.5573015213012695,0.4240373969078064,0.0
19.0,1.5765247344970703,0.43711090087890625,0.0
19.0,1.5744869709014893,0.4443950653076172,0.0
19.0,1.5877935886383057,0.45608705282211304,0.0
19.0,1.5856679677963257,0.46342313289642334,0.0
19.0,1.5969280004501343,0.474738746881485,0.0
19.0,1.6062026023864746,0.48558947443962097,0.0
19.0,1.6039403676986694,0.49301037192344666,0.0
19.0,1.6169158220291138,0.5051922798156738,0.0
19.0,1.6145628690719604,0.5126625299453735,0.0
19.0,1.6274025440216064,0.5250343680381775,0.0
19.0,1.6382614374160767,0.5369129180908203,0.0
19.0,1.6357614994049072,0.5444814562797546,0.0
19.0,1.6464896202087402,0.5565212965011597,0.0
19.0,1.6438990831375122,0.5641276836395264,0.0
19.0,1.654494047164917,0.576327383518219,0.0
19.0,1.6518118381500244,0.5839705467224121,0.0
19.0,1.4476637840270996,0.5193394422531128,0.0
19.0,1.4452472925186157,0.5260269641876221,0.0
19.0,1.4427998065948486,0.5327032804489136,0.0
19.0,1.440321445465088,0.539368212223053,0.0
19.0,1.4509004354476929,0.5509918928146362,0.0
19.0,1.4483375549316406,0.5576940178871155,0.0
19.0,1.4457435607910156,0.5643842816352844,0.0
19.0,1.4431188106536865,0.571062445640564,0.0
19.0,1.457169532775879,0.5844289064407349,0.0
19.0,1.4544519186019897,0.5911597013473511,0.0
19.0,1.466497540473938,0.6039708256721497,0.0
19.0,1.4803013801574707,0.6176760792732239,0.0
19.0,1.4774298667907715,0.6245134472846985,0.0
19.0,1.4929122924804688,0.639209508895874,0.0
19.0,1.4899410009384155,0.6461049914360046,0.0
19.0,1.5070812702178955,0.6618325114250183,0.0
19.0,1.5040051937103271,0.668793261051178,0.0
19.0,1.5173102617263794,0.6831293106079102,0.0
19.0,1.5268747806549072,0.6959435343742371,0.0
19.0,1.5236408710479736,0.7029953598976135,0.0
19.0,1.5276228189468384,0.7134173512458801,0.0
19.0,1.524308204650879,0.720472514629364,0.0
19.0,1.5263735055923462,0.7301012873649597,0.0
19.0,1.5283823013305664,0.7397644519805908,0.0
19.0,1.5249457359313965,0.7468228340148926,0.0
19.0,1.5268528461456299,0.7565290927886963,0.0
19.0,1.523338794708252,0.7635802030563354,0.0
19.0,1.5251436233520508,0.7733284831047058,0.0
19.0,1.5215519666671753,0.7803714871406555,0.0
19.0,1.5232537984848022,0.7901606559753418,0.0
19.0,1.524897575378418,0.7999821901321411,0.0
19.0,1.521182656288147,0.8070237636566162,0.0
19.0,1.5244848728179932,0.8178300261497498,0.0
19.0,1.520687460899353,0.8248695731163025,0.0
19.0,1.5221182107925415,0.8347765803337097,0.0
19.0,1.5199916362762451,0.8427748680114746,0.0
19.0,1.5160789489746094,0.8497933149337769,0.0
19.0,1.5121338367462158,0.8567936420440674,0.0
19.0,1.508156418800354,0.8637756705284119,0.0
19.0,1.504146695137024,0.8707391619682312,0.0
19.0,1.4811161756515503,0.8665741682052612,0.0
19.0,1.4770938158035278,0.8734126091003418,0.0
19.0,1.2620793581008911,1.1149042844772339,0.0
19.0,1.256911277770996,1.1207274198532104,0.0
19.0,1.2517163753509521,1.1265265941619873,0.0
19.0,1.2464946508407593,1.1323018074035645,0.0
19.0,1.2256959676742554,1.1342703104019165,0.0
19.0,1.2204387187957764,1.1399251222610474,0.0
19.0,1.2151553630828857,1.1455553770065308,0.0
19.0,1.209846019744873,1.1511613130569458,0.0
19.0,1.1987407207489014,1.1512012481689453,0.0
19.0,1.1934055089950562,1.1567312479019165,0.0
19.0,1.185185432434082,1.159439206123352,0.0
19.0,1.1798123121261597,1.16490638256073,0.0
19.0,1.170163869857788,1.1661133766174316,0.0
19.0,1.1534790992736816,1.160164713859558,0.0
19.0,1.148102879524231,1.1654852628707886,0.0
19.0,1.1315265893936157,1.1593307256698608,0.0
19.0,1.1261544227600098,1.1645498275756836,0.0
19.0,0.9520741701126099,1.2933640480041504,0.0
19.0,0.9460843205451965,1.297752022743225,0.0
19.0,0.9400742053985596,1.3021122217178345,0.0
19.0,0.9340440034866333,1.3064446449279785,0.0
19.0,0.9233712553977966,1.3042199611663818,0.0
19.0,0.9173315167427063,1.308475136756897,0.0
19.0,0.9112721085548401,1.3127022981643677,0.0
19.0,0.9029273986816406,1.3136049509048462,0.0
19.0,0.8968445062637329,1.317765474319458,0.0
19.0,0.8896247744560242,1.3202393054962158,0.0
19.0,0.8835113048553467,1.3243381977081299,0.0
19.0,0.8773789405822754,1.3284088373184204,0.0
19.0,0.8701333403587341,1.3307772874832153,0.0
19.0,0.8639713525772095,1.3347859382629395,0.0
19.0,0.8567119836807251,1.3370821475982666,0.0
19.0,0.8505209684371948,1.3410288095474243,0.0
19.0,0.8443118333816528,1.3449467420578003,0.0
19.0,0.8380845785140991,1.3488359451293945,0.0
19.0,0.8307917714118958,1.3509925603866577,0.0
19.0,0.8245367407798767,1.3548191785812378,0.0
19.0,0.8182640671730042,1.358616828918457,0.0
19.0,0.8129979372024536,1.3641035556793213,0.0
19.0,0.8066824674606323,1.3678478002548218,0.0
19.0,0.7993417382240295,1.3698352575302124,0.0
19.0,0.7929999232292175,1.373516321182251,0.0
19.0,0.7866411805152893,1.3771679401397705,0.0
19.0,0.7792816758155823,1.3790489435195923,0.0
19.0,0.7728975415229797,1.3826371431350708,0.0
19.0,0.7664967775344849,1.3861957788467407,0.0
19.0,0.7600797414779663,1.3897247314453125,0.0
19.0,0.7536463737487793,1.3932240009307861,0.0
19.0,0.7481403350830078,1.3984569311141968,0.0
19.0,0.7416667342185974,1.4019010066986084,0.0
19.0,0.7351773381233215,1.4053149223327637,0.0
19.0,0.7286721467971802,1.4086989164352417,0.0
19.0,0.7212408185005188,1.410272240638733,0.0
19.0,0.4818897247314453,0.9531034827232361,0.0
19.0,0.47747802734375,0.9553212523460388,0.0
19.0,0.4686267673969269,0.9485530257225037,0.0
19.0,0.46423622965812683,0.9507095813751221,0.0
19.0,0.45983579754829407,0.9528457522392273,0.0
19.0,0.45370370149612427,0.9513511657714844,0.0
19.0,0.4493004083633423,0.9534386396408081,0.0
19.0,0.443199098110199,0.9518794417381287,0.0
19.0,0.43879345059394836,0.9539183378219604,0.0
19.0,0.4327237010002136,0.9522952437400818,0.0
19.0,0.4266783595085144,0.9506364464759827,0.0
19.0,0.42227864265441895,0.9525989890098572,0.0
19.0,0.4162657856941223,0.9508768320083618,0.0
19.0,0.41186508536338806,0.9527912139892578,0.0
19.0,0.4058854281902313,0.9510063529014587,0.0
19.0,0.4014842212200165,0.9528727531433105,0.0
19.0,0.3963063955307007,0.9528720378875732,0.0
19.0,0.3903777003288269,0.9509938359260559,0.0
19.0,0.38597673177719116,0.9527885317802429,0.0
19.0,0.3800828456878662,0.9508486390113831,0.0
19.0,0.3749488592147827,0.9507350921630859,0.0
19.0,0.3705492615699768,0.9524585008621216,0.0
19.0,0.36470869183540344,0.9504270553588867,0.0
19.0,0.3603106141090393,0.9521030783653259,0.0
19.0,0.35450640320777893,0.9500111937522888,0.0
19.0,0.35011035203933716,0.9516400694847107,0.0
19.0,0.3450249433517456,0.9513683319091797,0.0
19.0,0.3399495482444763,0.9510700702667236,0.0
19.0,0.3355487883090973,0.9526315927505493,0.0
19.0,0.3298293948173523,0.9503939747810364,0.0
19.0,0.32543182373046875,0.9519087076187134,0.0
19.0,0.3197508454322815,0.9496122002601624,0.0
19.0,0.31409814953804016,0.9472836852073669,0.0
19.0,0.3097151219844818,0.9487257599830627,0.0
19.0,0.304713636636734,0.9482434391975403,0.0
19.0,0.30032628774642944,0.9496421217918396,0.0
19.0,0.29533830285072327,0.9491108059883118,0.0
19.0,0.2903616428375244,0.9485536813735962,0.0
19.0,0.2859730124473572,0.9498860239982605,0.0
19.0,0.28101059794425964,0.9492802619934082,0.0
19.0,0.27661871910095215,0.9505693912506104,0.0
19.0,0.27167096734046936,0.9499151706695557,0.0
19.0,0.26727625727653503,0.9511610865592957,0.0
19.0,0.2618115544319153,0.9485308527946472,0.0
19.0,0.2569001317024231,0.9478007555007935,0.0
19.0,0.25251534581184387,0.9489783644676208,0.0
19.0,0.24711446464061737,0.9462655186653137,0.0
19.0,0.24224050343036652,0.9454604983329773,0.0
19.0,0.23786669969558716,0.9465703368186951,0.0
19.0,0.23300933837890625,0.9457180500030518,0.0
19.0,0.22863443195819855,0.9467852115631104,0.0
19.0,0.22379417717456818,0.9458858966827393,0.0
19.0,0.21941860020160675,0.9469105005264282,0.0
19.0,0.21459588408470154,0.9459643959999084,0.0
19.0,0.20978659391403198,0.9449939727783203,0.0
19.0,0.2054152935743332,0.9459537863731384,0.0
19.0,0.20103959739208221,0.9468933939933777,0.0
19.0,0.1966596096754074,0.9478127360343933,0.0
19.0,0.19187815487384796,0.9467517137527466,0.0
19.0,0.18711072206497192,0.9456667304039001,0.0
19.0,0.18273654580116272,0.9465216994285583,0.0
19.0,0.1779884397983551,0.9453909993171692,0.0
19.0,0.17361563444137573,0.9462038278579712,0.0
19.0,0.16888727247714996,0.9450275301933289,0.0
19.0,0.16417351365089417,0.9438278675079346,0.0
19.0,0.15980809926986694,0.9445767998695374,0.0
19.0,0.15543925762176514,0.945305585861206,0.0
19.0,0.1510670930147171,0.9460141062736511,0.0
19.0,0.14638546109199524,0.9447259902954102,0.0
19.0,0.14201606810092926,0.9453927278518677,0.0
19.0,0.13764365017414093,0.9460391998291016,0.0
19.0,0.13298949599266052,0.9446850419044495,0.0
19.0,0.1286204308271408,0.9452897906303406,0.0
19.0,0.12424863874912262,0.9458743333816528,0.0
19.0,0.11987417936325073,0.9464386701583862,0.0
19.0,0.11525502800941467,0.9449975490570068,0.0
19.0,0.11065176874399185,0.9435338973999023,0.0
19.0,0.10628827661275864,0.9440353512763977,0.0
19.0,0.10170794278383255,0.942528247833252,0.0
19.0,0.09734919667243958,0.942988395690918,0.0
19.0,0.09298837184906006,0.9434283971786499,0.0
19.0,0.08862555772066116,0.9438482522964478,0.0
19.0,0.08426084369421005,0.9442479014396667,0.0
19.0,0.07972577959299088,0.9426344633102417,0.0
19.0,0.0753667801618576,0.9429929852485657,0.0
19.0,0.0710061639547348,0.9433313608169556,0.0
19.0,0.06664403527975082,0.9436495900154114,0.0
19.0,0.062280476093292236,0.9439476132392883,0.0
19.0,0.05779314786195755,0.9422292709350586,0.0
19.0,0.05343625321984291,0.9424864053726196,0.0
19.0,0.049078214913606644,0.9427233338356018,0.0
19.0,0.04471912980079651,0.9429401755332947,0.0
19.0,0.04035909101366997,0.9431368708610535,0.0
19.0,0.035921916365623474,0.9413148164749146,0.0
19.0,0.03156948462128639,0.9414708018302917,0.0
19.0,0.02721637673676014,0.9416067004203796,0.0
19.0,0.022862685844302177,0.9417225122451782,0.0
19.0,0.018508508801460266,0.941818118095398,0.0
19.0,0.014153935015201569,0.9418936371803284,0.0
19.0,0.009799058549106121,0.9419490098953247,0.0
19.0,0.005443972535431385,0.941984236240387,0.0
19.0,0.0010887705720961094,0.9419993162155151,0.0
19.0,-0.0032664549071341753,0.941994309425354,0.0
19.0,-0.00760542880743742,0.9399692416191101,0.0
19.0,-0.011951175518333912,0.9399240016937256,0.0
19.0,-0.01633133925497532,0.9418584108352661,0.0
19.0,-0.020685726776719093,0.9417728185653687,0.0
19.0,-0.0250396728515625,0.9416671395301819,0.0
19.0,-0.029393082484602928,0.941541314125061,0.0
19.0,-0.033745866268873215,0.9413953423500061,0.0
19.0,-0.03809792548418045,0.9412292242050171,0.0
19.0,-0.04244917258620262,0.9410430192947388,0.0
19.0,-0.04679951071739197,0.9408367276191711,0.0
19.0,-0.05114884674549103,0.9406102895736694,0.0
19.0,-0.05549709498882294,0.9403637647628784,0.0
19.0,-0.05984415113925934,0.9400971531867981,0.0
19.0,-0.06418993324041367,0.9398103952407837,0.0
19.0,-0.06853433698415756,0.9395036101341248,0.0
19.0,-0.07287728041410446,0.9391766786575317,0.0
19.0,-0.0772186666727066,0.9388297200202942,0.0
19.0,-0.08173156529664993,0.9404551982879639,0.0
19.0,-0.08607876300811768,0.9400672912597656,0.0
19.0,-0.09042412787675858,0.9396592378616333,0.0
19.0,-0.09476755559444427,0.9392311573028564,0.0
19.0,-0.09910895675420761,0.9387829303741455,0.0
19.0,-0.10366740822792053,0.9403026103973389,0.0
19.0,-0.10801366716623306,0.9398132562637329,0.0
19.0,-0.11235762387514114,0.9393038749694824,0.0
19.0,-0.11669917404651642,0.9387743473052979,0.0
19.0,-0.12103822827339172,0.9382247924804688,0.0
19.0,-0.1253746896982193,0.9376551508903503,0.0
19.0,-0.12970848381519318,0.9370654821395874,0.0
19.0,-0.1343228816986084,0.9384356141090393,0.0
19.0,-0.13866019248962402,0.9378045797348022,0.0
19.0,-0.14329619705677032,0.9391305446624756,0.0
19.0,-0.14763662219047546,0.9384579658508301,0.0
19.0,-0.1522938311100006,0.9397396445274353,0.0
19.0,-0.15663696825504303,0.9390255212783813,0.0
19.0,-0.16097676753997803,0.9382912516593933,0.0
19.0,-0.16566039621829987,0.9395065903663635,0.0
19.0,-0.17000232636928558,0.9387306571006775,0.0
19.0,-0.1747061014175415,0.9399009346961975,0.0
19.0,-0.17904974520206451,0.9390831589698792,0.0
19.0,-0.1833895593881607,0.9382452964782715,0.0
19.0,-0.18811818957328796,0.9393484592437744,0.0
19.0,-0.1924591362476349,0.9384686946868896,0.0
19.0,-0.19720681011676788,0.9395262002944946,0.0
19.0,-0.2015484869480133,0.9386043548583984,0.0
19.0,-0.2058858424425125,0.9376624822616577,0.0
19.0,-0.21021881699562073,0.9367005825042725,0.0
19.0,-0.21499426662921906,0.9376680850982666,0.0
19.0,-0.21978312730789185,0.9386113882064819,0.0
19.0,-0.2241203337907791,0.9375852346420288,0.0
19.0,-0.22892671823501587,0.9384820461273193,0.0
19.0,-0.23326322436332703,0.9374136328697205,0.0
19.0,-0.23808665573596954,0.9382636547088623,0.0
19.0,-0.24292293190956116,0.9390891790390015,0.0
19.0,-0.24726209044456482,0.9379560351371765,0.0
19.0,-0.2521147131919861,0.9387343525886536,0.0
19.0,-0.25645214319229126,0.9375587105751038,0.0
19.0,-0.26132068037986755,0.9382896423339844,0.0
19.0,-0.2667469382286072,0.940919816493988,0.0
19.0,-0.27109429240226746,0.9396764636039734,0.0
19.0,-0.2754358649253845,0.9384130239486694,0.0
19.0,-0.2797715663909912,0.937129557132721,0.0
19.0,-0.2846822738647461,0.9377398490905762,0.0
19.0,-0.2896045744419098,0.9383246898651123,0.0
19.0,-0.2939396798610687,0.9369757175445557,0.0
19.0,-0.298876017332077,0.937512218952179,0.0
19.0,-0.30320730805397034,0.9361203908920288,0.0
19.0,-0.30815714597702026,0.9366083145141602,0.0
19.0,-0.31248414516448975,0.9351736307144165,0.0
19.0,-0.31808966398239136,0.9375067949295044,0.0
19.0,-0.32242071628570557,0.9360260963439941,0.0
19.0,-0.3274049460887909,0.9364133477210999,0.0
19.0,-0.3323996663093567,0.936774492263794,0.0
19.0,-0.33672717213630676,0.9352276921272278,0.0
19.0,-0.3417336642742157,0.9355394840240479,0.0
19.0,-0.34605535864830017,0.9339494705200195,0.0
19.0,-0.35177677869796753,0.9360839128494263,0.0
19.0,-0.35681307315826416,0.9363163709640503,0.0
19.0,-0.3611381947994232,0.9346566796302795,0.0
19.0,-0.3661850392818451,0.9348392486572266,0.0
19.0,-0.3705032467842102,0.9331362247467041,0.0
19.0,-0.37705346941947937,0.9369795322418213,0.0
19.0,-0.38138142228126526,0.9352262616157532,0.0
19.0,-0.3872288167476654,0.9371499419212341,0.0
19.0,-0.39232975244522095,0.9371944665908813,0.0
19.0,-0.3966585695743561,0.9353705644607544,0.0
19.0,-0.40176820755004883,0.9353642463684082,0.0
19.0,-0.4060884416103363,0.9334967732429504,0.0
19.0,-0.41201257705688477,0.9352697730064392,0.0
19.0,-0.41714704036712646,0.9351814985275269,0.0
19.0,-0.42146629095077515,0.9332428574562073,0.0
19.0,-0.4274396598339081,0.9349220991134644,0.0
19.0,-0.4317575991153717,0.932935893535614,0.0
19.0,-0.4386114478111267,0.9363632202148438,0.0
19.0,-0.44293591380119324,0.9343253374099731,0.0
19.0,-0.44898107647895813,0.9358739256858826,0.0
19.0,-0.4550500214099884,0.9373865723609924,0.0
19.0,-0.45937904715538025,0.9352726936340332,0.0
19.0,-0.4645882546901703,0.9349298477172852,0.0
19.0,-0.46890580654144287,0.9327718615531921,0.0
19.0,-0.4750264286994934,0.9341594576835632,0.0
19.0,-0.4811698794364929,0.9355103373527527,0.0
19.0,-0.48548996448516846,0.9332757592201233,0.0
19.0,-0.4916619658470154,0.9345611333847046,0.0
19.0,-0.4959775507450104,0.9322779774665833,0.0
19.0,-0.5021774768829346,0.9334975481033325,0.0
19.0,-0.506488025188446,0.9311658143997192,0.0
19.0,-1.0851831436157227,1.9732921123504639,0.0
19.0,-1.094294786453247,1.9682538509368896,0.0
19.0,-1.1033830642700195,1.963173508644104,0.0
19.0,-1.112447738647461,1.9580512046813965,0.0
19.0,-1.1254725456237793,1.9598243236541748,0.0
19.0,-1.1345216035842896,1.9545998573303223,0.0
19.0,-1.143546223640442,1.949333667755127,0.0
19.0,-1.1566263437271118,1.9509072303771973,0.0
19.0,-1.1656336784362793,1.945538878440857,0.0
19.0,-1.1808311939239502,1.9503942728042603,0.0
19.0,-1.1898359060287476,1.9449139833450317,0.0
19.0,-1.205124855041504,1.9495995044708252,0.0
19.0,-1.2141257524490356,1.9440069198608398,0.0
19.0,-1.2273696660995483,1.9451384544372559,0.0
19.0,-1.242800235748291,1.9495619535446167,0.0
19.0,-1.251800537109375,1.9437952041625977,0.0
19.0,-1.267317771911621,1.9480454921722412,0.0
19.0,-1.276310682296753,1.9421653747558594,0.0
19.0,-1.2897008657455444,1.9429091215133667,0.0
19.0,-1.3053525686264038,1.9468926191329956,0.0
19.0,-1.3143398761749268,1.9408366680145264,0.0
19.0,-1.3300734758377075,1.9446439743041992,0.0
19.0,-1.3390501737594604,1.9384738206863403,0.0
19.0,-1.3548640012741089,1.9421039819717407,0.0
19.0,-1.3707399368286133,1.9456291198730469,0.0
19.0,-1.379720687866211,1.9392708539962769,0.0
19.0,-1.3956735134124756,1.942616581916809,0.0
19.0,-1.4046399593353271,1.936143159866333,0.0
19.0,-1.420668125152588,1.939308762550354,0.0
19.0,-1.4296190738677979,1.9327197074890137,0.0
19.0,-1.4481137990951538,1.9389086961746216,0.0
19.0,-1.4642876386642456,1.941773772239685,0.0
19.0,-1.4732495546340942,1.9349831342697144,0.0
19.0,-1.4894933700561523,1.9376649856567383,0.0
19.0,-1.4984359741210938,1.930757761001587,0.0
19.0,-1.5172146558761597,1.9364038705825806,0.0
19.0,-1.526151180267334,1.929368495941162,0.0
19.0,-1.5325590372085571,1.9191663265228271,0.0
19.0,-1.526352882385254,1.8933753967285156,0.0
19.0,-1.5350903272628784,1.8862982988357544,0.0
19.0,-1.526021122932434,1.8575456142425537,0.0
19.0,-1.521825909614563,1.8350754976272583,0.0
19.0,-1.5302939414978027,1.8280199766159058,0.0
19.0,-1.5232385396957397,1.80259370803833,0.0
19.0,-1.531556248664856,1.7955318689346313,0.0
19.0,-1.5241819620132446,1.7702443599700928,0.0
19.0,-1.5323501825332642,1.7631785869598389,0.0
19.0,-1.5246587991714478,1.7380332946777344,0.0
19.0,-1.516767978668213,1.7129971981048584,0.0
19.0,-1.5246715545654297,1.7059663534164429,0.0
19.0,-1.5191460847854614,1.6840482950210571,0.0
19.0,-1.5269157886505127,1.677006721496582,0.0
19.0,-1.5184133052825928,1.6522581577301025,0.0
19.0,-1.5124350786209106,1.6305570602416992,0.0
19.0,-1.5199575424194336,1.623547077178955,0.0
19.0,-1.5137115716934204,1.6019654273986816,0.0
19.0,-1.5211018323898315,1.5949499607086182,0.0
19.0,-1.514589786529541,1.5734909772872925,0.0
19.0,-1.505124807357788,1.549257755279541,0.0
19.0,-1.512271523475647,1.5422824621200562,0.0
19.0,-1.5053175687789917,1.5210586786270142,0.0
19.0,-1.512333869934082,1.5140827894210815,0.0
19.0,-1.5079585313796997,1.4958065748214722,0.0
19.0,-1.500593900680542,1.4747997522354126,0.0
19.0,-1.5073963403701782,1.4678462743759155,0.0
19.0,-1.5026520490646362,1.4497520923614502,0.0
19.0,-1.5093387365341187,1.4427891969680786,0.0
19.0,-1.5043762922286987,1.4247932434082031,0.0
19.0,-1.510947585105896,1.4178227186203003,0.0
19.0,-1.5028390884399414,1.397204041481018,0.0
19.0,-1.4975144863128662,1.3794007301330566,0.0
19.0,-1.503875970840454,1.3724623918533325,0.0
19.0,-1.4998208284378052,1.3561054468154907,0.0
19.0,-1.494157075881958,1.338480830192566,0.0
19.0,-1.5003293752670288,1.3315584659576416,0.0
19.0,-1.4944539070129395,1.3140424489974976,0.0
19.0,-1.5005131959915161,1.3071190118789673,0.0
19.0,-1.4944275617599487,1.289713978767395,0.0
19.0,-1.500374436378479,1.2827908992767334,0.0
19.0,-1.497132420539856,1.2680845260620117,0.0
19.0,-1.4937868118286133,1.253435730934143,0.0
19.0,-1.4995659589767456,1.2465159893035889,0.0
19.0,-1.494505524635315,1.2306702136993408,0.0
19.0,-1.500179409980774,1.2237473726272583,0.0
19.0,-1.4949320554733276,1.2079992294311523,0.0
19.0,-1.4895713329315186,1.1923259496688843,0.0
19.0,-1.4950679540634155,1.1854263544082642,0.0
19.0,-1.4910954236984253,1.17108952999115,0.0
19.0,-1.4964938163757324,1.1641831398010254,0.0
19.0,-1.4907705783843994,1.1487066745758057,0.0
19.0,-1.4849364757537842,1.1333082914352417,0.0
19.0,-1.490160346031189,1.1264307498931885,0.0
19.0,-1.484145164489746,1.1111387014389038,0.0
19.0,-1.4892665147781372,1.1042649745941162,0.0
19.0,-1.484683871269226,1.090265154838562,0.0
19.0,-1.4816211462020874,1.0775076150894165,0.0
19.0,-1.4865870475769043,1.070646047592163,0.0
19.0,-1.4817514419555664,1.0567936897277832,0.0
19.0,-1.4866214990615845,1.0499316453933716,0.0
19.0,-1.481626033782959,1.0361700057983398,0.0
19.0,-1.4781795740127563,1.0236157178878784,0.0
19.0,-1.482896327972412,1.016770601272583,0.0
19.0,-1.4793078899383545,1.0042870044708252,0.0
19.0,-1.4839352369308472,0.9974368214607239,0.0
19.0,-1.4785407781600952,0.9839172959327698,0.0
19.0,-1.4830739498138428,0.9770709276199341,0.0
19.0,-1.4791995286941528,0.9647408723831177,0.0
19.0,-1.4752428531646729,0.9524675607681274,0.0
19.0,-1.479630708694458,0.9456368088722229,0.0
19.0,-1.4755359888076782,0.9334396719932556,0.0
19.0,-1.4696651697158813,0.920239269733429,0.0
19.0,-1.473904013633728,0.913434624671936,0.0
19.0,-1.4712920188903809,0.9024276733398438,0.0
19.0,-1.475448489189148,0.8956156969070435,0.0
19.0,-1.4727157354354858,0.8846651315689087,0.0
19.0,-1.476790189743042,0.8778467774391174,0.0
19.0,-1.4722133874893188,0.8659396767616272,0.0
19.0,-1.4692870378494263,0.8550998568534851,0.0
19.0,-1.4732247591018677,0.848297655582428,0.0
19.0,-1.470179796218872,0.8375174403190613,0.0
19.0,-1.4740362167358398,0.830711305141449,0.0
19.0,-1.4708735942840576,0.819991946220398,0.0
19.0,-1.4676436185836792,0.8093196749687195,0.0
19.0,-1.4713696241378784,0.8025255799293518,0.0
19.0,-1.4662631750106812,0.7909665703773499,0.0
19.0,-1.4699045419692993,0.7841790914535522,0.0
19.0,-1.4664386510849,0.7736418843269348,0.0
19.0,-1.462906837463379,0.7631535530090332,0.0
19.0,-1.4664195775985718,0.7563818097114563,0.0
19.0,-1.4627741575241089,0.7459595203399658,0.0
19.0,-1.4662073850631714,0.7391886115074158,0.0
19.0,-1.4660292863845825,0.7306177616119385,0.0
19.0,-1.4622149467468262,0.7202967405319214,0.0
19.0,-1.4655295610427856,0.7135286927223206,0.0
19.0,-1.4598016738891602,0.7024095058441162,0.0
19.0,-1.4630335569381714,0.6956527829170227,0.0
19.0,-1.4608036279678345,0.6863297820091248,0.0
19.0,-1.4585189819335938,0.6770423650741577,0.0
19.0,-1.4616336822509766,0.6702918410301208,0.0
19.0,-1.4574298858642578,0.6602258682250977,0.0
19.0,-1.460466742515564,0.653480589389801,0.0
19.0,-1.457984447479248,0.6442961096763611,0.0
19.0,-1.453615427017212,0.6343486309051514,0.0
19.0,-1.4565327167510986,0.6276212334632874,0.0
19.0,-1.4557381868362427,0.6193145513534546,0.0
19.0,-1.4585858583450317,0.6125775575637817,0.0
19.0,-1.4558597803115845,0.603529691696167,0.0
19.0,-1.453081488609314,0.5945202112197876,0.0
19.0,-1.4558147192001343,0.5877957344055176,0.0
19.0,-1.4529427289962769,0.578838050365448,0.0
19.0,-1.4556033611297607,0.5721144080162048,0.0
19.0,-1.4545032978057861,0.563932478427887,0.0
19.0,-1.4570950269699097,0.5572017431259155,0.0
19.0,-1.4540417194366455,0.5483419299125671,0.0
19.0,-1.4509375095367432,0.5395223498344421,0.0
19.0,-1.453416347503662,0.5328083634376526,0.0
19.0,-1.4521023035049438,0.5247235894203186,0.0
19.0,-1.4545128345489502,0.5180043578147888,0.0
19.0,-1.4512306451797485,0.5092872381210327,0.0
19.0,-1.4478991031646729,0.5006116032600403,0.0
19.0,-1.4501981735229492,0.49391207098960876,0.0
19.0,-1.448673963546753,0.485929936170578,0.0
19.0,-1.4509050846099854,0.4792269766330719,0.0
19.0,-1.4473992586135864,0.4706583619117737,0.0
19.0,-1.4476549625396729,0.4633517861366272,0.0
19.0,-1.4497817754745483,0.45665380358695984,0.0
19.0,-1.448056936264038,0.4487619698047638,0.0
19.0,-1.4501162767410278,0.44206225872039795,0.0
19.0,-1.4444814920425415,0.43305572867393494,0.0
19.0,-1.4445499181747437,0.42580726742744446,0.0
19.0,-1.4465030431747437,0.4191240072250366,0.0
19.0,-1.4426547288894653,0.4107886552810669,0.0
19.0,-1.4445385932922363,0.40411433577537537,0.0
19.0,-1.4425344467163086,0.3963715732097626,0.0
19.0,-1.440489649772644,0.38865596055984497,0.0
19.0,-1.4422712326049805,0.3819918930530548,0.0
19.0,-1.440150499343872,0.37431344389915466,0.0
19.0,-1.4418656826019287,0.367651104927063,0.0
19.0,-1.4416097402572632,0.3604956567287445,0.0
19.0,-1.4432610273361206,0.35382673144340515,0.0
19.0,-1.4409922361373901,0.34621575474739075,0.0
19.0,-1.4406307935714722,0.33909159898757935,0.0
19.0,-1.4421831369400024,0.33242738246917725,0.0
19.0,-1.4378516674041748,0.32443544268608093,0.0
19.0,-1.4393362998962402,0.31778424978256226,0.0
19.0,-1.436880350112915,0.31028199195861816,0.0
19.0,-1.436342716217041,0.30322232842445374,0.0
19.0,-1.4377292394638062,0.2965783476829529,0.0
19.0,-1.4371243715286255,0.28953298926353455,0.0
19.0,-1.4384477138519287,0.2828855514526367,0.0
19.0,-1.4358118772506714,0.275478333234787,0.0
19.0,-1.435104250907898,0.26846933364868164,0.0
19.0,-1.4363301992416382,0.26183146238327026,0.0
19.0,-1.4355560541152954,0.25483837723731995,0.0
19.0,-1.4367189407348633,0.24819853901863098,0.0
19.0,-1.4339064359664917,0.2408907115459442,0.0
19.0,-1.4350048303604126,0.23425865173339844,0.0
19.0,-1.4340972900390625,0.2273084968328476,0.0
19.0,-1.4311792850494385,0.22006776928901672,0.0
19.0,-1.4321813583374023,0.21344853937625885,0.0
19.0,-1.4311734437942505,0.2065390944480896,0.0
19.0,-1.4321130514144897,0.19992002844810486,0.0
19.0,-1.433022141456604,0.19329670071601868,0.0
19.0,-1.429934024810791,0.1861528754234314,0.0
19.0,-1.4307793378829956,0.1795397698879242,0.0
19.0,-1.4296085834503174,0.172682985663414,0.0
19.0,-1.4303916692733765,0.16607153415679932,0.0
19.0,-1.4291564226150513,0.15923504531383514,0.0
19.0,-1.4278886318206787,0.15241354703903198,0.0
19.0,-1.4285781383514404,0.14581026136875153,0.0
19.0,-1.4292370080947876,0.13920384645462036,0.0
19.0,-1.4298652410507202,0.13259446620941162,0.0
19.0,-1.4284707307815552,0.1258067935705185,0.0
19.0,-1.4270440340042114,0.11903484910726547,0.0
19.0,-1.4275791645050049,0.11243581771850586,0.0
19.0,-1.4280837774276733,0.10583438724279404,0.0
19.0,-1.4285577535629272,0.09923069179058075,0.0
19.0,-1.427005410194397,0.09249550849199295,0.0
19.0,-1.4274177551269531,0.08589693903923035,0.0
19.0,-1.4277997016906738,0.0792965367436409,0.0
19.0,-1.4261536598205566,0.07259277254343033,0.0
19.0,-1.4264739751815796,0.06599835306406021,0.0
19.0,-1.424765706062317,0.05931933596730232,0.0
19.0,-1.4250247478485107,0.0527314767241478,0.0
19.0,-1.423254370689392,0.04607778042554855,0.0
19.0,-1.4234521389007568,0.039497051388025284,0.0
19.0,-1.4236195087432861,0.03291548043489456,0.0
19.0,-1.42375648021698,0.02633320540189743,0.0
19.0,-1.4238630533218384,0.01975036785006523,0.0
19.0,-1.4239391088485718,0.013167107477784157,0.0
19.0,-1.4219849109649658,0.006574319209903479,0.0
19.0,-1.4220000505447388,-1.1636915075996512e-07,0.0
20.0,-1.4220000505447388,1.2431519280653447e-07,0.0
20.0,-1.4199848175048828,-0.006565064657479525,0.0
20.0,-1.4199392795562744,-0.013130112551152706,0.0
20.0,-1.4198633432388306,-0.01969487965106964,0.0
20.0,-1.4217568635940552,-0.026296213269233704,0.0
20.0,-1.4216201305389404,-0.03286924585700035,0.0
20.0,-1.4194536209106445,-0.039386097341775894,0.0
20.0,-1.423254370689392,-0.04607777297496796,0.0
20.0,-1.4230260848999023,-0.052657514810562134,0.0
20.0,-1.4227674007415771,-0.059236131608486176,0.0
20.0,-1.4224783182144165,-0.06581348180770874,0.0
20.0,-1.420161485671997,-0.07228775322437286,0.0
20.0,-1.4198120832443237,-0.07885292172431946,0.0
20.0,-1.4194324016571045,-0.08541639894247055,0.0
20.0,-1.4190223217010498,-0.0919780507683754,0.0
20.0,-1.4185818433761597,-0.09853773564100266,0.0
20.0,-1.4181110858917236,-0.10509531199932098,0.0
20.0,-1.4176100492477417,-0.11165064573287964,0.0
20.0,-1.4190717935562134,-0.11836984008550644,0.0
20.0,-1.4165170192718506,-0.12475401163101196,0.0
20.0,-1.415925145149231,-0.13130176067352295,0.0
20.0,-1.4153029918670654,-0.1378467082977295,0.0
20.0,-1.414650559425354,-0.14438870549201965,0.0
20.0,-1.4159564971923828,-0.15113988518714905,0.0
20.0,-1.417230248451233,-0.15790623426437378,0.0
20.0,-1.416485071182251,-0.16445693373680115,0.0
20.0,-1.4157096147537231,-0.17100411653518677,0.0
20.0,-1.4149038791656494,-0.1775476336479187,0.0
20.0,-1.4160510301589966,-0.184345543384552,0.0
20.0,-1.4171656370162964,-0.19115786254405975,0.0
20.0,-1.416266679763794,-0.1977079063653946,0.0
20.0,-1.4153375625610352,-0.20425371825695038,0.0
20.0,-1.414378046989441,-0.21079516410827637,0.0
20.0,-1.4133883714675903,-0.21733210980892181,0.0
20.0,-1.4143438339233398,-0.2241775244474411,0.0
20.0,-1.4132922887802124,-0.23071415722370148,0.0
20.0,-1.4141827821731567,-0.23757721483707428,0.0
20.0,-1.4130693674087524,-0.24411296844482422,0.0
20.0,-1.4119255542755127,-0.2506435215473175,0.0
20.0,-1.4127192497253418,-0.25752735137939453,0.0
20.0,-1.4115134477615356,-0.26405614614486694,0.0
20.0,-1.4122416973114014,-0.2709560990333557,0.0
20.0,-1.4109739065170288,-0.2774825394153595,0.0
20.0,-1.4116365909576416,-0.28439804911613464,0.0
20.0,-1.412265419960022,-0.29132556915283203,0.0
20.0,-1.4109033346176147,-0.29785189032554626,0.0
20.0,-1.411466121673584,-0.30479398369789124,0.0
20.0,-1.4100419282913208,-0.31131646037101746,0.0
20.0,-1.4105384349822998,-0.31827250123023987,0.0
20.0,-1.409051775932312,-0.3247905373573303,0.0
20.0,-1.4094818830490112,-0.33175987005233765,0.0
20.0,-1.4118224382400513,-0.33920735120773315,0.0
20.0,-1.4102389812469482,-0.34573110938072205,0.0
20.0,-1.410565733909607,-0.35273265838623047,0.0
20.0,-1.4089198112487793,-0.3592504560947418,0.0
20.0,-1.4072438478469849,-0.36576056480407715,0.0
20.0,-1.405537724494934,-0.3722628653049469,0.0
20.0,-1.4076634645462036,-0.3797991871833801,0.0
20.0,-1.4078210592269897,-0.38683319091796875,0.0
20.0,-1.406017541885376,-0.3933379352092743,0.0
20.0,-1.4061075448989868,-0.40038201212882996,0.0
20.0,-1.4042413234710693,-0.40687867999076843,0.0
20.0,-1.4061819314956665,-0.41449761390686035,0.0
20.0,-1.408082127571106,-0.42214319109916687,0.0
20.0,-1.4061152935028076,-0.42864876985549927,0.0
20.0,-1.4060288667678833,-0.4357371926307678,0.0
20.0,-1.4039992094039917,-0.442233145236969,0.0
20.0,-1.4057492017745972,-0.44993895292282104,0.0
20.0,-1.4036539793014526,-0.4564334452152252,0.0
20.0,-1.4034278392791748,-0.46354547142982483,0.0
20.0,-1.405061960220337,-0.4713011384010315,0.0
20.0,-1.4028680324554443,-0.47779223322868347,0.0
20.0,-1.4044243097305298,-0.485580176115036,0.0
20.0,-1.402164340019226,-0.49206817150115967,0.0
20.0,-1.4036425352096558,-0.499887615442276,0.0
20.0,-1.4031972885131836,-0.5070515275001526,0.0
20.0,-1.400838017463684,-0.5135335922241211,0.0
20.0,-1.402198076248169,-0.5213988423347473,0.0
20.0,-1.3997724056243896,-0.5278761982917786,0.0
20.0,-1.4029210805892944,-0.5364852547645569,0.0
20.0,-1.4041552543640137,-0.5444117784500122,0.0
20.0,-1.401623249053955,-0.5508978962898254,0.0
20.0,-1.4027771949768066,-0.5588526129722595,0.0
20.0,-1.4001784324645996,-0.5653321743011475,0.0
20.0,-1.4012519121170044,-0.5733144283294678,0.0
20.0,-1.4022812843322754,-0.5813185572624207,0.0
20.0,-1.39957857131958,-0.587795615196228,0.0
20.0,-1.4023672342300415,-0.5966089963912964,0.0
20.0,-1.3995939493179321,-0.6030862927436829,0.0
20.0,-1.4004566669464111,-0.6111505031585693,0.0
20.0,-1.3976161479949951,-0.6176188588142395,0.0
20.0,-1.4002225399017334,-0.6265245079994202,0.0
20.0,-1.4009544849395752,-0.6346421241760254,0.0
20.0,-1.3980052471160889,-0.6411124467849731,0.0
20.0,-1.4004684686660767,-0.6500954031944275,0.0
20.0,-1.397447943687439,-0.6565633416175842,0.0
20.0,-1.3998160362243652,-0.665593683719635,0.0
20.0,-1.396723747253418,-0.6720584630966187,0.0
20.0,-1.3971980810165405,-0.6802598834037781,0.0
20.0,-1.3994203805923462,-0.6893637180328369,0.0
20.0,-1.3962182998657227,-0.6958264112472534,0.0
20.0,-1.3983439207077026,-0.7049752473831177,0.0
20.0,-1.3950695991516113,-0.7114328145980835,0.0
20.0,-1.3970979452133179,-0.720625638961792,0.0
20.0,-1.3990709781646729,-0.7298523187637329,0.0
20.0,-1.395681619644165,-0.7363129258155823,0.0
20.0,-1.3993208408355713,-0.746523380279541,0.0
20.0,-1.3958543539047241,-0.7529850006103516,0.0
20.0,-1.3958698511123657,-0.7613458633422852,0.0
20.0,-1.3923349380493164,-0.7677913308143616,0.0
20.0,-1.3940107822418213,-0.7771419882774353,0.0
20.0,-1.3973723649978638,-0.7875064015388489,0.0
20.0,-1.3937164545059204,-0.7939585447311401,0.0
20.0,-1.3952305316925049,-0.8033877611160278,0.0
20.0,-1.3915011882781982,-0.809829831123352,0.0
20.0,-1.3946378231048584,-0.8203105330467224,0.0
20.0,-1.395987868309021,-0.8298155069351196,0.0
20.0,-1.3921363353729248,-0.8362607955932617,0.0
20.0,-1.3933842182159424,-0.8458016514778137,0.0
20.0,-1.3894588947296143,-0.8522347211837769,0.0
20.0,-1.3923038244247437,-0.8628638386726379,0.0
20.0,-1.388299584388733,-0.8692917823791504,0.0
20.0,-1.391026496887207,-0.8799780607223511,0.0
20.0,-1.3936841487884521,-0.8907080292701721,0.0
20.0,-1.3895511627197266,-0.8971419930458069,0.0
20.0,-1.3937644958496094,-0.9090197086334229,0.0
20.0,-1.3895467519760132,-0.9154538512229919,0.0
20.0,-1.391959547996521,-0.9263005256652832,0.0
20.0,-1.3876620531082153,-0.9327262043952942,0.0
20.0,-1.38995361328125,-0.943625271320343,0.0
20.0,-1.3905246257781982,-0.9534345269203186,0.0
20.0,-1.3861016035079956,-0.9598532319068909,0.0
20.0,-1.3882049322128296,-0.9708362817764282,0.0
20.0,-1.3837015628814697,-0.9772440791130066,0.0
20.0,-1.3873101472854614,-0.9894375801086426,0.0
20.0,-1.3892123699188232,-1.000516414642334,0.0
20.0,-1.3845717906951904,-1.006928563117981,0.0
20.0,-1.387961745262146,-1.019237995147705,0.0
20.0,-1.3832346200942993,-1.0256441831588745,0.0
20.0,-1.378477931022644,-1.0320284366607666,0.0
20.0,-1.3625234365463257,-1.0299484729766846,0.0
20.0,-1.357746958732605,-1.0362368822097778,0.0
20.0,-1.3386834859848022,-1.031516671180725,0.0
20.0,-1.3339000940322876,-1.0376948118209839,0.0
20.0,-1.3180779218673706,-1.0352035760879517,0.0
20.0,-1.3132777214050293,-1.0412864685058594,0.0
20.0,-1.2959582805633545,-1.0373485088348389,0.0
20.0,-1.2755924463272095,-1.0307589769363403,0.0
20.0,-1.270813226699829,-1.036645531654358,0.0
20.0,-1.2536554336547852,-1.0323389768600464,0.0
20.0,-1.2381031513214111,-1.0291748046875,0.0
20.0,-1.2333316802978516,-1.0348880290985107,0.0
20.0,-1.2178508043289185,-1.031530499458313,0.0
20.0,-1.2130687236785889,-1.0371500253677368,0.0
20.0,-1.1961477994918823,-1.0322939157485962,0.0
20.0,-1.1913622617721558,-1.0378130674362183,0.0
20.0,-1.1760375499725342,-1.0340656042099,0.0
20.0,-1.1607732772827148,-1.0301988124847412,0.0
20.0,-1.1559978723526,-1.0355544090270996,0.0
20.0,-1.1422966718673706,-1.0328398942947388,0.0
20.0,-1.1375092267990112,-1.0381100177764893,0.0
20.0,-1.1224004030227661,-1.0338730812072754,0.0
20.0,-1.107354998588562,-1.029518723487854,0.0
20.0,-1.102583408355713,-1.0346274375915527,0.0
20.0,-1.0890755653381348,-1.03146231174469,0.0
20.0,-1.0842950344085693,-1.0364865064620972,0.0
20.0,-1.0694161653518677,-1.0317678451538086,0.0
20.0,-1.056037187576294,-1.0283294916152954,0.0
20.0,-1.0512715578079224,-1.033200979232788,0.0
20.0,-1.0379638671875,-1.0295994281768799,0.0
20.0,-1.03319251537323,-1.0343873500823975,0.0
20.0,-1.0213649272918701,-1.0320453643798828,0.0
20.0,-1.008181095123291,-1.0281882286071777,0.0
20.0,-1.0034165382385254,-1.0328384637832642,0.0
20.0,-0.9903087019920349,-1.0288209915161133,0.0
20.0,-0.9855414628982544,-1.033388614654541,0.0
20.0,-0.973885178565979,-1.030665636062622,0.0
20.0,-0.9636421203613281,-1.0293171405792236,0.0
20.0,-0.95887291431427,-1.0337613821029663,0.0
20.0,-0.9459633827209473,-1.0293480157852173,0.0
20.0,-0.9411942362785339,-1.0337104797363281,0.0
20.0,-0.9297067523002625,-1.0306257009506226,0.0
20.0,-0.918268084526062,-1.0274569988250732,0.0
20.0,-0.9135079383850098,-1.0316914319992065,0.0
20.0,-0.9034526348114014,-1.0298899412155151,0.0
20.0,-0.8986814022064209,-1.0340559482574463,0.0
20.0,-0.8873662352561951,-1.0306217670440674,0.0
20.0,-0.8761021494865417,-1.0271052122116089,0.0
20.0,-0.8713441491127014,-1.0311447381973267,0.0
20.0,-0.8614321947097778,-1.0290279388427734,0.0
20.0,-0.8566654324531555,-1.0329996347427368,0.0
20.0,-0.8468020558357239,-1.030767798423767,0.0
20.0,-0.8420273661613464,-1.0346719026565552,0.0
20.0,-0.832213819026947,-1.0323256254196167,0.0
20.0,-0.8211920261383057,-1.0283479690551758,0.0
20.0,-0.8164287805557251,-1.03213369846344,0.0
20.0,-0.8054805994033813,-1.02802574634552,0.0
20.0,-0.8007190823554993,-1.0317387580871582,0.0
20.0,-0.7922836542129517,-1.0306727886199951,0.0
20.0,-0.782663881778717,-1.0279598236083984,0.0
20.0,-0.7779028415679932,-1.0315674543380737,0.0
20.0,-0.7671412229537964,-1.0271408557891846,0.0
20.0,-0.758816123008728,-1.025852918624878,0.0
20.0,-0.7540650963783264,-1.0293502807617188,0.0
20.0,-0.7469490170478821,-1.029587745666504,0.0
20.0,-0.7421808838844299,-1.0330302715301514,0.0
20.0,-0.731599748134613,-1.0283023118972778,0.0
20.0,-0.726837694644928,-1.031673789024353,0.0
20.0,-0.7186272144317627,-1.0301024913787842,0.0
20.0,-0.710446834564209,-1.0284771919250488,0.0
20.0,-0.7056841850280762,-1.0317507982254028,0.0
20.0,-0.697542130947113,-1.0300344228744507,0.0
20.0,-0.692772388458252,-1.0332484245300293,0.0
20.0,-0.682457447052002,-1.028108835220337,0.0
20.0,-0.6744017601013184,-1.0262389183044434,0.0
20.0,-0.6696498990058899,-1.029345989227295,0.0
20.0,-0.6616350412368774,-1.0273865461349487,0.0
20.0,-0.6568779945373535,-1.030434489250183,0.0
20.0,-0.6489050388336182,-1.0283862352371216,0.0
20.0,-0.6409651637077332,-1.0262863636016846,0.0
20.0,-0.6362134218215942,-1.0292388200759888,0.0
20.0,-0.6283168792724609,-1.0270510911941528,0.0
20.0,-0.6235617399215698,-1.0299450159072876,0.0
20.0,-0.6157095432281494,-1.0276700258255005,0.0
20.0,-0.6089117527008057,-1.0270649194717407,0.0
20.0,-0.6041567921638489,-1.0298691987991333,0.0
20.0,-0.5953727960586548,-1.0257325172424316,0.0
20.0,-0.5906240940093994,-1.02847421169281,0.0
20.0,-0.5828988552093506,-1.0259770154953003,0.0
20.0,-0.578149139881134,-1.0286610126495361,0.0
20.0,-0.5704716444015503,-1.0260790586471558,0.0
20.0,-0.5637940168380737,-1.025200605392456,0.0
20.0,-0.5590481162071228,-1.0277962684631348,0.0
20.0,-0.5523952841758728,-1.0268473625183105,0.0
20.0,-0.5457631349563599,-1.0258588790893555,0.0
20.0,-0.5410143733024597,-1.0283712148666382,0.0
20.0,-0.5334851741790771,-1.025538682937622,0.0
20.0,-0.5287380218505859,-1.0279942750930786,0.0
20.0,-0.5212599039077759,-1.0250794887542725,0.0
20.0,-0.5165150165557861,-1.027478575706482,0.0
20.0,-0.5099790692329407,-1.0262736082077026,0.0
20.0,-0.5034652948379517,-1.0250300168991089,0.0
20.0,-0.49872082471847534,-1.0273468494415283,0.0
20.0,-0.49137043952941895,-1.024232029914856,0.0
20.0,-0.48662978410720825,-1.0264928340911865,0.0
20.0,-0.48103031516075134,-1.0269205570220947,0.0
20.0,-0.47375738620758057,-1.0236884355545044,0.0
20.0,-0.46901941299438477,-1.0258678197860718,0.0
20.0,-0.4618018865585327,-1.022557020187378,0.0
20.0,-0.4570693075656891,-1.0246812105178833,0.0
20.0,-0.4507143795490265,-1.023123025894165,0.0
20.0,-0.4459792673587799,-1.025195837020874,0.0
20.0,-0.44044533371925354,-1.02540922164917,0.0
20.0,-0.43413808941841125,-1.023751974105835,0.0
20.0,-0.4294002652168274,-1.0257482528686523,0.0
20.0,-0.42388951778411865,-1.025874137878418,0.0
20.0,-0.4176315367221832,-1.0241190195083618,0.0
20.0,-0.4128921926021576,-1.0260390043258667,0.0
20.0,-0.40666791796684265,-1.024219274520874,0.0
20.0,-0.40192824602127075,-1.0260885953903198,0.0
20.0,-0.39501744508743286,-1.022339105606079,0.0
20.0,-0.39028656482696533,-1.0241544246673584,0.0
20.0,-0.38554733991622925,-1.02594792842865,0.0
20.0,-0.38149479031562805,-1.0295950174331665,0.0
20.0,-0.3767305314540863,-1.0313477516174316,0.0
20.0,-0.37128064036369324,-1.0311967134475708,0.0
20.0,-0.3665090799331665,-1.0329022407531738,0.0
20.0,-0.3604094982147217,-1.0308098793029785,0.0
20.0,-0.3549884855747223,-1.0305742025375366,0.0
20.0,-0.3502199649810791,-1.032204508781433,0.0
20.0,-0.3441762328147888,-1.0300188064575195,0.0
20.0,-0.3394103944301605,-1.0315990447998047,0.0
20.0,-0.3334047794342041,-1.029351830482483,0.0
20.0,-0.3286421298980713,-1.0308823585510254,0.0
20.0,-0.32327380776405334,-1.030482530593872,0.0
20.0,-0.31791621446609497,-1.0300549268722534,0.0
20.0,-0.3131504952907562,-1.0315138101577759,0.0
20.0,-0.3072338104248047,-1.0291178226470947,0.0
20.0,-0.3024725317955017,-1.0305272340774536,0.0
20.0,-0.2971504032611847,-1.0299930572509766,0.0
20.0,-0.29183971881866455,-1.029431700706482,0.0
20.0,-0.2870771586894989,-1.0307700634002686,0.0
20.0,-0.28125306963920593,-1.0282279253005981,0.0
20.0,-0.2759774327278137,-1.027585744857788,0.0
20.0,-0.2712235748767853,-1.0288506746292114,0.0
20.0,-0.26596304774284363,-1.0281574726104736,0.0
20.0,-0.26120665669441223,-1.0293761491775513,0.0
20.0,-0.25596168637275696,-1.0286318063735962,0.0
20.0,-0.2512032091617584,-1.0298042297363281,0.0
20.0,-0.24597439169883728,-1.029009461402893,0.0
20.0,-0.2407582849264145,-1.0281884670257568,0.0
20.0,-0.23600201308727264,-1.0292905569076538,0.0
20.0,-0.2308027595281601,-1.0284192562103271,0.0
20.0,-0.22604551911354065,-1.0294753313064575,0.0
20.0,-0.22086356580257416,-1.028554081916809,0.0
20.0,-0.21569494903087616,-1.027606725692749,0.0
20.0,-0.2109416425228119,-1.0285929441452026,0.0
20.0,-0.20579108595848083,-1.0275962352752686,0.0
20.0,-0.2010379284620285,-1.0285366773605347,0.0
20.0,-0.19553132355213165,-1.0255260467529297,0.0
20.0,-0.19078783690929413,-1.0264190435409546,0.0
20.0,-0.18568389117717743,-1.0253221988677979,0.0
20.0,-0.18128874897956848,-1.028139352798462,0.0
20.0,-0.17653334140777588,-1.0289665460586548,0.0
20.0,-0.17111600935459137,-1.025826096534729,0.0
20.0,-0.1663714051246643,-1.0266063213348389,0.0
20.0,-0.16131243109703064,-1.0253888368606567,0.0
20.0,-0.15626828372478485,-1.024146556854248,0.0
20.0,-0.15153160691261292,-1.0248581171035767,0.0
20.0,-0.14650830626487732,-1.0235679149627686,0.0
20.0,-0.14177440106868744,-1.024234414100647,0.0
20.0,-0.1370374709367752,-1.024878978729248,0.0
20.0,-0.13204170763492584,-1.0235178470611572,0.0
20.0,-0.127308189868927,-1.0241174697875977,0.0
20.0,-0.12233441323041916,-1.0227092504501343,0.0
20.0,-0.11760473996400833,-1.023263931274414,0.0
20.0,-0.11265338212251663,-1.0218087434768677,0.0
20.0,-0.10792797803878784,-1.022318720817566,0.0
20.0,-0.103200264275074,-1.0228067636489868,0.0
20.0,-0.09847034513950348,-1.02327299118042,0.0
20.0,-0.09373831748962402,-1.0237172842025757,0.0
20.0,-0.08900429308414459,-1.0241397619247437,0.0
20.0,-0.08426836133003235,-1.0245403051376343,0.0
20.0,-0.07937590032815933,-1.0229250192642212,0.0
20.0,-0.0745001882314682,-1.0212863683700562,0.0
20.0,-0.06977760046720505,-1.0216199159622192,0.0
20.0,-0.06518058478832245,-1.0239274501800537,0.0
20.0,-0.060445886105298996,-1.024217963218689,0.0
20.0,-0.055709902197122574,-1.0244864225387573,0.0
20.0,-0.050972722470760345,-1.024733066558838,0.0
20.0,-0.046144332736730576,-1.02295982837677,0.0
20.0,-0.04141431301832199,-1.0231622457504272,0.0
20.0,-0.03668341040611267,-1.0233427286148071,0.0
20.0,-0.031951725482940674,-1.0235013961791992,0.0
20.0,-0.02721935510635376,-1.0236382484436035,0.0
20.0,-0.022486403584480286,-1.0237531661987305,0.0
20.0,-0.017718294635415077,-1.0218462944030762,0.0
20.0,-0.012993729673326015,-1.0219173431396484,0.0
20.0,-0.008268886245787144,-1.0219664573669434,0.0
20.0,-0.0035438663326203823,-1.0219937562942505,0.0
20.0,0.0011812294833362103,-1.0219992399215698,0.0
20.0,0.005906300153583288,-1.0219829082489014,0.0
20.0,0.010631244629621506,-1.0219446420669556,0.0
20.0,0.01535596139729023,-1.021884560585022,0.0
20.0,0.02008035033941269,-1.0218026638031006,0.0
20.0,0.024804310873150826,-1.0216989517211914,0.0
20.0,0.029527738690376282,-1.0215733051300049,0.0
20.0,0.03425053879618645,-1.0214258432388306,0.0
20.0,0.038972605019807816,-1.0212565660476685,0.0
20.0,0.04369383677840233,-1.0210654735565186,0.0
20.0,0.048414137214422226,-1.0208525657653809,0.0
20.0,0.05313339829444885,-1.0206178426742554,0.0
20.0,0.05785152688622475,-1.020361304283142,0.0
20.0,0.06256841868162155,-1.0200828313827515,0.0
20.0,0.06728397309780121,-1.0197826623916626,0.0
20.0,0.07213899493217468,-1.0214558839797974,0.0
20.0,0.07686079293489456,-1.0211113691329956,0.0
20.0,0.08142160624265671,-1.0187513828277588,0.0
20.0,0.0862993597984314,-1.0203570127487183,0.0
20.0,0.09101593494415283,-1.0199471712112427,0.0
20.0,0.09573055803775787,-1.0195153951644897,0.0
20.0,0.10044313222169876,-1.0190619230270386,0.0
20.0,0.10515356063842773,-1.0185866355895996,0.0
20.0,0.11007631570100784,-1.0200780630111694,0.0
20.0,0.11479133367538452,-1.0195581912994385,0.0
20.0,0.11950390785932541,-1.0190166234970093,0.0
20.0,0.12421392649412155,-1.0184532403945923,0.0
20.0,0.12866997718811035,-1.0158839225769043,0.0
20.0,0.13362589478492737,-1.0172611474990845,0.0
20.0,0.13832764327526093,-1.0166324377059937,0.0
20.0,0.1433052271604538,-1.0179624557495117,0.0
20.0,0.14801011979579926,-1.0172890424728394,0.0
20.0,0.15300893783569336,-1.0185716152191162,0.0
20.0,0.1577165424823761,-1.0178533792495728,0.0
20.0,0.16210539638996124,-1.0151383876800537,0.0
20.0,0.16679702699184418,-1.0143779516220093,0.0
20.0,0.17181871831417084,-1.0155678987503052,0.0
20.0,0.1768549680709839,-1.0167330503463745,0.0
20.0,0.18155381083488464,-1.0159045457839966,0.0
20.0,0.186248779296875,-1.0150543451309204,0.0
20.0,0.1909397542476654,-1.0141823291778564,0.0
20.0,0.19600580632686615,-1.0152525901794434,0.0
20.0,0.20108579099178314,-1.016297459602356,0.0
20.0,0.20578236877918243,-1.0153568983078003,0.0
20.0,0.21047453582286835,-1.0143946409225464,0.0
20.0,0.2151622176170349,-1.0134106874465942,0.0
20.0,0.21984528005123138,-1.0124050378799438,0.0
20.0,0.22539053857326508,-1.0152827501296997,0.0
20.0,0.23008215427398682,-1.0142297744750977,0.0
20.0,0.23567183315753937,-1.0170520544052124,0.0
20.0,0.24037152528762817,-1.0159515142440796,0.0
20.0,0.24553555250167847,-1.0167734622955322,0.0
20.0,0.25023385882377625,-1.015627384185791,0.0
20.0,0.25590163469314575,-1.018338918685913,0.0
20.0,0.26110348105430603,-1.0190824270248413,0.0
20.0,0.26581230759620667,-1.0178643465042114,0.0
20.0,0.2710297107696533,-1.0185573101043701,0.0
20.0,0.2757359743118286,-1.0172933340072632,0.0
20.0,0.28043636679649353,-1.016007661819458,0.0
20.0,0.28567177057266235,-1.0166256427764893,0.0
20.0,0.2903689742088318,-1.0152939558029175,0.0
20.0,0.2950599491596222,-1.013940691947937,0.0
20.0,0.2997446060180664,-1.0125656127929688,0.0
20.0,0.304999440908432,-1.013084053993225,0.0
20.0,0.3102654218673706,-1.0135754346847534,0.0
20.0,0.31494826078414917,-1.0121301412582397,0.0
20.0,0.3202274441719055,-1.0125702619552612,0.0
20.0,0.32490551471710205,-1.0110788345336914,0.0
20.0,0.330197274684906,-1.0114670991897583,0.0
20.0,0.3348701596260071,-1.0099296569824219,0.0
20.0,0.3414505422115326,-1.0140570402145386,0.0
20.0,0.3461352586746216,-1.0124675035476685,0.0
20.0,0.3514682948589325,-1.0127458572387695,0.0
20.0,0.35747572779655457,-1.0148828029632568,0.0
20.0,0.36216408014297485,-1.0132192373275757,0.0
20.0,0.3675265610218048,-1.0134141445159912,0.0
20.0,0.37220802903175354,-1.0117040872573853,0.0
20.0,0.37758079171180725,-1.0118463039398193,0.0
20.0,0.38296276330947876,-1.0119602680206299,0.0
20.0,0.38763734698295593,-1.010178804397583,0.0
20.0,0.39302876591682434,-1.0102397203445435,0.0
20.0,0.39769527316093445,-1.0084118843078613,0.0
20.0,0.40458035469055176,-1.0121338367462158,0.0
20.0,0.4107573330402374,-1.0139597654342651,0.0
20.0,0.4154408574104309,-1.0120497941970825,0.0
20.0,0.42088353633880615,-1.0119649171829224,0.0
20.0,0.4255577027797699,-1.0100082159042358,0.0
20.0,0.433363139629364,-1.015387773513794,0.0
20.0,0.4380530118942261,-1.0133733749389648,0.0
20.0,0.4443376660346985,-1.0150015354156494,0.0
20.0,0.4490256607532501,-1.0129363536834717,0.0
20.0,0.45370402932167053,-1.0108494758605957,0.0
20.0,0.45920008420944214,-1.0105618238449097,0.0
20.0,0.4638673961162567,-1.0084279775619507,0.0
20.0,0.4702131152153015,-1.0098987817764282,0.0
20.0,0.4774349331855774,-1.0131416320800781,0.0
20.0,0.4821139872074127,-1.0109233856201172,0.0
20.0,0.48939049243927,-1.0140873193740845,0.0
20.0,0.494073748588562,-1.0118138790130615,0.0
20.0,0.5005182027816772,-1.0131049156188965,0.0
20.0,0.5051968097686768,-1.0107799768447876,0.0
20.0,0.511669397354126,-1.0120030641555786,0.0
20.0,0.5181641578674316,-1.0131880044937134,0.0
20.0,0.5228429436683655,-1.0107815265655518,0.0
20.0,0.5293647646903992,-1.0118976831436157,0.0
20.0,0.5340374708175659,-1.0094393491744995,0.0
20.0,0.5396422743797302,-1.0087231397628784,0.0
20.0,0.5471548438072205,-1.0114946365356445,0.0
20.0,0.5518255233764648,-1.0089541673660278,0.0
20.0,0.5603556036949158,-1.0133930444717407,0.0
20.0,0.5650349259376526,-1.010791540145874,0.0
20.0,0.5716699957847595,-1.011650800704956,0.0
20.0,0.5763411521911621,-1.0089969635009766,0.0
20.0,0.5829999446868896,-1.0097856521606445,0.0
20.0,0.5906863808631897,-1.0122617483139038,0.0
20.0,0.5953601002693176,-1.0095199346542358,0.0
20.0,0.6041167974472046,-1.0136284828186035,0.0
20.0,0.6087967157363892,-1.0108246803283691,0.0
20.0,0.6145034432411194,-1.0097076892852783,0.0
20.0,0.6191651225090027,-1.006855845451355,0.0
20.0,0.6248691082000732,-1.0056811571121216,0.0
20.0,0.6337655186653137,-1.0095570087432861,0.0
20.0,0.6384263038635254,-1.0066161155700684,0.0
20.0,0.6463103294372559,-1.008705496788025,0.0
20.0,0.6509670615196228,-1.005706548690796,0.0
20.0,0.6577989459037781,-1.0060341358184814,0.0
20.0,0.6657498478889465,-1.0079885721206665,0.0
20.0,0.670403003692627,-1.0048998594284058,0.0
20.0,0.6783947348594666,-1.006765365600586,0.0
20.0,0.6830421686172485,-1.0036181211471558,0.0
20.0,0.692206621170044,-1.0070421695709229,0.0
20.0,0.7014172077178955,-1.0104029178619385,0.0
20.0,0.7060811519622803,-1.00714910030365,0.0
20.0,0.713041365146637,-1.0071384906768799,0.0
20.0,0.717690110206604,-1.0038310289382935,0.0
20.0,0.7258356213569641,-1.0053669214248657,0.0
20.0,0.7304760813713074,-1.002000331878662,0.0
20.0,0.739843487739563,-1.0050550699234009,0.0
20.0,0.7492546439170837,-1.0080444812774658,0.0
20.0,0.7539072036743164,-1.0045695304870605,0.0
20.0,0.76216721534729,-1.0058553218841553,0.0
20.0,0.7668095231056213,-1.0023208856582642,0.0
20.0,0.7763256430625916,-1.005096197128296,0.0
20.0,0.7858837842941284,-1.0078048706054688,0.0
20.0,0.7905348539352417,-1.0041606426239014,0.0
20.0,0.8001465797424316,-1.0067578554153442,0.0
20.0,0.8047926425933838,-1.0030478239059448,0.0
20.0,0.8157156109809875,-1.0070868730545044,0.0
20.0,0.8203630447387695,-1.0033048391342163,0.0
20.0,0.8313586115837097,-1.0072134733200073,0.0
20.0,0.8424077033996582,-1.0110416412353516,0.0
20.0,0.8470731377601624,-1.0071361064910889,0.0
20.0,0.8556036949157715,-1.0077829360961914,0.0
20.0,0.8602538704872131,-1.0038163661956787,0.0
20.0,0.8688110113143921,-1.004366159439087,0.0
20.0,0.8734452724456787,-1.0003385543823242,0.0
20.0,0.8846728801727295,-1.0037918090820312,0.0
20.0,0.8946214914321899,-1.005668044090271,0.0
20.0,0.899261474609375,-1.0015212297439575,0.0
20.0,0.9119406938552856,-1.0062446594238281,0.0
20.0,0.916583240032196,-1.002017617225647,0.0
20.0,0.9266329407691956,-1.0036470890045166,0.0
20.0,0.9380807280540466,-1.0066680908203125,0.0
20.0,0.9427249431610107,-1.0023202896118164,0.0
20.0,0.9556106925010681,-1.0066540241241455,0.0
20.0,0.9602546095848083,-1.0022250413894653,0.0
20.0,0.9760005474090576,-1.0092765092849731,0.0
20.0,0.9806563854217529,-1.0047533512115479,0.0
20.0,0.9979231953620911,-1.0130318403244019,0.0
20.0,1.0152872800827026,-1.0211719274520874,0.0
20.0,1.0199975967407227,-1.0164669752120972,0.0
20.0,1.0403411388397217,-1.0271973609924316,0.0
20.0,1.0450791120529175,-1.0223764181137085,0.0
20.0,1.0655919313430786,-1.0328454971313477,0.0
20.0,1.070355772972107,-1.0279077291488647,0.0
20.0,1.0895859003067017,-1.0367344617843628,0.0
20.0,1.1089203357696533,-1.0454051494598389,0.0
20.0,1.1137417554855347,-1.040266990661621,0.0
20.0,1.1346862316131592,-1.050049066543579,0.0
20.0,1.1395288705825806,-1.0447918176651,0.0
20.0,1.1621119976043701,-1.0556495189666748,0.0
20.0,1.166980266571045,-1.0502653121948242,0.0
20.0,1.1897367238998413,-1.060831069946289,0.0
20.0,1.2111165523529053,-1.0698844194412231,0.0
20.0,1.216050148010254,-1.0642735958099365,0.0
20.0,1.2390906810760498,-1.0743622779846191,0.0
20.0,1.244044542312622,-1.0686219930648804,0.0
20.0,1.2687727212905884,-1.0797091722488403,0.0
20.0,1.2737510204315186,-1.073831558227539,0.0
20.0,1.2986578941345215,-1.0845974683761597,0.0
20.0,1.1725088357925415,-0.9609781503677368,0.0
20.0,1.1769393682479858,-0.9555469155311584,0.0
20.0,1.1813446283340454,-0.9500952959060669,0.0
20.0,1.1857246160507202,-0.9446233510971069,0.0
20.0,1.2120596170425415,-0.956476628780365,0.0
20.0,1.2164688110351562,-0.9508625864982605,0.0
20.0,1.220852017402649,-0.9452282190322876,0.0
20.0,1.22520911693573,-0.9395737051963806,0.0
20.0,1.2502447366714478,-0.9496253132820129,0.0
20.0,1.2785954475402832,-0.9618698954582214,0.0
20.0,1.2830288410186768,-0.9559481739997864,0.0
20.0,1.3131835460662842,-0.9690061211585999,0.0
20.0,1.3176496028900146,-0.9629244208335876,0.0
20.0,1.3496309518814087,-0.9767559766769409,0.0
20.0,1.3541324138641357,-0.9705057144165039,0.0
20.0,1.3863316774368286,-0.9839129447937012,0.0
20.0,1.4154105186462402,-0.994742751121521,0.0
20.0,1.4199944734573364,-0.9881881475448608,0.0
20.0,1.4492511749267578,-0.9986345767974854,0.0
20.0,1.4538527727127075,-0.9919235110282898,0.0
20.0,1.4783108234405518,-0.998625636100769,0.0
20.0,1.4829120635986328,-0.9917802214622498,0.0
20.0,1.5074925422668457,-0.9981634616851807,0.0
20.0,1.528817892074585,-1.0021475553512573,0.0
20.0,1.5334348678588867,-0.9950684905052185,0.0
20.0,1.5632601976394653,-1.00418221950531,0.0
20.0,1.5678861141204834,-0.9969438910484314,0.0
20.0,1.580941915512085,-0.9950109720230103,0.0
20.0,1.573642373085022,-0.9802886247634888,0.0
20.0,1.5781577825546265,-0.9730026125907898,0.0
20.0,1.5741031169891357,-0.9604870676994324,0.0
20.0,1.5785269737243652,-0.9531991481781006,0.0
20.0,1.5760496854782104,-0.9417871832847595,0.0
20.0,1.5803871154785156,-0.934490442276001,0.0
20.0,1.5777857303619385,-0.9231337904930115,0.0
20.0,1.5751134157180786,-0.9118212461471558,0.0
20.0,1.5793122053146362,-0.9045291543006897,0.0
20.0,1.5886975526809692,-0.9001755714416504,0.0
20.0,1.5928423404693604,-0.8928208351135254,0.0
20.0,1.612695336341858,-0.8941753506660461,0.0
20.0,1.6325945854187012,-0.8953652381896973,0.0
20.0,1.6367167234420776,-0.8878075480461121,0.0
20.0,1.656665563583374,-0.8887401819229126,0.0
20.0,1.6607568264007568,-0.8810712695121765,0.0
20.0,1.6772102117538452,-0.8798875212669373,0.0
20.0,1.681260347366333,-0.8721237182617188,0.0
20.0,1.4599741697311401,-0.7066537141799927,0.0
20.0,1.4632256031036377,-0.6998961567878723,0.0
20.0,1.4664459228515625,-0.6931236386299133,0.0
20.0,1.469634771347046,-0.6863362789154053,0.0
20.0,1.4873204231262207,-0.6862374544143677,0.0
20.0,1.4904773235321045,-0.6793537139892578,0.0
20.0,1.5081918239593506,-0.6790239810943604,0.0
20.0,1.511315107345581,-0.6720438003540039,0.0
20.0,1.5272244215011597,-0.6706783771514893,0.0
20.0,1.5449881553649902,-0.6699758768081665,0.0
20.0,1.5480692386627197,-0.6628256440162659,0.0
20.0,1.5603280067443848,-0.6595547199249268,0.0
20.0,1.5633606910705566,-0.6523337364196777,0.0
20.0,1.5663599967956543,-0.6450987458229065,0.0
20.0,1.5693258047103882,-0.6378499865531921,0.0
20.0,1.5685455799102783,-0.629098653793335,0.0
20.0,1.565858244895935,-0.6196321845054626,0.0
20.0,1.5687062740325928,-0.6123860478401184,0.0
20.0,1.56405508518219,-0.6022520661354065,0.0
20.0,1.56682288646698,-0.5950143933296204,0.0
20.0,1.5658111572265625,-0.586361289024353,0.0
20.0,1.5647529363632202,-0.5777302384376526,0.0
20.0,1.567407250404358,-0.5704895853996277,0.0
20.0,1.5662630796432495,-0.5618861317634583,0.0
20.0,1.568844199180603,-0.5546387434005737,0.0
20.0,1.565725564956665,-0.5454056859016418,0.0
20.0,1.5625553131103516,-0.5362133979797363,0.0
20.0,1.5650177001953125,-0.5289834141731262,0.0
20.0,1.563651442527771,-0.5204788446426392,0.0
20.0,1.566041111946106,-0.5132439136505127,0.0
20.0,1.564590573310852,-0.5047699213027954,0.0
20.0,1.566907525062561,-0.49753081798553467,0.0
20.0,1.5634640455245972,-0.4884917438030243,0.0
20.0,1.5618822574615479,-0.48008278012275696,0.0
20.0,1.5640852451324463,-0.4728564918041229,0.0
20.0,1.5624206066131592,-0.46448028087615967,0.0
20.0,1.5607119798660278,-0.4561295807361603,0.0
20.0,1.5628042221069336,-0.4489089548587799,0.0
20.0,1.5629380941390991,-0.441135436296463,0.0
20.0,1.5649608373641968,-0.4339046776294708,0.0
20.0,1.5611611604690552,-0.4250883162021637,0.0
20.0,1.5631097555160522,-0.41786596179008484,0.0
20.0,1.5630905628204346,-0.41012707352638245,0.0
20.0,1.5591593980789185,-0.40140002965927124,0.0
20.0,1.560998558998108,-0.39418715238571167,0.0
20.0,1.5511561632156372,-0.3840816617012024,0.0
20.0,1.552915334701538,-0.37690597772598267,0.0
20.0,1.5371297597885132,-0.3655576705932617,0.0
20.0,1.5388033390045166,-0.35844704508781433,0.0
20.0,1.5404441356658936,-0.3513287305831909,0.0
20.0,1.574899673461914,-0.14971673488616943,0.0
20.0,1.5755749940872192,-0.1424337923526764,0.0
20.0,1.576216697692871,-0.1351477950811386,0.0
20.0,1.57682466506958,-0.12785892188549042,0.0
20.0,1.5654339790344238,-0.11965276300907135,0.0
20.0,1.5659704208374023,-0.11241389811038971,0.0
20.0,1.5584913492202759,-0.10463672131299973,0.0
20.0,1.5549662113189697,-0.09718061238527298,0.0
20.0,1.5553988218307495,-0.08999038487672806,0.0
20.0,1.5577954053878784,-0.08290452510118484,0.0
20.0,1.5581620931625366,-0.07570137083530426,0.0
20.0,1.5684858560562134,-0.06893568485975266,0.0
20.0,1.5767816305160522,-0.06199755519628525,0.0
20.0,1.5770514011383057,-0.05470684543251991,0.0
20.0,1.585283875465393,-0.047655344009399414,0.0
20.0,1.5854872465133667,-0.040325477719306946,0.0
20.0,1.5956546068191528,-0.03320278599858284,0.0
20.0,1.6077895164489746,-0.026019301265478134,0.0
20.0,1.607892632484436,-0.01858561486005783,0.0
20.0,1.6179611682891846,-0.011220879852771759,0.0
20.0,1.6179957389831543,-0.0037403227761387825,0.0
20.0,1.6259957551956177,0.003758807433769107,0.0
20.0,1.6259609460830688,0.011276351287961006,0.0
20.0,1.6358907222747803,0.018909234553575516,0.0
20.0,1.6457844972610474,0.026634177193045616,0.0
20.0,1.6456438302993774,0.034242965281009674,0.0
20.0,1.6574640274047852,0.04215613380074501,0.0
20.0,1.6572513580322266,0.04981875792145729,0.0
20.0,1.6689960956573486,0.05789633467793465,0.0
20.0,1.6687105894088745,0.06561210751533508,0.0
20.0,1.4305132627487183,0.23692186176776886,0.0
20.0,1.4294025897979736,0.24353311955928802,0.0
20.0,1.428261399269104,0.25013917684555054,0.0
20.0,1.4270895719528198,0.25673988461494446,0.0
20.0,1.4376877546310425,0.26551443338394165,0.0
20.0,1.436444878578186,0.27215856313705444,0.0
20.0,1.4351712465286255,0.27879688143730164,0.0
20.0,1.4456359148025513,0.287771999835968,0.0
20.0,1.444290041923523,0.29445263743400574,0.0
20.0,1.4566179513931274,0.3039870858192444,0.0
20.0,1.4551969766616821,0.3107183277606964,0.0
20.0,1.4674224853515625,0.32042959332466125,0.0
20.0,1.4795891046524048,0.3302605450153351,0.0
20.0,1.4780464172363281,0.337097704410553,0.0
20.0,1.4862112998962402,0.3461962938308716,0.0
20.0,1.4845948219299316,0.3530639111995697,0.0
20.0,1.5004388093948364,0.36416947841644287,0.0
20.0,1.4987391233444214,0.3711026608943939,0.0
20.0,1.5202767848968506,0.38390398025512695,0.0
20.0,1.5417277812957764,0.3969123065471649,0.0
20.0,1.5398762226104736,0.4040360450744629,0.0
20.0,1.5611776113510132,0.4173494279384613,0.0
20.0,1.5592314004898071,0.42456287145614624,0.0
20.0,1.5803792476654053,0.438179612159729,0.0
20.0,1.578336477279663,0.4454815983772278,0.0
20.0,1.5897159576416016,0.45663923025131226,0.0
20.0,1.6010255813598633,0.4679115116596222,0.0
20.0,1.59884512424469,0.4753086566925049,0.0
20.0,1.6100314855575562,0.48674702644348145,0.0
20.0,1.6077638864517212,0.4941856265068054,0.0
20.0,1.61882483959198,0.5057887434959412,0.0
20.0,1.6164690256118774,0.5132677555084229,0.0
20.0,1.6274025440216064,0.5250343680381775,0.0
20.0,1.6382614374160767,0.5369129180908203,0.0
20.0,1.6357614994049072,0.5444814562797546,0.0
20.0,1.6464896202087402,0.5565212965011597,0.0
20.0,1.6438990831375122,0.5641276836395264,0.0
20.0,1.654494047164917,0.576327383518219,0.0
20.0,1.6631256341934204,0.5879703760147095,0.0
20.0,1.6603895425796509,0.5956533551216125,0.0
20.0,1.4339709281921387,0.521922767162323,0.0
20.0,1.4315426349639893,0.5285469889640808,0.0
20.0,1.4290835857391357,0.5351598858833313,0.0
20.0,1.437812328338623,0.546021580696106,0.0
20.0,1.4352725744247437,0.552663266658783,0.0
20.0,1.4494696855545044,0.5658388733863831,0.0
20.0,1.446838140487671,0.5725342631340027,0.0
20.0,1.4608820676803589,0.5859178900718689,0.0
20.0,1.4729799032211304,0.598690390586853,0.0
20.0,1.47019624710083,0.6054940819740295,0.0
20.0,1.4821470975875854,0.6184462308883667,0.0
20.0,1.4792720079421997,0.6252921223640442,0.0
20.0,1.4947509765625,0.6399967670440674,0.0
20.0,1.4917759895324707,0.6469007134437561,0.0
20.0,1.508912444114685,0.6626366972923279,0.0
20.0,1.5241073369979858,0.6777321696281433,0.0
20.0,1.520957589149475,0.6847714185714722,0.0
20.0,1.5305145978927612,0.6976025104522705,0.0
20.0,1.5272729396820068,0.7046712040901184,0.0
20.0,1.5294349193572998,0.7142636179924011,0.0
20.0,1.5261163711547852,0.7213271260261536,0.0
20.0,1.5281777381896973,0.7309643030166626,0.0
20.0,1.5301826000213623,0.7406358122825623,0.0
20.0,1.5267419815063477,0.7477025389671326,0.0
20.0,1.5286449193954468,0.7574170231819153,0.0
20.0,1.5251268148422241,0.7644764184951782,0.0
20.0,1.5269274711608887,0.7742329239845276,0.0
20.0,1.528670310974121,0.7840223908424377,0.0
20.0,1.525029182434082,0.7910816073417664,0.0
20.0,1.5266685485839844,0.8009113073348999,0.0
20.0,1.5229493379592896,0.807961106300354,0.0
20.0,1.5244848728179932,0.8178300261497498,0.0
20.0,1.527719497680664,0.8286839723587036,0.0
20.0,1.523871898651123,0.8357383608818054,0.0
20.0,1.5217407941818237,0.8437446355819702,0.0
20.0,1.517823576927185,0.8507711887359619,0.0
20.0,1.5121338367462158,0.8567936420440674,0.0
20.0,1.508156418800354,0.8637756705284119,0.0
20.0,1.504146695137024,0.8707391619682312,0.0
20.0,1.4828424453735352,0.8675841689109802,0.0
20.0,1.4788154363632202,0.8744306564331055,0.0
20.0,1.2576627731323242,1.13187837600708,0.0
20.0,1.2524162530899048,1.1376808881759644,0.0
20.0,1.2471429109573364,1.1434590816497803,0.0
20.0,1.2418429851531982,1.1492128372192383,0.0
20.0,1.2292083501815796,1.1481162309646606,0.0
20.0,1.2238870859146118,1.1537870168685913,0.0
20.0,1.2083971500396729,1.149782657623291,0.0
20.0,1.197298288345337,1.1498159170150757,0.0
20.0,1.191969394683838,1.155339241027832,0.0
20.0,1.183755874633789,1.1580406427383423,0.0
20.0,1.1783891916275024,1.163501262664795,0.0
20.0,1.1673306226730347,1.1632899045944214,0.0
20.0,1.152068853378296,1.158746361732483,0.0
20.0,1.14669930934906,1.164060354232788,0.0
20.0,1.1357173919677734,1.1636245250701904,0.0
20.0,1.130325436592102,1.1688629388809204,0.0
20.0,0.9783763289451599,1.2911931276321411,0.0
20.0,0.972396194934845,1.2957026958465576,0.0
20.0,0.9663953185081482,1.3001846075057983,0.0
20.0,0.9603737592697144,1.3046387434005737,0.0
20.0,0.9400742053985596,1.3021122217178345,0.0
20.0,0.9340440034866333,1.3064446449279785,0.0
20.0,0.9279938340187073,1.3107491731643677,0.0
20.0,0.921923816204071,1.3150255680084229,0.0
20.0,0.9112721085548401,1.3127022981643677,0.0
20.0,0.9029273986816406,1.3136049509048462,0.0
20.0,0.8968445062637329,1.317765474319458,0.0
20.0,0.8896247744560242,1.3202393054962158,0.0
20.0,0.8835113048553467,1.3243381977081299,0.0
20.0,0.8773789405822754,1.3284088373184204,0.0
20.0,0.8701333403587341,1.3307772874832153,0.0
20.0,0.8639713525772095,1.3347859382629395,0.0
20.0,0.8577909469604492,1.3387662172317505,0.0
20.0,0.8515921235084534,1.3427177667617798,0.0
20.0,0.8443118333816528,1.3449467420578003,0.0
20.0,0.8380845785140991,1.3488359451293945,0.0
20.0,0.8307917714118958,1.3509925603866577,0.0
20.0,0.8245367407798767,1.3548191785812378,0.0
20.0,0.8182640671730042,1.358616828918457,0.0
20.0,0.8129979372024536,1.3641035556793213,0.0
20.0,0.8066824674606323,1.3678478002548218,0.0
20.0,0.7993417382240295,1.3698352575302124,0.0
20.0,0.7929999232292175,1.373516321182251,0.0
20.0,0.7866411805152893,1.3771679401397705,0.0
20.0,0.7792816758155823,1.3790489435195923,0.0
20.0,0.7728975415229797,1.3826371431350708,0.0
20.0,0.7664967775344849,1.3861957788467407,0.0
20.0,0.7600797414779663,1.3897247314453125,0.0
20.0,0.7536463737487793,1.3932240009307861,0.0
20.0,0.7481403350830078,1.3984569311141968,0.0
20.0,0.7416667342185974,1.4019010066986084,0.0
20.0,0.7351773381233215,1.4053149223327637,0.0
20.0,0.7286721467971802,1.4086989164352417,0.0
20.0,0.7221514582633972,1.412052869796753,0.0
20.0,0.4818897247314453,0.9531034827232361,0.0
20.0,0.47747802734375,0.9553212523460388,0.0
20.0,0.4730561077594757,0.9575185775756836,0.0
20.0,0.468624085187912,0.9596954584121704,0.0
20.0,0.45983579754829407,0.9528457522392273,0.0
20.0,0.45370370149612427,0.9513511657714844,0.0
20.0,0.4493004083633423,0.9534386396408081,0.0
20.0,0.443199098110199,0.9518794417381287,0.0
20.0,0.43879345059394836,0.9539183378219604,0.0
20.0,0.4327237010002136,0.9522952437400818,0.0
20.0,0.42831626534461975,0.9542856812477112,0.0
20.0,0.42227864265441895,0.9525989890098572,0.0
20.0,0.4162657856941223,0.9508768320083618,0.0
20.0,0.41186508536338806,0.9527912139892578,0.0
20.0,0.4058854281902313,0.9510063529014587,0.0
20.0,0.4014842212200165,0.9528727531433105,0.0
20.0,0.3955383598804474,0.9510254263877869,0.0
20.0,0.3896182179450989,0.949143648147583,0.0
20.0,0.3852258324623108,0.950934886932373,0.0
20.0,0.3800828456878662,0.9508486390113831,0.0
20.0,0.37568265199661255,0.9525957703590393,0.0
20.0,0.3705492615699768,0.9524585008621216,0.0
20.0,0.36470869183540344,0.9504270553588867,0.0
20.0,0.3603106141090393,0.9521030783653259,0.0
20.0,0.35450640320777893,0.9500111937522888,0.0
20.0,0.35011035203933716,0.9516400694847107,0.0
20.0,0.3450249433517456,0.9513683319091797,0.0
20.0,0.33927640318870544,0.9491868019104004,0.0
20.0,0.3348843455314636,0.9507452249526978,0.0
20.0,0.3298293948173523,0.9503939747810364,0.0
20.0,0.32543182373046875,0.9519087076187134,0.0
20.0,0.3197508454322815,0.9496122002601624,0.0
20.0,0.3153570294380188,0.9510803818702698,0.0
20.0,0.3097151219844818,0.9487257599830627,0.0
20.0,0.304713636636734,0.9482434391975403,0.0
20.0,0.30032628774642944,0.9496421217918396,0.0
20.0,0.29533830285072327,0.9491108059883118,0.0
20.0,0.2909470498561859,0.9504660964012146,0.0
20.0,0.2853964567184448,0.9479709267616272,0.0
20.0,0.28044286370277405,0.9473625421524048,0.0
20.0,0.2760598659515381,0.948648989200592,0.0
20.0,0.2711210250854492,0.9479922652244568,0.0
20.0,0.2667351961135864,0.9492356777191162,0.0
20.0,0.2612794041633606,0.9466028809547424,0.0
20.0,0.2563769221305847,0.9458704590797424,0.0
20.0,0.2520010471343994,0.9470456838607788,0.0
20.0,0.24711446464061737,0.9462655186653137,0.0
20.0,0.24273689091205597,0.9473978877067566,0.0
20.0,0.23786669969558716,0.9465703368186951,0.0
20.0,0.2334877997636795,0.947659969329834,0.0
20.0,0.2291039228439331,0.948729395866394,0.0
20.0,0.22425465285778046,0.9478321671485901,0.0
20.0,0.21987007558345795,0.9488588571548462,0.0
20.0,0.21459588408470154,0.9459643959999084,0.0
20.0,0.20978659391403198,0.9449939727783203,0.0
20.0,0.2054152935743332,0.9459537863731384,0.0
20.0,0.20103959739208221,0.9468933939933777,0.0
20.0,0.1966596096754074,0.9478127360343933,0.0
20.0,0.19148088991641998,0.9447915554046631,0.0
20.0,0.18711072206497192,0.9456667304039001,0.0
20.0,0.18235743045806885,0.9445579648017883,0.0
20.0,0.1779884397983551,0.9453909993171692,0.0
20.0,0.17361563444137573,0.9462038278579712,0.0
20.0,0.16888727247714996,0.9450275301933289,0.0
20.0,0.16451625525951385,0.9457982778549194,0.0
20.0,0.15980809926986694,0.9445767998695374,0.0
20.0,0.15543925762176514,0.945305585861206,0.0
20.0,0.1510670930147171,0.9460141062736511,0.0
20.0,0.14638546109199524,0.9447259902954102,0.0
20.0,0.14201606810092926,0.9453927278518677,0.0
20.0,0.13764365017414093,0.9460391998291016,0.0
20.0,0.1332682967185974,0.9466654658317566,0.0
20.0,0.1286204308271408,0.9452897906303406,0.0
20.0,0.12398815900087357,0.9438914060592651,0.0
20.0,0.11962287127971649,0.944454550743103,0.0
20.0,0.11525502800941467,0.9449975490570068,0.0
20.0,0.11088472604751587,0.945520281791687,0.0
20.0,0.10628827661275864,0.9440353512763977,0.0
20.0,0.10170794278383255,0.942528247833252,0.0
20.0,0.09734919667243958,0.942988395690918,0.0
20.0,0.09298837184906006,0.9434283971786499,0.0
20.0,0.08862555772066116,0.9438482522964478,0.0
20.0,0.08426084369421005,0.9442479014396667,0.0
20.0,0.07972577959299088,0.9426344633102417,0.0
20.0,0.0753667801618576,0.9429929852485657,0.0
20.0,0.0710061639547348,0.9433313608169556,0.0
20.0,0.06664403527975082,0.9436495900154114,0.0
20.0,0.062280476093292236,0.9439476132392883,0.0
20.0,0.057915590703487396,0.9442254900932312,0.0
20.0,0.05343625321984291,0.9424864053726196,0.0
20.0,0.049078214913606644,0.9427233338356018,0.0
20.0,0.04471912980079651,0.9429401755332947,0.0
20.0,0.04035909101366997,0.9431368708610535,0.0
20.0,0.035921916365623474,0.9413148164749146,0.0
20.0,0.03156948462128639,0.9414708018302917,0.0
20.0,0.02721637673676014,0.9416067004203796,0.0
20.0,0.022862685844302177,0.9417225122451782,0.0
20.0,0.018508508801460266,0.941818118095398,0.0
20.0,0.014153935015201569,0.9418936371803284,0.0
20.0,0.009799058549106121,0.9419490098953247,0.0
20.0,0.005443972535431385,0.941984236240387,0.0
20.0,0.0010887705720961094,0.9419993162155151,0.0
20.0,-0.0032664549071341753,0.941994309425354,0.0
20.0,-0.007621610537171364,0.9419691562652588,0.0
20.0,-0.011976603418588638,0.9419238567352295,0.0
20.0,-0.01633133925497532,0.9418584108352661,0.0
20.0,-0.020685726776719093,0.9417728185653687,0.0
20.0,-0.0250396728515625,0.9416671395301819,0.0
20.0,-0.029393082484602928,0.941541314125061,0.0
20.0,-0.033745866268873215,0.9413953423500061,0.0
20.0,-0.03809792548418045,0.9412292242050171,0.0
20.0,-0.04244917258620262,0.9410430192947388,0.0
20.0,-0.04679951071739197,0.9408367276191711,0.0
20.0,-0.05114884674549103,0.9406102895736694,0.0
20.0,-0.05549709498882294,0.9403637647628784,0.0
20.0,-0.05984415113925934,0.9400971531867981,0.0
20.0,-0.06418993324041367,0.9398103952407837,0.0
20.0,-0.06853433698415756,0.9395036101341248,0.0
20.0,-0.07287728041410446,0.9391766786575317,0.0
20.0,-0.07738261669874191,0.9408230185508728,0.0
20.0,-0.08173156529664993,0.9404551982879639,0.0
20.0,-0.08607876300811768,0.9400672912597656,0.0
20.0,-0.09042412787675858,0.9396592378616333,0.0
20.0,-0.09476755559444427,0.9392311573028564,0.0
20.0,-0.09931892901659012,0.9407718777656555,0.0
20.0,-0.10366740822792053,0.9403026103973389,0.0
20.0,-0.10801366716623306,0.9398132562637329,0.0
20.0,-0.11235762387514114,0.9393038749694824,0.0
20.0,-0.11669917404651642,0.9387743473052979,0.0
20.0,-0.12103822827339172,0.9382247924804688,0.0
20.0,-0.12563976645469666,0.9396375417709351,0.0
20.0,-0.12998270988464355,0.9390466213226318,0.0
20.0,-0.1343228816986084,0.9384356141090393,0.0
20.0,-0.13866019248962402,0.9378045797348022,0.0
20.0,-0.14299452304840088,0.9371534585952759,0.0
20.0,-0.14763662219047546,0.9384579658508301,0.0
20.0,-0.1519738882780075,0.93776535987854,0.0
20.0,-0.1563078910112381,0.9370527267456055,0.0
20.0,-0.16097676753997803,0.9382912516593933,0.0
20.0,-0.16531310975551605,0.9375370144844055,0.0
20.0,-0.16964592039585114,0.9367626905441284,0.0
20.0,-0.1743406057357788,0.9379346370697021,0.0
20.0,-0.17867515981197357,0.9371185302734375,0.0
20.0,-0.1833895593881607,0.9382452964782715,0.0
20.0,-0.18772545456886292,0.9373874068260193,0.0
20.0,-0.1924591362476349,0.9384686946868896,0.0
20.0,-0.1967959702014923,0.9375688433647156,0.0
20.0,-0.2015484869480133,0.9386043548583984,0.0
20.0,-0.2058858424425125,0.9376624822616577,0.0
20.0,-0.21021881699562073,0.9367005825042725,0.0
20.0,-0.21499426662921906,0.9376680850982666,0.0
20.0,-0.2193271517753601,0.9366641044616699,0.0
20.0,-0.2241203337907791,0.9375852346420288,0.0
20.0,-0.22892671823501587,0.9384820461273193,0.0
20.0,-0.23326322436332703,0.9374136328697205,0.0
20.0,-0.23808665573596954,0.9382636547088623,0.0
20.0,-0.24242204427719116,0.9371528625488281,0.0
20.0,-0.24726209044456482,0.9379560351371765,0.0
20.0,-0.25159597396850586,0.9368028044700623,0.0
20.0,-0.25645214319229126,0.9375587105751038,0.0
20.0,-0.26132068037986755,0.9382896423339844,0.0
20.0,-0.2656559348106384,0.9370714426040649,0.0
20.0,-0.27109429240226746,0.9396764636039734,0.0
20.0,-0.2754358649253845,0.9384130239486694,0.0
20.0,-0.2803437113761902,0.9390460252761841,0.0
20.0,-0.2852632403373718,0.9396535754203796,0.0
20.0,-0.2896045744419098,0.9383246898651123,0.0
20.0,-0.2939396798610687,0.9369757175445557,0.0
20.0,-0.29826852679252625,0.9356066584587097,0.0
20.0,-0.30320730805397034,0.9361203908920288,0.0
20.0,-0.30753210186958313,0.9347085356712341,0.0
20.0,-0.31248414516448975,0.9351736307144165,0.0
20.0,-0.31808966398239136,0.9375067949295044,0.0
20.0,-0.32242071628570557,0.9360260963439941,0.0
20.0,-0.3274049460887909,0.9364133477210999,0.0
20.0,-0.33173084259033203,0.9348896145820618,0.0
20.0,-0.33672717213630676,0.9352276921272278,0.0
20.0,-0.3417336642742157,0.9355394840240479,0.0
20.0,-0.34605535864830017,0.9339494705200195,0.0
20.0,-0.35177677869796753,0.9360839128494263,0.0
20.0,-0.3561008870601654,0.9344475269317627,0.0
20.0,-0.3618590235710144,0.9365222454071045,0.0
20.0,-0.3661850392818451,0.9348392486572266,0.0
20.0,-0.37197938561439514,0.9368540048599243,0.0
20.0,-0.37705346941947937,0.9369795322418213,0.0
20.0,-0.38138142228126526,0.9352262616157532,0.0
20.0,-0.3872288167476654,0.9371499419212341,0.0
20.0,-0.3915574550628662,0.9353495836257935,0.0
20.0,-0.3966585695743561,0.9353705644607544,0.0
20.0,-0.40176820755004883,0.9353642463684082,0.0
20.0,-0.4060884416103363,0.9334967732429504,0.0
20.0,-0.41201257705688477,0.9352697730064392,0.0
20.0,-0.41633227467536926,0.933354914188385,0.0
20.0,-0.42146629095077515,0.9332428574562073,0.0
20.0,-0.4274396598339081,0.9349220991134644,0.0
20.0,-0.4317575991153717,0.932935893535614,0.0
20.0,-0.4377630352973938,0.934552013874054,0.0
20.0,-0.4420791268348694,0.9325180649757385,0.0
20.0,-0.44898107647895813,0.9358739256858826,0.0
20.0,-0.45330315828323364,0.9337881207466125,0.0
20.0,-0.4584972858428955,0.9334774613380432,0.0
20.0,-0.46280819177627563,0.931347668170929,0.0
20.0,-0.46890580654144287,0.9327718615531921,0.0
20.0,-0.4750264286994934,0.9341594576835632,0.0
20.0,-0.4793403148651123,0.9319532513618469,0.0
20.0,-0.48548996448516846,0.9332757592201233,0.0
20.0,-0.4897996485233307,0.9310211539268494,0.0
20.0,-0.4959775507450104,0.9322779774665833,0.0
20.0,-0.5021774768829346,0.9334975481033325,0.0
20.0,-0.506488025188446,0.9311658143997192,0.0
20.0,-1.1053428649902344,1.966660499572754,0.0
20.0,-1.1144236326217651,1.961529016494751,0.0
20.0,-1.1234806776046753,1.9563556909561157,0.0
20.0,-1.1325136423110962,1.9511405229568481,0.0
20.0,-1.143546223640442,1.949333667755127,0.0
20.0,-1.1525465250015259,1.9440258741378784,0.0
20.0,-1.167689561843872,1.9489703178405762,0.0
20.0,-1.1766879558563232,1.9435508251190186,0.0
20.0,-1.1898359060287476,1.9449139833450317,0.0
20.0,-1.205124855041504,1.9495995044708252,0.0
20.0,-1.2141257524490356,1.9440069198608398,0.0
20.0,-1.2295042276382446,1.9485212564468384,0.0
20.0,-1.2384997606277466,1.942815899848938,0.0
20.0,-1.251800537109375,1.9437952041625977,0.0
20.0,-1.267317771911621,1.9480454921722412,0.0
20.0,-1.276310682296753,1.9421653747558594,0.0
20.0,-1.2919130325317383,1.9462416172027588,0.0
20.0,-1.3008973598480225,1.940247893333435,0.0
20.0,-1.3165827989578247,1.9441486597061157,0.0
20.0,-1.3300734758377075,1.9446439743041992,0.0
20.0,-1.3390501737594604,1.9384738206863403,0.0
20.0,-1.3548640012741089,1.9421039819717407,0.0
20.0,-1.3638285398483276,1.935819149017334,0.0
20.0,-1.379720687866211,1.9392708539962769,0.0
20.0,-1.388671875,1.9328712224960327,0.0
20.0,-1.4046399593353271,1.936143159866333,0.0
20.0,-1.4230319261550903,1.9425355195999146,0.0
20.0,-1.4319977760314941,1.9359354972839355,0.0
20.0,-1.4481137990951538,1.9389086961746216,0.0
20.0,-1.4570626020431519,1.9321928024291992,0.0
20.0,-1.4732495546340942,1.9349831342697144,0.0
20.0,-1.4894933700561523,1.9376649856567383,0.0
20.0,-1.4984359741210938,1.930757761001587,0.0
20.0,-1.5147476196289062,1.9332553148269653,0.0
20.0,-1.5236696004867554,1.9262313842773438,0.0
20.0,-1.5300629138946533,1.9160404205322266,0.0
20.0,-1.526352882385254,1.8933753967285156,0.0
20.0,-1.5350903272628784,1.8862982988357544,0.0
20.0,-1.526021122932434,1.8575456142425537,0.0
20.0,-1.5345929861068726,1.8504704236984253,0.0
20.0,-1.5277262926101685,1.8249528408050537,0.0
20.0,-1.5361474752426147,1.817870020866394,0.0
20.0,-1.5289604663848877,1.792488694190979,0.0
20.0,-1.5215721130371094,1.767213225364685,0.0
20.0,-1.5297263860702515,1.7601594924926758,0.0
20.0,-1.522020936012268,1.7350263595581055,0.0
20.0,-1.5300264358520508,1.7279709577560425,0.0
20.0,-1.5220059156417847,1.7029837369918823,0.0
20.0,-1.5164668560028076,1.6810781955718994,0.0
20.0,-1.5242228507995605,1.6740490198135376,0.0
20.0,-1.5157066583633423,1.649312973022461,0.0
20.0,-1.5233159065246582,1.6422876119613647,0.0
20.0,-1.517223834991455,1.6206270456314087,0.0
20.0,-1.5109643936157227,1.5990581512451172,0.0
20.0,-1.518341302871704,1.592055320739746,0.0
20.0,-1.5118157863616943,1.570609211921692,0.0
20.0,-1.5190612077713013,1.5636026859283447,0.0
20.0,-1.512271523475647,1.5422824621200562,0.0
20.0,-1.502503752708435,1.5182154178619385,0.0
20.0,-1.5095069408416748,1.511252522468567,0.0
20.0,-1.505118489265442,1.4929895401000977,0.0
20.0,-1.512005090713501,1.4860148429870605,0.0
20.0,-1.5073963403701782,1.4678462743759155,0.0
20.0,-1.4997735023498535,1.446974754333496,0.0
20.0,-1.5064473152160645,1.4400253295898438,0.0
20.0,-1.5014722347259521,1.422042727470398,0.0
20.0,-1.5080307722091675,1.4150856733322144,0.0
20.0,-1.5013742446899414,1.3958420753479004,0.0
20.0,-1.5078116655349731,1.388885736465454,0.0
20.0,-1.5023986101150513,1.3711141347885132,0.0
20.0,-1.4983372688293457,1.3547639846801758,0.0
20.0,-1.504584789276123,1.3478220701217651,0.0
20.0,-1.498833417892456,1.3302308320999146,0.0
20.0,-1.4929519891738892,1.312721848487854,0.0
20.0,-1.4990051984786987,1.3058053255081177,0.0
20.0,-1.4944275617599487,1.289713978767395,0.0
20.0,-1.500374436378479,1.2827908992767334,0.0
20.0,-1.4956063032150269,1.2667919397354126,0.0
20.0,-1.5014472007751465,1.2598636150360107,0.0
20.0,-1.4964898824691772,1.2439590692520142,0.0
20.0,-1.4914177656173706,1.2281274795532227,0.0
20.0,-1.4970799684524536,1.2212189435958862,0.0
20.0,-1.49337637424469,1.2067421674728394,0.0
20.0,-1.4989396333694458,1.1998248100280762,0.0
20.0,-1.493500828742981,1.1841838359832764,0.0
20.0,-1.4879496097564697,1.1686187982559204,0.0
20.0,-1.4933366775512695,1.161726951599121,0.0
20.0,-1.4891862869262695,1.1474859714508057,0.0
20.0,-1.4944757223129272,1.140588641166687,0.0
20.0,-1.4885648488998413,1.1252247095108032,0.0
20.0,-1.482544183731079,1.1099400520324707,0.0
20.0,-1.4876599311828613,1.1030738353729248,0.0
20.0,-1.484683871269226,1.090265154838562,0.0
20.0,-1.489708662033081,1.083389163017273,0.0
20.0,-1.4849642515182495,1.0694772005081177,0.0
20.0,-1.4801230430603027,1.0556323528289795,0.0
20.0,-1.4849878549575806,1.0487778186798096,0.0
20.0,-1.4799870252609253,1.035023808479309,0.0
20.0,-1.484756588935852,1.0281702280044556,0.0
20.0,-1.481246829032898,1.0156396627426147,0.0
20.0,-1.4776531457901,1.0031635761260986,0.0
20.0,-1.482275366783142,0.9963211417198181,0.0
20.0,-1.4768757820129395,0.98280930519104,0.0
20.0,-1.4814038276672363,0.9759706854820251,0.0
20.0,-1.4758490324020386,0.9625556468963623,0.0
20.0,-1.480283498764038,0.9557219743728638,0.0
20.0,-1.4779454469680786,0.9445596933364868,0.0
20.0,-1.4755359888076782,0.9334396719932556,0.0
20.0,-1.479835867881775,0.9266077280044556,0.0
20.0,-1.473904013633728,0.913434624671936,0.0
20.0,-1.4695872068405151,0.9013820290565491,0.0
20.0,-1.4737389087677002,0.8945779204368591,0.0
20.0,-1.4692867994308472,0.8826053142547607,0.0
20.0,-1.4733517169952393,0.8758028149604797,0.0
20.0,-1.470489501953125,0.8649256825447083,0.0
20.0,-1.4744726419448853,0.8581178188323975,0.0
20.0,-1.4714914560317993,0.8472996354103088,0.0
20.0,-1.4684420824050903,0.8365274667739868,0.0
20.0,-1.4722938537597656,0.8297293782234192,0.0
20.0,-1.46912682056427,0.8190180659294128,0.0
20.0,-1.4728976488113403,0.8122169971466064,0.0
20.0,-1.4696139097213745,0.8015679121017456,0.0
20.0,-1.4645030498504639,0.7900170683860779,0.0
20.0,-1.468139886856079,0.7832376956939697,0.0
20.0,-1.4646697044372559,0.7727086544036865,0.0
20.0,-1.4682265520095825,0.7659286856651306,0.0
20.0,-1.4646421670913696,0.755465030670166,0.0
20.0,-1.4627741575241089,0.7459595203399658,0.0
20.0,-1.4662073850631714,0.7391886115074158,0.0
20.0,-1.464239239692688,0.7297256588935852,0.0
20.0,-1.4675973653793335,0.7229481339454651,0.0
20.0,-1.4655295610427856,0.7135286927223206,0.0
20.0,-1.4598016738891602,0.7024095058441162,0.0
20.0,-1.4630335569381714,0.6956527829170227,0.0
20.0,-1.4589935541152954,0.6854793429374695,0.0
20.0,-1.4621471166610718,0.6787264943122864,0.0
20.0,-1.4598156213760376,0.6694580912590027,0.0
20.0,-1.4574298858642578,0.6602258682250977,0.0
20.0,-1.460466742515564,0.653480589389801,0.0
20.0,-1.457984447479248,0.6442961096763611,0.0
20.0,-1.4609476327896118,0.6375483870506287,0.0
20.0,-1.4565327167510986,0.6276212334632874,0.0
20.0,-1.4594188928604126,0.6208804845809937,0.0
20.0,-1.4567419290542603,0.6118031144142151,0.0
20.0,-1.4558597803115845,0.603529691696167,0.0
20.0,-1.458634614944458,0.5967922806739807,0.0
20.0,-1.4539600610733032,0.5870469212532043,0.0
20.0,-1.4566586017608643,0.5803184509277344,0.0
20.0,-1.4556033611297607,0.5721144080162048,0.0
20.0,-1.4526386260986328,0.5632094740867615,0.0
20.0,-1.455227017402649,0.5564873814582825,0.0
20.0,-1.4521703720092773,0.5476362705230713,0.0
20.0,-1.4546867609024048,0.5409165024757385,0.0
20.0,-1.4515385627746582,0.5321199893951416,0.0
20.0,-1.4502214193344116,0.5240439176559448,0.0
20.0,-1.4526287317276,0.5173333883285522,0.0
20.0,-1.4512306451797485,0.5092872381210327,0.0
20.0,-1.453569769859314,0.502572238445282,0.0
20.0,-1.4501981735229492,0.49391207098960876,0.0
20.0,-1.4467778205871582,0.4852938950061798,0.0
20.0,-1.4490059614181519,0.4785997271537781,0.0
20.0,-1.4473992586135864,0.4706583619117737,0.0
20.0,-1.4495598077774048,0.4639614522457123,0.0
20.0,-1.4459666013717651,0.4554520845413208,0.0
20.0,-1.444236159324646,0.44757789373397827,0.0
20.0,-1.4462900161743164,0.44089585542678833,0.0
20.0,-1.4444814920425415,0.43305572867393494,0.0
20.0,-1.4464682340621948,0.4263727366924286,0.0
20.0,-1.4445819854736328,0.41856738924980164,0.0
20.0,-1.4465017318725586,0.411884069442749,0.0
20.0,-1.4445385932922363,0.40411433577537537,0.0
20.0,-1.4425344467163086,0.3963715732097626,0.0
20.0,-1.4443516731262207,0.38969796895980835,0.0
20.0,-1.4422712326049805,0.3819918930530548,0.0
20.0,-1.4440218210220337,0.3753196597099304,0.0
20.0,-1.4399276971817017,0.3671569228172302,0.0
20.0,-1.4396694898605347,0.3600104749202728,0.0
20.0,-1.4413186311721802,0.35335052013397217,0.0
20.0,-1.4390475749969482,0.34574854373931885,0.0
20.0,-1.4406307935714722,0.33909159898757935,0.0
20.0,-1.4402341842651367,0.3319781720638275,0.0
20.0,-1.4378516674041748,0.32443544268608093,0.0
20.0,-1.4393362998962402,0.31778424978256226,0.0
20.0,-1.436880350112915,0.31028199195861816,0.0
20.0,-1.438299536705017,0.3036354184150696,0.0
20.0,-1.4377292394638062,0.2965783476829529,0.0
20.0,-1.4390851259231567,0.28992801904678345,0.0
20.0,-1.4364852905273438,0.28249961137771606,0.0
20.0,-1.4358118772506714,0.275478333234787,0.0
20.0,-1.4370701313018799,0.2688370943069458,0.0
20.0,-1.4363301992416382,0.26183146238327026,0.0
20.0,-1.4375253915786743,0.2551879584789276,0.0
20.0,-1.4347481727600098,0.24785807728767395,0.0
20.0,-1.4339064359664917,0.2408907115459442,0.0
20.0,-1.4350048303604126,0.23425865173339844,0.0
20.0,-1.4340972900390625,0.2273084968328476,0.0
20.0,-1.4351328611373901,0.22067570686340332,0.0
20.0,-1.4321813583374023,0.21344853937625885,0.0
20.0,-1.4331529140472412,0.20682474970817566,0.0
20.0,-1.4340938329696655,0.2001965492963791,0.0
20.0,-1.433022141456604,0.19329670071601868,0.0
20.0,-1.4339004755020142,0.1866692453622818,0.0
20.0,-1.4307793378829956,0.1795397698879242,0.0
20.0,-1.4296085834503174,0.172682985663414,0.0
20.0,-1.4303916692733765,0.16607153415679932,0.0
20.0,-1.4311442375183105,0.1594565212726593,0.0
20.0,-1.43186616897583,0.1528381109237671,0.0
20.0,-1.4285781383514404,0.14581026136875153,0.0
20.0,-1.4292370080947876,0.13920384645462036,0.0
20.0,-1.4298652410507202,0.13259446620941162,0.0
20.0,-1.4284707307815552,0.1258067935705185,0.0
20.0,-1.429037094116211,0.11920109391212463,0.0
20.0,-1.4275791645050049,0.11243581771850586,0.0
20.0,-1.4280837774276733,0.10583438724279404,0.0
20.0,-1.4265625476837158,0.09909209609031677,0.0
20.0,-1.427005410194397,0.09249550849199295,0.0
20.0,-1.4274177551269531,0.08589693903923035,0.0
20.0,-1.4258028268814087,0.07918563485145569,0.0
20.0,-1.4261536598205566,0.07259277254343033,0.0
20.0,-1.4264739751815796,0.06599835306406021,0.0
20.0,-1.424765706062317,0.05931933596730232,0.0
20.0,-1.4250247478485107,0.0527314767241478,0.0
20.0,-1.423254370689392,0.04607778042554855,0.0
20.0,-1.4234521389007568,0.039497051388025284,0.0
20.0,-1.4236195087432861,0.03291548043489456,0.0
20.0,-1.4217568635940552,0.0262962207198143,0.0
20.0,-1.421863317489624,0.019722629338502884,0.0
20.0,-1.4219392538070679,0.013148615136742592,0.0
20.0,-1.4219849109649658,0.006574319209903479,0.0
21.0,-1.4199999570846558,1.2414034245011862e-07,0.0
21.0,-1.4199848175048828,-0.006565064657479525,0.0
21.0,-1.4199392795562744,-0.013130112551152706,0.0
21.0,-1.4198633432388306,-0.01969487965106964,0.0
21.0,-1.4217568635940552,-0.026296213269233704,0.0
21.0,-1.4216201305389404,-0.03286924585700035,0.0
21.0,-1.4214529991149902,-0.03944157063961029,0.0
21.0,-1.423254370689392,-0.04607777297496796,0.0
21.0,-1.4230260848999023,-0.052657514810562134,0.0
21.0,-1.420769214630127,-0.059152934700250626,0.0
21.0,-1.420480489730835,-0.0657210499048233,0.0
21.0,-1.420161485671997,-0.07228775322437286,0.0
21.0,-1.4198120832443237,-0.07885292172431946,0.0
21.0,-1.4194324016571045,-0.08541639894247055,0.0
21.0,-1.4190223217010498,-0.0919780507683754,0.0
21.0,-1.4185818433761597,-0.09853773564100266,0.0
21.0,-1.4181110858917236,-0.10509531199932098,0.0
21.0,-1.4176100492477417,-0.11165064573287964,0.0
21.0,-1.4170787334442139,-0.11820358783006668,0.0
21.0,-1.4165170192718506,-0.12475401163101196,0.0
21.0,-1.415925145149231,-0.13130176067352295,0.0
21.0,-1.4172935485839844,-0.13804058730602264,0.0
21.0,-1.4166401624679565,-0.1445917785167694,0.0
21.0,-1.4159564971923828,-0.15113988518714905,0.0
21.0,-1.417230248451233,-0.15790623426437378,0.0
21.0,-1.416485071182251,-0.16445693373680115,0.0
21.0,-1.417695164680481,-0.17124395072460175,0.0
21.0,-1.4168882369995117,-0.1777966469526291,0.0
21.0,-1.4160510301589966,-0.184345543384552,0.0
21.0,-1.415183663368225,-0.19089050590991974,0.0
21.0,-1.416266679763794,-0.1977079063653946,0.0
21.0,-1.4153375625610352,-0.20425371825695038,0.0
21.0,-1.414378046989441,-0.21079516410827637,0.0
21.0,-1.4133883714675903,-0.21733210980892181,0.0
21.0,-1.4143438339233398,-0.2241775244474411,0.0
21.0,-1.4152661561965942,-0.23103637993335724,0.0
21.0,-1.4141827821731567,-0.23757721483707428,0.0
21.0,-1.415040135383606,-0.24445343017578125,0.0
21.0,-1.413894772529602,-0.2509930729866028,0.0
21.0,-1.4146867990493774,-0.25788602232933044,0.0
21.0,-1.415445327758789,-0.26479166746139526,0.0
21.0,-1.4142060279846191,-0.2713329792022705,0.0
21.0,-1.4129364490509033,-0.27786847949028015,0.0
21.0,-1.4116365909576416,-0.28439804911613464,0.0
21.0,-1.410306692123413,-0.29092150926589966,0.0
21.0,-1.4109033346176147,-0.29785189032554626,0.0
21.0,-1.4095112085342407,-0.30437183380126953,0.0
21.0,-1.4100419282913208,-0.31131646037101746,0.0
21.0,-1.4085874557495117,-0.3178322911262512,0.0
21.0,-1.4110007286071777,-0.32523974776268005,0.0
21.0,-1.4094818830490112,-0.33175987005233765,0.0
21.0,-1.4098777770996094,-0.33874011039733887,0.0
21.0,-1.4102389812469482,-0.34573110938072205,0.0
21.0,-1.4086254835128784,-0.3522474765777588,0.0
21.0,-1.4089198112487793,-0.3592504560947418,0.0
21.0,-1.4072438478469849,-0.36576056480407715,0.0
21.0,-1.4094043970108032,-0.3732869625091553,0.0
21.0,-1.4076634645462036,-0.3797991871833801,0.0
21.0,-1.4078210592269897,-0.38683319091796875,0.0
21.0,-1.407943606376648,-0.3938767611980438,0.0
21.0,-1.4061075448989868,-0.40038201212882996,0.0
21.0,-1.4061622619628906,-0.40743526816368103,0.0
21.0,-1.4042636156082153,-0.4139321446418762,0.0
21.0,-1.4061663150787354,-0.4215688407421112,0.0
21.0,-1.4080283641815186,-0.4292319416999817,0.0
21.0,-1.4060288667678833,-0.4357371926307678,0.0
21.0,-1.4059067964553833,-0.4428339898586273,0.0
21.0,-1.4038443565368652,-0.44932928681373596,0.0
21.0,-1.4055559635162354,-0.45705196261405945,0.0
21.0,-1.4053269624710083,-0.46417272090911865,0.0
21.0,-1.4031658172607422,-0.4706651270389557,0.0
21.0,-1.4066543579101562,-0.47908180952072144,0.0
21.0,-1.4044243097305298,-0.485580176115036,0.0
21.0,-1.4040515422821045,-0.4927304685115814,0.0
21.0,-1.4017584323883057,-0.49921664595603943,0.0
21.0,-1.4031972885131836,-0.5070515275001526,0.0
21.0,-1.4045937061309814,-0.5149103999137878,0.0
21.0,-1.402198076248169,-0.5213988423347473,0.0
21.0,-1.403515100479126,-0.529287576675415,0.0
21.0,-1.4010529518127441,-0.5357708930969238,0.0
21.0,-1.4022904634475708,-0.5436887145042419,0.0
21.0,-1.403484582901001,-0.5516294836997986,0.0
21.0,-1.4009191989898682,-0.558112382888794,0.0
21.0,-1.4020328521728516,-0.5660809278488159,0.0
21.0,-1.3994007110595703,-0.5725570321083069,0.0
21.0,-1.4022812843322754,-0.5813185572624207,0.0
21.0,-1.39957857131958,-0.587795615196228,0.0
21.0,-1.400526762008667,-0.5958260297775269,0.0
21.0,-1.401430606842041,-0.6038777232170105,0.0
21.0,-1.3986237049102783,-0.6103506088256836,0.0
21.0,-1.3994455337524414,-0.6184272170066833,0.0
21.0,-1.3965712785720825,-0.6248907446861267,0.0
21.0,-1.3991327285766602,-0.6338168382644653,0.0
21.0,-1.4016412496566772,-0.6427798867225647,0.0
21.0,-1.3986544609069824,-0.6492533087730408,0.0
21.0,-1.399258017539978,-0.6574137806892395,0.0
21.0,-1.396203637123108,-0.6638760566711426,0.0
21.0,-1.3985260725021362,-0.6729256510734558,0.0
21.0,-1.3953999280929565,-0.6793843507766724,0.0
21.0,-1.397626280784607,-0.6884799599647522,0.0
21.0,-1.3997983932495117,-0.69761061668396,0.0
21.0,-1.3965580463409424,-0.7040749192237854,0.0
21.0,-1.3968513011932373,-0.7123413681983948,0.0
21.0,-1.393543004989624,-0.7187919616699219,0.0
21.0,-1.397297739982605,-0.7289272546768188,0.0
21.0,-1.3992195129394531,-0.7381793856620789,0.0
21.0,-1.3957916498184204,-0.7446406483650208,0.0
21.0,-1.3993748426437378,-0.7548840641975403,0.0
21.0,-1.3958698511123657,-0.7613458633422852,0.0
21.0,-1.3975889682769775,-0.7706886529922485,0.0
21.0,-1.3940107822418213,-0.7771419882774353,0.0
21.0,-1.3938877582550049,-0.7855426073074341,0.0
21.0,-1.3954542875289917,-0.7949485182762146,0.0
21.0,-1.3917640447616577,-0.8013917207717896,0.0
21.0,-1.3949583768844604,-0.8118418455123901,0.0
21.0,-1.3911899328231812,-0.8182825446128845,0.0
21.0,-1.3942686319351196,-0.8287935853004456,0.0
21.0,-1.395565390586853,-0.8383206129074097,0.0
21.0,-1.391674518585205,-0.8447638750076294,0.0
21.0,-1.3928685188293457,-0.854326069355011,0.0
21.0,-1.3889037370681763,-0.8607566952705383,0.0
21.0,-1.3916897773742676,-0.8714145421981812,0.0
21.0,-1.3876460790634155,-0.8778395056724548,0.0
21.0,-1.3903136253356934,-0.8885539174079895,0.0
21.0,-1.3929115533828735,-0.8993116021156311,0.0
21.0,-1.3887388706207275,-0.9057419300079346,0.0
21.0,-1.392886996269226,-0.9176544547080994,0.0
21.0,-1.38862943649292,-0.924084484577179,0.0
21.0,-1.3909817934036255,-0.9349575638771057,0.0
21.0,-1.3932631015777588,-0.9458720684051514,0.0
21.0,-1.388875126838684,-0.9523035287857056,0.0
21.0,-1.3910343647003174,-0.9632691144943237,0.0
21.0,-1.3865660429000854,-0.9696900844573975,0.0
21.0,-1.3886024951934814,-0.9807054400444031,0.0
21.0,-1.3840535879135132,-0.9871149659156799,0.0
21.0,-1.387589454650879,-0.9993475675582886,0.0
21.0,-1.3894243240356445,-1.0104575157165527,0.0
21.0,-1.3847377300262451,-1.0168704986572266,0.0
21.0,-1.380021572113037,-1.0232617855072021,0.0
21.0,-1.3752758502960205,-1.02963125705719,0.0
21.0,-1.367309808731079,-1.0335664749145508,0.0
21.0,-1.3497977256774902,-1.03016996383667,0.0
21.0,-1.3450204133987427,-1.036399483680725,0.0
21.0,-1.3260071277618408,-1.0315545797348022,0.0
21.0,-1.3212237358093262,-1.0376741886138916,0.0
21.0,-1.3070091009140015,-1.036316156387329,0.0
21.0,-1.28971266746521,-1.0323492288589478,0.0
21.0,-1.284925937652588,-1.0383011102676392,0.0
21.0,-1.2646141052246094,-1.0315886735916138,0.0
21.0,-1.259831190109253,-1.0374244451522827,0.0
21.0,-1.2427172660827637,-1.0330102443695068,0.0
21.0,-1.2256711721420288,-1.028460144996643,0.0
21.0,-1.2209031581878662,-1.0341157913208008,0.0
21.0,-1.205467939376831,-1.0306516885757446,0.0
21.0,-1.2006900310516357,-1.036213994026184,0.0
21.0,-1.186838150024414,-1.0338720083236694,0.0
21.0,-1.1700297594070435,-1.0287829637527466,0.0
21.0,-1.1652607917785645,-1.0341814756393433,0.0
21.0,-1.1500390768051147,-1.0302165746688843,0.0
21.0,-1.1452637910842896,-1.0355225801467896,0.0
21.0,-1.1316001415252686,-1.032717227935791,0.0
21.0,-1.1165162324905396,-1.02845299243927,0.0
21.0,-1.111749291419983,-1.0336041450500488,0.0
21.0,-1.0982080698013306,-1.0305217504501343,0.0
21.0,-1.093431830406189,-1.0355881452560425,0.0
21.0,-1.077066421508789,-1.0295765399932861,0.0
21.0,-1.0650981664657593,-1.027601957321167,0.0
21.0,-1.0603358745574951,-1.0325154066085815,0.0
21.0,-1.0455658435821533,-1.0275932550430298,0.0
21.0,-1.0408036708831787,-1.0324163436889648,0.0
21.0,-1.0275390148162842,-1.0287271738052368,0.0
21.0,-1.0227718353271484,-1.0334669351577759,0.0
21.0,-1.010981559753418,-1.031044363975525,0.0
21.0,-0.9992356300354004,-1.028535008430481,0.0
21.0,-0.9944696426391602,-1.0331437587738037,0.0
21.0,-0.9827808737754822,-1.030493974685669,0.0
21.0,-0.9780060052871704,-1.0350266695022583,0.0
21.0,-0.9663759469985962,-1.03223717212677,0.0
21.0,-0.9561527371406555,-1.030828833580017,0.0
21.0,-0.9513766169548035,-1.0352383852005005,0.0
21.0,-0.9371547102928162,-1.0292739868164062,0.0
21.0,-0.9323859810829163,-1.0335958003997803,0.0
21.0,-0.9196008443832397,-1.028948187828064,0.0
21.0,-0.9095304012298584,-1.0271992683410645,0.0
21.0,-0.9047715663909912,-1.0313934087753296,0.0
21.0,-0.8934336304664612,-1.0280176401138306,0.0
21.0,-0.8886711597442627,-1.032137393951416,0.0
21.0,-0.8786979913711548,-1.0301483869552612,0.0
21.0,-0.8687623143196106,-1.0280894041061401,0.0
21.0,-0.8639997839927673,-1.0320950746536255,0.0
21.0,-0.8541120886802673,-1.0299206972122192,0.0
21.0,-0.8493412137031555,-1.0338586568832397,0.0
21.0,-0.8382401466369629,-1.0300180912017822,0.0
21.0,-0.8284481763839722,-1.0276545286178589,0.0
21.0,-0.8236880898475647,-1.0314737558364868,0.0
21.0,-0.812706470489502,-1.0274279117584229,0.0
21.0,-0.80794757604599,-1.0311743021011353,0.0
21.0,-0.7982666492462158,-1.0285788774490356,0.0
21.0,-0.7935026288032532,-1.0322585105895996,0.0
21.0,-0.7838754057884216,-1.0295510292053223,0.0
21.0,-0.7754944562911987,-1.0283735990524292,0.0
21.0,-0.7707316279411316,-1.0319480895996094,0.0
21.0,-0.7611948251724243,-1.0290687084197998,0.0
21.0,-0.7517012357711792,-1.0261234045028687,0.0
21.0,-0.7469490170478821,-1.029587745666504,0.0
21.0,-0.7375131249427795,-1.0265332460403442,0.0
21.0,-0.7327591776847839,-1.0299320220947266,0.0
21.0,-0.7245339155197144,-1.028403878211975,0.0
21.0,-0.7197715044021606,-1.0317426919937134,0.0
21.0,-0.7115834951400757,-1.0301227569580078,0.0
21.0,-0.7022968530654907,-1.0267983675003052,0.0
21.0,-0.697542130947113,-1.0300344228744507,0.0
21.0,-0.6883172988891602,-1.0266036987304688,0.0
21.0,-0.6835635304450989,-1.0297751426696777,0.0
21.0,-0.6755001544952393,-1.0279103517532349,0.0
21.0,-0.6674685478210449,-1.0259929895401,0.0
21.0,-0.662717878818512,-1.0290679931640625,0.0
21.0,-0.6547278165817261,-1.0270615816116333,0.0
21.0,-0.6499723196029663,-1.0300776958465576,0.0
21.0,-0.642024576663971,-1.0279827117919922,0.0
21.0,-0.6341102123260498,-1.0258363485336304,0.0
21.0,-0.6293606162071228,-1.028757095336914,0.0
21.0,-0.6214901208877563,-1.0265233516693115,0.0
21.0,-0.6167374849319458,-1.0293856859207153,0.0
21.0,-0.6089117527008057,-1.0270649194717407,0.0
21.0,-0.6011207699775696,-1.0246939659118652,0.0
21.0,-0.5963768362998962,-1.0274622440338135,0.0
21.0,-0.5886321663856506,-1.0250054597854614,0.0
21.0,-0.5838868618011475,-1.027716040611267,0.0
21.0,-0.5771692395210266,-1.0269174575805664,0.0
21.0,-0.572415292263031,-1.029574990272522,0.0
21.0,-0.5647578239440918,-1.026953101158142,0.0
21.0,-0.5571368932723999,-1.024282455444336,0.0
21.0,-0.5523952841758728,-1.0268473625183105,0.0
21.0,-0.5457631349563599,-1.0258588790893555,0.0
21.0,-0.5382208824157715,-1.0230612754821777,0.0
21.0,-0.5334851741790771,-1.025538682937622,0.0
21.0,-0.5269083976745605,-1.0244370698928833,0.0
21.0,-0.5221664309501648,-1.0268622636795044,0.0
21.0,-0.5156167149543762,-1.0256916284561157,0.0
21.0,-0.5108690857887268,-1.0280646085739136,0.0
21.0,-0.5034652948379517,-1.0250300168991089,0.0
21.0,-0.49697399139404297,-1.0237483978271484,0.0
21.0,-0.4922355115413666,-1.026035189628601,0.0
21.0,-0.4849162697792053,-1.0228784084320068,0.0
21.0,-0.4801819324493408,-1.0251094102859497,0.0
21.0,-0.47375738620758057,-1.0236884355545044,0.0
21.0,-0.46735620498657227,-1.0222299098968506,0.0
21.0,-0.46262505650520325,-1.0243797302246094,0.0
21.0,-0.4570693075656891,-1.0246812105178833,0.0
21.0,-0.4523269236087799,-1.0267834663391113,0.0
21.0,-0.4459792673587799,-1.025195837020874,0.0
21.0,-0.43965595960617065,-1.023571491241455,0.0
21.0,-0.43491891026496887,-1.0255931615829468,0.0
21.0,-0.42862799763679504,-1.0239033699035645,0.0
21.0,-0.42388951778411865,-1.025874137878418,0.0
21.0,-0.4176315367221832,-1.0241190195083618,0.0
21.0,-0.41139891743659973,-1.0223281383514404,0.0
21.0,-0.40666791796684265,-1.024219274520874,0.0
21.0,-0.4004693627357483,-1.0223641395568848,0.0
21.0,-0.39573830366134644,-1.0242047309875488,0.0
21.0,-0.3909987807273865,-1.0260233879089355,0.0
21.0,-0.38625091314315796,-1.0278202295303345,0.0
21.0,-0.38079988956451416,-1.027719497680664,0.0
21.0,-0.37535807490348816,-1.0275905132293701,0.0
21.0,-0.37060314416885376,-1.0293149948120117,0.0
21.0,-0.36584025621414185,-1.0310174226760864,0.0
21.0,-0.36106956005096436,-1.0326977968215942,0.0
21.0,-0.35563981533050537,-1.0324652194976807,0.0
21.0,-0.3495773673057556,-1.0303105115890503,0.0
21.0,-0.3448100984096527,-1.0319157838821411,0.0
21.0,-0.3387853503227234,-1.0296992063522339,0.0
21.0,-0.33402103185653687,-1.031254529953003,0.0
21.0,-0.3286421298980713,-1.0308823585510254,0.0
21.0,-0.32387247681617737,-1.0323907136917114,0.0
21.0,-0.31791621446609497,-1.0300549268722534,0.0
21.0,-0.3125694990158081,-1.0296000242233276,0.0
21.0,-0.3078059256076813,-1.0310341119766235,0.0
21.0,-0.30190926790237427,-1.0286082029342651,0.0
21.0,-0.2971504032611847,-1.0299930572509766,0.0
21.0,-0.29183971881866455,-1.029431700706482,0.0
21.0,-0.28654053807258606,-1.0288432836532593,0.0
21.0,-0.28178074955940247,-1.0301570892333984,0.0
21.0,-0.2759774327278137,-1.027585744857788,0.0
21.0,-0.2712235748767853,-1.0288506746292114,0.0
21.0,-0.26596304774284363,-1.0281574726104736,0.0
21.0,-0.26071470975875854,-1.027437448501587,0.0
21.0,-0.25596168637275696,-1.0286318063735962,0.0
21.0,-0.2507292628288269,-1.02786123752594,0.0
21.0,-0.24597439169883728,-1.029009461402893,0.0
21.0,-0.2407582849264145,-1.0281884670257568,0.0
21.0,-0.23555505275726318,-1.0273411273956299,0.0
21.0,-0.2308027595281601,-1.0284192562103271,0.0
21.0,-0.22604551911354065,-1.0294753313064575,0.0
21.0,-0.2212834507226944,-1.0305094718933105,0.0
21.0,-0.21610581874847412,-1.0295641422271729,0.0
21.0,-0.21053984761238098,-1.0266337394714355,0.0
21.0,-0.20579108595848083,-1.0275962352752686,0.0
21.0,-0.2006542831659317,-1.026573896408081,0.0
21.0,-0.1959058940410614,-1.0274906158447266,0.0
21.0,-0.19078783690929413,-1.0264190435409546,0.0
21.0,-0.18604028224945068,-1.0272901058197021,0.0
21.0,-0.18094146251678467,-1.026169776916504,0.0
21.0,-0.17585696280002594,-1.0250240564346313,0.0
21.0,-0.17111600935459137,-1.025826096534729,0.0
21.0,-0.1660514622926712,-1.0246320962905884,0.0
21.0,-0.16131243109703064,-1.0253888368606567,0.0
21.0,-0.15626828372478485,-1.024146556854248,0.0
21.0,-0.1512390822172165,-1.022879719734192,0.0
21.0,-0.14650830626487732,-1.0235679149627686,0.0
21.0,-0.14177440106868744,-1.024234414100647,0.0
21.0,-0.1370374709367752,-1.024878978729248,0.0
21.0,-0.13204170763492584,-1.0235178470611572,0.0
21.0,-0.127308189868927,-1.0241174697875977,0.0
21.0,-0.12233441323041916,-1.0227092504501343,0.0
21.0,-0.11760473996400833,-1.023263931274414,0.0
21.0,-0.11287254840135574,-1.0237966775894165,0.0
21.0,-0.10813795030117035,-1.0243076086044312,0.0
21.0,-0.10340104252099991,-1.0247966051101685,0.0
21.0,-0.09847034513950348,-1.02327299118042,0.0
21.0,-0.09373831748962402,-1.0237172842025757,0.0
21.0,-0.08900429308414459,-1.0241397619247437,0.0
21.0,-0.08410441875457764,-1.0225470066070557,0.0
21.0,-0.07937590032815933,-1.0229250192642212,0.0
21.0,-0.07464569061994553,-1.0232809782028198,0.0
21.0,-0.06991388648748398,-1.0236152410507202,0.0
21.0,-0.06518058478832245,-1.0239274501800537,0.0
21.0,-0.060445886105298996,-1.024217963218689,0.0
21.0,-0.055709902197122574,-1.0244864225387573,0.0
21.0,-0.05087336152791977,-1.022735595703125,0.0
21.0,-0.046144332736730576,-1.02295982837677,0.0
21.0,-0.04141431301832199,-1.0231622457504272,0.0
21.0,-0.03668341040611267,-1.0233427286148071,0.0
21.0,-0.031951725482940674,-1.0235013961791992,0.0
21.0,-0.02721935510635376,-1.0236382484436035,0.0
21.0,-0.022486403584480286,-1.0237531661987305,0.0
21.0,-0.017718294635415077,-1.0218462944030762,0.0
21.0,-0.012993729673326015,-1.0219173431396484,0.0
21.0,-0.008268886245787144,-1.0219664573669434,0.0
21.0,-0.0035508018918335438,-1.0239938497543335,0.0
21.0,0.0011835411423817277,-1.0239993333816528,0.0
21.0,0.005917858798056841,-1.0239830017089844,0.0
21.0,0.010631244629621506,-1.0219446420669556,0.0
21.0,0.01535596139729023,-1.021884560585022,0.0
21.0,0.02008035033941269,-1.0218026638031006,0.0
21.0,0.024804310873150826,-1.0216989517211914,0.0
21.0,0.029527738690376282,-1.0215733051300049,0.0
21.0,0.03425053879618645,-1.0214258432388306,0.0
21.0,0.038972605019807816,-1.0212565660476685,0.0
21.0,0.04369383677840233,-1.0210654735565186,0.0
21.0,0.048414137214422226,-1.0208525657653809,0.0
21.0,0.05313339829444885,-1.0206178426742554,0.0
21.0,0.05785152688622475,-1.020361304283142,0.0
21.0,0.06256841868162155,-1.0200828313827515,0.0
21.0,0.06741565465927124,-1.0217784643173218,0.0
21.0,0.07213899493217468,-1.0214558839797974,0.0
21.0,0.07686079293489456,-1.0211113691329956,0.0
21.0,0.08158095180988312,-1.0207451581954956,0.0
21.0,0.0862993597984314,-1.0203570127487183,0.0
21.0,0.09101593494415283,-1.0199471712112427,0.0
21.0,0.09573055803775787,-1.0195153951644897,0.0
21.0,0.10044313222169876,-1.0190619230270386,0.0
21.0,0.10515356063842773,-1.0185866355895996,0.0
21.0,0.10986173897981644,-1.0180896520614624,0.0
21.0,0.1145675778388977,-1.0175708532333374,0.0
21.0,0.11927095800638199,-1.0170302391052246,0.0
21.0,0.12397179752588272,-1.0164679288864136,0.0
21.0,0.12866997718811035,-1.0158839225769043,0.0
21.0,0.13362589478492737,-1.0172611474990845,0.0
21.0,0.13832764327526093,-1.0166324377059937,0.0
21.0,0.1430264264345169,-1.0159820318222046,0.0
21.0,0.14772216975688934,-1.0153099298477173,0.0
21.0,0.15271183848381042,-1.0165938138961792,0.0
21.0,0.1577165424823761,-1.0178533792495728,0.0
21.0,0.16242077946662903,-1.0171133279800415,0.0
21.0,0.1671215295791626,-1.0163514614105225,0.0
21.0,0.17181871831417084,-1.0155678987503052,0.0
21.0,0.1765122264623642,-1.0147627592086792,0.0
21.0,0.1812019646167755,-1.0139358043670654,0.0
21.0,0.18588782846927643,-1.0130871534347534,0.0
21.0,0.1909397542476654,-1.0141823291778564,0.0
21.0,0.1956266611814499,-1.0132887363433838,0.0
21.0,0.20069760084152222,-1.0143355131149292,0.0
21.0,0.20578236877918243,-1.0153568983078003,0.0
21.0,0.21047453582286835,-1.0143946409225464,0.0
21.0,0.21557757258415222,-1.015367031097412,0.0
21.0,0.22026969492435455,-1.014359474182129,0.0
21.0,0.22539053857326508,-1.0152827501296997,0.0
21.0,0.23052464425563812,-1.016180396080017,0.0
21.0,0.23522035777568817,-1.0151036977767944,0.0
21.0,0.24037152528762817,-1.0159515142440796,0.0
21.0,0.2450660765171051,-1.014829397201538,0.0
21.0,0.25119075179100037,-1.0195112228393555,0.0
21.0,0.25590163469314575,-1.018338918685913,0.0
21.0,0.26110348105430603,-1.0190824270248413,0.0
21.0,0.26581230759620667,-1.0178643465042114,0.0
21.0,0.27051541209220886,-1.0166245698928833,0.0
21.0,0.2757359743118286,-1.0172933340072632,0.0
21.0,0.28043636679649353,-1.016007661819458,0.0
21.0,0.28513073921203613,-1.014700174331665,0.0
21.0,0.2903689742088318,-1.0152939558029175,0.0
21.0,0.2950599491596222,-1.013940691947937,0.0
21.0,0.3003123104572296,-1.0144833326339722,0.0
21.0,0.304999440908432,-1.013084053993225,0.0
21.0,0.3102654218673706,-1.0135754346847534,0.0
21.0,0.3155425190925598,-1.0140399932861328,0.0
21.0,0.3202274441719055,-1.0125702619552612,0.0
21.0,0.32551735639572144,-1.012982964515686,0.0
21.0,0.330197274684906,-1.0114670991897583,0.0
21.0,0.3361290395259857,-1.0137263536453247,0.0
21.0,0.3408122956752777,-1.0121614933013916,0.0
21.0,0.34678223729133606,-1.014359951019287,0.0
21.0,0.3514682948589325,-1.0127458572387695,0.0
21.0,0.3568112850189209,-1.0129964351654053,0.0
21.0,0.3628372251987457,-1.015102505683899,0.0
21.0,0.3675265610218048,-1.0134141445159912,0.0
21.0,0.3728986084461212,-1.0135811567306519,0.0
21.0,0.37758079171180725,-1.0118463039398193,0.0
21.0,0.38296276330947876,-1.0119602680206299,0.0
21.0,0.3883538544178009,-1.0120460987091064,0.0
21.0,0.39302876591682434,-1.0102397203445435,0.0
21.0,0.3984290063381195,-1.0102723836898804,0.0
21.0,0.40309563279151917,-1.0084195137023926,0.0
21.0,0.41000640392303467,-1.0121060609817505,0.0
21.0,0.41620033979415894,-1.0139000415802002,0.0
21.0,0.42088353633880615,-1.0119649171829224,0.0
21.0,0.427110880613327,-1.013694405555725,0.0
21.0,0.4317930042743683,-1.0117088556289673,0.0
21.0,0.4372594654560089,-1.0115375518798828,0.0
21.0,0.44193148612976074,-1.0095051527023315,0.0
21.0,0.4482150971889496,-1.0111078023910522,0.0
21.0,0.4553419351577759,-1.0144987106323242,0.0
21.0,0.4600274860858917,-1.0123826265335083,0.0
21.0,0.46553897857666016,-1.0120619535446167,0.0
21.0,0.4702131152153015,-1.0098987817764282,0.0
21.0,0.4774349331855774,-1.0131416320800781,0.0
21.0,0.4821139872074127,-1.0109233856201172,0.0
21.0,0.48939049243927,-1.0140873193740845,0.0
21.0,0.4949513077735901,-1.0136109590530396,0.0
21.0,0.499632328748703,-1.0113117694854736,0.0
21.0,0.5060909390449524,-1.0125689506530762,0.0
21.0,0.5107670426368713,-1.0102182626724243,0.0
21.0,0.5172535181045532,-1.0114073753356934,0.0
21.0,0.5246807336807251,-1.0143343210220337,0.0
21.0,0.5293647646903992,-1.0118976831436157,0.0
21.0,0.535908043384552,-1.0129750967025757,0.0
21.0,0.5405856370925903,-1.0104866027832031,0.0
21.0,0.5462033152580261,-1.0097355842590332,0.0
21.0,0.5547046661376953,-1.0142183303833008,0.0
21.0,0.5593878030776978,-1.0116428136825562,0.0
21.0,0.5660107731819153,-1.0125372409820557,0.0
21.0,0.5706861019134521,-1.0099095106124878,0.0
21.0,0.5773331522941589,-1.0107336044311523,0.0
21.0,0.5819999575614929,-1.0080536603927612,0.0
21.0,0.5896783471107483,-1.0105341672897339,0.0
21.0,0.5963760614395142,-1.0112426280975342,0.0
21.0,0.6010450720787048,-1.008474588394165,0.0
21.0,0.6067330241203308,-1.0073981285095215,0.0
21.0,0.6113840937614441,-1.0045822858810425,0.0
21.0,0.6181174516677856,-1.0051521062850952,0.0
21.0,0.6227580308914185,-1.0022835731506348,0.0
21.0,0.631638765335083,-1.0061691999435425,0.0
21.0,0.6405686736106873,-1.0099939107894897,0.0
21.0,0.6452313661575317,-1.0070215463638306,0.0
21.0,0.6531406044960022,-1.0090645551681519,0.0
21.0,0.6577989459037781,-1.0060341358184814,0.0
21.0,0.6646475791931152,-1.0063197612762451,0.0
21.0,0.6726229190826416,-1.0082273483276367,0.0
21.0,0.677277147769928,-1.005106806755066,0.0
21.0,0.6841674447059631,-1.005271553993225,0.0
21.0,0.6888078451156616,-1.0020976066589355,0.0
21.0,0.6991361379623413,-1.0071169137954712,0.0
21.0,0.7037849426269531,-1.0038738250732422,0.0
21.0,0.7118856906890869,-1.005506157875061,0.0
21.0,0.7200165390968323,-1.0070850849151611,0.0
21.0,0.7246649265289307,-1.003745436668396,0.0
21.0,0.734010636806488,-1.0068488121032715,0.0
21.0,0.7386578321456909,-1.0034444332122803,0.0
21.0,0.7456753849983215,-1.0032289028167725,0.0
21.0,0.750305712223053,-0.9997706413269043,0.0
21.0,0.7597514986991882,-1.0026673078536987,0.0
21.0,0.7704552412033081,-1.0070862770080566,0.0
21.0,0.7751031517982483,-1.0035134553909302,0.0
21.0,0.784653902053833,-1.006227731704712,0.0
21.0,0.7892976999282837,-1.002589225769043,0.0
21.0,0.7989022135734558,-1.0051921606063843,0.0
21.0,0.8085475564002991,-1.0077276229858398,0.0
21.0,0.8131980299949646,-1.0039786100387573,0.0
21.0,0.8228949904441833,-1.0064014196395874,0.0
21.0,0.8275391459465027,-1.002586007118225,0.0
21.0,0.8385668992996216,-1.006432056427002,0.0
21.0,0.8432110548019409,-1.0025442838668823,0.0
21.0,0.8530148267745972,-1.0047335624694824,0.0
21.0,0.8628567457199097,-1.0068535804748535,0.0
21.0,0.8675025701522827,-1.002853512763977,0.0
21.0,0.8787069916725159,-1.0063647031784058,0.0
21.0,0.8833504319190979,-1.0022913217544556,0.0
21.0,0.8932921886444092,-1.004173755645752,0.0
21.0,0.904606282711029,-1.0074738264083862,0.0
21.0,0.9092545509338379,-1.0032806396484375,0.0
21.0,0.9206328392028809,-1.0064446926116943,0.0
21.0,0.9252762198448181,-1.0021775960922241,0.0
21.0,0.9367172122001648,-1.0052047967910767,0.0
21.0,0.9413546323776245,-1.0008633136749268,0.0
21.0,0.9542337656021118,-1.0052034854888916,0.0
21.0,0.9685564637184143,-1.0108898878097534,0.0
21.0,0.9732198715209961,-1.0064010620117188,0.0
21.0,0.9904349446296692,-1.0147721767425537,0.0
21.0,0.9951160550117493,-1.0101821422576904,0.0
21.0,1.0124669075012207,-1.018335223197937,0.0
21.0,1.0171642303466797,-1.0136433839797974,0.0
21.0,1.0346484184265137,-1.0215765237808228,0.0
21.0,1.039360523223877,-1.0167820453643799,0.0
21.0,1.0584113597869873,-1.0258855819702148,0.0
21.0,1.0804535150527954,-1.0376050472259521,0.0
21.0,1.0852391719818115,-1.032598614692688,0.0
21.0,1.1060097217559814,-1.0426613092422485,0.0
21.0,1.1108185052871704,-1.03753662109375,0.0
21.0,1.131750464439392,-1.0473322868347168,0.0
21.0,1.1365805864334106,-1.0420886278152466,0.0
21.0,1.160631537437439,-1.0543047189712524,0.0
21.0,1.1818461418151855,-1.063644528388977,0.0
21.0,1.186751127243042,-1.0581690073013306,0.0
21.0,1.2081187963485718,-1.0672361850738525,0.0
21.0,1.2130401134490967,-1.0616391897201538,0.0
21.0,1.233046293258667,-1.0691214799880981,0.0
21.0,1.2576987743377686,-1.0803507566452026,0.0
21.0,1.262680172920227,-1.0745244026184082,0.0
21.0,1.2890422344207764,-1.086722731590271,0.0
21.0,1.2940527200698853,-1.0807514190673828,0.0
21.0,1.1691758632659912,-0.9492438435554504,0.0
21.0,1.1735520362854004,-0.9438281655311584,0.0
21.0,1.177903175354004,-0.9383923411369324,0.0
21.0,1.1822291612625122,-0.932936429977417,0.0
21.0,1.2101658582687378,-0.945935845375061,0.0
21.0,1.2145262956619263,-0.9403306841850281,0.0
21.0,1.2442537546157837,-0.9541783928871155,0.0
21.0,1.2486519813537598,-0.9484155774116516,0.0
21.0,1.2753989696502686,-0.9594651460647583,0.0
21.0,1.2798212766647339,-0.9535582661628723,0.0
21.0,1.3067463636398315,-0.9642561078071594,0.0
21.0,1.3354120254516602,-0.9759050607681274,0.0
21.0,1.3399097919464111,-0.9697205424308777,0.0
21.0,1.3703885078430176,-0.9821563959121704,0.0
21.0,1.3749147653579712,-0.9758101105690002,0.0
21.0,1.405592679977417,-0.987842857837677,0.0
21.0,1.4101448059082031,-0.9813336730003357,0.0
21.0,1.4443105459213257,-0.9952301383018494,0.0
21.0,1.4703737497329712,-1.0031954050064087,0.0
21.0,1.4749962091445923,-0.9963865280151367,0.0
21.0,1.497874140739441,-1.0017869472503662,0.0
21.0,1.5024898052215576,-0.9948509931564331,0.0
21.0,1.527145266532898,-1.0010510683059692,0.0
21.0,1.5317572355270386,-0.993979811668396,0.0
21.0,1.5531636476516724,-0.997696578502655,0.0
21.0,1.5678861141204834,-0.9969438910484314,0.0
21.0,1.5724786520004272,-0.9896843433380127,0.0
21.0,1.573642373085022,-0.9802886247634888,0.0
21.0,1.5781577825546265,-0.9730026125907898,0.0
21.0,1.5758103132247925,-0.9615287780761719,0.0
21.0,1.580238938331604,-0.9542329907417297,0.0
21.0,1.5760496854782104,-0.9417871832847595,0.0
21.0,1.5735008716583252,-0.9304186105728149,0.0
21.0,1.5777857303619385,-0.9231337904930115,0.0
21.0,1.5768442153930664,-0.9128232598304749,0.0
21.0,1.581047773361206,-0.9055231213569641,0.0
21.0,1.5869574546813965,-0.8991896510124207,0.0
21.0,1.6050548553466797,-0.8996661305427551,0.0
21.0,1.6091971397399902,-0.8922357559204102,0.0
21.0,1.6308410167694092,-0.8944035172462463,0.0
21.0,1.6349587440490723,-0.8868539929389954,0.0
21.0,1.6549031734466553,-0.8877946734428406,0.0
21.0,1.6731243133544922,-0.8876324892044067,0.0
21.0,1.6772102117538452,-0.8798875212669373,0.0
21.0,1.6901371479034424,-0.8767284154891968,0.0
21.0,1.6941725015640259,-0.8689048886299133,0.0
21.0,1.4430891275405884,-0.7317224740982056,0.0
21.0,1.446456789970398,-0.7250427603721619,0.0
21.0,1.4497934579849243,-0.7183474898338318,0.0
21.0,1.4530991315841675,-0.7116368412971497,0.0
21.0,1.4772950410842896,-0.6982515454292297,0.0
21.0,1.480507493019104,-0.6914139986038208,0.0
21.0,1.4836883544921875,-0.6845616698265076,0.0
21.0,1.4868375062942505,-0.6776946783065796,0.0
21.0,1.5063680410385132,-0.6782028675079346,0.0
21.0,1.5222798585891724,-0.6769195199012756,0.0
21.0,1.5253932476043701,-0.6698742508888245,0.0
21.0,1.5431532859802246,-0.6691802144050598,0.0
21.0,1.546230673789978,-0.6620384454727173,0.0
21.0,1.5603280067443848,-0.6595547199249268,0.0
21.0,1.5633606910705566,-0.6523337364196777,0.0
21.0,1.5682092905044556,-0.6458603739738464,0.0
21.0,1.5656201839447021,-0.6363438963890076,0.0
21.0,1.5685455799102783,-0.629098653793335,0.0
21.0,1.565858244895935,-0.6196321845054626,0.0
21.0,1.5687062740325928,-0.6123860478401184,0.0
21.0,1.5659215450286865,-0.6029707193374634,0.0
21.0,1.5649532079696655,-0.5943043828010559,0.0
21.0,1.5676841735839844,-0.587062656879425,0.0
21.0,1.5647529363632202,-0.5777302384376526,0.0
21.0,1.567407250404358,-0.5704895853996277,0.0
21.0,1.5643805265426636,-0.5612107515335083,0.0
21.0,1.5631872415542603,-0.552638828754425,0.0
21.0,1.565725564956665,-0.5454056859016418,0.0
21.0,1.564447045326233,-0.5368626117706299,0.0
21.0,1.5669125318527222,-0.5296238660812378,0.0
21.0,1.563651442527771,-0.5204788446426392,0.0
21.0,1.566041111946106,-0.5132439136505127,0.0
21.0,1.564590573310852,-0.5047699213027954,0.0
21.0,1.5630950927734375,-0.4963202476501465,0.0
21.0,1.5653730630874634,-0.48908817768096924,0.0
21.0,1.5618822574615479,-0.48008278012275696,0.0
21.0,1.5640852451324463,-0.4728564918041229,0.0
21.0,1.5624206066131592,-0.46448028087615967,0.0
21.0,1.5607119798660278,-0.4561295807361603,0.0
21.0,1.5628042221069336,-0.4489089548587799,0.0
21.0,1.5629380941390991,-0.441135436296463,0.0
21.0,1.5649608373641968,-0.4339046776294708,0.0
21.0,1.5630908012390137,-0.42561376094818115,0.0
21.0,1.5611776113510132,-0.4173494279384613,0.0
21.0,1.5630905628204346,-0.41012707352638245,0.0
21.0,1.5591593980789185,-0.40140002965927124,0.0
21.0,1.560998558998108,-0.39418715238571167,0.0
21.0,1.5550388097763062,-0.38504305481910706,0.0
21.0,1.5451409816741943,-0.3750191032886505,0.0
21.0,1.546858310699463,-0.36787131428718567,0.0
21.0,1.5388033390045166,-0.35844704508781433,0.0
21.0,1.5404441356658936,-0.3513287305831909,0.0
21.0,1.5656156539916992,-0.14153344929218292,0.0
21.0,1.5662533044815063,-0.13429351150989532,0.0
21.0,1.5668574571609497,-0.1270507127046585,0.0
21.0,1.5674281120300293,-0.11980518698692322,0.0
21.0,1.5579909086227417,-0.11184109002351761,0.0
21.0,1.5584913492202759,-0.10463672131299973,0.0
21.0,1.5549662113189697,-0.09718061238527298,0.0
21.0,1.5553988218307495,-0.08999038487672806,0.0
21.0,1.5557982921600342,-0.08279823511838913,0.0
21.0,1.5621575117111206,-0.07589548081159592,0.0
21.0,1.5624916553497314,-0.06867223232984543,0.0
21.0,1.572784662246704,-0.06184040382504463,0.0
21.0,1.5730538368225098,-0.05456817150115967,0.0
21.0,1.5812857151031494,-0.047535158693790436,0.0
21.0,1.589486002922058,-0.04042718559503555,0.0
21.0,1.589655876159668,-0.033077966421842575,0.0
21.0,1.6017903089523315,-0.02592221461236477,0.0
21.0,1.6018929481506348,-0.018516264855861664,0.0
21.0,1.613961100578308,-0.011193138547241688,0.0
21.0,1.6139956712722778,-0.003731075907126069,0.0
21.0,1.6219956874847412,0.0037495605647563934,0.0
21.0,1.6319607496261597,0.011317960917949677,0.0
21.0,1.6318910121917725,0.018863001838326454,0.0
21.0,1.643784761428833,0.026601815596222878,0.0
21.0,1.6436442136764526,0.03420136123895645,0.0
21.0,1.6534652709960938,0.042054433375597,0.0
21.0,1.653253197669983,0.049698568880558014,0.0
21.0,1.6649985313415527,0.0577576644718647,0.0
21.0,1.6727075576782227,0.065769262611866,0.0
21.0,1.672385573387146,0.07350210845470428,0.0
21.0,1.4372888803482056,0.24487674236297607,0.0
21.0,1.4361413717269897,0.25151923298835754,0.0
21.0,1.4349631071090698,0.25815635919570923,0.0
21.0,1.4337542057037354,0.2647879719734192,0.0
21.0,1.4443050622940063,0.27364781498908997,0.0
21.0,1.4430243968963623,0.28032243251800537,0.0
21.0,1.4417129755020142,0.28699108958244324,0.0
21.0,1.4403706789016724,0.29365360736846924,0.0
21.0,1.452702283859253,0.3031699061393738,0.0
21.0,1.4669324159622192,0.31322410702705383,0.0
21.0,1.4654685258865356,0.320002943277359,0.0
21.0,1.4756851196289062,0.32938912510871887,0.0
21.0,1.4741464853286743,0.3362082540988922,0.0
21.0,1.4862112998962402,0.3461962938308716,0.0
21.0,1.4982149600982666,0.35630300641059875,0.0
21.0,1.4965516328811646,0.3632260262966156,0.0
21.0,1.5142699480056763,0.37494826316833496,0.0
21.0,1.5125203132629395,0.38194528222084045,0.0
21.0,1.533980369567871,0.3949177861213684,0.0
21.0,1.5321382284164429,0.40200570225715637,0.0
21.0,1.555381178855896,0.4157998561859131,0.0
21.0,1.5746692419052124,0.4287664294242859,0.0
21.0,1.5726701021194458,0.4360421299934387,0.0
21.0,1.5860357284545898,0.44765469431877136,0.0
21.0,1.583949089050293,0.454982727766037,0.0
21.0,1.5952664613723755,0.4662283658981323,0.0
21.0,1.5930938720703125,0.4735988974571228,0.0
21.0,1.6042882204055786,0.48501071333885193,0.0
21.0,1.617322564125061,0.49712368845939636,0.0
21.0,1.6150068044662476,0.5045958757400513,0.0
21.0,1.6260000467300415,0.5162941217422485,0.0
21.0,1.6235957145690918,0.5238062143325806,0.0
21.0,1.6344603300094604,0.5356671810150146,0.0
21.0,1.6319663524627686,0.543218195438385,0.0
21.0,1.6427001953125,0.5552404522895813,0.0
21.0,1.6533576250076294,0.567373514175415,0.0
21.0,1.650716781616211,0.5750115513801575,0.0
21.0,1.659354329109192,0.5866370797157288,0.0
21.0,1.656624436378479,0.5943025946617126,0.0
21.0,1.44148850440979,0.5246589183807373,0.0
21.0,1.45155930519104,0.5435765385627747,0.0
21.0,1.4490306377410889,0.550281822681427,0.0
21.0,1.4464709758758545,0.5569753050804138,0.0
21.0,1.4438804388046265,0.5636569261550903,0.0
21.0,1.4561365842819214,0.5762137770652771,0.0
21.0,1.4534568786621094,0.582939863204956,0.0
21.0,1.467421531677246,0.5964311361312866,0.0
21.0,1.4646482467651367,0.6032091975212097,0.0
21.0,1.478455662727356,0.616905927658081,0.0
21.0,1.4940094947814941,0.6315217018127441,0.0
21.0,1.491073727607727,0.6384223103523254,0.0
21.0,1.5064551830291748,0.6532662510871887,0.0
21.0,1.5034188032150269,0.6602241396903992,0.0
21.0,1.5186249017715454,0.6752942204475403,0.0
21.0,1.515486478805542,0.6823081970214844,0.0
21.0,1.525054931640625,0.695114016532898,0.0
21.0,1.5290889739990234,0.7055090665817261,0.0
21.0,1.525810718536377,0.7125710844993591,0.0
21.0,1.5279245376586914,0.7221818566322327,0.0
21.0,1.5245693922042847,0.7292382717132568,0.0
21.0,1.52658212184906,0.7388931512832642,0.0
21.0,1.530334234237671,0.7494617700576782,0.0
21.0,1.5268528461456299,0.7565290927886963,0.0
21.0,1.528702735900879,0.7662689089775085,0.0
21.0,1.5251436233520508,0.7733284831047058,0.0
21.0,1.5251110792160034,0.7821969389915466,0.0
21.0,1.5214784145355225,0.7892397046089172,0.0
21.0,1.523126482963562,0.7990530729293823,0.0
21.0,1.528249740600586,0.8107730150222778,0.0
21.0,1.5244848728179932,0.8178300261497498,0.0
21.0,1.5259613990783691,0.8277303576469421,0.0
21.0,1.5221182107925415,0.8347765803337097,0.0
21.0,1.5199916362762451,0.8427748680114746,0.0
21.0,1.517823576927185,0.8507711887359619,0.0
21.0,1.5138739347457886,0.8577795624732971,0.0
21.0,1.508156418800354,0.8637756705284119,0.0
21.0,1.504146695137024,0.8707391619682312,0.0
21.0,1.4811161756515503,0.8665741682052612,0.0
21.0,1.4770938158035278,0.8734126091003418,0.0
21.0,1.2494553327560425,1.1349912881851196,0.0
21.0,1.244194507598877,1.1407558917999268,0.0
21.0,1.2389070987701416,1.146496057510376,0.0
21.0,1.2335931062698364,1.1522116661071777,0.0
21.0,1.2166106700897217,1.1469274759292603,0.0
21.0,1.2112950086593628,1.1525399684906006,0.0
21.0,1.200183391571045,1.1525866985321045,0.0
21.0,1.194841742515564,1.158123254776001,0.0
21.0,1.185185432434082,1.159439206123352,0.0
21.0,1.1755427122116089,1.1606907844543457,0.0
21.0,1.170163869857788,1.1661133766174316,0.0
21.0,1.1562992334365845,1.163001298904419,0.0
21.0,1.1509099006652832,1.1683348417282104,0.0
21.0,1.1315265893936157,1.1593307256698608,0.0
21.0,0.9651932716369629,1.2861050367355347,0.0
21.0,0.9592368602752686,1.2905536890029907,0.0
21.0,0.9532598853111267,1.2949748039245605,0.0
21.0,0.9472625255584717,1.2993682622909546,0.0
21.0,0.9317176342010498,1.30319082736969,0.0
21.0,0.925682544708252,1.30748450756073,0.0
21.0,0.9196276664733887,1.3117502927780151,0.0
21.0,0.9135531187057495,1.3159880638122559,0.0
21.0,0.9040603041648865,1.3152531385421753,0.0
21.0,0.8979697227478027,1.3194189071655273,0.0
21.0,0.8907423615455627,1.3218978643417358,0.0
21.0,0.8835113048553467,1.3243381977081299,0.0
21.0,0.8773789405822754,1.3284088373184204,0.0
21.0,0.8701333403587341,1.3307772874832153,0.0
21.0,0.8639713525772095,1.3347859382629395,0.0
21.0,0.8567119836807251,1.3370821475982666,0.0
21.0,0.8505209684371948,1.3410288095474243,0.0
21.0,0.8443118333816528,1.3449467420578003,0.0
21.0,0.8380845785140991,1.3488359451293945,0.0
21.0,0.8318394422531128,1.3526962995529175,0.0
21.0,0.8255765438079834,1.3565278053283691,0.0
21.0,0.8182640671730042,1.358616828918457,0.0
21.0,0.8119739294052124,1.3623855113983154,0.0
21.0,0.805666446685791,1.3661249876022339,0.0
21.0,0.7993417382240295,1.3698352575302124,0.0
21.0,0.7929999232292175,1.373516321182251,0.0
21.0,0.7866411805152893,1.3771679401397705,0.0
21.0,0.7802656292915344,1.380790114402771,0.0
21.0,0.7728975415229797,1.3826371431350708,0.0
21.0,0.7664967775344849,1.3861957788467407,0.0
21.0,0.7600797414779663,1.3897247314453125,0.0
21.0,0.7536463737487793,1.3932240009307861,0.0
21.0,0.7481403350830078,1.3984569311141968,0.0
21.0,0.7416667342185974,1.4019010066986084,0.0
21.0,0.7351773381233215,1.4053149223327637,0.0
21.0,0.484250009059906,0.9361720085144043,0.0
21.0,0.4799165427684784,0.9384008646011353,0.0
21.0,0.4739013910293579,0.948165237903595,0.0
21.0,0.46951261162757874,0.9503461122512817,0.0
21.0,0.4651137888431549,0.9525067210197449,0.0
21.0,0.460705041885376,0.9546469449996948,0.0
21.0,0.455425500869751,0.9549615383148193,0.0
21.0,0.4510054886341095,0.9570569396018982,0.0
21.0,0.4448874890804291,0.9555057287216187,0.0
21.0,0.4371218979358673,0.9502844214439392,0.0
21.0,0.4327237010002136,0.9522952437400818,0.0
21.0,0.4274972975254059,0.9524610638618469,0.0
21.0,0.4230891466140747,0.9544273614883423,0.0
21.0,0.4162657856941223,0.9508768320083618,0.0
21.0,0.41027793288230896,0.9491196274757385,0.0
21.0,0.4058854281902313,0.9510063529014587,0.0
21.0,0.4007076323032379,0.9510295987129211,0.0
21.0,0.3963063955307007,0.9528720378875732,0.0
21.0,0.3903777003288269,0.9509938359260559,0.0
21.0,0.38447490334510803,0.9490812420845032,0.0
21.0,0.3800828456878662,0.9508486390113831,0.0
21.0,0.3749488592147827,0.9507350921630859,0.0
21.0,0.3705492615699768,0.9524585008621216,0.0
21.0,0.36470869183540344,0.9504270553588867,0.0
21.0,0.35889488458633423,0.9483620524406433,0.0
21.0,0.35450640320777893,0.9500111937522888,0.0
21.0,0.3494197726249695,0.9497630000114441,0.0
21.0,0.3450249433517456,0.9513683319091797,0.0
21.0,0.3399495482444763,0.9510700702667236,0.0
21.0,0.33421990275382996,0.9488588571548462,0.0
21.0,0.3298293948173523,0.9503939747810364,0.0
21.0,0.3247848153114319,0.9500161409378052,0.0
21.0,0.320389062166214,0.9515076279640198,0.0
21.0,0.3147275745868683,0.9491820335388184,0.0
21.0,0.30909445881843567,0.9468244910240173,0.0
21.0,0.304713636636734,0.9482434391975403,0.0
21.0,0.29972323775291443,0.9477351903915405,0.0
21.0,0.29533830285072327,0.9491108059883118,0.0
21.0,0.2903616428375244,0.9485536813735962,0.0
21.0,0.2859730124473572,0.9498860239982605,0.0
21.0,0.28044286370277405,0.9473625421524048,0.0
21.0,0.2755010426044464,0.9467286467552185,0.0
21.0,0.2711210250854492,0.9479922652244568,0.0
21.0,0.2661941647529602,0.9473102688789368,0.0
21.0,0.2618115544319153,0.9485308527946472,0.0
21.0,0.2569001317024231,0.9478007555007935,0.0
21.0,0.2520010471343994,0.9470456838607788,0.0
21.0,0.24761982262134552,0.9482006430625916,0.0
21.0,0.24273689091205597,0.9473978877067566,0.0
21.0,0.23835411667823792,0.9485100507736206,0.0
21.0,0.2334877997636795,0.947659969329834,0.0
21.0,0.22863443195819855,0.9467852115631104,0.0
21.0,0.22425465285778046,0.9478321671485901,0.0
21.0,0.21896712481975555,0.9449621438980103,0.0
21.0,0.21459588408470154,0.9459643959999084,0.0
21.0,0.21022003889083862,0.9469464421272278,0.0
21.0,0.2054152935743332,0.9459537863731384,0.0
21.0,0.20103959739208221,0.9468933939933777,0.0
21.0,0.19625328481197357,0.9458544850349426,0.0
21.0,0.19187815487384796,0.9467517137527466,0.0
21.0,0.18711072206497192,0.9456667304039001,0.0
21.0,0.18235743045806885,0.9445579648017883,0.0
21.0,0.1779884397983551,0.9453909993171692,0.0
21.0,0.17325468361377716,0.9442366361618042,0.0
21.0,0.16888727247714996,0.9450275301933289,0.0
21.0,0.16417351365089417,0.9438278675079346,0.0
21.0,0.15980809926986694,0.9445767998695374,0.0
21.0,0.15543925762176514,0.945305585861206,0.0
21.0,0.15075170993804932,0.9440391063690186,0.0
21.0,0.14638546109199524,0.9447259902954102,0.0
21.0,0.14201606810092926,0.9453927278518677,0.0
21.0,0.13764365017414093,0.9460391998291016,0.0
21.0,0.1332682967185974,0.9466654658317566,0.0
21.0,0.1286204308271408,0.9452897906303406,0.0
21.0,0.12424863874912262,0.9458743333816528,0.0
21.0,0.11962287127971649,0.944454550743103,0.0
21.0,0.11525502800941467,0.9449975490570068,0.0
21.0,0.11065176874399185,0.9435338973999023,0.0
21.0,0.10628827661275864,0.9440353512763977,0.0
21.0,0.10170794278383255,0.942528247833252,0.0
21.0,0.09734919667243958,0.942988395690918,0.0
21.0,0.09298837184906006,0.9434283971786499,0.0
21.0,0.08862555772066116,0.9438482522964478,0.0
21.0,0.08426084369421005,0.9442479014396667,0.0
21.0,0.07972577959299088,0.9426344633102417,0.0
21.0,0.0753667801618576,0.9429929852485657,0.0
21.0,0.0710061639547348,0.9433313608169556,0.0
21.0,0.06664403527975082,0.9436495900154114,0.0
21.0,0.062280476093292236,0.9439476132392883,0.0
21.0,0.05779314786195755,0.9422292709350586,0.0
21.0,0.05343625321984291,0.9424864053726196,0.0
21.0,0.049078214913606644,0.9427233338356018,0.0
21.0,0.04471912980079651,0.9429401755332947,0.0
21.0,0.04035909101366997,0.9431368708610535,0.0
21.0,0.035921916365623474,0.9413148164749146,0.0
21.0,0.03156948462128639,0.9414708018302917,0.0
21.0,0.02721637673676014,0.9416067004203796,0.0
21.0,0.022862685844302177,0.9417225122451782,0.0
21.0,0.018508508801460266,0.941818118095398,0.0
21.0,0.014153935015201569,0.9418936371803284,0.0
21.0,0.009799058549106121,0.9419490098953247,0.0
21.0,0.005443972535431385,0.941984236240387,0.0
21.0,0.0010887705720961094,0.9419993162155151,0.0
21.0,-0.0032664549071341753,0.941994309425354,0.0
21.0,-0.007621610537171364,0.9419691562652588,0.0
21.0,-0.011976603418588638,0.9419238567352295,0.0
21.0,-0.016296666115522385,0.9398587346076965,0.0
21.0,-0.020685726776719093,0.9417728185653687,0.0
21.0,-0.0250396728515625,0.9416671395301819,0.0
21.0,-0.029393082484602928,0.941541314125061,0.0
21.0,-0.033745866268873215,0.9413953423500061,0.0
21.0,-0.03809792548418045,0.9412292242050171,0.0
21.0,-0.04244917258620262,0.9410430192947388,0.0
21.0,-0.04679951071739197,0.9408367276191711,0.0
21.0,-0.05114884674549103,0.9406102895736694,0.0
21.0,-0.05549709498882294,0.9403637647628784,0.0
21.0,-0.05984415113925934,0.9400971531867981,0.0
21.0,-0.06418993324041367,0.9398103952407837,0.0
21.0,-0.06853433698415756,0.9395036101341248,0.0
21.0,-0.07287728041410446,0.9391766786575317,0.0
21.0,-0.0772186666727066,0.9388297200202942,0.0
21.0,-0.08173156529664993,0.9404551982879639,0.0
21.0,-0.08607876300811768,0.9400672912597656,0.0
21.0,-0.09042412787675858,0.9396592378616333,0.0
21.0,-0.09476755559444427,0.9392311573028564,0.0
21.0,-0.09910895675420761,0.9387829303741455,0.0
21.0,-0.10366740822792053,0.9403026103973389,0.0
21.0,-0.10801366716623306,0.9398132562637329,0.0
21.0,-0.11235762387514114,0.9393038749694824,0.0
21.0,-0.11669917404651642,0.9387743473052979,0.0
21.0,-0.12103822827339172,0.9382247924804688,0.0
21.0,-0.12563976645469666,0.9396375417709351,0.0
21.0,-0.12998270988464355,0.9390466213226318,0.0
21.0,-0.1343228816986084,0.9384356141090393,0.0
21.0,-0.13866019248962402,0.9378045797348022,0.0
21.0,-0.14329619705677032,0.9391305446624756,0.0
21.0,-0.14763662219047546,0.9384579658508301,0.0
21.0,-0.1522938311100006,0.9397396445274353,0.0
21.0,-0.15663696825504303,0.9390255212783813,0.0
21.0,-0.16097676753997803,0.9382912516593933,0.0
21.0,-0.16566039621829987,0.9395065903663635,0.0
21.0,-0.17000232636928558,0.9387306571006775,0.0
21.0,-0.1743406057357788,0.9379346370697021,0.0
21.0,-0.17904974520206451,0.9390831589698792,0.0
21.0,-0.1833895593881607,0.9382452964782715,0.0
21.0,-0.188510924577713,0.9413095116615295,0.0
21.0,-0.1928609311580658,0.9404278993606567,0.0
21.0,-0.19720681011676788,0.9395262002944946,0.0
21.0,-0.2015484869480133,0.9386043548583984,0.0
21.0,-0.2058858424425125,0.9376624822616577,0.0
21.0,-0.2106567770242691,0.9386520981788635,0.0
21.0,-0.21499426662921906,0.9376680850982666,0.0
21.0,-0.22023911774158478,0.9405587315559387,0.0
21.0,-0.22458532452583313,0.9395304322242737,0.0
21.0,-0.22940067946910858,0.9404250979423523,0.0
21.0,-0.23374615609645844,0.939354419708252,0.0
21.0,-0.23808665573596954,0.9382636547088623,0.0
21.0,-0.24292293190956116,0.9390891790390015,0.0
21.0,-0.24726209044456482,0.9379560351371765,0.0
21.0,-0.25159597396850586,0.9368028044700623,0.0
21.0,-0.2559244632720947,0.9356296062469482,0.0
21.0,-0.26132068037986755,0.9382896423339844,0.0
21.0,-0.2662014365196228,0.9389956593513489,0.0
21.0,-0.27053990960121155,0.9377548694610596,0.0
21.0,-0.2754358649253845,0.9384130239486694,0.0
21.0,-0.2797715663909912,0.937129557132721,0.0
21.0,-0.2846822738647461,0.9377398490905762,0.0
21.0,-0.2896045744419098,0.9383246898651123,0.0
21.0,-0.2939396798610687,0.9369757175445557,0.0
21.0,-0.298876017332077,0.937512218952179,0.0
21.0,-0.30320730805397034,0.9361203908920288,0.0
21.0,-0.30815714597702026,0.9366083145141602,0.0
21.0,-0.31248414516448975,0.9351736307144165,0.0
21.0,-0.31744706630706787,0.9356127977371216,0.0
21.0,-0.32242071628570557,0.9360260963439941,0.0
21.0,-0.32674485445022583,0.9345254302024841,0.0
21.0,-0.3323996663093567,0.936774492263794,0.0
21.0,-0.33672717213630676,0.9352276921272278,0.0
21.0,-0.3417336642742157,0.9355394840240479,0.0
21.0,-0.34605535864830017,0.9339494705200195,0.0
21.0,-0.3510732352733612,0.934211790561676,0.0
21.0,-0.3561008870601654,0.9344475269317627,0.0
21.0,-0.36041736602783203,0.9327911138534546,0.0
21.0,-0.3669145405292511,0.9367015361785889,0.0
21.0,-0.37124133110046387,0.934995174407959,0.0
21.0,-0.37705346941947937,0.9369795322418213,0.0
21.0,-0.38213664293289185,0.9370781779289246,0.0
21.0,-0.38646501302719116,0.9353014230728149,0.0
21.0,-0.39232975244522095,0.9371944665908813,0.0
21.0,-0.3966585695743561,0.9353705644607544,0.0
21.0,-0.40176820755004883,0.9353642463684082,0.0
21.0,-0.4060884416103363,0.9334967732429504,0.0
21.0,-0.41201257705688477,0.9352697730064392,0.0
21.0,-0.41714704036712646,0.9351814985275269,0.0
21.0,-0.42146629095077515,0.9332428574562073,0.0
21.0,-0.4274396598339081,0.9349220991134644,0.0
21.0,-0.4317575991153717,0.932935893535614,0.0
21.0,-0.4377630352973938,0.934552013874054,0.0
21.0,-0.4420791268348694,0.9325180649757385,0.0
21.0,-0.4472509026527405,0.9322674870491028,0.0
21.0,-0.45417657494544983,0.9355872869491577,0.0
21.0,-0.4584972858428955,0.9334774613380432,0.0
21.0,-0.4645882546901703,0.9349298477172852,0.0
21.0,-0.46890580654144287,0.9327718615531921,0.0
21.0,-0.4741199016571045,0.9323767423629761,0.0
21.0,-0.4811698794364929,0.9355103373527527,0.0
21.0,-0.48548996448516846,0.9332757592201233,0.0
21.0,-0.4916619658470154,0.9345611333847046,0.0
21.0,-0.4959775507450104,0.9322779774665833,0.0
21.0,-0.5021774768829346,0.9334975481033325,0.0
21.0,-0.506488025188446,0.9311658143997192,0.0
21.0,-1.1163995265960693,1.9650068283081055,0.0
21.0,-1.1254725456237793,1.9598243236541748,0.0
21.0,-1.1345216035842896,1.9545998573303223,0.0
21.0,-1.143546223640442,1.949333667755127,0.0
21.0,-1.1566263437271118,1.9509072303771973,0.0
21.0,-1.1656336784362793,1.945538878440857,0.0
21.0,-1.1808311939239502,1.9503942728042603,0.0
21.0,-1.1898359060287476,1.9449139833450317,0.0
21.0,-1.203021764755249,1.9461971521377563,0.0
21.0,-1.2120068073272705,1.9406143426895142,0.0
21.0,-1.2273696660995483,1.9451384544372559,0.0
21.0,-1.2406500577926636,1.946189045906067,0.0
21.0,-1.2496347427368164,1.9404323101043701,0.0
21.0,-1.265136480331421,1.944692611694336,0.0
21.0,-1.2741140127182007,1.938822627067566,0.0
21.0,-1.2897008657455444,1.9429091215133667,0.0
21.0,-1.3053525686264038,1.9468926191329956,0.0
21.0,-1.3143398761749268,1.9408366680145264,0.0
21.0,-1.3300734758377075,1.9446439743041992,0.0
21.0,-1.3390501737594604,1.9384738206863403,0.0
21.0,-1.3548640012741089,1.9421039819717407,0.0
21.0,-1.3707399368286133,1.9456291198730469,0.0
21.0,-1.379720687866211,1.9392708539962769,0.0
21.0,-1.3956735134124756,1.942616581916809,0.0
21.0,-1.4046399593353271,1.936143159866333,0.0
21.0,-1.420668125152588,1.939308762550354,0.0
21.0,-1.4296190738677979,1.9327197074890137,0.0
21.0,-1.4481137990951538,1.9389086961746216,0.0
21.0,-1.4642876386642456,1.941773772239685,0.0
21.0,-1.4732495546340942,1.9349831342697144,0.0
21.0,-1.4894933700561523,1.9376649856567383,0.0
21.0,-1.4984359741210938,1.930757761001587,0.0
21.0,-1.5147476196289062,1.9332553148269653,0.0
21.0,-1.5236696004867554,1.9262313842773438,0.0
21.0,-1.5325590372085571,1.9191663265228271,0.0
21.0,-1.5288634300231934,1.8964897394180298,0.0
21.0,-1.5376152992248535,1.8894009590148926,0.0
21.0,-1.5310993194580078,1.86372709274292,0.0
21.0,-1.521825909614563,1.8350754976272583,0.0
21.0,-1.5302939414978027,1.8280199766159058,0.0
21.0,-1.5232385396957397,1.80259370803833,0.0
21.0,-1.531556248664856,1.7955318689346313,0.0
21.0,-1.5241819620132446,1.7702443599700928,0.0
21.0,-1.5323501825332642,1.7631785869598389,0.0
21.0,-1.5246587991714478,1.7380332946777344,0.0
21.0,-1.516767978668213,1.7129971981048584,0.0
21.0,-1.5246715545654297,1.7059663534164429,0.0
21.0,-1.5164668560028076,1.6810781955718994,0.0
21.0,-1.5242228507995605,1.6740490198135376,0.0
21.0,-1.5184133052825928,1.6522581577301025,0.0
21.0,-1.5124350786209106,1.6305570602416992,0.0
21.0,-1.5199575424194336,1.623547077178955,0.0
21.0,-1.5137115716934204,1.6019654273986816,0.0
21.0,-1.5211018323898315,1.5949499607086182,0.0
21.0,-1.5118157863616943,1.570609211921692,0.0
21.0,-1.505124807357788,1.549257755279541,0.0
21.0,-1.512271523475647,1.5422824621200562,0.0
21.0,-1.5053175687789917,1.5210586786270142,0.0
21.0,-1.512333869934082,1.5140827894210815,0.0
21.0,-1.5079585313796997,1.4958065748214722,0.0
21.0,-1.500593900680542,1.4747997522354126,0.0
21.0,-1.5073963403701782,1.4678462743759155,0.0
21.0,-1.5026520490646362,1.4497520923614502,0.0
21.0,-1.5093387365341187,1.4427891969680786,0.0
21.0,-1.5043762922286987,1.4247932434082031,0.0
21.0,-1.4963631629943848,1.4041372537612915,0.0
21.0,-1.5028390884399414,1.397204041481018,0.0
21.0,-1.4989855289459229,1.3807557821273804,0.0
21.0,-1.505353331565857,1.3738106489181519,0.0
21.0,-1.4998208284378052,1.3561054468154907,0.0
21.0,-1.494157075881958,1.338480830192566,0.0
21.0,-1.5003293752670288,1.3315584659576416,0.0
21.0,-1.4944539070129395,1.3140424489974976,0.0
21.0,-1.5005131959915161,1.3071190118789673,0.0
21.0,-1.4944275617599487,1.289713978767395,0.0
21.0,-1.4912536144256592,1.274992823600769,0.0
21.0,-1.497132420539856,1.2680845260620117,0.0
21.0,-1.492254614830017,1.2521501779556274,0.0
21.0,-1.4980278015136719,1.2452374696731567,0.0
21.0,-1.4929616451263428,1.2293988466262817,0.0
21.0,-1.4986296892166138,1.2224831581115723,0.0
21.0,-1.4949320554733276,1.2079992294311523,0.0
21.0,-1.4895713329315186,1.1923259496688843,0.0
21.0,-1.4950679540634155,1.1854263544082642,0.0
21.0,-1.4895225763320923,1.1698541641235352,0.0
21.0,-1.494915246963501,1.1629550457000732,0.0
21.0,-1.4891862869262695,1.1474859714508057,0.0
21.0,-1.483346700668335,1.1320949792861938,0.0
21.0,-1.4885648488998413,1.1252247095108032,0.0
21.0,-1.484145164489746,1.1111387014389038,0.0
21.0,-1.4892665147781372,1.1042649745941162,0.0
21.0,-1.484683871269226,1.090265154838562,0.0
21.0,-1.4816211462020874,1.0775076150894165,0.0
21.0,-1.4865870475769043,1.070646047592163,0.0
21.0,-1.4817514419555664,1.0567936897277832,0.0
21.0,-1.4866214990615845,1.0499316453933716,0.0
21.0,-1.481626033782959,1.0361700057983398,0.0
21.0,-1.4798238277435303,1.024754285812378,0.0
21.0,-1.4845458269119263,1.0179016590118408,0.0
21.0,-1.4809625148773193,1.0054103136062622,0.0
21.0,-1.4855951070785522,0.9985525012016296,0.0
21.0,-1.480205774307251,0.9850252866744995,0.0
21.0,-1.476393461227417,0.9726697206497192,0.0
21.0,-1.4808746576309204,0.9658334255218506,0.0
21.0,-1.4769231081008911,0.9535523653030396,0.0
21.0,-1.4813159704208374,0.9467138051986694,0.0
21.0,-1.4772262573242188,0.9345088601112366,0.0
21.0,-1.471360206604004,0.9213006496429443,0.0
21.0,-1.4756040573120117,0.9144881367683411,0.0
21.0,-1.4729969501495361,0.903473436832428,0.0
21.0,-1.4771583080291748,0.8966535329818726,0.0
21.0,-1.4727157354354858,0.8846651315689087,0.0
21.0,-1.4681941270828247,0.8727369904518127,0.0
21.0,-1.4722133874893188,0.8659396767616272,0.0
21.0,-1.4692870378494263,0.8550998568534851,0.0
21.0,-1.4732247591018677,0.848297655582428,0.0
21.0,-1.4719176292419434,0.8385074138641357,0.0
21.0,-1.467066764831543,0.8267835974693298,0.0
21.0,-1.4708735942840576,0.819991946220398,0.0
21.0,-1.4676436185836792,0.8093196749687195,0.0
21.0,-1.4713696241378784,0.8025255799293518,0.0
21.0,-1.468023419380188,0.7919161319732666,0.0
21.0,-1.47166907787323,0.78512042760849,0.0
21.0,-1.4682074785232544,0.7745750546455383,0.0
21.0,-1.4646800756454468,0.7640785574913025,0.0
21.0,-1.4681971073150635,0.7572986483573914,0.0
21.0,-1.4645559787750244,0.7468681931495667,0.0
21.0,-1.4679933786392212,0.7400889992713928,0.0
21.0,-1.4660292863845825,0.7306177616119385,0.0
21.0,-1.4622149467468262,0.7202967405319214,0.0
21.0,-1.4655295610427856,0.7135286927223206,0.0
21.0,-1.4598016738891602,0.7024095058441162,0.0
21.0,-1.4630335569381714,0.6956527829170227,0.0
21.0,-1.4608036279678345,0.6863297820091248,0.0
21.0,-1.4585189819335938,0.6770423650741577,0.0
21.0,-1.4616336822509766,0.6702918410301208,0.0
21.0,-1.4592516422271729,0.6610511541366577,0.0
21.0,-1.4622923135757446,0.654297411441803,0.0
21.0,-1.4598137140274048,0.6451044678688049,0.0
21.0,-1.4572815895080566,0.6359485387802124,0.0
21.0,-1.4602062702178955,0.6292042136192322,0.0
21.0,-1.4557381868362427,0.6193145513534546,0.0
21.0,-1.4585858583450317,0.6125775575637817,0.0
21.0,-1.4558597803115845,0.603529691696167,0.0
21.0,-1.453081488609314,0.5945202112197876,0.0
21.0,-1.4558147192001343,0.5877957344055176,0.0
21.0,-1.4529427289962769,0.578838050365448,0.0
21.0,-1.4556033611297607,0.5721144080162048,0.0
21.0,-1.4545032978057861,0.563932478427887,0.0
21.0,-1.4570950269699097,0.5572017431259155,0.0
21.0,-1.4540417194366455,0.5483419299125671,0.0
21.0,-1.4509375095367432,0.5395223498344421,0.0
21.0,-1.453416347503662,0.5328083634376526,0.0
21.0,-1.4521023035049438,0.5247235894203186,0.0
21.0,-1.4545128345489502,0.5180043578147888,0.0
21.0,-1.4512306451797485,0.5092872381210327,0.0
21.0,-1.4497894048690796,0.5012651681900024,0.0
21.0,-1.4520914554595947,0.49455690383911133,0.0
21.0,-1.448673963546753,0.485929936170578,0.0
21.0,-1.4509050846099854,0.4792269766330719,0.0
21.0,-1.4473992586135864,0.4706583619117737,0.0
21.0,-1.443845510482788,0.46213245391845703,0.0
21.0,-1.4459666013717651,0.4554520845413208,0.0
21.0,-1.444236159324646,0.44757789373397827,0.0
21.0,-1.4462900161743164,0.44089585542678833,0.0
21.0,-1.4463971853256226,0.4336300790309906,0.0
21.0,-1.4445499181747437,0.42580726742744446,0.0
21.0,-1.4465030431747437,0.4191240072250366,0.0
21.0,-1.4426547288894653,0.4107886552810669,0.0
21.0,-1.4445385932922363,0.40411433577537537,0.0
21.0,-1.4425344467163086,0.3963715732097626,0.0
21.0,-1.440489649772644,0.38865596055984497,0.0
21.0,-1.4422712326049805,0.3819918930530548,0.0
21.0,-1.440150499343872,0.37431344389915466,0.0
21.0,-1.4418656826019287,0.367651104927063,0.0
21.0,-1.4416097402572632,0.3604956567287445,0.0
21.0,-1.4432610273361206,0.35382673144340515,0.0
21.0,-1.4409922361373901,0.34621575474739075,0.0
21.0,-1.4406307935714722,0.33909159898757935,0.0
21.0,-1.4421831369400024,0.33242738246917725,0.0
21.0,-1.439802646636963,0.3248756527900696,0.0
21.0,-1.4412893056869507,0.31821542978286743,0.0
21.0,-1.436880350112915,0.31028199195861816,0.0
21.0,-1.436342716217041,0.30322232842445374,0.0
21.0,-1.4377292394638062,0.2965783476829529,0.0
21.0,-1.4351638555526733,0.28913798928260803,0.0
21.0,-1.4364852905273438,0.28249961137771606,0.0
21.0,-1.4358118772506714,0.275478333234787,0.0
21.0,-1.435104250907898,0.26846933364868164,0.0
21.0,-1.4363301992416382,0.26183146238327026,0.0
21.0,-1.4355560541152954,0.25483837723731995,0.0
21.0,-1.4367189407348633,0.24819853901863098,0.0
21.0,-1.4339064359664917,0.2408907115459442,0.0
21.0,-1.4350048303604126,0.23425865173339844,0.0
21.0,-1.4340972900390625,0.2273084968328476,0.0
21.0,-1.4311792850494385,0.22006776928901672,0.0
21.0,-1.4321813583374023,0.21344853937625885,0.0
21.0,-1.4311734437942505,0.2065390944480896,0.0
21.0,-1.4321130514144897,0.19992002844810486,0.0
21.0,-1.4310400485992432,0.19302935898303986,0.0
21.0,-1.429934024810791,0.1861528754234314,0.0
21.0,-1.4307793378829956,0.1795397698879242,0.0
21.0,-1.4296085834503174,0.172682985663414,0.0
21.0,-1.4303916692733765,0.16607153415679932,0.0
21.0,-1.4291564226150513,0.15923504531383514,0.0
21.0,-1.4278886318206787,0.15241354703903198,0.0
21.0,-1.4285781383514404,0.14581026136875153,0.0
21.0,-1.4292370080947876,0.13920384645462036,0.0
21.0,-1.4298652410507202,0.13259446620941162,0.0
21.0,-1.4284707307815552,0.1258067935705185,0.0
21.0,-1.4270440340042114,0.11903484910726547,0.0
21.0,-1.4275791645050049,0.11243581771850586,0.0
21.0,-1.4280837774276733,0.10583438724279404,0.0
21.0,-1.4285577535629272,0.09923069179058075,0.0
21.0,-1.427005410194397,0.09249550849199295,0.0
21.0,-1.4274177551269531,0.08589693903923035,0.0
21.0,-1.4258028268814087,0.07918563485145569,0.0
21.0,-1.4241563081741333,0.0724911019206047,0.0
21.0,-1.424476146697998,0.06590592116117477,0.0
21.0,-1.424765706062317,0.05931933596730232,0.0
21.0,-1.4250247478485107,0.0527314767241478,0.0
21.0,-1.423254370689392,0.04607778042554855,0.0
21.0,-1.4234521389007568,0.039497051388025284,0.0
21.0,-1.4236195087432861,0.03291548043489456,0.0
21.0,-1.42375648021698,0.02633320540189743,0.0
21.0,-1.4238630533218384,0.01975036785006523,0.0
21.0,-1.4239391088485718,0.013167107477784157,0.0
21.0,-1.4219849109649658,0.006574319209903479,0.0
21.0,-1.4220000505447388,-1.1636915075996512e-07,0.0
22.0,-1.4199999570846558,1.2414034245011862e-07,0.0
22.0,-1.4199848175048828,-0.006565064657479525,0.0
22.0,-1.4199392795562744,-0.013130112551152706,0.0
22.0,-1.4198633432388306,-0.01969487965106964,0.0
22.0,-1.4197571277618408,-0.026259226724505424,0.0
22.0,-1.4196205139160156,-0.03282301127910614,0.0
22.0,-1.417454481124878,-0.0393306240439415,0.0
22.0,-1.4172574281692505,-0.04588362202048302,0.0
22.0,-1.4190287590026855,-0.052509598433971405,0.0
22.0,-1.4187707901000977,-0.05906973406672478,0.0
22.0,-1.420480489730835,-0.0657210499048233,0.0
22.0,-1.420161485671997,-0.07228775322437286,0.0
22.0,-1.4198120832443237,-0.07885292172431946,0.0
22.0,-1.4194324016571045,-0.08541639894247055,0.0
22.0,-1.4190223217010498,-0.0919780507683754,0.0
22.0,-1.4185818433761597,-0.09853773564100266,0.0
22.0,-1.4181110858917236,-0.10509531199932098,0.0
22.0,-1.4176100492477417,-0.11165064573287964,0.0
22.0,-1.4190717935562134,-0.11836984008550644,0.0
22.0,-1.4185093641281128,-0.12492947280406952,0.0
22.0,-1.4179165363311768,-0.1314864307641983,0.0
22.0,-1.4172935485839844,-0.13804058730602264,0.0
22.0,-1.4166401624679565,-0.1445917785167694,0.0
22.0,-1.4159564971923828,-0.15113988518714905,0.0
22.0,-1.4152425527572632,-0.15768477320671082,0.0
22.0,-1.4144984483718872,-0.16422627866268158,0.0
22.0,-1.4137240648269653,-0.1707642823457718,0.0
22.0,-1.4129194021224976,-0.1772986203432083,0.0
22.0,-1.4160510301589966,-0.184345543384552,0.0
22.0,-1.415183663368225,-0.19089050590991974,0.0
22.0,-1.416266679763794,-0.1977079063653946,0.0
22.0,-1.4153375625610352,-0.20425371825695038,0.0
22.0,-1.414378046989441,-0.21079516410827637,0.0
22.0,-1.4133883714675903,-0.21733210980892181,0.0
22.0,-1.4123684167861938,-0.22386440634727478,0.0
22.0,-1.4132922887802124,-0.23071415722370148,0.0
22.0,-1.4141827821731567,-0.23757721483707428,0.0
22.0,-1.4130693674087524,-0.24411296844482422,0.0
22.0,-1.413894772529602,-0.2509930729866028,0.0
22.0,-1.4127192497253418,-0.25752735137939453,0.0
22.0,-1.4134793281555176,-0.2644239068031311,0.0
22.0,-1.4122416973114014,-0.2709560990333557,0.0
22.0,-1.4109739065170288,-0.2774825394153595,0.0
22.0,-1.4116365909576416,-0.28439804911613464,0.0
22.0,-1.410306692123413,-0.29092150926589966,0.0
22.0,-1.4109033346176147,-0.29785189032554626,0.0
22.0,-1.4095112085342407,-0.30437183380126953,0.0
22.0,-1.4100419282913208,-0.31131646037101746,0.0
22.0,-1.4105384349822998,-0.31827250123023987,0.0
22.0,-1.409051775932312,-0.3247905373573303,0.0
22.0,-1.4114288091659546,-0.33221811056137085,0.0
22.0,-1.4098777770996094,-0.33874011039733887,0.0
22.0,-1.4102389812469482,-0.34573110938072205,0.0
22.0,-1.4086254835128784,-0.3522474765777588,0.0
22.0,-1.4089198112487793,-0.3592504560947418,0.0
22.0,-1.409179449081421,-0.36626365780830383,0.0
22.0,-1.4074710607528687,-0.3727749288082123,0.0
22.0,-1.4076634645462036,-0.3797991871833801,0.0
22.0,-1.4058924913406372,-0.38630327582359314,0.0
22.0,-1.406017541885376,-0.3933379352092743,0.0
22.0,-1.4080309867858887,-0.400929719209671,0.0
22.0,-1.4061622619628906,-0.40743526816368103,0.0
22.0,-1.4081003665924072,-0.41506311297416687,0.0
22.0,-1.4061663150787354,-0.4215688407421112,0.0
22.0,-1.4080283641815186,-0.4292319416999817,0.0
22.0,-1.4060288667678833,-0.4357371926307678,0.0
22.0,-1.4059067964553833,-0.4428339898586273,0.0
22.0,-1.4057492017745972,-0.44993895292282104,0.0
22.0,-1.4036539793014526,-0.4564334452152252,0.0
22.0,-1.4034278392791748,-0.46354547142982483,0.0
22.0,-1.4012696743011475,-0.4700290858745575,0.0
22.0,-1.4028680324554443,-0.47779223322868347,0.0
22.0,-1.4063146114349365,-0.48623374104499817,0.0
22.0,-1.4040515422821045,-0.4927304685115814,0.0
22.0,-1.4036425352096558,-0.499887615442276,0.0
22.0,-1.4013164043426514,-0.5063718557357788,0.0
22.0,-1.402715802192688,-0.5142219662666321,0.0
22.0,-1.404072642326355,-0.5220959186553955,0.0
22.0,-1.4016437530517578,-0.5285818576812744,0.0
22.0,-1.4029210805892944,-0.5364852547645569,0.0
22.0,-1.400425672531128,-0.5429657697677612,0.0
22.0,-1.403484582901001,-0.5516294836997986,0.0
22.0,-1.4009191989898682,-0.558112382888794,0.0
22.0,-1.4001784324645996,-0.5653321743011475,0.0
22.0,-1.4031028747558594,-0.5740717649459839,0.0
22.0,-1.4004337787628174,-0.5805526971817017,0.0
22.0,-1.4014226198196411,-0.5885700583457947,0.0
22.0,-1.398686408996582,-0.5950430631637573,0.0
22.0,-1.3995939493179321,-0.6030862927436829,0.0
22.0,-1.4004566669464111,-0.6111505031585693,0.0
22.0,-1.3976161479949951,-0.6176188588142395,0.0
22.0,-1.4002225399017334,-0.6265245079994202,0.0
22.0,-1.3973109722137451,-0.6329915523529053,0.0
22.0,-1.3998231887817383,-0.6419461369514465,0.0
22.0,-1.3968403339385986,-0.6484111547470093,0.0
22.0,-1.397447943687439,-0.6565633416175842,0.0
22.0,-1.3998160362243652,-0.665593683719635,0.0
22.0,-1.396723747253418,-0.6720584630966187,0.0
22.0,-1.3989962339401245,-0.681135356426239,0.0
22.0,-1.3958321809768677,-0.6875961422920227,0.0
22.0,-1.3980083465576172,-0.6967185139656067,0.0
22.0,-1.3947722911834717,-0.7031745910644531,0.0
22.0,-1.3950695991516113,-0.7114328145980835,0.0
22.0,-1.3970979452133179,-0.720625638961792,0.0
22.0,-1.3937513828277588,-0.7270772457122803,0.0
22.0,-1.395681619644165,-0.7363129258155823,0.0
22.0,-1.3922624588012695,-0.7427577972412109,0.0
22.0,-1.3958543539047241,-0.7529850006103516,0.0
22.0,-1.3976255655288696,-0.7623035311698914,0.0
22.0,-1.394086241722107,-0.7687571048736572,0.0
22.0,-1.395757794380188,-0.7781158685684204,0.0
22.0,-1.3921453952789307,-0.7845606803894043,0.0
22.0,-1.3937164545059204,-0.7939585447311401,0.0
22.0,-1.3952305316925049,-0.8033877611160278,0.0
22.0,-1.3915011882781982,-0.809829831123352,0.0
22.0,-1.3946378231048584,-0.8203105330467224,0.0
22.0,-1.3908302783966064,-0.8267497420310974,0.0
22.0,-1.3938509225845337,-0.8372907042503357,0.0
22.0,-1.3899649381637573,-0.8437260985374451,0.0
22.0,-1.39116370677948,-0.8532804250717163,0.0
22.0,-1.3940038681030273,-0.8639174103736877,0.0
22.0,-1.389994740486145,-0.8703531622886658,0.0
22.0,-1.392716646194458,-0.881047248840332,0.0
22.0,-1.388628363609314,-0.8874768614768982,0.0
22.0,-1.3895511627197266,-0.8971419930458069,0.0
22.0,-1.3853884935379028,-0.9035568237304688,0.0
22.0,-1.3895467519760132,-0.9154538512229919,0.0
22.0,-1.3936245441436768,-0.9274085164070129,0.0
22.0,-1.3893219232559204,-0.9338418841362,0.0
22.0,-1.38995361328125,-0.943625271320343,0.0
22.0,-1.3855760097503662,-0.9500414729118347,0.0
22.0,-1.3877458572387695,-0.9609918594360352,0.0
22.0,-1.3914828300476074,-0.9731286764144897,0.0
22.0,-1.3869688510894775,-0.9795516133308411,0.0
22.0,-1.3889384269714355,-0.9905988574028015,0.0
22.0,-1.3843436241149902,-0.9970098733901978,0.0
22.0,-1.3861892223358154,-1.0081048011779785,0.0
22.0,-1.3815135955810547,-1.0145028829574585,0.0
22.0,-1.3864476680755615,-1.0280267000198364,0.0
22.0,-1.380078911781311,-1.0332270860671997,0.0
22.0,-1.3752871751785278,-1.039596676826477,0.0
22.0,-1.3561571836471558,-1.0350234508514404,0.0
22.0,-1.351357340812683,-1.0412824153900146,0.0
22.0,-1.3323215246200562,-1.0364667177200317,0.0
22.0,-1.3149322271347046,-1.0327329635620117,0.0
22.0,-1.3101434707641602,-1.0388013124465942,0.0
22.0,-1.2912741899490356,-1.0335991382598877,0.0
22.0,-1.2864816188812256,-1.0395581722259521,0.0
22.0,-1.2692633867263794,-1.0353813171386719,0.0
22.0,-1.252111554145813,-1.0310676097869873,0.0
22.0,-1.247331142425537,-1.0368455648422241,0.0
22.0,-1.2302674055099487,-1.03231680393219,0.0
22.0,-1.2254815101623535,-1.0379937887191772,0.0
22.0,-1.2100284099578857,-1.0345507860183716,0.0
22.0,-1.1946336030960083,-1.0309871435165405,0.0
22.0,-1.1898541450500488,-1.0364993810653687,0.0
22.0,-1.1745356321334839,-1.0327448844909668,0.0
22.0,-1.169748306274414,-1.0381642580032349,0.0
22.0,-1.1530184745788574,-1.0328854322433472,0.0
22.0,-1.1393296718597412,-1.030157208442688,0.0
22.0,-1.1345547437667847,-1.0354137420654297,0.0
22.0,-1.1194581985473633,-1.031162977218628,0.0
22.0,-1.1146788597106934,-1.036327600479126,0.0
22.0,-1.101124882698059,-1.0332587957382202,0.0
22.0,-1.0876234769821167,-1.0300869941711426,0.0
22.0,-1.082849383354187,-1.035104513168335,0.0
22.0,-1.0679768323898315,-1.030379295349121,0.0
22.0,-1.0632015466690063,-1.0353058576583862,0.0
22.0,-1.0498450994491577,-1.031799077987671,0.0
22.0,-1.0365439653396606,-1.0281909704208374,0.0
22.0,-1.031779170036316,-1.0329723358154297,0.0
22.0,-1.0199581384658813,-1.0306237936019897,0.0
22.0,-1.0151822566986084,-1.0353285074234009,0.0
22.0,-1.0034165382385254,-1.0328384637832642,0.0
22.0,-0.9903087019920349,-1.0288209915161133,0.0
22.0,-0.9855414628982544,-1.033388614654541,0.0
22.0,-0.973885178565979,-1.030665636062622,0.0
22.0,-0.9691095948219299,-1.0351572036743164,0.0
22.0,-0.9575128555297852,-1.0322951078414917,0.0
22.0,-0.9459633827209473,-1.0293480157852173,0.0
22.0,-0.9411942362785339,-1.0337104797363281,0.0
22.0,-0.9283671379089355,-1.0291407108306885,0.0
22.0,-0.923599123954773,-1.0334218740463257,0.0
22.0,-0.9135079383850098,-1.0316914319992065,0.0
22.0,-0.908728301525116,-1.0359039306640625,0.0
22.0,-0.8960575461387634,-1.0310368537902832,0.0
22.0,-0.884756326675415,-1.0275903940200806,0.0
22.0,-0.8799959421157837,-1.0316699743270874,0.0
22.0,-0.870053231716156,-1.029617190361023,0.0
22.0,-0.8601484298706055,-1.0274944305419922,0.0
22.0,-0.8553887605667114,-1.031460165977478,0.0
22.0,-0.8455324769020081,-1.0292224884033203,0.0
22.0,-0.8407649993896484,-1.0331206321716309,0.0
22.0,-0.8309586048126221,-1.0307685136795044,0.0
22.0,-0.826184093952179,-1.0345994234085083,0.0
22.0,-0.8164287805557251,-1.03213369846344,0.0
22.0,-0.8042471408843994,-1.0264514684677124,0.0
22.0,-0.7994928359985352,-1.0301588773727417,0.0
22.0,-0.789845883846283,-1.0275015830993652,0.0
22.0,-0.7850869297981262,-1.0311423540115356,0.0
22.0,-0.7766985893249512,-1.0299705266952515,0.0
22.0,-0.7671412229537964,-1.0271408557891846,0.0
22.0,-0.7623841762542725,-1.0306766033172607,0.0
22.0,-0.7528831958770752,-1.0277369022369385,0.0
22.0,-0.7481235265731812,-1.031206727027893,0.0
22.0,-0.7386800646781921,-1.0281574726104736,0.0
22.0,-0.7304403185844421,-1.0266727209091187,0.0
22.0,-0.7256858348846436,-1.030038833618164,0.0
22.0,-0.71748286485672,-1.0284620523452759,0.0
22.0,-0.7127202153205872,-1.0317683219909668,0.0
22.0,-0.7034260034561157,-1.028449296951294,0.0
22.0,-0.6941778063774109,-1.0250664949417114,0.0
22.0,-0.6894311308860779,-1.0282649993896484,0.0
22.0,-0.6813514232635498,-1.026442527770996,0.0
22.0,-0.6765984892845154,-1.0295816659927368,0.0
22.0,-0.6674685478210449,-1.0259929895401,0.0
22.0,-0.6594693064689636,-1.0240236520767212,0.0
22.0,-0.6547278165817261,-1.0270615816116333,0.0
22.0,-0.6467704772949219,-1.025003433227539,0.0
22.0,-0.642024576663971,-1.0279827117919922,0.0
22.0,-0.6341102123260498,-1.0258363485336304,0.0
22.0,-0.6272732019424438,-1.025344967842102,0.0
22.0,-0.6225259304046631,-1.0282341241836548,0.0
22.0,-0.6146816611289978,-1.0259543657302856,0.0
22.0,-0.6099317073822021,-1.0287853479385376,0.0
22.0,-0.6021327972412109,-1.0264191627502441,0.0
22.0,-0.5973808765411377,-1.0291920900344849,0.0
22.0,-0.5896281599998474,-1.0267398357391357,0.0
22.0,-0.5828988552093506,-1.0259770154953003,0.0
22.0,-0.578149139881134,-1.0286610126495361,0.0
22.0,-0.5714434385299683,-1.0278270244598389,0.0
22.0,-0.5666853189468384,-1.0304579734802246,0.0
22.0,-0.5590481162071228,-1.0277962684631348,0.0
22.0,-0.5523952841758728,-1.0268473625183105,0.0
22.0,-0.5476418733596802,-1.0293903350830078,0.0
22.0,-0.5400832295417786,-1.0266011953353882,0.0
22.0,-0.5353310704231262,-1.0290871858596802,0.0
22.0,-0.5287380218505859,-1.0279942750930786,0.0
22.0,-0.5212599039077759,-1.0250794887542725,0.0
22.0,-0.5165150165557861,-1.027478575706482,0.0
22.0,-0.5099790692329407,-1.0262736082077026,0.0
22.0,-0.5052287578582764,-1.0286203622817993,0.0
22.0,-0.49872082471847534,-1.0273468494415283,0.0
22.0,-0.4922355115413666,-1.026035189628601,0.0
22.0,-0.48748651146888733,-1.0283000469207764,0.0
22.0,-0.48103031516075134,-1.0269205570220947,0.0
22.0,-0.47627732157707214,-1.0291335582733154,0.0
22.0,-0.46901941299438477,-1.0258678197860718,0.0
22.0,-0.4618018865585327,-1.022557020187378,0.0
22.0,-0.4570693075656891,-1.0246812105178833,0.0
22.0,-0.4507143795490265,-1.023123025894165,0.0
22.0,-0.4459792673587799,-1.025195837020874,0.0
22.0,-0.43965595960617065,-1.023571491241455,0.0
22.0,-0.43413808941841125,-1.023751974105835,0.0
22.0,-0.4294002652168274,-1.0257482528686523,0.0
22.0,-0.42236196994781494,-1.0221772193908691,0.0
22.0,-0.4176315367221832,-1.0241190195083618,0.0
22.0,-0.41214555501937866,-1.0241835117340088,0.0
22.0,-0.4074059724807739,-1.0260781049728394,0.0
22.0,-0.4011988043785095,-1.0242263078689575,0.0
22.0,-0.40006330609321594,-1.0353981256484985,0.0
22.0,-0.39527198672294617,-1.0372368097305298,0.0
22.0,-0.38976868987083435,-1.03718101978302,0.0
22.0,-0.38496923446655273,-1.038972020149231,0.0
22.0,-0.3767305314540863,-1.0313477516174316,0.0
22.0,-0.37128064036369324,-1.0311967134475708,0.0
22.0,-0.3665090799331665,-1.0329022407531738,0.0
22.0,-0.3604094982147217,-1.0308098793029785,0.0
22.0,-0.35563981533050537,-1.0324652194976807,0.0
22.0,-0.3495773673057556,-1.0303105115890503,0.0
22.0,-0.3435423970222473,-1.028121829032898,0.0
22.0,-0.3387853503227234,-1.0296992063522339,0.0
22.0,-0.3334047794342041,-1.029351830482483,0.0
22.0,-0.3286421298980713,-1.0308823585510254,0.0
22.0,-0.32327380776405334,-1.030482530593872,0.0
22.0,-0.31850606203079224,-1.0319660902023315,0.0
22.0,-0.3125694990158081,-1.0296000242233276,0.0
22.0,-0.3072338104248047,-1.0291178226470947,0.0
22.0,-0.3024725317955017,-1.0305272340774536,0.0
22.0,-0.2971504032611847,-1.0299930572509766,0.0
22.0,-0.29238519072532654,-1.031355857849121,0.0
22.0,-0.28654053807258606,-1.0288432836532593,0.0
22.0,-0.28125306963920593,-1.0282279253005981,0.0
22.0,-0.27649617195129395,-1.0295172929763794,0.0
22.0,-0.270713746547699,-1.0269168615341187,0.0
22.0,-0.26596304774284363,-1.0281574726104736,0.0
22.0,-0.26120665669441223,-1.0293761491775513,0.0
22.0,-0.25596168637275696,-1.0286318063735962,0.0
22.0,-0.2512032091617584,-1.0298042297363281,0.0
22.0,-0.24597439169883728,-1.029009461402893,0.0
22.0,-0.24121426045894623,-1.0301357507705688,0.0
22.0,-0.23600201308727264,-1.0292905569076538,0.0
22.0,-0.23036479949951172,-1.0264678001403809,0.0
22.0,-0.22561660408973694,-1.0275218486785889,0.0
22.0,-0.22044365108013153,-1.0265984535217285,0.0
22.0,-0.21569494903087616,-1.027606725692749,0.0
22.0,-0.21053984761238098,-1.0266337394714355,0.0
22.0,-0.20579108595848083,-1.0275962352752686,0.0
22.0,-0.2006542831659317,-1.026573896408081,0.0
22.0,-0.19553132355213165,-1.0255260467529297,0.0
22.0,-0.19078783690929413,-1.0264190435409546,0.0
22.0,-0.18568389117717743,-1.0253221988677979,0.0
22.0,-0.18094146251678467,-1.026169776916504,0.0
22.0,-0.17585696280002594,-1.0250240564346313,0.0
22.0,-0.17078694701194763,-1.0238534212112427,0.0
22.0,-0.1660514622926712,-1.0246320962905884,0.0
22.0,-0.16131243109703064,-1.0253888368606567,0.0
22.0,-0.1565699577331543,-1.0261236429214478,0.0
22.0,-0.15153160691261292,-1.0248581171035767,0.0
22.0,-0.14650830626487732,-1.0235679149627686,0.0
22.0,-0.14177440106868744,-1.024234414100647,0.0
22.0,-0.13677239418029785,-1.0228965282440186,0.0
22.0,-0.13204170763492584,-1.0235178470611572,0.0
22.0,-0.127308189868927,-1.0241174697875977,0.0
22.0,-0.12257195264101028,-1.0246950387954712,0.0
22.0,-0.11760473996400833,-1.023263931274414,0.0
22.0,-0.11265338212251663,-1.0218087434768677,0.0
22.0,-0.10792797803878784,-1.022318720817566,0.0
22.0,-0.103200264275074,-1.0228067636489868,0.0
22.0,-0.09847034513950348,-1.02327299118042,0.0
22.0,-0.09355594962835312,-1.0217256546020508,0.0
22.0,-0.08883113414049149,-1.022147297859192,0.0
22.0,-0.08410441875457764,-1.0225470066070557,0.0
22.0,-0.07937590032815933,-1.0229250192642212,0.0
22.0,-0.07464569061994553,-1.0232809782028198,0.0
22.0,-0.06991388648748398,-1.0236152410507202,0.0
22.0,-0.06518058478832245,-1.0239274501800537,0.0
22.0,-0.06032806262373924,-1.0222214460372925,0.0
22.0,-0.055709902197122574,-1.0244864225387573,0.0
22.0,-0.050972722470760345,-1.024733066558838,0.0
22.0,-0.046144332736730576,-1.02295982837677,0.0
22.0,-0.04141431301832199,-1.0231622457504272,0.0
22.0,-0.03668341040611267,-1.0233427286148071,0.0
22.0,-0.031951725482940674,-1.0235013961791992,0.0
22.0,-0.02721935510635376,-1.0236382484436035,0.0
22.0,-0.02244248241186142,-1.0217535495758057,0.0
22.0,-0.017718294635415077,-1.0218462944030762,0.0
22.0,-0.012993729673326015,-1.0219173431396484,0.0
22.0,-0.008285068906843662,-1.0239665508270264,0.0
22.0,-0.0035508018918335438,-1.0239938497543335,0.0
22.0,0.0011812294833362103,-1.0219992399215698,0.0
22.0,0.005906300153583288,-1.0219829082489014,0.0
22.0,0.010631244629621506,-1.0219446420669556,0.0
22.0,0.01535596139729023,-1.021884560585022,0.0
22.0,0.02008035033941269,-1.0218026638031006,0.0
22.0,0.024804310873150826,-1.0216989517211914,0.0
22.0,0.029527738690376282,-1.0215733051300049,0.0
22.0,0.03425053879618645,-1.0214258432388306,0.0
22.0,0.038972605019807816,-1.0212565660476685,0.0
22.0,0.04369383677840233,-1.0210654735565186,0.0
22.0,0.048414137214422226,-1.0208525657653809,0.0
22.0,0.05313339829444885,-1.0206178426742554,0.0
22.0,0.05785152688622475,-1.020361304283142,0.0
22.0,0.06256841868162155,-1.0200828313827515,0.0
22.0,0.06741565465927124,-1.0217784643173218,0.0
22.0,0.07213899493217468,-1.0214558839797974,0.0
22.0,0.07686079293489456,-1.0211113691329956,0.0
22.0,0.08158095180988312,-1.0207451581954956,0.0
22.0,0.0862993597984314,-1.0203570127487183,0.0
22.0,0.09101593494415283,-1.0199471712112427,0.0
22.0,0.09573055803775787,-1.0195153951644897,0.0
22.0,0.10044313222169876,-1.0190619230270386,0.0
22.0,0.10515356063842773,-1.0185866355895996,0.0
22.0,0.10986173897981644,-1.0180896520614624,0.0
22.0,0.11479133367538452,-1.0195581912994385,0.0
22.0,0.11950390785932541,-1.0190166234970093,0.0
22.0,0.12421392649412155,-1.0184532403945923,0.0
22.0,0.12866997718811035,-1.0158839225769043,0.0
22.0,0.13336540758609772,-1.0152782201766968,0.0
22.0,0.13832764327526093,-1.0166324377059937,0.0
22.0,0.1430264264345169,-1.0159820318222046,0.0
22.0,0.14801011979579926,-1.0172890424728394,0.0
22.0,0.15271183848381042,-1.0165938138961792,0.0
22.0,0.15741030871868134,-1.0158770084381104,0.0
22.0,0.16210539638996124,-1.0151383876800537,0.0
22.0,0.16679702699184418,-1.0143779516220093,0.0
22.0,0.17181871831417084,-1.0155678987503052,0.0
22.0,0.1765122264623642,-1.0147627592086792,0.0
22.0,0.18155381083488464,-1.0159045457839966,0.0
22.0,0.186248779296875,-1.0150543451309204,0.0
22.0,0.1909397542476654,-1.0141823291778564,0.0
22.0,0.19600580632686615,-1.0152525901794434,0.0
22.0,0.20069760084152222,-1.0143355131149292,0.0
22.0,0.20578236877918243,-1.0153568983078003,0.0
22.0,0.210880845785141,-1.016352891921997,0.0
22.0,0.21557757258415222,-1.015367031097412,0.0
22.0,0.22069409489631653,-1.016313910484314,0.0
22.0,0.22539053857326508,-1.0152827501296997,0.0
22.0,0.23052464425563812,-1.016180396080017,0.0
22.0,0.23522035777568817,-1.0151036977767944,0.0
22.0,0.24037152528762817,-1.0159515142440796,0.0
22.0,0.24553555250167847,-1.0167734622955322,0.0
22.0,0.25023385882377625,-1.015627384185791,0.0
22.0,0.255414217710495,-1.0163992643356323,0.0
22.0,0.26011067628860474,-1.0152075290679932,0.0
22.0,0.26530691981315613,-1.0159292221069336,0.0
22.0,0.27051541209220886,-1.0166245698928833,0.0
22.0,0.27521276473999023,-1.0153629779815674,0.0
22.0,0.28043636679649353,-1.016007661819458,0.0
22.0,0.28513073921203613,-1.014700174331665,0.0
22.0,0.2903689742088318,-1.0152939558029175,0.0
22.0,0.29561877250671387,-1.015860915184021,0.0
22.0,0.3003123104572296,-1.0144833326339722,0.0
22.0,0.305575966835022,-1.0149991512298584,0.0
22.0,0.3102654218673706,-1.0135754346847534,0.0
22.0,0.31494826078414917,-1.0121301412582397,0.0
22.0,0.3196243345737457,-1.0106632709503174,0.0
22.0,0.32551735639572144,-1.012982964515686,0.0
22.0,0.33081793785095215,-1.0133683681488037,0.0
22.0,0.3354995846748352,-1.011828064918518,0.0
22.0,0.3414505422115326,-1.0140570402145386,0.0
22.0,0.3461352586746216,-1.0124675035476685,0.0
22.0,0.35212400555610657,-1.0146352052688599,0.0
22.0,0.3568112850189209,-1.0129964351654053,0.0
22.0,0.36216408014297485,-1.0132192373275757,0.0
22.0,0.3675265610218048,-1.0134141445159912,0.0
22.0,0.37220802903175354,-1.0117040872573853,0.0
22.0,0.37827998399734497,-1.0137200355529785,0.0
22.0,0.38296276330947876,-1.0119602680206299,0.0
22.0,0.3883538544178009,-1.0120460987091064,0.0
22.0,0.39447906613349915,-1.0139676332473755,0.0
22.0,0.39916279911994934,-1.012133002281189,0.0
22.0,0.4060650169849396,-1.0158480405807495,0.0
22.0,0.4107573330402374,-1.0139597654342651,0.0
22.0,0.4154408574104309,-1.0120497941970825,0.0
22.0,0.42165160179138184,-1.0138115882873535,0.0
22.0,0.42633432149887085,-1.0118513107299805,0.0
22.0,0.4317930042743683,-1.0117088556289673,0.0
22.0,0.43646588921546936,-1.0097017288208008,0.0
22.0,0.44353556632995605,-1.013169288635254,0.0
22.0,0.4482150971889496,-1.0111078023910522,0.0
22.0,0.4545229971408844,-1.01267409324646,0.0
22.0,0.4600274860858917,-1.0123826265335083,0.0
22.0,0.46470317244529724,-1.0102449655532837,0.0
22.0,0.4702131152153015,-1.0098987817764282,0.0
22.0,0.4748772382736206,-1.007714033126831,0.0
22.0,0.4803921580314636,-1.0073130130767822,0.0
22.0,0.48852118849754333,-1.0122859477996826,0.0
22.0,0.49319612979888916,-1.0100165605545044,0.0
22.0,0.5005182027816772,-1.0131049156188965,0.0
22.0,0.5051968097686768,-1.0107799768447876,0.0
22.0,0.5125718712806702,-1.0137879848480225,0.0
22.0,0.5172535181045532,-1.0114073753356934,0.0
22.0,0.5237618684768677,-1.012557864189148,0.0
22.0,0.5293647646903992,-1.0118976831436157,0.0
22.0,0.5340374708175659,-1.0094393491744995,0.0
22.0,0.5396422743797302,-1.0087231397628784,0.0
22.0,0.5443001985549927,-1.006217360496521,0.0
22.0,0.5518255233764648,-1.0089541673660278,0.0
22.0,0.5564844012260437,-1.0063921213150024,0.0
22.0,0.5650349259376526,-1.010791540145874,0.0
22.0,0.5716699957847595,-1.011650800704956,0.0
22.0,0.5763411521911621,-1.0089969635009766,0.0
22.0,0.5829999446868896,-1.0097856521606445,0.0
22.0,0.5876623392105103,-1.0070794820785522,0.0
22.0,0.5943440794944763,-1.007797122001648,0.0
22.0,0.6020689606666565,-1.0101925134658813,0.0
22.0,0.6067330241203308,-1.0073981285095215,0.0
22.0,0.6145034432411194,-1.0097076892852783,0.0
22.0,0.6191651225090027,-1.006855845451355,0.0
22.0,0.6269801259040833,-1.0090787410736084,0.0
22.0,0.631638765335083,-1.0061691999435425,0.0
22.0,0.6384263038635254,-1.0066161155700684,0.0
22.0,0.6484683752059937,-1.0120735168457031,0.0
22.0,0.6531406044960022,-1.0090645551681519,0.0
22.0,0.6599879264831543,-1.009381890296936,0.0
22.0,0.6646475791931152,-1.0063197612762451,0.0
22.0,0.670403003692627,-1.0048998594284058,0.0
22.0,0.6783947348594666,-1.006765365600586,0.0
22.0,0.6830421686172485,-1.0036181211471558,0.0
22.0,0.692206621170044,-1.0070421695709229,0.0
22.0,0.6968551278114319,-1.003831148147583,0.0
22.0,0.7060811519622803,-1.00714910030365,0.0
22.0,0.7107300758361816,-1.0038739442825317,0.0
22.0,0.7188532948493958,-1.0054579973220825,0.0
22.0,0.728177011013031,-1.0086100101470947,0.0
22.0,0.7328324317932129,-1.005232572555542,0.0
22.0,0.7410290837287903,-1.0066657066345215,0.0
22.0,0.7456753849983215,-1.0032289028167725,0.0
22.0,0.7551077008247375,-1.0061691999435425,0.0
22.0,0.7597514986991882,-1.0026673078536987,0.0
22.0,0.7680248022079468,-1.0039093494415283,0.0
22.0,0.7775481939315796,-1.0066790580749512,0.0
22.0,0.7821941375732422,-1.0030733346939087,0.0
22.0,0.7917719483375549,-1.0057320594787598,0.0
22.0,0.7964133620262146,-1.0020606517791748,0.0
22.0,0.8072958588600159,-1.0061676502227783,0.0
22.0,0.816974401473999,-1.008641004562378,0.0
22.0,0.821628987789154,-1.0048531293869019,0.0
22.0,0.8326317071914673,-1.0087558031082153,0.0
22.0,0.837286651134491,-1.0048954486846924,0.0
22.0,0.8470731377601624,-1.0071361064910889,0.0
22.0,0.8517204523086548,-1.0032089948654175,0.0
22.0,0.8602538704872131,-1.0038163661956787,0.0
22.0,0.8701195120811462,-1.0058788061141968,0.0
22.0,0.8747608065605164,-1.001845121383667,0.0
22.0,0.8859952092170715,-1.005292296409607,0.0
22.0,0.8906335830688477,-1.0011851787567139,0.0
22.0,0.9019339084625244,-1.0044975280761719,0.0
22.0,0.9132837653160095,-1.0077265501022339,0.0
22.0,0.9179331064224243,-1.003493309020996,0.0
22.0,0.9293463826179504,-1.006585955619812,0.0
22.0,0.9339902400970459,-1.0022785663604736,0.0
22.0,0.9454653859138489,-1.005233883857727,0.0
22.0,0.9501028060913086,-1.0008519887924194,0.0
22.0,0.9630218744277954,-1.0051133632659912,0.0
22.0,0.9787811040878296,-1.0121519565582275,0.0
22.0,0.9834502339363098,-1.0076158046722412,0.0
22.0,1.0021337270736694,-1.0173062086105347,0.0
22.0,1.006826400756836,-1.0126620531082153,0.0
22.0,1.0228309631347656,-1.0192904472351074,0.0
22.0,1.0275325775146484,-1.0145505666732788,0.0
22.0,1.0479384660720825,-1.0251736640930176,0.0
22.0,1.0526670217514038,-1.0203176736831665,0.0
22.0,1.073240876197815,-1.0306785106658936,0.0
22.0,1.0939326286315918,-1.0408704280853271,0.0
22.0,1.0987333059310913,-1.035801649093628,0.0
22.0,1.1195881366729736,-1.0457276105880737,0.0
22.0,1.12441086769104,-1.0405402183532715,0.0
22.0,1.146899700164795,-1.0515497922897339,0.0
22.0,1.1517491340637207,-1.0462360382080078,0.0
22.0,1.1729265451431274,-1.0556169748306274,0.0
22.0,1.1942150592803955,-1.0648242235183716,0.0
22.0,1.1991252899169922,-1.0592914819717407,0.0
22.0,1.2220700979232788,-1.0695421695709229,0.0
22.0,1.2270019054412842,-1.0638806819915771,0.0
22.0,1.2531473636627197,-1.0764411687850952,0.0
22.0,1.258110761642456,-1.0706359148025513,0.0
22.0,1.2813966274261475,-1.0802770853042603,0.0
22.0,1.1497573852539062,-0.9602405428886414,0.0
22.0,1.1541846990585327,-0.9549145698547363,0.0
22.0,1.1585873365402222,-0.9495680928230286,0.0
22.0,1.1891371011734009,-0.9563624262809753,0.0
22.0,1.1935460567474365,-0.9508543610572815,0.0
22.0,1.1979293823242188,-0.9453259706497192,0.0
22.0,1.202287197113037,-0.9397774338722229,0.0
22.0,1.2271777391433716,-0.9501258134841919,0.0
22.0,1.2315573692321777,-0.9444419741630554,0.0
22.0,1.2582080364227295,-0.9556739330291748,0.0
22.0,1.26261305809021,-0.9498465061187744,0.0
22.0,1.2926515340805054,-0.963117778301239,0.0
22.0,1.2970906496047974,-0.9571310877799988,0.0
22.0,1.3289530277252197,-0.9711848497390747,0.0
22.0,1.333428978919983,-0.9650302529335022,0.0
22.0,1.3655116558074951,-0.9786611795425415,0.0
22.0,1.3944865465164185,-0.9897006750106812,0.0
22.0,1.3990473747253418,-0.9832428693771362,0.0
22.0,1.428202509880066,-0.9939002394676208,0.0
22.0,1.4327824115753174,-0.9872865080833435,0.0
22.0,1.460461139678955,-0.9964322447776794,0.0
22.0,1.4650523662567139,-0.9896693229675293,0.0
22.0,1.4878994226455688,-0.9951157569885254,0.0
22.0,1.510827660560608,-1.0003718137741089,0.0
22.0,1.5154366493225098,-0.9933760166168213,0.0
22.0,1.540145754814148,-0.9994232654571533,0.0
22.0,1.5447499752044678,-0.9922919273376465,0.0
22.0,1.5678861141204834,-0.9969438910484314,0.0
22.0,1.5775564908981323,-0.9928802847862244,0.0
22.0,1.5821300745010376,-0.9855760335922241,0.0
22.0,1.5764553546905518,-0.9719529747962952,0.0
22.0,1.5809321403503418,-0.9646540284156799,0.0
22.0,1.5751028060913086,-0.9511314630508423,0.0
22.0,1.5794835090637207,-0.9438390135765076,0.0
22.0,1.5786656141281128,-0.9334725141525269,0.0
22.0,1.5760595798492432,-0.9221237897872925,0.0
22.0,1.580306053161621,-0.9148272275924683,0.0
22.0,1.581047773361206,-0.9055231213569641,0.0
22.0,1.5852173566818237,-0.8982036709785461,0.0
22.0,1.5963317155838013,-0.8947766423225403,0.0
22.0,1.6161936521530151,-0.8961150646209717,0.0
22.0,1.6203194856643677,-0.8886331915855408,0.0
22.0,1.6437488794326782,-0.891622006893158,0.0
22.0,1.6478536128997803,-0.8840128183364868,0.0
22.0,1.6678239107131958,-0.8848205208778381,0.0
22.0,1.6842944622039795,-0.8836039900779724,0.0
22.0,1.688361644744873,-0.8758074045181274,0.0
22.0,1.4587538242340088,-0.7227872014045715,0.0
22.0,1.4620800018310547,-0.7160351276397705,0.0
22.0,1.4653748273849487,-0.7092677354812622,0.0
22.0,1.4686384201049805,-0.7024851441383362,0.0
22.0,1.493192434310913,-0.6973379850387573,0.0
22.0,1.4964005947113037,-0.6904269456863403,0.0
22.0,1.4995766878128052,-0.683501124382019,0.0
22.0,1.5027207136154175,-0.6765607595443726,0.0
22.0,1.5149699449539185,-0.6736690402030945,0.0
22.0,1.5180684328079224,-0.666657567024231,0.0
22.0,1.5358136892318726,-0.6659973859786987,0.0
22.0,1.5535849332809448,-0.6651872992515564,0.0
22.0,1.5566437244415283,-0.6579973697662354,0.0
22.0,1.5652064085006714,-0.6531038880348206,0.0
22.0,1.5682092905044556,-0.6458603739738464,0.0
22.0,1.56747305393219,-0.6370969414710999,0.0
22.0,1.5648329257965088,-0.6276096105575562,0.0
22.0,1.5677179098129272,-0.6203681230545044,0.0
22.0,1.5668432712554932,-0.6116587519645691,0.0
22.0,1.5696544647216797,-0.6044080853462219,0.0
22.0,1.56682288646698,-0.5950143933296204,0.0
22.0,1.5639381408691406,-0.5856598615646362,0.0
22.0,1.5666290521621704,-0.5784229636192322,0.0
22.0,1.5636485815048218,-0.5691215395927429,0.0
22.0,1.5662630796432495,-0.5618861317634583,0.0
22.0,1.5650728940963745,-0.553305447101593,0.0
22.0,1.567614197731018,-0.5460636019706726,0.0
22.0,1.564447045326233,-0.5368626117706299,0.0
22.0,1.5631229877471924,-0.5283430218696594,0.0
22.0,1.5655490159988403,-0.521110475063324,0.0
22.0,1.5641405582427979,-0.5126210451126099,0.0
22.0,1.5664938688278198,-0.5053839683532715,0.0
22.0,1.5650012493133545,-0.4969255328178406,0.0
22.0,1.5634640455245972,-0.4884917438030243,0.0
22.0,1.5657057762145996,-0.4812580347061157,0.0
22.0,1.5621708631515503,-0.4722777307033539,0.0
22.0,1.5643376111984253,-0.46505019068717957,0.0
22.0,1.5626317262649536,-0.45669063925743103,0.0
22.0,1.5628042221069336,-0.4489089548587799,0.0
22.0,1.5648629665374756,-0.4416787326335907,0.0
22.0,1.5630335807800293,-0.43337032198905945,0.0
22.0,1.5650205612182617,-0.4261392056941986,0.0
22.0,1.5631097555160522,-0.41786596179008484,0.0
22.0,1.5592213869094849,-0.409111887216568,0.0
22.0,1.56109619140625,-0.40189865231513977,0.0
22.0,1.5571202039718628,-0.3932077884674072,0.0
22.0,1.5589215755462646,-0.3860044479370117,0.0
22.0,1.5470845699310303,-0.37549081444740295,0.0
22.0,1.5488040447235107,-0.3683340549468994,0.0
22.0,1.5368554592132568,-0.3579932749271393,0.0
22.0,1.5365442037582397,-0.35043928027153015,0.0
22.0,1.538148045539856,-0.343331515789032,0.0
22.0,1.5667070150375366,-0.17089514434337616,0.0
22.0,1.5674803256988525,-0.16364984214305878,0.0
22.0,1.5682202577590942,-0.15640105307102203,0.0
22.0,1.5689265727996826,-0.14914891123771667,0.0
22.0,1.562267780303955,-0.133951798081398,0.0
22.0,1.5628705024719238,-0.1267274171113968,0.0
22.0,1.5634396076202393,-0.11950033158063889,0.0
22.0,1.56397545337677,-0.11227069050073624,0.0
22.0,1.5584913492202759,-0.10463672131299973,0.0
22.0,1.5589584112167358,-0.09743011742830276,0.0
22.0,1.5553988218307495,-0.08999038487672806,0.0
22.0,1.5557982921600342,-0.08279823511838913,0.0
22.0,1.5601598024368286,-0.07579842954874039,0.0
22.0,1.5684858560562134,-0.06893568485975266,0.0
22.0,1.5687878131866455,-0.061683252453804016,0.0
22.0,1.5790503025054932,-0.054776184260845184,0.0
22.0,1.5792865753173828,-0.04747506231069565,0.0
22.0,1.5874866247177124,-0.04037633165717125,0.0
22.0,1.5976542234420776,-0.03324439749121666,0.0
22.0,1.5977908372879028,-0.02585749141871929,0.0
22.0,1.60989248752594,-0.018608730286359787,0.0
22.0,1.6099612712860107,-0.011165399104356766,0.0
22.0,1.6179957389831543,-0.0037403227761387825,0.0
22.0,1.6179957389831543,0.0037403139285743237,0.0
22.0,1.6279609203338623,0.01129022054374218,0.0
22.0,1.6358907222747803,0.018909234553575516,0.0
22.0,1.6357858180999756,0.026472365483641624,0.0
22.0,1.6476433277130127,0.034284573048353195,0.0
22.0,1.6474672555923462,0.04190187528729439,0.0
22.0,1.6592503786087036,0.04987885057926178,0.0
22.0,1.6590020656585693,0.057549651712179184,0.0
22.0,1.6707091331481934,0.06569068878889084,0.0
22.0,1.4322013854980469,0.25082921981811523,0.0
22.0,1.4310263395309448,0.25744813680648804,0.0
22.0,1.4298207759857178,0.2640615403652191,0.0
22.0,1.4285846948623657,0.2706693112850189,0.0
22.0,1.4390977621078491,0.2795596420764923,0.0
22.0,1.437789797782898,0.28621014952659607,0.0
22.0,1.4482094049453735,0.2952516973018646,0.0
22.0,1.446828842163086,0.30194416642189026,0.0
22.0,1.4571528434753418,0.3111359477043152,0.0
22.0,1.4713305234909058,0.3212829530239105,0.0
22.0,1.4698293209075928,0.32808202505111694,0.0
22.0,1.4799963235855103,0.33754241466522217,0.0
22.0,1.4784198999404907,0.3443813621997833,0.0
22.0,1.4904320240020752,0.35445207357406616,0.0
22.0,1.5082131624221802,0.366056352853775,0.0
22.0,1.5065046548843384,0.37302547693252563,0.0
22.0,1.5260941982269287,0.3853730261325836,0.0
22.0,1.5242961645126343,0.392424613237381,0.0
22.0,1.5456798076629639,0.40555882453918457,0.0
22.0,1.5437883138656616,0.41270074248313904,0.0
22.0,1.5669503211975098,0.42666465044021606,0.0
22.0,1.5823065042495728,0.4387139678001404,0.0
22.0,1.58026123046875,0.4460248649120331,0.0
22.0,1.591638207435608,0.4571914076805115,0.0
22.0,1.5895073413848877,0.46454524993896484,0.0
22.0,1.6026793718338013,0.47644850611686707,0.0
22.0,1.600459337234497,0.48385319113731384,0.0
22.0,1.6115872859954834,0.4953608214855194,0.0
22.0,1.6226428747177124,0.5069816708564758,0.0
22.0,1.6202815771102905,0.514478325843811,0.0
22.0,1.6312092542648315,0.5262625217437744,0.0
22.0,1.6287587881088257,0.5337985754013062,0.0
22.0,1.639556884765625,0.545744776725769,0.0
22.0,1.6370161771774292,0.5533192157745361,0.0
22.0,1.6476824283599854,0.5654259920120239,0.0
22.0,1.6563827991485596,0.576985239982605,0.0
22.0,1.6536974906921387,0.5846371650695801,0.0
22.0,1.4382511377334595,0.5159627199172974,0.0
22.0,1.4358502626419067,0.5226067900657654,0.0
22.0,1.4334187507629395,0.5292396545410156,0.0
22.0,1.4440674781799316,0.5407710075378418,0.0
22.0,1.441551923751831,0.5474416613578796,0.0
22.0,1.4390053749084473,0.5541006326675415,0.0
22.0,1.436428189277649,0.5607478022575378,0.0
22.0,1.4505574703216553,0.5740060210227966,0.0
22.0,1.4645944833755493,0.5874068140983582,0.0
22.0,1.4618630409240723,0.594171941280365,0.0
22.0,1.4738948345184326,0.6070173382759094,0.0
22.0,1.4710725545883179,0.6138252019882202,0.0
22.0,1.484798550605774,0.6276282072067261,0.0
22.0,1.5002665519714355,0.6423583626747131,0.0
22.0,1.4972805976867676,0.649287760257721,0.0
22.0,1.5144060850143433,0.6650491952896118,0.0
22.0,1.511315107345581,0.6720437407493591,0.0
22.0,1.5264286994934082,0.68723464012146,0.0
22.0,1.5232350826263428,0.6942845582962036,0.0
22.0,1.5272729396820068,0.7046712040901184,0.0
22.0,1.5294349193572998,0.7142636179924011,0.0
22.0,1.5261163711547852,0.7213271260261536,0.0
22.0,1.5281777381896973,0.7309643030166626,0.0
22.0,1.5247819423675537,0.7380217909812927,0.0
22.0,1.5267419815063477,0.7477025389671326,0.0
22.0,1.5232688188552856,0.7547532320022583,0.0
22.0,1.5251268148422241,0.7644764184951782,0.0
22.0,1.5269274711608887,0.7742329239845276,0.0
22.0,1.5233315229415894,0.7812842130661011,0.0
22.0,1.525029182434082,0.7910816073417664,0.0
22.0,1.521355390548706,0.7981239557266235,0.0
22.0,1.5247161388397217,0.808898389339447,0.0
22.0,1.526247262954712,0.818775475025177,0.0
22.0,1.5224454402923584,0.8258231282234192,0.0
22.0,1.523871898651123,0.8357383608818054,0.0
22.0,1.5199916362762451,0.8427748680114746,0.0
22.0,1.517823576927185,0.8507711887359619,0.0
22.0,1.5138739347457886,0.8577795624732971,0.0
22.0,1.508156418800354,0.8637756705284119,0.0
22.0,1.4851068258285522,0.8597171306610107,0.0
22.0,1.4811161756515503,0.8665741682052612,0.0
22.0,1.271735668182373,1.1130088567733765,0.0
22.0,1.2665761709213257,1.1188766956329346,0.0
22.0,1.2613896131515503,1.124720573425293,0.0
22.0,1.2561761140823364,1.130540370941162,0.0
22.0,1.2338753938674927,1.13129460811615,0.0
22.0,1.228631854057312,1.1369872093200684,0.0
22.0,1.2233619689941406,1.1426554918289185,0.0
22.0,1.2180659770965576,1.1482993364334106,0.0
22.0,1.2054994106292725,1.147025465965271,0.0
22.0,1.200183391571045,1.1525866985321045,0.0
22.0,1.191969394683838,1.155339241027832,0.0
22.0,1.1866151094436646,1.1608377695083618,0.0
22.0,1.1769659519195557,1.1620960235595703,0.0
22.0,1.1659139394760132,1.1618781089782715,0.0
22.0,1.1605297327041626,1.1672561168670654,0.0
22.0,1.1438921689987183,1.1612107753753662,0.0
22.0,1.138511300086975,1.1664870977401733,0.0
22.0,1.1261544227600098,1.1645498275756836,0.0
22.0,0.962816059589386,1.2953691482543945,0.0
22.0,0.9568167924880981,1.2998067140579224,0.0
22.0,0.9507970809936523,1.3042165040969849,0.0
22.0,0.9447569847106934,1.308598518371582,0.0
22.0,0.9317176342010498,1.30319082736969,0.0
22.0,0.925682544708252,1.30748450756073,0.0
22.0,0.9196276664733887,1.3117502927780151,0.0
22.0,0.910131573677063,1.3110592365264893,0.0
22.0,0.9040603041648865,1.3152531385421753,0.0
22.0,0.8968445062637329,1.317765474319458,0.0
22.0,0.8907423615455627,1.3218978643417358,0.0
22.0,0.8835113048553467,1.3243381977081299,0.0
22.0,0.8762767314910889,1.326740026473999,0.0
22.0,0.8701333403587341,1.3307772874832153,0.0
22.0,0.8628846406936646,1.3331069946289062,0.0
22.0,0.8567119836807251,1.3370821475982666,0.0
22.0,0.8505209684371948,1.3410288095474243,0.0
22.0,0.8443118333816528,1.3449467420578003,0.0
22.0,0.8380845785140991,1.3488359451293945,0.0
22.0,0.8318394422531128,1.3526962995529175,0.0
22.0,0.8255765438079834,1.3565278053283691,0.0
22.0,0.8182640671730042,1.358616828918457,0.0
22.0,0.8119739294052124,1.3623855113983154,0.0
22.0,0.805666446685791,1.3661249876022339,0.0
22.0,0.7983337640762329,1.3681079149246216,0.0
22.0,0.7919999361038208,1.3717842102050781,0.0
22.0,0.7856492400169373,1.3754312992095947,0.0
22.0,0.7792816758155823,1.3790489435195923,0.0
22.0,0.7728975415229797,1.3826371431350708,0.0
22.0,0.7664967775344849,1.3861957788467407,0.0
22.0,0.7600797414779663,1.3897247314453125,0.0
22.0,0.7545979619026184,1.3949830532073975,0.0
22.0,0.7481403350830078,1.3984569311141968,0.0
22.0,0.7416667342185974,1.4019010066986084,0.0
22.0,0.7351773381233215,1.4053149223327637,0.0
22.0,0.7286721467971802,1.4086989164352417,0.0
22.0,0.48264849185943604,0.9437426924705505,0.0
22.0,0.47828006744384766,0.9459640979766846,0.0
22.0,0.46774089336395264,0.9467599987983704,0.0
22.0,0.46335867047309875,0.9489123821258545,0.0
22.0,0.45896655321121216,0.9510445594787598,0.0
22.0,0.4545646011829376,0.9531563520431519,0.0
22.0,0.4484478533267975,0.9516294598579407,0.0
22.0,0.4440433084964752,0.953692615032196,0.0
22.0,0.43795767426490784,0.9521013498306274,0.0
22.0,0.4318963289260864,0.9504744410514832,0.0
22.0,0.4274972975254059,0.9524610638618469,0.0
22.0,0.4214681088924408,0.9507704973220825,0.0
22.0,0.41706782579421997,0.9527089595794678,0.0
22.0,0.4110715091228485,0.9509554505348206,0.0
22.0,0.4066705107688904,0.9528458118438721,0.0
22.0,0.4007076323032379,0.9510295987129211,0.0
22.0,0.3955383598804474,0.9510254263877869,0.0
22.0,0.39113718271255493,0.952843964099884,0.0
22.0,0.3852258324623108,0.950934886932373,0.0
22.0,0.3808251619338989,0.9527057409286499,0.0
22.0,0.37568265199661255,0.9525957703590393,0.0
22.0,0.3698241114616394,0.9505946040153503,0.0
22.0,0.3654251992702484,0.9522942900657654,0.0
22.0,0.35960274934768677,0.9502325654029846,0.0
22.0,0.35520562529563904,0.9518849849700928,0.0
22.0,0.3494197726249695,0.9497630000114441,0.0
22.0,0.34434306621551514,0.9494881629943848,0.0
22.0,0.3399495482444763,0.9510700702667236,0.0
22.0,0.3348843455314636,0.9507452249526978,0.0
22.0,0.33048510551452637,0.9522833824157715,0.0
22.0,0.3247848153114319,0.9500161409378052,0.0
22.0,0.319112628698349,0.9477167725563049,0.0
22.0,0.3147275745868683,0.9491820335388184,0.0
22.0,0.3097151219844818,0.9487257599830627,0.0
22.0,0.3053255081176758,0.9501475691795349,0.0
22.0,0.29972323775291443,0.9477351903915405,0.0
22.0,0.2947440445423126,0.9472010731697083,0.0
22.0,0.2903616428375244,0.9485536813735962,0.0
22.0,0.2853964567184448,0.9479709267616272,0.0
22.0,0.28101059794425964,0.9492802619934082,0.0
22.0,0.2760598659515381,0.948648989200592,0.0
22.0,0.27167096734046936,0.9499151706695557,0.0
22.0,0.2661941647529602,0.9473102688789368,0.0
22.0,0.2612794041633606,0.9466028809547424,0.0
22.0,0.2569001317024231,0.9478007555007935,0.0
22.0,0.2520010471343994,0.9470456838607788,0.0
22.0,0.24711446464061737,0.9462655186653137,0.0
22.0,0.24273689091205597,0.9473978877067566,0.0
22.0,0.23786669969558716,0.9465703368186951,0.0
22.0,0.2334877997636795,0.947659969329834,0.0
22.0,0.22863443195819855,0.9467852115631104,0.0
22.0,0.22425465285778046,0.9478321671485901,0.0
22.0,0.21941860020160675,0.9469105005264282,0.0
22.0,0.21459588408470154,0.9459643959999084,0.0
22.0,0.21022003889083862,0.9469464421272278,0.0
22.0,0.2054152935743332,0.9459537863731384,0.0
22.0,0.20103959739208221,0.9468933939933777,0.0
22.0,0.19625328481197357,0.9458544850349426,0.0
22.0,0.19148088991641998,0.9447915554046631,0.0
22.0,0.18711072206497192,0.9456667304039001,0.0
22.0,0.18235743045806885,0.9445579648017883,0.0
22.0,0.1779884397983551,0.9453909993171692,0.0
22.0,0.17361563444137573,0.9462038278579712,0.0
22.0,0.16853544116020203,0.9430587291717529,0.0
22.0,0.16417351365089417,0.9438278675079346,0.0
22.0,0.15980809926986694,0.9445767998695374,0.0
22.0,0.15543925762176514,0.945305585861206,0.0
22.0,0.1510670930147171,0.9460141062736511,0.0
22.0,0.1466917097568512,0.9467024803161621,0.0
22.0,0.14201606810092926,0.9453927278518677,0.0
22.0,0.13735570013523102,0.9440600872039795,0.0
22.0,0.13298949599266052,0.9446850419044495,0.0
22.0,0.1286204308271408,0.9452897906303406,0.0
22.0,0.12424863874912262,0.9458743333816528,0.0
22.0,0.11962287127971649,0.944454550743103,0.0
22.0,0.11525502800941467,0.9449975490570068,0.0
22.0,0.11088472604751587,0.945520281791687,0.0
22.0,0.10628827661275864,0.9440353512763977,0.0
22.0,0.10192251205444336,0.9445167183876038,0.0
22.0,0.09734919667243958,0.942988395690918,0.0
22.0,0.09298837184906006,0.9434283971786499,0.0
22.0,0.08862555772066116,0.9438482522964478,0.0
22.0,0.08426084369421005,0.9442479014396667,0.0
22.0,0.07989433407783508,0.9446274042129517,0.0
22.0,0.0753667801618576,0.9429929852485657,0.0
22.0,0.0710061639547348,0.9433313608169556,0.0
22.0,0.06664403527975082,0.9436495900154114,0.0
22.0,0.062280476093292236,0.9439476132392883,0.0
22.0,0.057915590703487396,0.9442254900932312,0.0
22.0,0.05343625321984291,0.9424864053726196,0.0
22.0,0.049078214913606644,0.9427233338356018,0.0
22.0,0.04471912980079651,0.9429401755332947,0.0
22.0,0.04027358070015907,0.9411386847496033,0.0
22.0,0.035921916365623474,0.9413148164749146,0.0
22.0,0.03156948462128639,0.9414708018302917,0.0
22.0,0.02721637673676014,0.9416067004203796,0.0
22.0,0.022862685844302177,0.9417225122451782,0.0
22.0,0.018508508801460266,0.941818118095398,0.0
22.0,0.014153935015201569,0.9418936371803284,0.0
22.0,0.009799058549106121,0.9419490098953247,0.0
22.0,0.005443972535431385,0.941984236240387,0.0
22.0,0.0010887705720961094,0.9419993162155151,0.0
22.0,-0.0032664549071341753,0.941994309425354,0.0
22.0,-0.007621610537171364,0.9419691562652588,0.0
22.0,-0.011976603418588638,0.9419238567352295,0.0
22.0,-0.01633133925497532,0.9418584108352661,0.0
22.0,-0.02072964608669281,0.9437723755836487,0.0
22.0,-0.02509283646941185,0.9436664581298828,0.0
22.0,-0.02945549041032791,0.9435403347015381,0.0
22.0,-0.033745866268873215,0.9413953423500061,0.0
22.0,-0.03809792548418045,0.9412292242050171,0.0
22.0,-0.04253929853439331,0.9430410265922546,0.0
22.0,-0.04679951071739197,0.9408367276191711,0.0
22.0,-0.05114884674549103,0.9406102895736694,0.0
22.0,-0.05549709498882294,0.9403637647628784,0.0
22.0,-0.05984415113925934,0.9400971531867981,0.0
22.0,-0.06418993324041367,0.9398103952407837,0.0
22.0,-0.06853433698415756,0.9395036101341248,0.0
22.0,-0.07287728041410446,0.9391766786575317,0.0
22.0,-0.0772186666727066,0.9388297200202942,0.0
22.0,-0.08155839890241623,0.9384626746177673,0.0
22.0,-0.08607876300811768,0.9400672912597656,0.0
22.0,-0.09042412787675858,0.9396592378616333,0.0
22.0,-0.09476755559444427,0.9392311573028564,0.0
22.0,-0.09931892901659012,0.9407718777656555,0.0
22.0,-0.10366740822792053,0.9403026103973389,0.0
22.0,-0.10801366716623306,0.9398132562637329,0.0
22.0,-0.11235762387514114,0.9393038749694824,0.0
22.0,-0.11669917404651642,0.9387743473052979,0.0
22.0,-0.12103822827339172,0.9382247924804688,0.0
22.0,-0.12563976645469666,0.9396375417709351,0.0
22.0,-0.12998270988464355,0.9390466213226318,0.0
22.0,-0.1343228816986084,0.9384356141090393,0.0
22.0,-0.13866019248962402,0.9378045797348022,0.0
22.0,-0.14299452304840088,0.9371534585952759,0.0
22.0,-0.14763662219047546,0.9384579658508301,0.0
22.0,-0.1519738882780075,0.93776535987854,0.0
22.0,-0.15696603059768677,0.9409981966018677,0.0
22.0,-0.16165313124656677,0.9422336220741272,0.0
22.0,-0.16600769758224487,0.9414761662483215,0.0
22.0,-0.1707151234149933,0.9426665902137756,0.0
22.0,-0.1750715970993042,0.9418672919273376,0.0
22.0,-0.17942433059215546,0.9410477876663208,0.0
22.0,-0.1833895593881607,0.9382452964782715,0.0
22.0,-0.18772545456886292,0.9373874068260193,0.0
22.0,-0.1924591362476349,0.9384686946868896,0.0
22.0,-0.1967959702014923,0.9375688433647156,0.0
22.0,-0.20112860202789307,0.936648964881897,0.0
22.0,-0.2054569274187088,0.9357090592384338,0.0
22.0,-0.21021881699562073,0.9367005825042725,0.0
22.0,-0.21499426662921906,0.9376680850982666,0.0
22.0,-0.2193271517753601,0.9366641044616699,0.0
22.0,-0.22458532452583313,0.9395304322242737,0.0
22.0,-0.22892671823501587,0.9384820461273193,0.0
22.0,-0.23374615609645844,0.939354419708252,0.0
22.0,-0.23857857286930084,0.9402022957801819,0.0
22.0,-0.24292293190956116,0.9390891790390015,0.0
22.0,-0.24726209044456482,0.9379560351371765,0.0
22.0,-0.25159597396850586,0.9368028044700623,0.0
22.0,-0.25645214319229126,0.9375587105751038,0.0
22.0,-0.2607840895652771,0.9363629817962646,0.0
22.0,-0.2662014365196228,0.9389956593513489,0.0
22.0,-0.27109429240226746,0.9396764636039734,0.0
22.0,-0.2754358649253845,0.9384130239486694,0.0
22.0,-0.2803437113761902,0.9390460252761841,0.0
22.0,-0.2846822738647461,0.9377398490905762,0.0
22.0,-0.2896045744419098,0.9383246898651123,0.0
22.0,-0.29453834891319275,0.9388840198516846,0.0
22.0,-0.298876017332077,0.937512218952179,0.0
22.0,-0.3038235604763031,0.938023030757904,0.0
22.0,-0.30815714597702026,0.9366083145141602,0.0
22.0,-0.31311798095703125,0.9370704889297485,0.0
22.0,-0.31744706630706787,0.9356127977371216,0.0
22.0,-0.32242071628570557,0.9360260963439941,0.0
22.0,-0.3274049460887909,0.9364133477210999,0.0
22.0,-0.33173084259033203,0.9348896145820618,0.0
22.0,-0.33672717213630676,0.9352276921272278,0.0
22.0,-0.341047465801239,0.9336608648300171,0.0
22.0,-0.34605535864830017,0.9339494705200195,0.0
22.0,-0.35177677869796753,0.9360839128494263,0.0
22.0,-0.3561008870601654,0.9344475269317627,0.0
22.0,-0.3611381947994232,0.9346566796302795,0.0
22.0,-0.36545559763908386,0.932977020740509,0.0
22.0,-0.37124133110046387,0.934995174407959,0.0
22.0,-0.3755601942539215,0.9332687854766846,0.0
22.0,-0.38213664293289185,0.9370781779289246,0.0
22.0,-0.3879925608634949,0.9389983415603638,0.0
22.0,-0.39232975244522095,0.9371944665908813,0.0
22.0,-0.3974393904209137,0.937211811542511,0.0
22.0,-0.40176820755004883,0.9353642463684082,0.0
22.0,-0.4068862497806549,0.9353306889533997,0.0
22.0,-0.41281890869140625,0.9371001124382019,0.0
22.0,-0.41714704036712646,0.9351814985275269,0.0
22.0,-0.4222894310951233,0.9350655674934387,0.0
22.0,-0.4266080856323242,0.9331032037734985,0.0
22.0,-0.4325975775718689,0.9347509145736694,0.0
22.0,-0.4369146525859833,0.9327408671379089,0.0
22.0,-0.44293591380119324,0.9343253374099731,0.0
22.0,-0.44898107647895813,0.9358739256858826,0.0
22.0,-0.45330315828323364,0.9337881207466125,0.0
22.0,-0.4584972858428955,0.9334774613380432,0.0
22.0,-0.46280819177627563,0.931347668170929,0.0
22.0,-0.4698041081428528,0.9345588088035583,0.0
22.0,-0.4741199016571045,0.9323767423629761,0.0
22.0,-0.4802550673484802,0.933731734752655,0.0
22.0,-0.486412912607193,0.9350500106811523,0.0
22.0,-0.49073082208633423,0.9327911138534546,0.0
22.0,-0.49691689014434814,0.9340436458587646,0.0
22.0,-0.501230001449585,0.9317362308502197,0.0
22.0,-0.5074437260627747,0.9329227805137634,0.0
22.0,-1.1144236326217651,1.961529016494751,0.0
22.0,-1.1234806776046753,1.9563556909561157,0.0
22.0,-1.1325136423110962,1.9511405229568481,0.0
22.0,-1.1415222883224487,1.9458836317062378,0.0
22.0,-1.1566263437271118,1.9509072303771973,0.0
22.0,-1.1697453260421753,1.9524015188217163,0.0
22.0,-1.1787595748901367,1.9469724893569946,0.0
22.0,-1.194010853767395,1.9517383575439453,0.0
22.0,-1.203021764755249,1.9461971521377563,0.0
22.0,-1.2162445783615112,1.947399616241455,0.0
22.0,-1.2316389083862305,1.9519041776657104,0.0
22.0,-1.2406500577926636,1.946189045906067,0.0
22.0,-1.253966212272644,1.9471580982208252,0.0
22.0,-1.2629551887512207,1.9413397312164307,0.0
22.0,-1.2785075902938843,1.945508360862732,0.0
22.0,-1.2874886989593506,1.939576506614685,0.0
22.0,-1.3031249046325684,1.9435701370239258,0.0
22.0,-1.318825602531433,1.947460651397705,0.0
22.0,-1.3278154134750366,1.9413424730300903,0.0
22.0,-1.3435970544815063,1.9450560808181763,0.0
22.0,-1.352575421333313,1.9388233423233032,0.0
22.0,-1.3684360980987549,1.9423589706420898,0.0
22.0,-1.384358286857605,1.9457893371582031,0.0
22.0,-1.3933396339416504,1.9393681287765503,0.0
22.0,-1.4093378782272339,1.9426186084747314,0.0
22.0,-1.4183043241500854,1.9360820055007935,0.0
22.0,-1.4343764781951904,1.9391512870788574,0.0
22.0,-1.4433265924453735,1.9324989318847656,0.0
22.0,-1.4594709873199463,1.9353864192962646,0.0
22.0,-1.475672721862793,1.9381657838821411,0.0
22.0,-1.484617829322815,1.931322455406189,0.0
22.0,-1.503340721130371,1.9370777606964111,0.0
22.0,-1.5122805833816528,1.930106520652771,0.0
22.0,-1.5236696004867554,1.9262313842773438,0.0
22.0,-1.5250709056854248,1.9097892045974731,0.0
22.0,-1.5338842868804932,1.9027178287506104,0.0
22.0,-1.5275160074234009,1.8769910335540771,0.0
22.0,-1.536177635192871,1.8699086904525757,0.0
22.0,-1.529486060142517,1.844312310218811,0.0
22.0,-1.5200234651565552,1.815751314163208,0.0
22.0,-1.5284020900726318,1.8087042570114136,0.0
22.0,-1.5211730003356934,1.7833589315414429,0.0
22.0,-1.5294018983840942,1.7763069868087769,0.0
22.0,-1.5218546390533447,1.7511019706726074,0.0
22.0,-1.5299344062805176,1.7440471649169922,0.0
22.0,-1.5220712423324585,1.7189866304397583,0.0
22.0,-1.5166749954223633,1.6970188617706299,0.0
22.0,-1.5245047807693481,1.689988613128662,0.0
22.0,-1.516144037246704,1.6651761531829834,0.0
22.0,-1.5238265991210938,1.6581486463546753,0.0
22.0,-1.5178755521774292,1.6364223957061768,0.0
22.0,-1.5117563009262085,1.6147868633270264,0.0
22.0,-1.519205927848816,1.6077800989151,0.0
22.0,-1.5128198862075806,1.5862659215927124,0.0
22.0,-1.5201376676559448,1.5792546272277832,0.0
22.0,-1.5134865045547485,1.5578646659851074,0.0
22.0,-1.5066704750061035,1.5365701913833618,0.0
22.0,-1.5137585401535034,1.5295878648757935,0.0
22.0,-1.5066802501678467,1.5084224939346313,0.0
22.0,-1.5136381387710571,1.5014405250549316,0.0
22.0,-1.5062994956970215,1.4804073572158813,0.0
22.0,-1.5016647577285767,1.4622650146484375,0.0
22.0,-1.5084092617034912,1.4553065299987793,0.0
22.0,-1.5006643533706665,1.4344972372055054,0.0
22.0,-1.5072804689407349,1.4275438785552979,0.0
22.0,-1.5021969079971313,1.4096113443374634,0.0
22.0,-1.5086979866027832,1.402651071548462,0.0
22.0,-1.5033985376358032,1.3848206996917725,0.0
22.0,-1.4979668855667114,1.3670697212219238,0.0
22.0,-1.504271388053894,1.360129475593567,0.0
22.0,-1.4986261129379272,1.3424842357635498,0.0
22.0,-1.4928501844406128,1.324920654296875,0.0
22.0,-1.4989597797393799,1.3180044889450073,0.0
22.0,-1.49297297000885,1.3005505800247192,0.0
22.0,-1.4989699125289917,1.293634057044983,0.0
22.0,-1.4958140850067139,1.278891921043396,0.0
22.0,-1.5017108917236328,1.2719625234603882,0.0
22.0,-1.4968509674072266,1.2560068368911743,0.0
22.0,-1.4918758869171143,1.2401236295700073,0.0
22.0,-1.4975934028625488,1.233212947845459,0.0
22.0,-1.4939802885055542,1.2186905145645142,0.0
22.0,-1.4995988607406616,1.2117702960968018,0.0
22.0,-1.495816946029663,1.1973252296447754,0.0
22.0,-1.4887993335723877,1.1804560422897339,0.0
22.0,-1.4942411184310913,1.1735601425170898,0.0
22.0,-1.4886009693145752,1.1580429077148438,0.0
22.0,-1.4939390420913696,1.1511482000350952,0.0
22.0,-1.4881161451339722,1.135735034942627,0.0
22.0,-1.4853739738464355,1.1228126287460327,0.0
22.0,-1.4905492067337036,1.1159331798553467,0.0
22.0,-1.486053466796875,1.1018825769424438,0.0
22.0,-1.4911320209503174,1.0950002670288086,0.0
22.0,-1.484856128692627,1.0798602104187012,0.0
22.0,-1.480095386505127,1.0659706592559814,0.0
22.0,-1.4850080013275146,1.059116244316101,0.0
22.0,-1.4800869226455688,1.0453165769577026,0.0
22.0,-1.4849040508270264,1.0384624004364014,0.0
22.0,-1.4831123352050781,1.027031660079956,0.0
22.0,-1.4795973300933838,1.014508605003357,0.0
22.0,-1.4842720031738281,1.0076570510864258,0.0
22.0,-1.4772956371307373,0.992974042892456,0.0
22.0,-1.4818707704544067,0.986133337020874,0.0
22.0,-1.4780635833740234,0.973770022392273,0.0
22.0,-1.4825499057769775,0.9669259786605835,0.0
22.0,-1.480283498764038,0.9557219743728638,0.0
22.0,-1.4762601852416992,0.9434826970100403,0.0
22.0,-1.4806065559387207,0.9366472959518433,0.0
22.0,-1.4764455556869507,0.92448490858078,0.0
22.0,-1.4722040891647339,0.9123810529708862,0.0
22.0,-1.4764065742492676,0.9055647850036621,0.0
22.0,-1.472029209136963,0.8935401439666748,0.0
22.0,-1.4761446714401245,0.8867248296737671,0.0
22.0,-1.4716325998306274,0.8747808933258057,0.0
22.0,-1.475661277770996,0.8679676651954651,0.0
22.0,-1.472744107246399,0.8571118712425232,0.0
22.0,-1.4697582721710205,0.8463016152381897,0.0
22.0,-1.473655343055725,0.8394973278045654,0.0
22.0,-1.4705514907836914,0.8287473917007446,0.0
22.0,-1.474367380142212,0.8219396471977234,0.0
22.0,-1.4711462259292603,0.8112512230873108,0.0
22.0,-1.467858076095581,0.8006102442741394,0.0
22.0,-1.4715439081192017,0.7938152551651001,0.0
22.0,-1.468139886856079,0.7832376956939697,0.0
22.0,-1.471745491027832,0.7764415740966797,0.0
22.0,-1.4664534330368042,0.7650036811828613,0.0
22.0,-1.4646421670913696,0.755465030670166,0.0
22.0,-1.4681192636489868,0.748685359954834,0.0
22.0,-1.4644215106964111,0.7382882833480835,0.0
22.0,-1.4678192138671875,0.731509804725647,0.0
22.0,-1.4640090465545654,0.7211805582046509,0.0
22.0,-1.4619331359863281,0.7117776870727539,0.0
22.0,-1.4652084112167358,0.7050110697746277,0.0
22.0,-1.4612274169921875,0.6947939991950989,0.0
22.0,-1.4644240140914917,0.6880307793617249,0.0
22.0,-1.4603331089019775,0.6778844594955444,0.0
22.0,-1.4579976797103882,0.6686244010925293,0.0
22.0,-1.461073398590088,0.6618764400482178,0.0
22.0,-1.4586411714553833,0.6526637077331543,0.0
22.0,-1.461643099784851,0.6459129452705383,0.0
22.0,-1.4591145515441895,0.6367484927177429,0.0
22.0,-1.4546959400177002,0.6268298029899597,0.0
22.0,-1.4575785398483276,0.6200975179672241,0.0
22.0,-1.4548978805541992,0.6110286712646484,0.0
22.0,-1.4577072858810425,0.604295551776886,0.0
22.0,-1.4567835330963135,0.5960349440574646,0.0
22.0,-1.4595236778259277,0.5892933011054993,0.0
22.0,-1.4566586017608643,0.5803184509277344,0.0
22.0,-1.4537420272827148,0.5713827610015869,0.0
22.0,-1.4563682079315186,0.5646554827690125,0.0
22.0,-1.4533590078353882,0.5557730197906494,0.0
22.0,-1.4559129476547241,0.5490476489067078,0.0
22.0,-1.4528120756149292,0.5402193665504456,0.0
22.0,-1.4496608972549438,0.5314316153526306,0.0
22.0,-1.4521023035049438,0.5247235894203186,0.0
22.0,-1.45074462890625,0.5166623592376709,0.0
22.0,-1.453117847442627,0.5099495053291321,0.0
22.0,-1.4516795873641968,0.5019186735153198,0.0
22.0,-1.4483050107955933,0.493267297744751,0.0
22.0,-1.4505701065063477,0.4865659475326538,0.0
22.0,-1.4490059614181519,0.4785997271537781,0.0
22.0,-1.4512032270431519,0.471895307302475,0.0
22.0,-1.4476549625396729,0.4633517861366272,0.0
22.0,-1.4459666013717651,0.4554520845413208,0.0
22.0,-1.448056936264038,0.4487619698047638,0.0
22.0,-1.4443769454956055,0.4403126835823059,0.0
22.0,-1.4463971853256226,0.4336300790309906,0.0
22.0,-1.4445499181747437,0.42580726742744446,0.0
22.0,-1.4445819854736328,0.41856738924980164,0.0
22.0,-1.4465017318725586,0.411884069442749,0.0
22.0,-1.4426125288009644,0.40357550978660583,0.0
22.0,-1.4444630146026611,0.3969014585018158,0.0
22.0,-1.4424206018447876,0.3891769349575043,0.0
22.0,-1.4442044496536255,0.3825039267539978,0.0
22.0,-1.4420862197875977,0.37481653690338135,0.0
22.0,-1.4399276971817017,0.3671569228172302,0.0
22.0,-1.4416097402572632,0.3604956567287445,0.0
22.0,-1.4413186311721802,0.35335052013397217,0.0
22.0,-1.442936897277832,0.34668299555778503,0.0
22.0,-1.4406307935714722,0.33909159898757935,0.0
22.0,-1.4402341842651367,0.3319781720638275,0.0
22.0,-1.4417537450790405,0.3253158926963806,0.0
22.0,-1.4393362998962402,0.31778424978256226,0.0
22.0,-1.4407901763916016,0.3111262619495392,0.0
22.0,-1.438299536705017,0.3036354184150696,0.0
22.0,-1.4357703924179077,0.2961742579936981,0.0
22.0,-1.4371243715286255,0.28953298926353455,0.0
22.0,-1.4364852905273438,0.28249961137771606,0.0
22.0,-1.43777596950531,0.2758551836013794,0.0
22.0,-1.4370701313018799,0.2688370943069458,0.0
22.0,-1.4382977485656738,0.2621901333332062,0.0
22.0,-1.4355560541152954,0.25483837723731995,0.0
22.0,-1.4327774047851562,0.24751761555671692,0.0
22.0,-1.4339064359664917,0.2408907115459442,0.0
22.0,-1.4350048303604126,0.23425865173339844,0.0
22.0,-1.436072587966919,0.22762158513069153,0.0
22.0,-1.433156132698059,0.22037173807621002,0.0
22.0,-1.4321813583374023,0.21344853937625885,0.0
22.0,-1.4331529140472412,0.20682474970817566,0.0
22.0,-1.4321130514144897,0.19992002844810486,0.0
22.0,-1.433022141456604,0.19329670071601868,0.0
22.0,-1.4319171905517578,0.186411052942276,0.0
22.0,-1.4287949800491333,0.1792907565832138,0.0
22.0,-1.4296085834503174,0.172682985663414,0.0
22.0,-1.4284049272537231,0.16584086418151855,0.0
22.0,-1.4291564226150513,0.15923504531383514,0.0
22.0,-1.4298774003982544,0.15262581408023834,0.0
22.0,-1.4285781383514404,0.14581026136875153,0.0
22.0,-1.4292370080947876,0.13920384645462036,0.0
22.0,-1.4278738498687744,0.13240979611873627,0.0
22.0,-1.4284707307815552,0.1258067935705185,0.0
22.0,-1.4270440340042114,0.11903484910726547,0.0
22.0,-1.4275791645050049,0.11243581771850586,0.0
22.0,-1.4260891675949097,0.10568656772375107,0.0
22.0,-1.4265625476837158,0.09909209609031677,0.0
22.0,-1.427005410194397,0.09249550849199295,0.0
22.0,-1.4274177551269531,0.08589693903923035,0.0
22.0,-1.4277997016906738,0.0792965367436409,0.0
22.0,-1.4261536598205566,0.07259277254343033,0.0
22.0,-1.424476146697998,0.06590592116117477,0.0
22.0,-1.424765706062317,0.05931933596730232,0.0
22.0,-1.4230260848999023,0.05265752226114273,0.0
22.0,-1.423254370689392,0.04607778042554855,0.0
22.0,-1.4234521389007568,0.039497051388025284,0.0
22.0,-1.4236195087432861,0.03291548043489456,0.0
22.0,-1.42375648021698,0.02633320540189743,0.0
22.0,-1.421863317489624,0.019722629338502884,0.0
22.0,-1.4219392538070679,0.013148615136742592,0.0
22.0,-1.4219849109649658,0.006574319209903479,0.0
22.0,-1.4220000505447388,-1.1636915075996512e-07,0.0
23.0,-1.4220000505447388,1.2431519280653447e-07,0.0
23.0,-1.4199848175048828,-0.006565064657479525,0.0
23.0,-1.4199392795562744,-0.013130112551152706,0.0
23.0,-1.4198633432388306,-0.01969487965106964,0.0
23.0,-1.4197571277618408,-0.026259226724505424,0.0
23.0,-1.4196205139160156,-0.03282301127910614,0.0
23.0,-1.4194536209106445,-0.039386097341775894,0.0
23.0,-1.4212554693222046,-0.046013057231903076,0.0
23.0,-1.4210275411605835,-0.05258355662226677,0.0
23.0,-1.420769214630127,-0.059152934700250626,0.0
23.0,-1.420480489730835,-0.0657210499048233,0.0
23.0,-1.420161485671997,-0.07228775322437286,0.0
23.0,-1.4198120832443237,-0.07885292172431946,0.0
23.0,-1.4194324016571045,-0.08541639894247055,0.0
23.0,-1.4190223217010498,-0.0919780507683754,0.0
23.0,-1.4185818433761597,-0.09853773564100266,0.0
23.0,-1.4201055765151978,-0.10524312406778336,0.0
23.0,-1.4196038246154785,-0.1118076741695404,0.0
23.0,-1.4190717935562134,-0.11836984008550644,0.0
23.0,-1.4165170192718506,-0.12475401163101196,0.0
23.0,-1.415925145149231,-0.13130176067352295,0.0
23.0,-1.4172935485839844,-0.13804058730602264,0.0
23.0,-1.4166401624679565,-0.1445917785167694,0.0
23.0,-1.4159564971923828,-0.15113988518714905,0.0
23.0,-1.417230248451233,-0.15790623426437378,0.0
23.0,-1.416485071182251,-0.16445693373680115,0.0
23.0,-1.4157096147537231,-0.17100411653518677,0.0
23.0,-1.4149038791656494,-0.1775476336479187,0.0
23.0,-1.4160510301589966,-0.184345543384552,0.0
23.0,-1.4171656370162964,-0.19115786254405975,0.0
23.0,-1.416266679763794,-0.1977079063653946,0.0
23.0,-1.4153375625610352,-0.20425371825695038,0.0
23.0,-1.4163563251495361,-0.21108999848365784,0.0
23.0,-1.415365219116211,-0.2176360934972763,0.0
23.0,-1.4143438339233398,-0.2241775244474411,0.0
23.0,-1.4132922887802124,-0.23071415722370148,0.0
23.0,-1.4141827821731567,-0.23757721483707428,0.0
23.0,-1.4130693674087524,-0.24411296844482422,0.0
23.0,-1.4119255542755127,-0.2506435215473175,0.0
23.0,-1.4127192497253418,-0.25752735137939453,0.0
23.0,-1.4115134477615356,-0.26405614614486694,0.0
23.0,-1.4122416973114014,-0.2709560990333557,0.0
23.0,-1.4109739065170288,-0.2774825394153595,0.0
23.0,-1.4116365909576416,-0.28439804911613464,0.0
23.0,-1.412265419960022,-0.29132556915283203,0.0
23.0,-1.4109033346176147,-0.29785189032554626,0.0
23.0,-1.411466121673584,-0.30479398369789124,0.0
23.0,-1.4100419282913208,-0.31131646037101746,0.0
23.0,-1.4105384349822998,-0.31827250123023987,0.0
23.0,-1.4110007286071777,-0.32523974776268005,0.0
23.0,-1.4094818830490112,-0.33175987005233765,0.0
23.0,-1.4118224382400513,-0.33920735120773315,0.0
23.0,-1.4102389812469482,-0.34573110938072205,0.0
23.0,-1.410565733909607,-0.35273265838623047,0.0
23.0,-1.4089198112487793,-0.3592504560947418,0.0
23.0,-1.409179449081421,-0.36626365780830383,0.0
23.0,-1.4094043970108032,-0.3732869625091553,0.0
23.0,-1.4076634645462036,-0.3797991871833801,0.0
23.0,-1.4078210592269897,-0.38683319091796875,0.0
23.0,-1.406017541885376,-0.3933379352092743,0.0
23.0,-1.4061075448989868,-0.40038201212882996,0.0
23.0,-1.4042413234710693,-0.40687867999076843,0.0
23.0,-1.4061819314956665,-0.41449761390686035,0.0
23.0,-1.408082127571106,-0.42214319109916687,0.0
23.0,-1.4061152935028076,-0.42864876985549927,0.0
23.0,-1.4060288667678833,-0.4357371926307678,0.0
23.0,-1.4039992094039917,-0.442233145236969,0.0
23.0,-1.4057492017745972,-0.44993895292282104,0.0
23.0,-1.4055559635162354,-0.45705196261405945,0.0
23.0,-1.4034278392791748,-0.46354547142982483,0.0
23.0,-1.405061960220337,-0.4713011384010315,0.0
23.0,-1.4028680324554443,-0.47779223322868347,0.0
23.0,-1.4044243097305298,-0.485580176115036,0.0
23.0,-1.405938744544983,-0.4933927357196808,0.0
23.0,-1.4036425352096558,-0.499887615442276,0.0
23.0,-1.4031972885131836,-0.5070515275001526,0.0
23.0,-1.400838017463684,-0.5135335922241211,0.0
23.0,-1.402198076248169,-0.5213988423347473,0.0
23.0,-1.3997724056243896,-0.5278761982917786,0.0
23.0,-1.4029210805892944,-0.5364852547645569,0.0
23.0,-1.4041552543640137,-0.5444117784500122,0.0
23.0,-1.401623249053955,-0.5508978962898254,0.0
23.0,-1.4027771949768066,-0.5588526129722595,0.0
23.0,-1.4001784324645996,-0.5653321743011475,0.0
23.0,-1.4012519121170044,-0.5733144283294678,0.0
23.0,-1.4022812843322754,-0.5813185572624207,0.0
23.0,-1.39957857131958,-0.587795615196228,0.0
23.0,-1.4023672342300415,-0.5966089963912964,0.0
23.0,-1.3995939493179321,-0.6030862927436829,0.0
23.0,-1.4004566669464111,-0.6111505031585693,0.0
23.0,-1.3976161479949951,-0.6176188588142395,0.0
23.0,-1.3983968496322632,-0.6257076263427734,0.0
23.0,-1.4009544849395752,-0.6346421241760254,0.0
23.0,-1.3980052471160889,-0.6411124467849731,0.0
23.0,-1.3986544609069824,-0.6492533087730408,0.0
23.0,-1.3956377506256104,-0.6557128429412842,0.0
23.0,-1.3980097770690918,-0.6647348999977112,0.0
23.0,-1.400328278541565,-0.673792839050293,0.0
23.0,-1.3971980810165405,-0.6802598834037781,0.0
23.0,-1.3994203805923462,-0.6893637180328369,0.0
23.0,-1.3962182998657227,-0.6958264112472534,0.0
23.0,-1.3983439207077026,-0.7049752473831177,0.0
23.0,-1.3950695991516113,-0.7114328145980835,0.0
23.0,-1.3970979452133179,-0.720625638961792,0.0
23.0,-1.3990709781646729,-0.7298523187637329,0.0
23.0,-1.395681619644165,-0.7363129258155823,0.0
23.0,-1.397556185722351,-0.7455819845199585,0.0
23.0,-1.3940942287445068,-0.7520354390144348,0.0
23.0,-1.3958698511123657,-0.7613458633422852,0.0
23.0,-1.3975889682769775,-0.7706886529922485,0.0
23.0,-1.3940107822418213,-0.7771419882774353,0.0
23.0,-1.3956300020217896,-0.7865244746208191,0.0
23.0,-1.3919787406921387,-0.7929686307907104,0.0
23.0,-1.393497347831726,-0.8023898005485535,0.0
23.0,-1.389772653579712,-0.8088238835334778,0.0
23.0,-1.3929139375686646,-0.8192965984344482,0.0
23.0,-1.3942686319351196,-0.8287935853004456,0.0
23.0,-1.390421986579895,-0.8352309465408325,0.0
23.0,-1.391674518585205,-0.8447638750076294,0.0
23.0,-1.3877540826797485,-0.8511890769004822,0.0
23.0,-1.3923038244247437,-0.8628638386726379,0.0
23.0,-1.3950800895690918,-0.8735374212265015,0.0
23.0,-1.391026496887207,-0.8799780607223511,0.0
23.0,-1.3936841487884521,-0.8907080292701721,0.0
23.0,-1.3895511627197266,-0.8971419930458069,0.0
23.0,-1.3904139995574951,-0.9068344831466675,0.0
23.0,-1.3862065076828003,-0.9132532477378845,0.0
23.0,-1.3902944326400757,-0.9251924753189087,0.0
23.0,-1.3926416635513306,-0.9360732436180115,0.0
23.0,-1.3882989883422852,-0.942501962184906,0.0
23.0,-1.388875126838684,-0.9523035287857056,0.0
23.0,-1.3844573497772217,-0.9587146639823914,0.0
23.0,-1.3882049322128296,-0.9708362817764282,0.0
23.0,-1.3902361392974854,-0.9818592071533203,0.0
23.0,-1.3856818675994873,-0.9882762432098389,0.0
23.0,-1.3892123699188232,-1.000516414642334,0.0
23.0,-1.3845717906951904,-1.006928563117981,0.0
23.0,-1.387961745262146,-1.019237995147705,0.0
23.0,-1.3832346200942993,-1.0256441831588745,0.0
23.0,-1.378477931022644,-1.0320284366607666,0.0
23.0,-1.3625234365463257,-1.0299484729766846,0.0
23.0,-1.357746958732605,-1.0362368822097778,0.0
23.0,-1.3386834859848022,-1.031516671180725,0.0
23.0,-1.3339000940322876,-1.0376948118209839,0.0
23.0,-1.3180779218673706,-1.0352035760879517,0.0
23.0,-1.3007404804229736,-1.0313457250595093,0.0
23.0,-1.2959582805633545,-1.0373485088348389,0.0
23.0,-1.2755924463272095,-1.0307589769363403,0.0
23.0,-1.270813226699829,-1.036645531654358,0.0
23.0,-1.256743311882019,-1.0348817110061646,0.0
23.0,-1.24117910861969,-1.0317317247390747,0.0
23.0,-1.2363957166671753,-1.037459135055542,0.0
23.0,-1.2178508043289185,-1.031530499458313,0.0
23.0,-1.2130687236785889,-1.0371500253677368,0.0
23.0,-1.1961477994918823,-1.0322939157485962,0.0
23.0,-1.1838220357894897,-1.0312446355819702,0.0
23.0,-1.1790415048599243,-1.0367069244384766,0.0
23.0,-1.1637649536132812,-1.0328538417816162,0.0
23.0,-1.1589772701263428,-1.038223385810852,0.0
23.0,-1.1408132314682007,-1.0314985513687134,0.0
23.0,-1.136031985282898,-1.0367618799209595,0.0
23.0,-1.1224004030227661,-1.0338730812072754,0.0
23.0,-1.108819842338562,-1.0308805704116821,0.0
23.0,-1.1040418148040771,-1.0359959602355957,0.0
23.0,-1.0890755653381348,-1.03146231174469,0.0
23.0,-1.0741748809814453,-1.0268125534057617,0.0
23.0,-1.0694161653518677,-1.0317678451538086,0.0
23.0,-1.056037187576294,-1.0283294916152954,0.0
23.0,-1.0512715578079224,-1.033200979232788,0.0
23.0,-1.0379638671875,-1.0295994281768799,0.0
23.0,-1.03319251537323,-1.0343873500823975,0.0
23.0,-1.0199581384658813,-1.0306237936019897,0.0
23.0,-1.008181095123291,-1.0281882286071777,0.0
23.0,-1.0034165382385254,-1.0328384637832642,0.0
23.0,-0.9903087019920349,-1.0288209915161133,0.0
23.0,-0.9786399006843567,-1.0261520147323608,0.0
23.0,-0.973885178565979,-1.030665636062622,0.0
23.0,-0.9622752666473389,-1.0278570652008057,0.0
23.0,-0.9575128555297852,-1.0322951078414917,0.0
23.0,-0.9459633827209473,-1.0293480157852173,0.0
23.0,-0.9411942362785339,-1.0337104797363281,0.0
23.0,-0.9297067523002625,-1.0306257009506226,0.0
23.0,-0.918268084526062,-1.0274569988250732,0.0
23.0,-0.9135079383850098,-1.0316914319992065,0.0
23.0,-0.9034526348114014,-1.0298899412155151,0.0
23.0,-0.8986814022064209,-1.0340559482574463,0.0
23.0,-0.8873662352561951,-1.0306217670440674,0.0
23.0,-0.8761021494865417,-1.0271052122116089,0.0
23.0,-0.8713441491127014,-1.0311447381973267,0.0
23.0,-0.8614321947097778,-1.0290279388427734,0.0
23.0,-0.8566654324531555,-1.0329996347427368,0.0
23.0,-0.8468020558357239,-1.030767798423767,0.0
23.0,-0.8369777202606201,-1.0284669399261475,0.0
23.0,-0.832213819026947,-1.0323256254196167,0.0
23.0,-0.8211920261383057,-1.0283479690551758,0.0
23.0,-0.8164287805557251,-1.03213369846344,0.0
23.0,-0.8054805994033813,-1.02802574634552,0.0
23.0,-0.7970404028892517,-1.02699875831604,0.0
23.0,-0.7922836542129517,-1.0306727886199951,0.0
23.0,-0.782663881778717,-1.0279598236083984,0.0
23.0,-0.7779028415679932,-1.0315674543380737,0.0
23.0,-0.7671412229537964,-1.0271408557891846,0.0
23.0,-0.758816123008728,-1.025852918624878,0.0
23.0,-0.7540650963783264,-1.0293502807617188,0.0
23.0,-0.7457746267318726,-1.0279690027236938,0.0
23.0,-0.7410139441490173,-1.0314059257507324,0.0
23.0,-0.731599748134613,-1.0283023118972778,0.0
23.0,-0.7233820557594299,-1.0267689228057861,0.0
23.0,-0.7186272144317627,-1.0301024913787842,0.0
23.0,-0.710446834564209,-1.0284771919250488,0.0
23.0,-0.7056841850280762,-1.0317507982254028,0.0
23.0,-0.6964206695556641,-1.0283784866333008,0.0
23.0,-0.6916586756706238,-1.0315872430801392,0.0
23.0,-0.682457447052002,-1.028108835220337,0.0
23.0,-0.6744017601013184,-1.0262389183044434,0.0
23.0,-0.6696498990058899,-1.029345989227295,0.0
23.0,-0.6616350412368774,-1.0273865461349487,0.0
23.0,-0.6547278165817261,-1.0270615816116333,0.0
23.0,-0.6499723196029663,-1.0300776958465576,0.0
23.0,-0.642024576663971,-1.0279827117919922,0.0
23.0,-0.6372649669647217,-1.030940055847168,0.0
23.0,-0.6283168792724609,-1.0270510911941528,0.0
23.0,-0.6235617399215698,-1.0299450159072876,0.0
23.0,-0.6157095432281494,-1.0276700258255005,0.0
23.0,-0.6089117527008057,-1.0270649194717407,0.0
23.0,-0.6041567921638489,-1.0298691987991333,0.0
23.0,-0.5963768362998962,-1.0274622440338135,0.0
23.0,-0.5916200876235962,-1.0302084684371948,0.0
23.0,-0.5828988552093506,-1.0259770154953003,0.0
23.0,-0.5761893391609192,-1.0251740217208862,0.0
23.0,-0.5714434385299683,-1.0278270244598389,0.0
23.0,-0.5637940168380737,-1.025200605392456,0.0
23.0,-0.5590481162071228,-1.0277962684631348,0.0
23.0,-0.5523952841758728,-1.0268473625183105,0.0
23.0,-0.5457631349563599,-1.0258588790893555,0.0
23.0,-0.5410143733024597,-1.0283712148666382,0.0
23.0,-0.5334851741790771,-1.025538682937622,0.0
23.0,-0.5287380218505859,-1.0279942750930786,0.0
23.0,-0.5221664309501648,-1.0268622636795044,0.0
23.0,-0.5156167149543762,-1.0256916284561157,0.0
23.0,-0.5108690857887268,-1.0280646085739136,0.0
23.0,-0.5034652948379517,-1.0250300168991089,0.0
23.0,-0.49872082471847534,-1.0273468494415283,0.0
23.0,-0.4922355115413666,-1.026035189628601,0.0
23.0,-0.48748651146888733,-1.0283000469207764,0.0
23.0,-0.4801819324493408,-1.0251094102859497,0.0
23.0,-0.47375738620758057,-1.0236884355545044,0.0
23.0,-0.46901941299438477,-1.0258678197860718,0.0
23.0,-0.4618018865585327,-1.022557020187378,0.0
23.0,-0.4570693075656891,-1.0246812105178833,0.0
23.0,-0.4515206515789032,-1.0249532461166382,0.0
23.0,-0.4451814889907837,-1.0233619213104248,0.0
23.0,-0.44044533371925354,-1.02540922164917,0.0
23.0,-0.43413808941841125,-1.023751974105835,0.0
23.0,-0.4294002652168274,-1.0257482528686523,0.0
23.0,-0.4231257736682892,-1.0240256786346436,0.0
23.0,-0.41687634587287903,-1.0222671031951904,0.0
23.0,-0.41214555501937866,-1.0241835117340088,0.0
23.0,-0.40666791796684265,-1.024219274520874,0.0
23.0,-0.40192824602127075,-1.0260885953903198,0.0
23.0,-0.39573830366134644,-1.0242047309875488,0.0
23.0,-0.3895743787288666,-1.0222855806350708,0.0
23.0,-0.3848437964916229,-1.0240757465362549,0.0
23.0,-0.38079988956451416,-1.027719497680664,0.0
23.0,-0.37604427337646484,-1.0294691324234009,0.0
23.0,-0.37128064036369324,-1.0311967134475708,0.0
23.0,-0.36584025621414185,-1.0310174226760864,0.0
23.0,-0.36106956005096436,-1.0326977968215942,0.0
23.0,-0.3549884855747223,-1.0305742025375366,0.0
23.0,-0.3502199649810791,-1.032204508781433,0.0
23.0,-0.3441762328147888,-1.0300188064575195,0.0
23.0,-0.3394103944301605,-1.0315990447998047,0.0
23.0,-0.33402103185653687,-1.031254529953003,0.0
23.0,-0.3286421298980713,-1.0308823585510254,0.0
23.0,-0.32387247681617737,-1.0323907136917114,0.0
23.0,-0.31791621446609497,-1.0300549268722534,0.0
23.0,-0.3131504952907562,-1.0315138101577759,0.0
23.0,-0.3072338104248047,-1.0291178226470947,0.0
23.0,-0.30190926790237427,-1.0286082029342651,0.0
23.0,-0.2971504032611847,-1.0299930572509766,0.0
23.0,-0.29183971881866455,-1.029431700706482,0.0
23.0,-0.2870771586894989,-1.0307700634002686,0.0
23.0,-0.28125306963920593,-1.0282279253005981,0.0
23.0,-0.2759774327278137,-1.027585744857788,0.0
23.0,-0.2712235748767853,-1.0288506746292114,0.0
23.0,-0.26596304774284363,-1.0281574726104736,0.0
23.0,-0.26120665669441223,-1.0293761491775513,0.0
23.0,-0.25596168637275696,-1.0286318063735962,0.0
23.0,-0.2507292628288269,-1.02786123752594,0.0
23.0,-0.24597439169883728,-1.029009461402893,0.0
23.0,-0.2407582849264145,-1.0281884670257568,0.0
23.0,-0.23600201308727264,-1.0292905569076538,0.0
23.0,-0.2308027595281601,-1.0284192562103271,0.0
23.0,-0.22604551911354065,-1.0294753313064575,0.0
23.0,-0.22086356580257416,-1.028554081916809,0.0
23.0,-0.21569494903087616,-1.027606725692749,0.0
23.0,-0.2109416425228119,-1.0285929441452026,0.0
23.0,-0.20579108595848083,-1.0275962352752686,0.0
23.0,-0.2010379284620285,-1.0285366773605347,0.0
23.0,-0.19553132355213165,-1.0255260467529297,0.0
23.0,-0.19042235612869263,-1.024452805519104,0.0
23.0,-0.18568389117717743,-1.0253221988677979,0.0
23.0,-0.18059414625167847,-1.0241999626159668,0.0
23.0,-0.17585696280002594,-1.0250240564346313,0.0
23.0,-0.17078694701194763,-1.0238534212112427,0.0
23.0,-0.1660514622926712,-1.0246320962905884,0.0
23.0,-0.16131243109703064,-1.0253888368606567,0.0
23.0,-0.15626828372478485,-1.024146556854248,0.0
23.0,-0.15153160691261292,-1.0248581171035767,0.0
23.0,-0.14650830626487732,-1.0235679149627686,0.0
23.0,-0.14177440106868744,-1.024234414100647,0.0
23.0,-0.1370374709367752,-1.024878978729248,0.0
23.0,-0.13204170763492584,-1.0235178470611572,0.0
23.0,-0.127308189868927,-1.0241174697875977,0.0
23.0,-0.12233441323041916,-1.0227092504501343,0.0
23.0,-0.11760473996400833,-1.023263931274414,0.0
23.0,-0.11265338212251663,-1.0218087434768677,0.0
23.0,-0.10792797803878784,-1.022318720817566,0.0
23.0,-0.103200264275074,-1.0228067636489868,0.0
23.0,-0.09847034513950348,-1.02327299118042,0.0
23.0,-0.09373831748962402,-1.0237172842025757,0.0
23.0,-0.08883113414049149,-1.022147297859192,0.0
23.0,-0.08410441875457764,-1.0225470066070557,0.0
23.0,-0.07937590032815933,-1.0229250192642212,0.0
23.0,-0.0745001882314682,-1.0212863683700562,0.0
23.0,-0.06977760046720505,-1.0216199159622192,0.0
23.0,-0.0650535300374031,-1.021931529045105,0.0
23.0,-0.060445886105298996,-1.024217963218689,0.0
23.0,-0.055709902197122574,-1.0244864225387573,0.0
23.0,-0.05087336152791977,-1.022735595703125,0.0
23.0,-0.046144332736730576,-1.02295982837677,0.0
23.0,-0.04141431301832199,-1.0231622457504272,0.0
23.0,-0.03668341040611267,-1.0233427286148071,0.0
23.0,-0.031951725482940674,-1.0235013961791992,0.0
23.0,-0.02721935510635376,-1.0236382484436035,0.0
23.0,-0.022486403584480286,-1.0237531661987305,0.0
23.0,-0.017718294635415077,-1.0218462944030762,0.0
23.0,-0.012993729673326015,-1.0219173431396484,0.0
23.0,-0.008268886245787144,-1.0219664573669434,0.0
23.0,-0.0035438663326203823,-1.0219937562942505,0.0
23.0,0.0011812294833362103,-1.0219992399215698,0.0
23.0,0.005906300153583288,-1.0219829082489014,0.0
23.0,0.010631244629621506,-1.0219446420669556,0.0
23.0,0.01535596139729023,-1.021884560585022,0.0
23.0,0.02008035033941269,-1.0218026638031006,0.0
23.0,0.024804310873150826,-1.0216989517211914,0.0
23.0,0.029527738690376282,-1.0215733051300049,0.0
23.0,0.03425053879618645,-1.0214258432388306,0.0
23.0,0.038972605019807816,-1.0212565660476685,0.0
23.0,0.04369383677840233,-1.0210654735565186,0.0
23.0,0.048414137214422226,-1.0208525657653809,0.0
23.0,0.05313339829444885,-1.0206178426742554,0.0
23.0,0.05785152688622475,-1.020361304283142,0.0
23.0,0.06256841868162155,-1.0200828313827515,0.0
23.0,0.06728397309780121,-1.0197826623916626,0.0
23.0,0.07213899493217468,-1.0214558839797974,0.0
23.0,0.07671067118644714,-1.019116997718811,0.0
23.0,0.08142160624265671,-1.0187513828277588,0.0
23.0,0.0862993597984314,-1.0203570127487183,0.0
23.0,0.09101593494415283,-1.0199471712112427,0.0
23.0,0.09573055803775787,-1.0195153951644897,0.0
23.0,0.10044313222169876,-1.0190619230270386,0.0
23.0,0.10515356063842773,-1.0185866355895996,0.0
23.0,0.10986173897981644,-1.0180896520614624,0.0
23.0,0.1145675778388977,-1.0175708532333374,0.0
23.0,0.11950390785932541,-1.0190166234970093,0.0
23.0,0.12421392649412155,-1.0184532403945923,0.0
23.0,0.12866997718811035,-1.0158839225769043,0.0
23.0,0.13362589478492737,-1.0172611474990845,0.0
23.0,0.13832764327526093,-1.0166324377059937,0.0
23.0,0.1433052271604538,-1.0179624557495117,0.0
23.0,0.14801011979579926,-1.0172890424728394,0.0
23.0,0.15271183848381042,-1.0165938138961792,0.0
23.0,0.15741030871868134,-1.0158770084381104,0.0
23.0,0.16210539638996124,-1.0151383876800537,0.0
23.0,0.16679702699184418,-1.0143779516220093,0.0
23.0,0.17148509621620178,-1.0135960578918457,0.0
23.0,0.1765122264623642,-1.0147627592086792,0.0
23.0,0.1812019646167755,-1.0139358043670654,0.0
23.0,0.186248779296875,-1.0150543451309204,0.0
23.0,0.1909397542476654,-1.0141823291778564,0.0
23.0,0.1956266611814499,-1.0132887363433838,0.0
23.0,0.20069760084152222,-1.0143355131149292,0.0
23.0,0.20538510382175446,-1.0133967399597168,0.0
23.0,0.21047453582286835,-1.0143946409225464,0.0
23.0,0.2151622176170349,-1.0134106874465942,0.0
23.0,0.21984528005123138,-1.0124050378799438,0.0
23.0,0.22539053857326508,-1.0152827501296997,0.0
23.0,0.23008215427398682,-1.0142297744750977,0.0
23.0,0.23522035777568817,-1.0151036977767944,0.0
23.0,0.2399110496044159,-1.0140053033828735,0.0
23.0,0.24553555250167847,-1.0167734622955322,0.0
23.0,0.25119075179100037,-1.0195112228393555,0.0
23.0,0.25590163469314575,-1.018338918685913,0.0
23.0,0.26110348105430603,-1.0190824270248413,0.0
23.0,0.26581230759620667,-1.0178643465042114,0.0
23.0,0.27051541209220886,-1.0166245698928833,0.0
23.0,0.27521276473999023,-1.0153629779815674,0.0
23.0,0.28043636679649353,-1.016007661819458,0.0
23.0,0.28513073921203613,-1.014700174331665,0.0
23.0,0.28981903195381165,-1.0133711099624634,0.0
23.0,0.2950599491596222,-1.013940691947937,0.0
23.0,0.2997446060180664,-1.0125656127929688,0.0
23.0,0.304999440908432,-1.013084053993225,0.0
23.0,0.3102654218673706,-1.0135754346847534,0.0
23.0,0.31494826078414917,-1.0121301412582397,0.0
23.0,0.3202274441719055,-1.0125702619552612,0.0
23.0,0.32490551471710205,-1.0110788345336914,0.0
23.0,0.330197274684906,-1.0114670991897583,0.0
23.0,0.3361290395259857,-1.0137263536453247,0.0
23.0,0.3408122956752777,-1.0121614933013916,0.0
23.0,0.34742918610572815,-1.0162523984909058,0.0
23.0,0.35212400555610657,-1.0146352052688599,0.0
23.0,0.35747572779655457,-1.0148828029632568,0.0
23.0,0.36216408014297485,-1.0132192373275757,0.0
23.0,0.3675265610218048,-1.0134141445159912,0.0
23.0,0.37220802903175354,-1.0117040872573853,0.0
23.0,0.37758079171180725,-1.0118463039398193,0.0
23.0,0.38296276330947876,-1.0119602680206299,0.0
23.0,0.38763734698295593,-1.010178804397583,0.0
23.0,0.39302876591682434,-1.0102397203445435,0.0
23.0,0.39769527316093445,-1.0084118843078613,0.0
23.0,0.40458035469055176,-1.0121338367462158,0.0
23.0,0.4107573330402374,-1.0139597654342651,0.0
23.0,0.4154408574104309,-1.0120497941970825,0.0
23.0,0.42165160179138184,-1.0138115882873535,0.0
23.0,0.42633432149887085,-1.0118513107299805,0.0
23.0,0.4317930042743683,-1.0117088556289673,0.0
23.0,0.4388465881347656,-1.0152090787887573,0.0
23.0,0.44353556632995605,-1.013169288635254,0.0
23.0,0.4498361647129059,-1.0147647857666016,0.0
23.0,0.4545229971408844,-1.01267409324646,0.0
23.0,0.4608548581600189,-1.0142035484313965,0.0
23.0,0.46553897857666016,-1.0120619535446167,0.0
23.0,0.4702131152153015,-1.0098987817764282,0.0
23.0,0.4774349331855774,-1.0131416320800781,0.0
23.0,0.4821139872074127,-1.0109233856201172,0.0
23.0,0.48939049243927,-1.0140873193740845,0.0
23.0,0.494073748588562,-1.0118138790130615,0.0
23.0,0.5005182027816772,-1.0131049156188965,0.0
23.0,0.5051968097686768,-1.0107799768447876,0.0
23.0,0.511669397354126,-1.0120030641555786,0.0
23.0,0.5181641578674316,-1.0131880044937134,0.0
23.0,0.5228429436683655,-1.0107815265655518,0.0
23.0,0.5293647646903992,-1.0118976831436157,0.0
23.0,0.5340374708175659,-1.0094393491744995,0.0
23.0,0.5396422743797302,-1.0087231397628784,0.0
23.0,0.5471548438072205,-1.0114946365356445,0.0
23.0,0.5518255233764648,-1.0089541673660278,0.0
23.0,0.5593878030776978,-1.0116428136825562,0.0
23.0,0.5640590786933899,-1.0090458393096924,0.0
23.0,0.5716699957847595,-1.011650800704956,0.0
23.0,0.5783251523971558,-1.0124702453613281,0.0
23.0,0.5829999446868896,-1.0097856521606445,0.0
23.0,0.5906863808631897,-1.0122617483139038,0.0
23.0,0.5953601002693176,-1.0095199346542358,0.0
23.0,0.6000211238861084,-1.0067565441131592,0.0
23.0,0.6046693325042725,-1.0039716958999634,0.0
23.0,0.6103443503379822,-1.0028737783432007,0.0
23.0,0.6202127933502197,-1.0085594654083252,0.0
23.0,0.6248691082000732,-1.0056811571121216,0.0
23.0,0.6337655186653137,-1.0095570087432861,0.0
23.0,0.6384263038635254,-1.0066161155700684,0.0
23.0,0.6463103294372559,-1.008705496788025,0.0
23.0,0.6509670615196228,-1.005706548690796,0.0
23.0,0.6577989459037781,-1.0060341358184814,0.0
23.0,0.6646475791931152,-1.0063197612762451,0.0
23.0,0.6692931056022644,-1.0032360553741455,0.0
23.0,0.6783947348594666,-1.006765365600586,0.0
23.0,0.6830421686172485,-1.0036181211471558,0.0
23.0,0.692206621170044,-1.0070421695709229,0.0
23.0,0.7014172077178955,-1.0104029178619385,0.0
23.0,0.7060811519622803,-1.00714910030365,0.0
23.0,0.713041365146637,-1.0071384906768799,0.0
23.0,0.717690110206604,-1.0038310289382935,0.0
23.0,0.7258356213569641,-1.0053669214248657,0.0
23.0,0.7304760813713074,-1.002000331878662,0.0
23.0,0.739843487739563,-1.0050550699234009,0.0
23.0,0.7492546439170837,-1.0080444812774658,0.0
23.0,0.7539072036743164,-1.0045695304870605,0.0
23.0,0.76216721534729,-1.0058553218841553,0.0
23.0,0.7668095231056213,-1.0023208856582642,0.0
23.0,0.7763256430625916,-1.005096197128296,0.0
23.0,0.7858837842941284,-1.0078048706054688,0.0
23.0,0.7905348539352417,-1.0041606426239014,0.0
23.0,0.8001465797424316,-1.0067578554153442,0.0
23.0,0.8047926425933838,-1.0030478239059448,0.0
23.0,0.8157156109809875,-1.0070868730545044,0.0
23.0,0.8203630447387695,-1.0033048391342163,0.0
23.0,0.8313586115837097,-1.0072134733200073,0.0
23.0,0.8411274552345276,-1.0095051527023315,0.0
23.0,0.8457857966423035,-1.0056054592132568,0.0
23.0,0.8556036949157715,-1.0077829360961914,0.0
23.0,0.8602538704872131,-1.0038163661956787,0.0
23.0,0.8688110113143921,-1.004366159439087,0.0
23.0,0.8800225257873535,-1.0078712701797485,0.0
23.0,0.8846728801727295,-1.0037918090820312,0.0
23.0,0.8946214914321899,-1.005668044090271,0.0
23.0,0.899261474609375,-1.0015212297439575,0.0
23.0,0.910597562789917,-1.0047626495361328,0.0
23.0,0.9152332544326782,-1.0005418062210083,0.0
23.0,0.9252762198448181,-1.0021775960922241,0.0
23.0,0.9367172122001648,-1.0052047967910767,0.0
23.0,0.9413546323776245,-1.0008633136749268,0.0
23.0,0.9542337656021118,-1.0052034854888916,0.0
23.0,0.9588709473609924,-1.0007809400558472,0.0
23.0,0.9732198715209961,-1.0064010620117188,0.0
23.0,0.9778624176979065,-1.001890778541565,0.0
23.0,0.9951160550117493,-1.0101821422576904,0.0
23.0,1.0152872800827026,-1.0211719274520874,0.0
23.0,1.0199975967407227,-1.0164669752120972,0.0
23.0,1.0374947786331177,-1.0243868827819824,0.0
23.0,1.0422197580337524,-1.0195791721343994,0.0
23.0,1.0627198219299316,-1.0300614833831787,0.0
23.0,1.0674707889556885,-1.025137186050415,0.0
23.0,1.0881370306015015,-1.0353559255599976,0.0
23.0,1.1089203357696533,-1.0454051494598389,0.0
23.0,1.1137417554855347,-1.040266990661621,0.0
23.0,1.1346862316131592,-1.050049066543579,0.0
23.0,1.1395288705825806,-1.0447918176651,0.0
23.0,1.1635923385620117,-1.0569943189620972,0.0
23.0,1.1684668064117432,-1.0516033172607422,0.0
23.0,1.1897367238998413,-1.060831069946289,0.0
23.0,1.2096176147460938,-1.068560242652893,0.0
23.0,1.2145450115203857,-1.0629563331604004,0.0
23.0,1.2345573902130127,-1.0704317092895508,0.0
23.0,1.2394931316375732,-1.064712405204773,0.0
23.0,1.2657264471054077,-1.0771167278289795,0.0
23.0,1.2706928253173828,-1.0712532997131348,0.0
23.0,1.297122836112976,-1.0833154916763306,0.0
23.0,1.1665124893188477,-0.9651139378547668,0.0
23.0,1.1709620952606201,-0.9597103595733643,0.0
23.0,1.175386667251587,-0.9542863368988037,0.0
23.0,1.2076245546340942,-0.9620702266693115,0.0
23.0,1.2120596170425415,-0.956476628780365,0.0
23.0,1.2164688110351562,-0.9508625864982605,0.0
23.0,1.220852017402649,-0.9452282190322876,0.0
23.0,1.2458409070968628,-0.955395519733429,0.0
23.0,1.2502447366714478,-0.9496253132820129,0.0
23.0,1.2769972085952759,-0.9606675505638123,0.0
23.0,1.28142511844635,-0.9547532796859741,0.0
23.0,1.3115742206573486,-0.9678186178207397,0.0
23.0,1.3160347938537598,-0.9617444276809692,0.0
23.0,1.3496309518814087,-0.9767559766769409,0.0
23.0,1.3541324138641357,-0.9705057144165039,0.0
23.0,1.3814387321472168,-0.9804403185844421,0.0
23.0,1.410501480102539,-0.9912927746772766,0.0
23.0,1.415069580078125,-0.9847608804702759,0.0
23.0,1.4476042985916138,-0.9974998235702515,0.0
23.0,1.4522006511688232,-0.9907963275909424,0.0
23.0,1.4799680709838867,-0.9997451901435852,0.0
23.0,1.5011990070343018,-1.0040106773376465,0.0
23.0,1.5058249235153198,-0.9970592856407166,0.0
23.0,1.527145266532898,-1.0010510683059692,0.0
23.0,1.5317572355270386,-0.993979811668396,0.0
23.0,1.561577320098877,-1.0031012296676636,0.0
23.0,1.5661983489990234,-0.9958707094192505,0.0
23.0,1.580941915512085,-0.9950109720230103,0.0
23.0,1.573642373085022,-0.9802886247634888,0.0
23.0,1.5781577825546265,-0.9730026125907898,0.0
23.0,1.5741031169891357,-0.9604870676994324,0.0
23.0,1.5785269737243652,-0.9531991481781006,0.0
23.0,1.5760496854782104,-0.9417871832847595,0.0
23.0,1.5735008716583252,-0.9304186105728149,0.0
23.0,1.5777857303619385,-0.9231337904930115,0.0
23.0,1.5751134157180786,-0.9118212461471558,0.0
23.0,1.5793122053146362,-0.9045291543006897,0.0
23.0,1.590437650680542,-0.9011614918708801,0.0
23.0,1.6085439920425415,-0.9016218781471252,0.0
23.0,1.612695336341858,-0.8941753506660461,0.0
23.0,1.6308410167694092,-0.8944035172462463,0.0
23.0,1.6349587440490723,-0.8868539929389954,0.0
23.0,1.6549031734466553,-0.8877946734428406,0.0
23.0,1.6589901447296143,-0.8801339864730835,0.0
23.0,1.6789813041687012,-0.880816638469696,0.0
23.0,1.453377604484558,-0.7201233506202698,0.0
23.0,1.4566913843154907,-0.7133961319923401,0.0
23.0,1.4599741697311401,-0.7066537141799927,0.0
23.0,1.4632256031036377,-0.6998961567878723,0.0
23.0,1.4809114933013916,-0.6999608278274536,0.0
23.0,1.4841318130493164,-0.6931065917015076,0.0
23.0,1.4873204231262207,-0.6862374544143677,0.0
23.0,1.4904773235321045,-0.6793537139892578,0.0
23.0,1.5063680410385132,-0.6782028675079346,0.0
23.0,1.509487509727478,-0.6712310910224915,0.0
23.0,1.5272244215011597,-0.6706783771514893,0.0
23.0,1.5449881553649902,-0.6699758768081665,0.0
23.0,1.5480692386627197,-0.6628256440162659,0.0
23.0,1.5603280067443848,-0.6595547199249268,0.0
23.0,1.5633606910705566,-0.6523337364196777,0.0
23.0,1.5682092905044556,-0.6458603739738464,0.0
23.0,1.5656201839447021,-0.6363438963890076,0.0
23.0,1.5685455799102783,-0.629098653793335,0.0
23.0,1.565858244895935,-0.6196321845054626,0.0
23.0,1.5687062740325928,-0.6123860478401184,0.0
23.0,1.56405508518219,-0.6022520661354065,0.0
23.0,1.56682288646698,-0.5950143933296204,0.0
23.0,1.5658111572265625,-0.586361289024353,0.0
23.0,1.5647529363632202,-0.5777302384376526,0.0
23.0,1.567407250404358,-0.5704895853996277,0.0
23.0,1.5643805265426636,-0.5612107515335083,0.0
23.0,1.5669584274291992,-0.553972065448761,0.0
23.0,1.563836932182312,-0.5447477698326111,0.0
23.0,1.5625553131103516,-0.5362133979797363,0.0
23.0,1.5650177001953125,-0.5289834141731262,0.0
23.0,1.563651442527771,-0.5204788446426392,0.0
23.0,1.566041111946106,-0.5132439136505127,0.0
23.0,1.564590573310852,-0.5047699213027954,0.0
23.0,1.561188817024231,-0.4957149922847748,0.0
23.0,1.5634640455245972,-0.4884917438030243,0.0
23.0,1.5618822574615479,-0.48008278012275696,0.0
23.0,1.5640852451324463,-0.4728564918041229,0.0
23.0,1.5624206066131592,-0.46448028087615967,0.0
23.0,1.5607119798660278,-0.4561295807361603,0.0
23.0,1.5628042221069336,-0.4489089548587799,0.0
23.0,1.5629380941390991,-0.441135436296463,0.0
23.0,1.5649608373641968,-0.4339046776294708,0.0
23.0,1.5611611604690552,-0.4250883162021637,0.0
23.0,1.5611776113510132,-0.4173494279384613,0.0
23.0,1.5630905628204346,-0.41012707352638245,0.0
23.0,1.5591593980789185,-0.40140002965927124,0.0
23.0,1.560998558998108,-0.39418715238571167,0.0
23.0,1.5511561632156372,-0.3840816617012024,0.0
23.0,1.552915334701538,-0.37690597772598267,0.0
23.0,1.5390753746032715,-0.3660203814506531,0.0
23.0,1.5446468591690063,-0.35980820655822754,0.0
23.0,1.54629385471344,-0.3526628911495209,0.0
23.0,1.5774263143539429,-0.16468822956085205,0.0
23.0,1.578170895576477,-0.1573934406042099,0.0
23.0,1.5788816213607788,-0.15009528398513794,0.0
23.0,1.5795587301254272,-0.1427939236164093,0.0
23.0,1.5642606019973755,-0.13412266969680786,0.0
23.0,1.5648640394210815,-0.12688906490802765,0.0
23.0,1.5654339790344238,-0.11965276300907135,0.0
23.0,1.5579909086227417,-0.11184109002351761,0.0
23.0,1.5584913492202759,-0.10463672131299973,0.0
23.0,1.552970051765442,-0.09705586731433868,0.0
23.0,1.5534021854400635,-0.08987487107515335,0.0
23.0,1.5577954053878784,-0.08290452510118484,0.0
23.0,1.564155101776123,-0.07599253207445145,0.0
23.0,1.564489722251892,-0.06876004487276077,0.0
23.0,1.572784662246704,-0.06184040382504463,0.0
23.0,1.5730538368225098,-0.05456817150115967,0.0
23.0,1.5832847356796265,-0.047595251351594925,0.0
23.0,1.583487868309021,-0.04027462750673294,0.0
23.0,1.593654990196228,-0.03316117823123932,0.0
23.0,1.6077895164489746,-0.026019301265478134,0.0
23.0,1.607892632484436,-0.01858561486005783,0.0
23.0,1.6179611682891846,-0.011220879852771759,0.0
23.0,1.6179957389831543,-0.0037403227761387825,0.0
23.0,1.6259957551956177,0.003758807433769107,0.0
23.0,1.6359606981277466,0.011345701292157173,0.0
23.0,1.6358907222747803,0.018909234553575516,0.0
23.0,1.643784761428833,0.026601815596222878,0.0
23.0,1.6436442136764526,0.03420136123895645,0.0
23.0,1.6554646492004395,0.042105283588171005,0.0
23.0,1.6552523374557495,0.0497586615383625,0.0
23.0,1.6669973134994507,0.05782699957489967,0.0
23.0,1.674705982208252,0.06584784388542175,0.0
23.0,1.6743836402893066,0.07358992844820023,0.0
23.0,1.4306666851043701,0.22337573766708374,0.0
23.0,1.4296185970306396,0.22998785972595215,0.0
23.0,1.4285399913787842,0.2365950644016266,0.0
23.0,1.4274308681488037,0.24319720268249512,0.0
23.0,1.4369316101074219,0.2585105001926422,0.0
23.0,1.4357210397720337,0.2651512324810028,0.0
23.0,1.434479832649231,0.27178627252578735,0.0
23.0,1.4332078695297241,0.2784155011177063,0.0
23.0,1.4456359148025513,0.287771999835968,0.0
23.0,1.444290041923523,0.29445263743400574,0.0
23.0,1.4546600580215454,0.3035784959793091,0.0
23.0,1.453240990638733,0.31030067801475525,0.0
23.0,1.4674224853515625,0.32042959332466125,0.0
23.0,1.4776371717453003,0.329824835062027,0.0
23.0,1.476096510887146,0.3366529941558838,0.0
23.0,1.4862112998962402,0.3461962938308716,0.0
23.0,1.4845948219299316,0.3530639111995697,0.0
23.0,1.5004388093948364,0.36416947841644287,0.0
23.0,1.4987391233444214,0.3711026608943939,0.0
23.0,1.516398549079895,0.3829246461391449,0.0
23.0,1.5378541946411133,0.39591506123542786,0.0
23.0,1.536007285118103,0.4030208885669708,0.0
23.0,1.557313323020935,0.41631636023521423,0.0
23.0,1.555371880531311,0.42351195216178894,0.0
23.0,1.5765247344970703,0.43711090087890625,0.0
23.0,1.5898852348327637,0.44874122738838196,0.0
23.0,1.5877935886383057,0.45608705282211304,0.0
23.0,1.5991058349609375,0.46735048294067383,0.0
23.0,1.5969280004501343,0.474738746881485,0.0
23.0,1.6062026023864746,0.48558947443962097,0.0
23.0,1.6039403676986694,0.49301037192344666,0.0
23.0,1.6169158220291138,0.5051922798156738,0.0
23.0,1.627906322479248,0.5168993473052979,0.0
23.0,1.6254990100860596,0.5244202613830566,0.0
23.0,1.6363608837127686,0.5362900495529175,0.0
23.0,1.633863925933838,0.5438498258590698,0.0
23.0,1.6445949077606201,0.5558808445930481,0.0
23.0,1.6420072317123413,0.5634784698486328,0.0
23.0,1.652605414390564,0.5756694674491882,0.0
23.0,1.6612399816513062,0.5873036980628967,0.0
23.0,1.6585068702697754,0.5949779748916626,0.0
23.0,1.443367838859558,0.5253429412841797,0.0
23.0,1.4409235715866089,0.532010555267334,0.0
23.0,1.4384485483169556,0.5386667847633362,0.0
23.0,1.4509004354476929,0.5509918928146362,0.0
23.0,1.4483375549316406,0.5576940178871155,0.0
23.0,1.4457435607910156,0.5643842816352844,0.0
23.0,1.4431188106536865,0.571062445640564,0.0
23.0,1.457169532775879,0.5844289064407349,0.0
23.0,1.4711271524429321,0.597937285900116,0.0
23.0,1.4683469533920288,0.6047325134277344,0.0
23.0,1.4803013801574707,0.6176760792732239,0.0
23.0,1.4774298667907715,0.6245134472846985,0.0
23.0,1.4929122924804688,0.639209508895874,0.0
23.0,1.5101250410079956,0.6548576354980469,0.0
23.0,1.5070812702178955,0.6618325114250183,0.0
23.0,1.5204523801803589,0.6761069297790527,0.0
23.0,1.5173102617263794,0.6831293106079102,0.0
23.0,1.5268747806549072,0.6959435343742371,0.0
23.0,1.5236408710479736,0.7029953598976135,0.0
23.0,1.5276228189468384,0.7134173512458801,0.0
23.0,1.5297328233718872,0.7230364680290222,0.0
23.0,1.5263735055923462,0.7301012873649597,0.0
23.0,1.5283823013305664,0.7397644519805908,0.0
23.0,1.5249457359313965,0.7468228340148926,0.0
23.0,1.5268528461456299,0.7565290927886963,0.0
23.0,1.523338794708252,0.7635802030563354,0.0
23.0,1.5269274711608887,0.7742329239845276,0.0
23.0,1.5268906354904175,0.7831096053123474,0.0
23.0,1.5232537984848022,0.7901606559753418,0.0
23.0,1.524897575378418,0.7999821901321411,0.0
23.0,1.521182656288147,0.8070237636566162,0.0
23.0,1.5244848728179932,0.8178300261497498,0.0
23.0,1.5259613990783691,0.8277303576469421,0.0
23.0,1.5221182107925415,0.8347765803337097,0.0
23.0,1.5217407941818237,0.8437446355819702,0.0
23.0,1.517823576927185,0.8507711887359619,0.0
23.0,1.510393738746643,0.8558076620101929,0.0
23.0,1.508156418800354,0.8637756705284119,0.0
23.0,1.504146695137024,0.8707391619682312,0.0
23.0,1.4811161756515503,0.8665741682052612,0.0
23.0,1.4770938158035278,0.8734126091003418,0.0
23.0,1.2605805397033691,1.1135802268981934,0.0
23.0,1.2554185390472412,1.119396448135376,0.0
23.0,1.2502297163009644,1.1251887083053589,0.0
23.0,1.2450141906738281,1.130957007408142,0.0
23.0,1.2256959676742554,1.1342703104019165,0.0
23.0,1.2204387187957764,1.1399251222610474,0.0
23.0,1.2151553630828857,1.1455553770065308,0.0
23.0,1.209846019744873,1.1511613130569458,0.0
23.0,1.1987407207489014,1.1512012481689453,0.0
23.0,1.1934055089950562,1.1567312479019165,0.0
23.0,1.185185432434082,1.159439206123352,0.0
23.0,1.1798123121261597,1.16490638256073,0.0
23.0,1.1687471866607666,1.1647015810012817,0.0
23.0,1.1534790992736816,1.160164713859558,0.0
23.0,1.148102879524231,1.1654852628707886,0.0
23.0,1.1371142864227295,1.165055751800537,0.0
23.0,1.1317156553268433,1.1703006029129028,0.0
23.0,0.9615593552589417,1.3062493801116943,0.0
23.0,0.9555098414421082,1.3106811046600342,0.0
23.0,0.9494398236274719,1.3150848150253296,0.0
23.0,0.9433495402336121,1.3194602727890015,0.0
23.0,0.9279938340187073,1.3107491731643677,0.0
23.0,0.921923816204071,1.3150255680084229,0.0
23.0,0.9112721085548401,1.3127022981643677,0.0
23.0,0.9029273986816406,1.3136049509048462,0.0
23.0,0.8968445062637329,1.317765474319458,0.0
23.0,0.8907423615455627,1.3218978643417358,0.0
23.0,0.8846212029457092,1.3260020017623901,0.0
23.0,0.8773789405822754,1.3284088373184204,0.0
23.0,0.8701333403587341,1.3307772874832153,0.0
23.0,0.8639713525772095,1.3347859382629395,0.0
23.0,0.8577909469604492,1.3387662172317505,0.0
23.0,0.8515921235084534,1.3427177667617798,0.0
23.0,0.8432483673095703,1.3432527780532837,0.0
23.0,0.8370290398597717,1.3471370935440063,0.0
23.0,0.8307917714118958,1.3509925603866577,0.0
23.0,0.8245367407798767,1.3548191785812378,0.0
23.0,0.8182640671730042,1.358616828918457,0.0
23.0,0.8119739294052124,1.3623855113983154,0.0
23.0,0.805666446685791,1.3661249876022339,0.0
23.0,0.7993417382240295,1.3698352575302124,0.0
23.0,0.7929999232292175,1.373516321182251,0.0
23.0,0.7866411805152893,1.3771679401397705,0.0
23.0,0.7802656292915344,1.380790114402771,0.0
23.0,0.7738733887672424,1.3843828439712524,0.0
23.0,0.7664967775344849,1.3861957788467407,0.0
23.0,0.7600797414779663,1.3897247314453125,0.0
23.0,0.7536463737487793,1.3932240009307861,0.0
23.0,0.7481403350830078,1.3984569311141968,0.0
23.0,0.7416667342185974,1.4019010066986084,0.0
23.0,0.7351773381233215,1.4053149223327637,0.0
23.0,0.7286721467971802,1.4086989164352417,0.0
23.0,0.7212408185005188,1.410272240638733,0.0
23.0,0.4818897247314453,0.9531034827232361,0.0
23.0,0.47747802734375,0.9553212523460388,0.0
23.0,0.4686267673969269,0.9485530257225037,0.0
23.0,0.46423622965812683,0.9507095813751221,0.0
23.0,0.45983579754829407,0.9528457522392273,0.0
23.0,0.45370370149612427,0.9513511657714844,0.0
23.0,0.4493004083633423,0.9534386396408081,0.0
23.0,0.443199098110199,0.9518794417381287,0.0
23.0,0.43879345059394836,0.9539183378219604,0.0
23.0,0.4327237010002136,0.9522952437400818,0.0
23.0,0.4266783595085144,0.9506364464759827,0.0
23.0,0.42227864265441895,0.9525989890098572,0.0
23.0,0.4162657856941223,0.9508768320083618,0.0
23.0,0.41186508536338806,0.9527912139892578,0.0
23.0,0.4058854281902313,0.9510063529014587,0.0
23.0,0.4014842212200165,0.9528727531433105,0.0
23.0,0.3955383598804474,0.9510254263877869,0.0
23.0,0.3896182179450989,0.949143648147583,0.0
23.0,0.3852258324623108,0.950934886932373,0.0
23.0,0.3800828456878662,0.9508486390113831,0.0
23.0,0.37568265199661255,0.9525957703590393,0.0
23.0,0.3705492615699768,0.9524585008621216,0.0
23.0,0.36470869183540344,0.9504270553588867,0.0
23.0,0.3603106141090393,0.9521030783653259,0.0
23.0,0.35450640320777893,0.9500111937522888,0.0
23.0,0.35011035203933716,0.9516400694847107,0.0
23.0,0.3450249433517456,0.9513683319091797,0.0
23.0,0.33927640318870544,0.9491868019104004,0.0
23.0,0.3348843455314636,0.9507452249526978,0.0
23.0,0.3298293948173523,0.9503939747810364,0.0
23.0,0.32543182373046875,0.9519087076187134,0.0
23.0,0.3197508454322815,0.9496122002601624,0.0
23.0,0.31409814953804016,0.9472836852073669,0.0
23.0,0.3097151219844818,0.9487257599830627,0.0
23.0,0.304713636636734,0.9482434391975403,0.0
23.0,0.30032628774642944,0.9496421217918396,0.0
23.0,0.29533830285072327,0.9491108059883118,0.0
23.0,0.2909470498561859,0.9504660964012146,0.0
23.0,0.2859730124473572,0.9498860239982605,0.0
23.0,0.28101059794425964,0.9492802619934082,0.0
23.0,0.27661871910095215,0.9505693912506104,0.0
23.0,0.2711210250854492,0.9479922652244568,0.0
23.0,0.2667351961135864,0.9492356777191162,0.0
23.0,0.2618115544319153,0.9485308527946472,0.0
23.0,0.2569001317024231,0.9478007555007935,0.0
23.0,0.25251534581184387,0.9489783644676208,0.0
23.0,0.24711446464061737,0.9462655186653137,0.0
23.0,0.24273689091205597,0.9473978877067566,0.0
23.0,0.23835411667823792,0.9485100507736206,0.0
23.0,0.23300933837890625,0.9457180500030518,0.0
23.0,0.22863443195819855,0.9467852115631104,0.0
23.0,0.22379417717456818,0.9458858966827393,0.0
23.0,0.21941860020160675,0.9469105005264282,0.0
23.0,0.21459588408470154,0.9459643959999084,0.0
23.0,0.20978659391403198,0.9449939727783203,0.0
23.0,0.2054152935743332,0.9459537863731384,0.0
23.0,0.20103959739208221,0.9468933939933777,0.0
23.0,0.1966596096754074,0.9478127360343933,0.0
23.0,0.19187815487384796,0.9467517137527466,0.0
23.0,0.18711072206497192,0.9456667304039001,0.0
23.0,0.18273654580116272,0.9465216994285583,0.0
23.0,0.1779884397983551,0.9453909993171692,0.0
23.0,0.17361563444137573,0.9462038278579712,0.0
23.0,0.16888727247714996,0.9450275301933289,0.0
23.0,0.16451625525951385,0.9457982778549194,0.0
23.0,0.15980809926986694,0.9445767998695374,0.0
23.0,0.15543925762176514,0.945305585861206,0.0
23.0,0.1510670930147171,0.9460141062736511,0.0
23.0,0.14638546109199524,0.9447259902954102,0.0
23.0,0.14201606810092926,0.9453927278518677,0.0
23.0,0.13764365017414093,0.9460391998291016,0.0
23.0,0.13298949599266052,0.9446850419044495,0.0
23.0,0.1286204308271408,0.9452897906303406,0.0
23.0,0.12398815900087357,0.9438914060592651,0.0
23.0,0.11962287127971649,0.944454550743103,0.0
23.0,0.11501289159059525,0.9430121779441833,0.0
23.0,0.11065176874399185,0.9435338973999023,0.0
23.0,0.10628827661275864,0.9440353512763977,0.0
23.0,0.10170794278383255,0.942528247833252,0.0
23.0,0.09734919667243958,0.942988395690918,0.0
23.0,0.09298837184906006,0.9434283971786499,0.0
23.0,0.08862555772066116,0.9438482522964478,0.0
23.0,0.08426084369421005,0.9442479014396667,0.0
23.0,0.07972577959299088,0.9426344633102417,0.0
23.0,0.0753667801618576,0.9429929852485657,0.0
23.0,0.0710061639547348,0.9433313608169556,0.0
23.0,0.06664403527975082,0.9436495900154114,0.0
23.0,0.062280476093292236,0.9439476132392883,0.0
23.0,0.05779314786195755,0.9422292709350586,0.0
23.0,0.05343625321984291,0.9424864053726196,0.0
23.0,0.049078214913606644,0.9427233338356018,0.0
23.0,0.04471912980079651,0.9429401755332947,0.0
23.0,0.04027358070015907,0.9411386847496033,0.0
23.0,0.035921916365623474,0.9413148164749146,0.0
23.0,0.03156948462128639,0.9414708018302917,0.0
23.0,0.02721637673676014,0.9416067004203796,0.0
23.0,0.022862685844302177,0.9417225122451782,0.0
23.0,0.018508508801460266,0.941818118095398,0.0
23.0,0.014153935015201569,0.9418936371803284,0.0
23.0,0.009799058549106121,0.9419490098953247,0.0
23.0,0.005443972535431385,0.941984236240387,0.0
23.0,0.0010887705720961094,0.9419993162155151,0.0
23.0,-0.0032664549071341753,0.941994309425354,0.0
23.0,-0.007621610537171364,0.9419691562652588,0.0
23.0,-0.011976603418588638,0.9419238567352295,0.0
23.0,-0.01633133925497532,0.9418584108352661,0.0
23.0,-0.020685726776719093,0.9417728185653687,0.0
23.0,-0.0250396728515625,0.9416671395301819,0.0
23.0,-0.029393082484602928,0.941541314125061,0.0
23.0,-0.033745866268873215,0.9413953423500061,0.0
23.0,-0.03809792548418045,0.9412292242050171,0.0
23.0,-0.04244917258620262,0.9410430192947388,0.0
23.0,-0.04679951071739197,0.9408367276191711,0.0
23.0,-0.05114884674549103,0.9406102895736694,0.0
23.0,-0.05549709498882294,0.9403637647628784,0.0
23.0,-0.05984415113925934,0.9400971531867981,0.0
23.0,-0.06418993324041367,0.9398103952407837,0.0
23.0,-0.06853433698415756,0.9395036101341248,0.0
23.0,-0.07287728041410446,0.9391766786575317,0.0
23.0,-0.07738261669874191,0.9408230185508728,0.0
23.0,-0.08173156529664993,0.9404551982879639,0.0
23.0,-0.08607876300811768,0.9400672912597656,0.0
23.0,-0.09042412787675858,0.9396592378616333,0.0
23.0,-0.09476755559444427,0.9392311573028564,0.0
23.0,-0.09910895675420761,0.9387829303741455,0.0
23.0,-0.10344824194908142,0.93831467628479,0.0
23.0,-0.10801366716623306,0.9398132562637329,0.0
23.0,-0.11235762387514114,0.9393038749694824,0.0
23.0,-0.11669917404651642,0.9387743473052979,0.0
23.0,-0.12103822827339172,0.9382247924804688,0.0
23.0,-0.1253746896982193,0.9376551508903503,0.0
23.0,-0.12970848381519318,0.9370654821395874,0.0
23.0,-0.134039506316185,0.9364557266235352,0.0
23.0,-0.13866019248962402,0.9378045797348022,0.0
23.0,-0.14329619705677032,0.9391305446624756,0.0
23.0,-0.14763662219047546,0.9384579658508301,0.0
23.0,-0.1522938311100006,0.9397396445274353,0.0
23.0,-0.15663696825504303,0.9390255212783813,0.0
23.0,-0.16097676753997803,0.9382912516593933,0.0
23.0,-0.16531310975551605,0.9375370144844055,0.0
23.0,-0.17000232636928558,0.9387306571006775,0.0
23.0,-0.1747061014175415,0.9399009346961975,0.0
23.0,-0.17904974520206451,0.9390831589698792,0.0
23.0,-0.1833895593881607,0.9382452964782715,0.0
23.0,-0.18772545456886292,0.9373874068260193,0.0
23.0,-0.1924591362476349,0.9384686946868896,0.0
23.0,-0.19720681011676788,0.9395262002944946,0.0
23.0,-0.2015484869480133,0.9386043548583984,0.0
23.0,-0.2058858424425125,0.9376624822616577,0.0
23.0,-0.21021881699562073,0.9367005825042725,0.0
23.0,-0.21499426662921906,0.9376680850982666,0.0
23.0,-0.21978312730789185,0.9386113882064819,0.0
23.0,-0.2241203337907791,0.9375852346420288,0.0
23.0,-0.22892671823501587,0.9384820461273193,0.0
23.0,-0.23326322436332703,0.9374136328697205,0.0
23.0,-0.23808665573596954,0.9382636547088623,0.0
23.0,-0.24242204427719116,0.9371528625488281,0.0
23.0,-0.24726209044456482,0.9379560351371765,0.0
23.0,-0.2521147131919861,0.9387343525886536,0.0
23.0,-0.25645214319229126,0.9375587105751038,0.0
23.0,-0.26132068037986755,0.9382896423339844,0.0
23.0,-0.2656559348106384,0.9370714426040649,0.0
23.0,-0.27109429240226746,0.9396764636039734,0.0
23.0,-0.2754358649253845,0.9384130239486694,0.0
23.0,-0.2797715663909912,0.937129557132721,0.0
23.0,-0.2846822738647461,0.9377398490905762,0.0
23.0,-0.2890147566795349,0.9364136457443237,0.0
23.0,-0.2939396798610687,0.9369757175445557,0.0
23.0,-0.29826852679252625,0.9356066584587097,0.0
23.0,-0.30320730805397034,0.9361203908920288,0.0
23.0,-0.3087821900844574,0.938508152961731,0.0
23.0,-0.31311798095703125,0.9370704889297485,0.0
23.0,-0.31873226165771484,0.9394007325172424,0.0
23.0,-0.32307204604148865,0.9379170536994934,0.0
23.0,-0.3274049460887909,0.9364133477210999,0.0
23.0,-0.33173084259033203,0.9348896145820618,0.0
23.0,-0.33672717213630676,0.9352276921272278,0.0
23.0,-0.3417336642742157,0.9355394840240479,0.0
23.0,-0.34605535864830017,0.9339494705200195,0.0
23.0,-0.3510732352733612,0.934211790561676,0.0
23.0,-0.35538870096206665,0.9325786232948303,0.0
23.0,-0.3611381947994232,0.9346566796302795,0.0
23.0,-0.3661850392818451,0.9348392486572266,0.0
23.0,-0.3705032467842102,0.9331362247467041,0.0
23.0,-0.37630683183670044,0.9351241588592529,0.0
23.0,-0.38062623143196106,0.9333743453025818,0.0
23.0,-0.3872288167476654,0.9371499419212341,0.0
23.0,-0.3931020498275757,0.9390392899513245,0.0
23.0,-0.3974393904209137,0.937211811542511,0.0
23.0,-0.40255752205848694,0.9372019171714783,0.0
23.0,-0.4068862497806549,0.9353306889533997,0.0
23.0,-0.41201257705688477,0.9352697730064392,0.0
23.0,-0.41633227467536926,0.933354914188385,0.0
23.0,-0.42146629095077515,0.9332428574562073,0.0
23.0,-0.4274396598339081,0.9349220991134644,0.0
23.0,-0.4317575991153717,0.932935893535614,0.0
23.0,-0.4377630352973938,0.934552013874054,0.0
23.0,-0.4420791268348694,0.9325180649757385,0.0
23.0,-0.44898107647895813,0.9358739256858826,0.0
23.0,-0.45330315828323364,0.9337881207466125,0.0
23.0,-0.4584972858428955,0.9334774613380432,0.0
23.0,-0.4645882546901703,0.9349298477172852,0.0
23.0,-0.46890580654144287,0.9327718615531921,0.0
23.0,-0.4750264286994934,0.9341594576835632,0.0
23.0,-0.4793403148651123,0.9319532513618469,0.0
23.0,-0.48548996448516846,0.9332757592201233,0.0
23.0,-0.4916619658470154,0.9345611333847046,0.0
23.0,-0.4959775507450104,0.9322779774665833,0.0
23.0,-0.5021774768829346,0.9334975481033325,0.0
23.0,-0.506488025188446,0.9311658143997192,0.0
23.0,-1.0851831436157227,1.9732921123504639,0.0
23.0,-1.094294786453247,1.9682538509368896,0.0
23.0,-1.1033830642700195,1.963173508644104,0.0
23.0,-1.112447738647461,1.9580512046813965,0.0
23.0,-1.1254725456237793,1.9598243236541748,0.0
23.0,-1.1345216035842896,1.9545998573303223,0.0
23.0,-1.143546223640442,1.949333667755127,0.0
23.0,-1.1525465250015259,1.9440258741378784,0.0
23.0,-1.167689561843872,1.9489703178405762,0.0
23.0,-1.1808311939239502,1.9503942728042603,0.0
23.0,-1.1898359060287476,1.9449139833450317,0.0
23.0,-1.205124855041504,1.9495995044708252,0.0
23.0,-1.2141257524490356,1.9440069198608398,0.0
23.0,-1.2295042276382446,1.9485212564468384,0.0
23.0,-1.2384997606277466,1.942815899848938,0.0
23.0,-1.251800537109375,1.9437952041625977,0.0
23.0,-1.267317771911621,1.9480454921722412,0.0
23.0,-1.276310682296753,1.9421653747558594,0.0
23.0,-1.2919130325317383,1.9462416172027588,0.0
23.0,-1.3008973598480225,1.940247893333435,0.0
23.0,-1.3165827989578247,1.9441486597061157,0.0
23.0,-1.3300734758377075,1.9446439743041992,0.0
23.0,-1.3390501737594604,1.9384738206863403,0.0
23.0,-1.3548640012741089,1.9421039819717407,0.0
23.0,-1.3638285398483276,1.935819149017334,0.0
23.0,-1.379720687866211,1.9392708539962769,0.0
23.0,-1.3956735134124756,1.942616581916809,0.0
23.0,-1.4046399593353271,1.936143159866333,0.0
23.0,-1.420668125152588,1.939308762550354,0.0
23.0,-1.4296190738677979,1.9327197074890137,0.0
23.0,-1.4481137990951538,1.9389086961746216,0.0
23.0,-1.4570626020431519,1.9321928024291992,0.0
23.0,-1.4732495546340942,1.9349831342697144,0.0
23.0,-1.4894933700561523,1.9376649856567383,0.0
23.0,-1.4984359741210938,1.930757761001587,0.0
23.0,-1.5147476196289062,1.9332553148269653,0.0
23.0,-1.5236696004867554,1.9262313842773438,0.0
23.0,-1.5325590372085571,1.9191663265228271,0.0
23.0,-1.526352882385254,1.8933753967285156,0.0
23.0,-1.5350903272628784,1.8862982988357544,0.0
23.0,-1.526021122932434,1.8575456142425537,0.0
23.0,-1.5345929861068726,1.8504704236984253,0.0
23.0,-1.5277262926101685,1.8249528408050537,0.0
23.0,-1.5206568241119385,1.799538493156433,0.0
23.0,-1.5289604663848877,1.792488694190979,0.0
23.0,-1.5215721130371094,1.767213225364685,0.0
23.0,-1.5297263860702515,1.7601594924926758,0.0
23.0,-1.522020936012268,1.7350263595581055,0.0
23.0,-1.5300264358520508,1.7279709577560425,0.0
23.0,-1.5246715545654297,1.7059663534164429,0.0
23.0,-1.5164668560028076,1.6810781955718994,0.0
23.0,-1.5242228507995605,1.6740490198135376,0.0
23.0,-1.5157066583633423,1.649312973022461,0.0
23.0,-1.5233159065246582,1.6422876119613647,0.0
23.0,-1.517223834991455,1.6206270456314087,0.0
23.0,-1.5109643936157227,1.5990581512451172,0.0
23.0,-1.518341302871704,1.592055320739746,0.0
23.0,-1.5118157863616943,1.570609211921692,0.0
23.0,-1.5190612077713013,1.5636026859283447,0.0
23.0,-1.512271523475647,1.5422824621200562,0.0
23.0,-1.5053175687789917,1.5210586786270142,0.0
23.0,-1.512333869934082,1.5140827894210815,0.0
23.0,-1.505118489265442,1.4929895401000977,0.0
23.0,-1.512005090713501,1.4860148429870605,0.0
23.0,-1.5073963403701782,1.4678462743759155,0.0
23.0,-1.4997735023498535,1.446974754333496,0.0
23.0,-1.5064473152160645,1.4400253295898438,0.0
23.0,-1.5014722347259521,1.422042727470398,0.0
23.0,-1.5080307722091675,1.4150856733322144,0.0
23.0,-1.5028390884399414,1.397204041481018,0.0
23.0,-1.494572401046753,1.3766907453536987,0.0
23.0,-1.500921368598938,1.369766116142273,0.0
23.0,-1.4983372688293457,1.3547639846801758,0.0
23.0,-1.504584789276123,1.3478220701217651,0.0
23.0,-1.498833417892456,1.3302308320999146,0.0
23.0,-1.4929519891738892,1.312721848487854,0.0
23.0,-1.4990051984786987,1.3058053255081177,0.0
23.0,-1.4944275617599487,1.289713978767395,0.0
23.0,-1.500374436378479,1.2827908992767334,0.0
23.0,-1.4956063032150269,1.2667919397354126,0.0
23.0,-1.4907225370407104,1.2508646249771118,0.0
23.0,-1.4964898824691772,1.2439590692520142,0.0
23.0,-1.4914177656173706,1.2281274795532227,0.0
23.0,-1.4970799684524536,1.2212189435958862,0.0
23.0,-1.4918208122253418,1.205485224723816,0.0
23.0,-1.4973783493041992,1.1985750198364258,0.0
23.0,-1.4919337034225464,1.182941198348999,0.0
23.0,-1.4863766431808472,1.1673835515975952,0.0
23.0,-1.491758108139038,1.1604989767074585,0.0
23.0,-1.4876021146774292,1.1462652683258057,0.0
23.0,-1.483346700668335,1.1320949792861938,0.0
23.0,-1.4885648488998413,1.1252247095108032,0.0
23.0,-1.482544183731079,1.1099400520324707,0.0
23.0,-1.4876599311828613,1.1030738353729248,0.0
23.0,-1.484683871269226,1.090265154838562,0.0
23.0,-1.489708662033081,1.083389163017273,0.0
23.0,-1.4849642515182495,1.0694772005081177,0.0
23.0,-1.4801230430603027,1.0556323528289795,0.0
23.0,-1.4849878549575806,1.0487778186798096,0.0
23.0,-1.481626033782959,1.0361700057983398,0.0
23.0,-1.4864007234573364,1.029308795928955,0.0
23.0,-1.481246829032898,1.0156396627426147,0.0
23.0,-1.4759985208511353,1.0020402669906616,0.0
23.0,-1.480615496635437,0.9952054619789124,0.0
23.0,-1.4752106666564941,0.9817012548446655,0.0
23.0,-1.4797337055206299,0.9748703241348267,0.0
23.0,-1.4758490324020386,0.9625556468963623,0.0
23.0,-1.4735625982284546,0.9513826966285706,0.0
23.0,-1.4779454469680786,0.9445596933364868,0.0
23.0,-1.4738457202911377,0.9323703646659851,0.0
23.0,-1.4781407117843628,0.9255462884902954,0.0
23.0,-1.473904013633728,0.913434624671936,0.0
23.0,-1.4695872068405151,0.9013820290565491,0.0
23.0,-1.4737389087677002,0.8945779204368591,0.0
23.0,-1.4692867994308472,0.8826053142547607,0.0
23.0,-1.4733517169952393,0.8758028149604797,0.0
23.0,-1.470489501953125,0.8649256825447083,0.0
23.0,-1.4744726419448853,0.8581178188323975,0.0
23.0,-1.4714914560317993,0.8472996354103088,0.0
23.0,-1.4684420824050903,0.8365274667739868,0.0
23.0,-1.4722938537597656,0.8297293782234192,0.0
23.0,-1.46912682056427,0.8190180659294128,0.0
23.0,-1.4728976488113403,0.8122169971466064,0.0
23.0,-1.4696139097213745,0.8015679121017456,0.0
23.0,-1.4645030498504639,0.7900170683860779,0.0
23.0,-1.468139886856079,0.7832376956939697,0.0
23.0,-1.4646697044372559,0.7727086544036865,0.0
23.0,-1.4682265520095825,0.7659286856651306,0.0
23.0,-1.4646421670913696,0.755465030670166,0.0
23.0,-1.460992455482483,0.7450509667396545,0.0
23.0,-1.4644215106964111,0.7382882833480835,0.0
23.0,-1.464239239692688,0.7297256588935852,0.0
23.0,-1.4675973653793335,0.7229481339454651,0.0
23.0,-1.4655295610427856,0.7135286927223206,0.0
23.0,-1.4598016738891602,0.7024095058441162,0.0
23.0,-1.4630335569381714,0.6956527829170227,0.0
23.0,-1.4589935541152954,0.6854793429374695,0.0
23.0,-1.4621471166610718,0.6787264943122864,0.0
23.0,-1.4598156213760376,0.6694580912590027,0.0
23.0,-1.4574298858642578,0.6602258682250977,0.0
23.0,-1.460466742515564,0.653480589389801,0.0
23.0,-1.4561550617218018,0.6434876918792725,0.0
23.0,-1.4591145515441895,0.6367484927177429,0.0
23.0,-1.4565327167510986,0.6276212334632874,0.0
23.0,-1.4594188928604126,0.6208804845809937,0.0
23.0,-1.4567419290542603,0.6118031144142151,0.0
23.0,-1.4540122747421265,0.6027637720108032,0.0
23.0,-1.4567835330963135,0.5960349440574646,0.0
23.0,-1.4539600610733032,0.5870469212532043,0.0
23.0,-1.4566586017608643,0.5803184509277344,0.0
23.0,-1.4556033611297607,0.5721144080162048,0.0
23.0,-1.4526386260986328,0.5632094740867615,0.0
23.0,-1.455227017402649,0.5564873814582825,0.0
23.0,-1.4521703720092773,0.5476362705230713,0.0
23.0,-1.4546867609024048,0.5409165024757385,0.0
23.0,-1.4515385627746582,0.5321199893951416,0.0
23.0,-1.4502214193344116,0.5240439176559448,0.0
23.0,-1.4526287317276,0.5173333883285522,0.0
23.0,-1.4493435621261597,0.5086249709129333,0.0
23.0,-1.4516795873641968,0.5019186735153198,0.0
23.0,-1.4501981735229492,0.49391207098960876,0.0
23.0,-1.4467778205871582,0.4852938950061798,0.0
23.0,-1.4490059614181519,0.4785997271537781,0.0
23.0,-1.4473992586135864,0.4706583619117737,0.0
23.0,-1.4495598077774048,0.4639614522457123,0.0
23.0,-1.4459666013717651,0.4554520845413208,0.0
23.0,-1.444236159324646,0.44757789373397827,0.0
23.0,-1.4462900161743164,0.44089585542678833,0.0
23.0,-1.4444814920425415,0.43305572867393494,0.0
23.0,-1.4464682340621948,0.4263727366924286,0.0
23.0,-1.4445819854736328,0.41856738924980164,0.0
23.0,-1.4465017318725586,0.411884069442749,0.0
23.0,-1.4445385932922363,0.40411433577537537,0.0
23.0,-1.4425344467163086,0.3963715732097626,0.0
23.0,-1.4443516731262207,0.38969796895980835,0.0
23.0,-1.4422712326049805,0.3819918930530548,0.0
23.0,-1.4440218210220337,0.3753196597099304,0.0
23.0,-1.4399276971817017,0.3671569228172302,0.0
23.0,-1.4396694898605347,0.3600104749202728,0.0
23.0,-1.4413186311721802,0.35335052013397217,0.0
23.0,-1.4390475749969482,0.34574854373931885,0.0
23.0,-1.4406307935714722,0.33909159898757935,0.0
23.0,-1.4402341842651367,0.3319781720638275,0.0
23.0,-1.4378516674041748,0.32443544268608093,0.0
23.0,-1.4393362998962402,0.31778424978256226,0.0
23.0,-1.436880350112915,0.31028199195861816,0.0
23.0,-1.438299536705017,0.3036354184150696,0.0
23.0,-1.4377292394638062,0.2965783476829529,0.0
23.0,-1.4390851259231567,0.28992801904678345,0.0
23.0,-1.4364852905273438,0.28249961137771606,0.0
23.0,-1.4358118772506714,0.275478333234787,0.0
23.0,-1.4370701313018799,0.2688370943069458,0.0
23.0,-1.4363301992416382,0.26183146238327026,0.0
23.0,-1.4375253915786743,0.2551879584789276,0.0
23.0,-1.4347481727600098,0.24785807728767395,0.0
23.0,-1.4339064359664917,0.2408907115459442,0.0
23.0,-1.4350048303604126,0.23425865173339844,0.0
23.0,-1.4340972900390625,0.2273084968328476,0.0
23.0,-1.4351328611373901,0.22067570686340332,0.0
23.0,-1.4341596364974976,0.21374337375164032,0.0
23.0,-1.4351325035095215,0.2071104347705841,0.0
23.0,-1.4321130514144897,0.19992002844810486,0.0
23.0,-1.433022141456604,0.19329670071601868,0.0
23.0,-1.4339004755020142,0.1866692453622818,0.0
23.0,-1.4307793378829956,0.1795397698879242,0.0
23.0,-1.4296085834503174,0.172682985663414,0.0
23.0,-1.4303916692733765,0.16607153415679932,0.0
23.0,-1.4291564226150513,0.15923504531383514,0.0
23.0,-1.4298774003982544,0.15262581408023834,0.0
23.0,-1.4285781383514404,0.14581026136875153,0.0
23.0,-1.4292370080947876,0.13920384645462036,0.0
23.0,-1.4298652410507202,0.13259446620941162,0.0
23.0,-1.4284707307815552,0.1258067935705185,0.0
23.0,-1.429037094116211,0.11920109391212463,0.0
23.0,-1.4275791645050049,0.11243581771850586,0.0
23.0,-1.4280837774276733,0.10583438724279404,0.0
23.0,-1.4265625476837158,0.09909209609031677,0.0
23.0,-1.427005410194397,0.09249550849199295,0.0
23.0,-1.4274177551269531,0.08589693903923035,0.0
23.0,-1.4258028268814087,0.07918563485145569,0.0
23.0,-1.4261536598205566,0.07259277254343033,0.0
23.0,-1.424476146697998,0.06590592116117477,0.0
23.0,-1.424765706062317,0.05931933596730232,0.0
23.0,-1.4250247478485107,0.0527314767241478,0.0
23.0,-1.423254370689392,0.04607778042554855,0.0
23.0,-1.4234521389007568,0.039497051388025284,0.0
23.0,-1.4236195087432861,0.03291548043489456,0.0
23.0,-1.42375648021698,0.02633320540189743,0.0
23.0,-1.421863317489624,0.019722629338502884,0.0
23.0,-1.4219392538070679,0.013148615136742592,0.0
23.0,-1.4219849109649658,0.006574319209903479,0.0
24.0,-1.4199999570846558,1.2414034245011862e-07,0.0
24.0,-1.4199848175048828,-0.006565064657479525,0.0
24.0,-1.4199392795562744,-0.013130112551152706,0.0
24.0,-1.4198633432388306,-0.01969487965106964,0.0
24.0,-1.4197571277618408,-0.026259226724505424,0.0
24.0,-1.4216201305389404,-0.03286924585700035,0.0
24.0,-1.4214529991149902,-0.03944157063961029,0.0
24.0,-1.423254370689392,-0.04607777297496796,0.0
24.0,-1.4230260848999023,-0.052657514810562134,0.0
24.0,-1.420769214630127,-0.059152934700250626,0.0
24.0,-1.420480489730835,-0.0657210499048233,0.0
24.0,-1.420161485671997,-0.07228775322437286,0.0
24.0,-1.4198120832443237,-0.07885292172431946,0.0
24.0,-1.4194324016571045,-0.08541639894247055,0.0
24.0,-1.4190223217010498,-0.0919780507683754,0.0
24.0,-1.4185818433761597,-0.09853773564100266,0.0
24.0,-1.4181110858917236,-0.10509531199932098,0.0
24.0,-1.4176100492477417,-0.11165064573287964,0.0
24.0,-1.4170787334442139,-0.11820358783006668,0.0
24.0,-1.4185093641281128,-0.12492947280406952,0.0
24.0,-1.4179165363311768,-0.1314864307641983,0.0
24.0,-1.4172935485839844,-0.13804058730602264,0.0
24.0,-1.4166401624679565,-0.1445917785167694,0.0
24.0,-1.4159564971923828,-0.15113988518714905,0.0
24.0,-1.4152425527572632,-0.15768477320671082,0.0
24.0,-1.4144984483718872,-0.16422627866268158,0.0
24.0,-1.417695164680481,-0.17124395072460175,0.0
24.0,-1.4168882369995117,-0.1777966469526291,0.0
24.0,-1.4160510301589966,-0.184345543384552,0.0
24.0,-1.4171656370162964,-0.19115786254405975,0.0
24.0,-1.416266679763794,-0.1977079063653946,0.0
24.0,-1.4153375625610352,-0.20425371825695038,0.0
24.0,-1.414378046989441,-0.21079516410827637,0.0
24.0,-1.4133883714675903,-0.21733210980892181,0.0
24.0,-1.4143438339233398,-0.2241775244474411,0.0
24.0,-1.4132922887802124,-0.23071415722370148,0.0
24.0,-1.4141827821731567,-0.23757721483707428,0.0
24.0,-1.4130693674087524,-0.24411296844482422,0.0
24.0,-1.413894772529602,-0.2509930729866028,0.0
24.0,-1.4127192497253418,-0.25752735137939453,0.0
24.0,-1.4115134477615356,-0.26405614614486694,0.0
24.0,-1.4122416973114014,-0.2709560990333557,0.0
24.0,-1.4109739065170288,-0.2774825394153595,0.0
24.0,-1.4116365909576416,-0.28439804911613464,0.0
24.0,-1.412265419960022,-0.29132556915283203,0.0
24.0,-1.4109033346176147,-0.29785189032554626,0.0
24.0,-1.411466121673584,-0.30479398369789124,0.0
24.0,-1.4100419282913208,-0.31131646037101746,0.0
24.0,-1.4105384349822998,-0.31827250123023987,0.0
24.0,-1.4110007286071777,-0.32523974776268005,0.0
24.0,-1.4094818830490112,-0.33175987005233765,0.0
24.0,-1.4118224382400513,-0.33920735120773315,0.0
24.0,-1.4102389812469482,-0.34573110938072205,0.0
24.0,-1.410565733909607,-0.35273265838623047,0.0
24.0,-1.4089198112487793,-0.3592504560947418,0.0
24.0,-1.409179449081421,-0.36626365780830383,0.0
24.0,-1.4074710607528687,-0.3727749288082123,0.0
24.0,-1.4076634645462036,-0.3797991871833801,0.0
24.0,-1.4078210592269897,-0.38683319091796875,0.0
24.0,-1.406017541885376,-0.3933379352092743,0.0
24.0,-1.4061075448989868,-0.40038201212882996,0.0
24.0,-1.4042413234710693,-0.40687867999076843,0.0
24.0,-1.4061819314956665,-0.41449761390686035,0.0
24.0,-1.408082127571106,-0.42214319109916687,0.0
24.0,-1.4061152935028076,-0.42864876985549927,0.0
24.0,-1.4060288667678833,-0.4357371926307678,0.0
24.0,-1.4039992094039917,-0.442233145236969,0.0
24.0,-1.4057492017745972,-0.44993895292282104,0.0
24.0,-1.4055559635162354,-0.45705196261405945,0.0
24.0,-1.4034278392791748,-0.46354547142982483,0.0
24.0,-1.405061960220337,-0.4713011384010315,0.0
24.0,-1.4028680324554443,-0.47779223322868347,0.0
24.0,-1.4044243097305298,-0.485580176115036,0.0
24.0,-1.402164340019226,-0.49206817150115967,0.0
24.0,-1.4036425352096558,-0.499887615442276,0.0
24.0,-1.4031972885131836,-0.5070515275001526,0.0
24.0,-1.400838017463684,-0.5135335922241211,0.0
24.0,-1.402198076248169,-0.5213988423347473,0.0
24.0,-1.3997724056243896,-0.5278761982917786,0.0
24.0,-1.4029210805892944,-0.5364852547645569,0.0
24.0,-1.4041552543640137,-0.5444117784500122,0.0
24.0,-1.401623249053955,-0.5508978962898254,0.0
24.0,-1.4009191989898682,-0.558112382888794,0.0
24.0,-1.398323893547058,-0.564583420753479,0.0
24.0,-1.4012519121170044,-0.5733144283294678,0.0
24.0,-1.4022812843322754,-0.5813185572624207,0.0
24.0,-1.39957857131958,-0.587795615196228,0.0
24.0,-1.400526762008667,-0.5958260297775269,0.0
24.0,-1.3977570533752441,-0.6022948026657104,0.0
24.0,-1.4004566669464111,-0.6111505031585693,0.0
24.0,-1.3976161479949951,-0.6176188588142395,0.0
24.0,-1.3983968496322632,-0.6257076263427734,0.0
24.0,-1.4009544849395752,-0.6346421241760254,0.0
24.0,-1.3980052471160889,-0.6411124467849731,0.0
24.0,-1.3986544609069824,-0.6492533087730408,0.0
24.0,-1.3956377506256104,-0.6557128429412842,0.0
24.0,-1.3980097770690918,-0.6647348999977112,0.0
24.0,-1.3949215412139893,-0.6711912751197815,0.0
24.0,-1.3971980810165405,-0.6802598834037781,0.0
24.0,-1.3994203805923462,-0.6893637180328369,0.0
24.0,-1.3962182998657227,-0.6958264112472534,0.0
24.0,-1.3983439207077026,-0.7049752473831177,0.0
24.0,-1.3950695991516113,-0.7114328145980835,0.0
24.0,-1.3970979452133179,-0.720625638961792,0.0
24.0,-1.3990709781646729,-0.7298523187637329,0.0
24.0,-1.395681619644165,-0.7363129258155823,0.0
24.0,-1.397556185722351,-0.7455819845199585,0.0
24.0,-1.3940942287445068,-0.7520354390144348,0.0
24.0,-1.3958698511123657,-0.7613458633422852,0.0
24.0,-1.3975889682769775,-0.7706886529922485,0.0
24.0,-1.3940107822418213,-0.7771419882774353,0.0
24.0,-1.3956300020217896,-0.7865244746208191,0.0
24.0,-1.3919787406921387,-0.7929686307907104,0.0
24.0,-1.393497347831726,-0.8023898005485535,0.0
24.0,-1.389772653579712,-0.8088238835334778,0.0
24.0,-1.3929139375686646,-0.8192965984344482,0.0
24.0,-1.3942686319351196,-0.8287935853004456,0.0
24.0,-1.390421986579895,-0.8352309465408325,0.0
24.0,-1.3933842182159424,-0.8458016514778137,0.0
24.0,-1.3894588947296143,-0.8522347211837769,0.0
24.0,-1.3923038244247437,-0.8628638386726379,0.0
24.0,-1.3950800895690918,-0.8735374212265015,0.0
24.0,-1.391026496887207,-0.8799780607223511,0.0
24.0,-1.3936841487884521,-0.8907080292701721,0.0
24.0,-1.3895511627197266,-0.8971419930458069,0.0
24.0,-1.3920891284942627,-0.9079270958900452,0.0
24.0,-1.3878766298294067,-0.9143534898757935,0.0
24.0,-1.3902944326400757,-0.9251924753189087,0.0
24.0,-1.3926416635513306,-0.9360732436180115,0.0
24.0,-1.3882989883422852,-0.942501962184906,0.0
24.0,-1.388875126838684,-0.9523035287857056,0.0
24.0,-1.3844573497772217,-0.9587146639823914,0.0
24.0,-1.3882049322128296,-0.9708362817764282,0.0
24.0,-1.3918697834014893,-0.9830129146575928,0.0
24.0,-1.3873101472854614,-0.9894375801086426,0.0
24.0,-1.387589454650879,-0.9993475675582886,0.0
24.0,-1.3829543590545654,-1.0057522058486938,0.0
24.0,-1.387961745262146,-1.019237995147705,0.0
24.0,-1.3832346200942993,-1.0256441831588745,0.0
24.0,-1.380078911781311,-1.0332270860671997,0.0
24.0,-1.3641189336776733,-1.0311545133590698,0.0
24.0,-1.3593369722366333,-1.0374503135681152,0.0
24.0,-1.3418519496917725,-1.033958077430725,0.0
24.0,-1.3370572328567505,-1.0401508808135986,0.0
24.0,-1.3196508884429932,-1.0364389419555664,0.0
24.0,-1.3023076057434082,-1.0325883626937866,0.0
24.0,-1.2975196838378906,-1.0385984182357788,0.0
24.0,-1.2787036895751953,-1.0332729816436768,0.0
24.0,-1.273912787437439,-1.03917396068573,0.0
24.0,-1.256743311882019,-1.0348817110061646,0.0
24.0,-1.24117910861969,-1.0317317247390747,0.0
24.0,-1.2363957166671753,-1.037459135055542,0.0
24.0,-1.219377040863037,-1.0328232049942017,0.0
24.0,-1.2145888805389404,-1.038449764251709,0.0
24.0,-1.1976618766784668,-1.0336005687713623,0.0
24.0,-1.1838220357894897,-1.0312446355819702,0.0
24.0,-1.1790415048599243,-1.0367069244384766,0.0
24.0,-1.1637649536132812,-1.0328538417816162,0.0
24.0,-1.1589772701263428,-1.038223385810852,0.0
24.0,-1.14378023147583,-1.0341812372207642,0.0
24.0,-1.128645658493042,-1.0300209522247314,0.0
24.0,-1.1238713264465332,-1.0352280139923096,0.0
24.0,-1.1102845668792725,-1.0322422981262207,0.0
24.0,-1.105500340461731,-1.0373644828796387,0.0
24.0,-1.0905276536941528,-1.0328376293182373,0.0
24.0,-1.0756207704544067,-1.0281946659088135,0.0
24.0,-1.0708554983139038,-1.0331566333770752,0.0
24.0,-1.0574699640274048,-1.0297247171401978,0.0
24.0,-1.0526978969573975,-1.0346027612686157,0.0
24.0,-1.0379638671875,-1.0295994281768799,0.0
24.0,-1.0261255502700806,-1.027312159538269,0.0
24.0,-1.0213649272918701,-1.0320453643798828,0.0
24.0,-1.0095813274383545,-1.029616355895996,0.0
24.0,-1.0048102140426636,-1.0342729091644287,0.0
24.0,-0.9916956424713135,-1.0302618741989136,0.0
24.0,-0.9800202250480652,-1.0275992155075073,0.0
24.0,-0.9752587676048279,-1.0321192741394043,0.0
24.0,-0.9636421203613281,-1.0293171405792236,0.0
24.0,-0.95887291431427,-1.0337613821029663,0.0
24.0,-0.9459633827209473,-1.0293480157852173,0.0
24.0,-0.934461772441864,-1.0263162851333618,0.0
24.0,-0.9297067523002625,-1.0306257009506226,0.0
24.0,-0.9196008443832397,-1.028948187828064,0.0
24.0,-0.9148337841033936,-1.033188819885254,0.0
24.0,-0.9034526348114014,-1.0298899412155151,0.0
24.0,-0.8986814022064209,-1.0340559482574463,0.0
24.0,-0.8886711597442627,-1.032137393951416,0.0
24.0,-0.8774001002311707,-1.028626799583435,0.0
24.0,-0.872635006904602,-1.03267240524292,0.0
24.0,-0.862716019153595,-1.0305615663528442,0.0
24.0,-0.8579421043395996,-1.0345391035079956,0.0
24.0,-0.8468020558357239,-1.030767798423767,0.0
24.0,-0.8369777202606201,-1.0284669399261475,0.0
24.0,-0.832213819026947,-1.0323256254196167,0.0
24.0,-0.8211920261383057,-1.0283479690551758,0.0
24.0,-0.8164287805557251,-1.03213369846344,0.0
24.0,-0.8054805994033813,-1.02802574634552,0.0
24.0,-0.7970404028892517,-1.02699875831604,0.0
24.0,-0.7922836542129517,-1.0306727886199951,0.0
24.0,-0.782663881778717,-1.0279598236083984,0.0
24.0,-0.7718818783760071,-1.0235830545425415,0.0
24.0,-0.7671412229537964,-1.0271408557891846,0.0
24.0,-0.758816123008728,-1.025852918624878,0.0
24.0,-0.7540650963783264,-1.0293502807617188,0.0
24.0,-0.7457746267318726,-1.0279690027236938,0.0
24.0,-0.7410139441490173,-1.0314059257507324,0.0
24.0,-0.731599748134613,-1.0283023118972778,0.0
24.0,-0.7233820557594299,-1.0267689228057861,0.0
24.0,-0.7186272144317627,-1.0301024913787842,0.0
24.0,-0.710446834564209,-1.0284771919250488,0.0
24.0,-0.7056841850280762,-1.0317507982254028,0.0
24.0,-0.6964206695556641,-1.0283784866333008,0.0
24.0,-0.6872035264968872,-1.0249425172805786,0.0
24.0,-0.682457447052002,-1.028108835220337,0.0
24.0,-0.6744017601013184,-1.0262389183044434,0.0
24.0,-0.6696498990058899,-1.029345989227295,0.0
24.0,-0.6616350412368774,-1.0273865461349487,0.0
24.0,-0.6536526679992676,-1.0253751277923584,0.0
24.0,-0.6489050388336182,-1.0283862352371216,0.0
24.0,-0.6409651637077332,-1.0262863636016846,0.0
24.0,-0.6362134218215942,-1.0292388200759888,0.0
24.0,-0.6283168792724609,-1.0270510911941528,0.0
24.0,-0.6204542517662048,-1.0248123407363892,0.0
24.0,-0.6157095432281494,-1.0276700258255005,0.0
24.0,-0.6089117527008057,-1.0270649194717407,0.0
24.0,-0.6041567921638489,-1.0298691987991333,0.0
24.0,-0.5963768362998962,-1.0274622440338135,0.0
24.0,-0.5916200876235962,-1.0302084684371948,0.0
24.0,-0.5828988552093506,-1.0259770154953003,0.0
24.0,-0.5752094388008118,-1.023430585861206,0.0
24.0,-0.5704716444015503,-1.0260790586471558,0.0
24.0,-0.5637940168380737,-1.025200605392456,0.0
24.0,-0.5571368932723999,-1.024282455444336,0.0
24.0,-0.5523952841758728,-1.0268473625183105,0.0
24.0,-0.5457631349563599,-1.0258588790893555,0.0
24.0,-0.5410143733024597,-1.0283712148666382,0.0
24.0,-0.5334851741790771,-1.025538682937622,0.0
24.0,-0.5287380218505859,-1.0279942750930786,0.0
24.0,-0.5221664309501648,-1.0268622636795044,0.0
24.0,-0.5156167149543762,-1.0256916284561157,0.0
24.0,-0.5108690857887268,-1.0280646085739136,0.0
24.0,-0.5034652948379517,-1.0250300168991089,0.0
24.0,-0.49872082471847534,-1.0273468494415283,0.0
24.0,-0.4922355115413666,-1.026035189628601,0.0
24.0,-0.4849162697792053,-1.0228784084320068,0.0
24.0,-0.4801819324493408,-1.0251094102859497,0.0
24.0,-0.47375738620758057,-1.0236884355545044,0.0
24.0,-0.46901941299438477,-1.0258678197860718,0.0
24.0,-0.46262505650520325,-1.0243797302246094,0.0
24.0,-0.4578840136528015,-1.0265077352523804,0.0
24.0,-0.4515206515789032,-1.0249532461166382,0.0
24.0,-0.4451814889907837,-1.0233619213104248,0.0
24.0,-0.44044533371925354,-1.02540922164917,0.0
24.0,-0.43413808941841125,-1.023751974105835,0.0
24.0,-0.4278557002544403,-1.0220584869384766,0.0
24.0,-0.4231257736682892,-1.0240256786346436,0.0
24.0,-0.41687634587287903,-1.0222671031951904,0.0
24.0,-0.41214555501937866,-1.0241835117340088,0.0
24.0,-0.40666791796684265,-1.024219274520874,0.0
24.0,-0.40192824602127075,-1.0260885953903198,0.0
24.0,-0.39501744508743286,-1.022339105606079,0.0
24.0,-0.3909987807273865,-1.0260233879089355,0.0
24.0,-0.38625091314315796,-1.0278202295303345,0.0
24.0,-0.38218969106674194,-1.0314702987670898,0.0
24.0,-0.377416729927063,-1.0332263708114624,0.0
24.0,-0.37128064036369324,-1.0311967134475708,0.0
24.0,-0.36584025621414185,-1.0310174226760864,0.0
24.0,-0.36106956005096436,-1.0326977968215942,0.0
24.0,-0.3549884855747223,-1.0305742025375366,0.0
24.0,-0.3502199649810791,-1.032204508781433,0.0
24.0,-0.3441762328147888,-1.0300188064575195,0.0
24.0,-0.3387853503227234,-1.0296992063522339,0.0
24.0,-0.33402103185653687,-1.031254529953003,0.0
24.0,-0.3280346691608429,-1.0289767980575562,0.0
24.0,-0.32327380776405334,-1.030482530593872,0.0
24.0,-0.31791621446609497,-1.0300549268722534,0.0
24.0,-0.3131504952907562,-1.0315138101577759,0.0
24.0,-0.3072338104248047,-1.0291178226470947,0.0
24.0,-0.30190926790237427,-1.0286082029342651,0.0
24.0,-0.2971504032611847,-1.0299930572509766,0.0
24.0,-0.29183971881866455,-1.029431700706482,0.0
24.0,-0.2870771586894989,-1.0307700634002686,0.0
24.0,-0.28178074955940247,-1.0301570892333984,0.0
24.0,-0.2759774327278137,-1.027585744857788,0.0
24.0,-0.2712235748767853,-1.0288506746292114,0.0
24.0,-0.26596304774284363,-1.0281574726104736,0.0
24.0,-0.26120665669441223,-1.0293761491775513,0.0
24.0,-0.25596168637275696,-1.0286318063735962,0.0
24.0,-0.2507292628288269,-1.02786123752594,0.0
24.0,-0.24597439169883728,-1.029009461402893,0.0
24.0,-0.2407582849264145,-1.0281884670257568,0.0
24.0,-0.23600201308727264,-1.0292905569076538,0.0
24.0,-0.2308027595281601,-1.0284192562103271,0.0
24.0,-0.22561660408973694,-1.0275218486785889,0.0
24.0,-0.22086356580257416,-1.028554081916809,0.0
24.0,-0.21569494903087616,-1.027606725692749,0.0
24.0,-0.2109416425228119,-1.0285929441452026,0.0
24.0,-0.20579108595848083,-1.0275962352752686,0.0
24.0,-0.2010379284620285,-1.0285366773605347,0.0
24.0,-0.19553132355213165,-1.0255260467529297,0.0
24.0,-0.19042235612869263,-1.024452805519104,0.0
24.0,-0.18568389117717743,-1.0253221988677979,0.0
24.0,-0.18128874897956848,-1.028139352798462,0.0
24.0,-0.17653334140777588,-1.0289665460586548,0.0
24.0,-0.1714451014995575,-1.0277990102767944,0.0
24.0,-0.1660514622926712,-1.0246320962905884,0.0
24.0,-0.16131243109703064,-1.0253888368606567,0.0
24.0,-0.15626828372478485,-1.024146556854248,0.0
24.0,-0.15153160691261292,-1.0248581171035767,0.0
24.0,-0.14650830626487732,-1.0235679149627686,0.0
24.0,-0.14177440106868744,-1.024234414100647,0.0
24.0,-0.13677239418029785,-1.0228965282440186,0.0
24.0,-0.13204170763492584,-1.0235178470611572,0.0
24.0,-0.127308189868927,-1.0241174697875977,0.0
24.0,-0.12233441323041916,-1.0227092504501343,0.0
24.0,-0.11760473996400833,-1.023263931274414,0.0
24.0,-0.11287254840135574,-1.0237966775894165,0.0
24.0,-0.10792797803878784,-1.022318720817566,0.0
24.0,-0.103200264275074,-1.0228067636489868,0.0
24.0,-0.09847034513950348,-1.02327299118042,0.0
24.0,-0.09373831748962402,-1.0237172842025757,0.0
24.0,-0.08900429308414459,-1.0241397619247437,0.0
24.0,-0.08410441875457764,-1.0225470066070557,0.0
24.0,-0.07937590032815933,-1.0229250192642212,0.0
24.0,-0.0745001882314682,-1.0212863683700562,0.0
24.0,-0.06977760046720505,-1.0216199159622192,0.0
24.0,-0.0650535300374031,-1.021931529045105,0.0
24.0,-0.060445886105298996,-1.024217963218689,0.0
24.0,-0.055709902197122574,-1.0244864225387573,0.0
24.0,-0.05087336152791977,-1.022735595703125,0.0
24.0,-0.046144332736730576,-1.02295982837677,0.0
24.0,-0.04141431301832199,-1.0231622457504272,0.0
24.0,-0.03668341040611267,-1.0233427286148071,0.0
24.0,-0.031951725482940674,-1.0235013961791992,0.0
24.0,-0.02721935510635376,-1.0236382484436035,0.0
24.0,-0.022486403584480286,-1.0237531661987305,0.0
24.0,-0.017718294635415077,-1.0218462944030762,0.0
24.0,-0.012993729673326015,-1.0219173431396484,0.0
24.0,-0.008268886245787144,-1.0219664573669434,0.0
24.0,-0.0035438663326203823,-1.0219937562942505,0.0
24.0,0.0011812294833362103,-1.0219992399215698,0.0
24.0,0.005906300153583288,-1.0219829082489014,0.0
24.0,0.010631244629621506,-1.0219446420669556,0.0
24.0,0.01535596139729023,-1.021884560585022,0.0
24.0,0.02008035033941269,-1.0218026638031006,0.0
24.0,0.024804310873150826,-1.0216989517211914,0.0
24.0,0.029527738690376282,-1.0215733051300049,0.0
24.0,0.03425053879618645,-1.0214258432388306,0.0
24.0,0.038972605019807816,-1.0212565660476685,0.0
24.0,0.04369383677840233,-1.0210654735565186,0.0
24.0,0.048414137214422226,-1.0208525657653809,0.0
24.0,0.05313339829444885,-1.0206178426742554,0.0
24.0,0.05785152688622475,-1.020361304283142,0.0
24.0,0.06256841868162155,-1.0200828313827515,0.0
24.0,0.06728397309780121,-1.0197826623916626,0.0
24.0,0.07213899493217468,-1.0214558839797974,0.0
24.0,0.07686079293489456,-1.0211113691329956,0.0
24.0,0.08158095180988312,-1.0207451581954956,0.0
24.0,0.0862993597984314,-1.0203570127487183,0.0
24.0,0.09101593494415283,-1.0199471712112427,0.0
24.0,0.09573055803775787,-1.0195153951644897,0.0
24.0,0.10044313222169876,-1.0190619230270386,0.0
24.0,0.10515356063842773,-1.0185866355895996,0.0
24.0,0.10986173897981644,-1.0180896520614624,0.0
24.0,0.1145675778388977,-1.0175708532333374,0.0
24.0,0.11950390785932541,-1.0190166234970093,0.0
24.0,0.12421392649412155,-1.0184532403945923,0.0
24.0,0.12866997718811035,-1.0158839225769043,0.0
24.0,0.13362589478492737,-1.0172611474990845,0.0
24.0,0.13832764327526093,-1.0166324377059937,0.0
24.0,0.1430264264345169,-1.0159820318222046,0.0
24.0,0.14772216975688934,-1.0153099298477173,0.0
24.0,0.15271183848381042,-1.0165938138961792,0.0
24.0,0.15741030871868134,-1.0158770084381104,0.0
24.0,0.16210539638996124,-1.0151383876800537,0.0
24.0,0.1671215295791626,-1.0163514614105225,0.0
24.0,0.17181871831417084,-1.0155678987503052,0.0
24.0,0.1765122264623642,-1.0147627592086792,0.0
24.0,0.1812019646167755,-1.0139358043670654,0.0
24.0,0.186248779296875,-1.0150543451309204,0.0
24.0,0.1909397542476654,-1.0141823291778564,0.0
24.0,0.1956266611814499,-1.0132887363433838,0.0
24.0,0.20069760084152222,-1.0143355131149292,0.0
24.0,0.20538510382175446,-1.0133967399597168,0.0
24.0,0.21047453582286835,-1.0143946409225464,0.0
24.0,0.21557757258415222,-1.015367031097412,0.0
24.0,0.22026969492435455,-1.014359474182129,0.0
24.0,0.22539053857326508,-1.0152827501296997,0.0
24.0,0.23008215427398682,-1.0142297744750977,0.0
24.0,0.23522035777568817,-1.0151036977767944,0.0
24.0,0.2399110496044159,-1.0140053033828735,0.0
24.0,0.2450660765171051,-1.014829397201538,0.0
24.0,0.25119075179100037,-1.0195112228393555,0.0
24.0,0.25590163469314575,-1.018338918685913,0.0
24.0,0.26110348105430603,-1.0190824270248413,0.0
24.0,0.26581230759620667,-1.0178643465042114,0.0
24.0,0.27051541209220886,-1.0166245698928833,0.0
24.0,0.2757359743118286,-1.0172933340072632,0.0
24.0,0.28043636679649353,-1.016007661819458,0.0
24.0,0.28567177057266235,-1.0166256427764893,0.0
24.0,0.2903689742088318,-1.0152939558029175,0.0
24.0,0.2950599491596222,-1.013940691947937,0.0
24.0,0.3003123104572296,-1.0144833326339722,0.0
24.0,0.304999440908432,-1.013084053993225,0.0
24.0,0.3102654218673706,-1.0135754346847534,0.0
24.0,0.31494826078414917,-1.0121301412582397,0.0
24.0,0.3202274441719055,-1.0125702619552612,0.0
24.0,0.32490551471710205,-1.0110788345336914,0.0
24.0,0.330197274684906,-1.0114670991897583,0.0
24.0,0.3361290395259857,-1.0137263536453247,0.0
24.0,0.3408122956752777,-1.0121614933013916,0.0
24.0,0.34742918610572815,-1.0162523984909058,0.0
24.0,0.35212400555610657,-1.0146352052688599,0.0
24.0,0.35747572779655457,-1.0148828029632568,0.0
24.0,0.36216408014297485,-1.0132192373275757,0.0
24.0,0.3675265610218048,-1.0134141445159912,0.0
24.0,0.3728986084461212,-1.0135811567306519,0.0
24.0,0.37758079171180725,-1.0118463039398193,0.0
24.0,0.38296276330947876,-1.0119602680206299,0.0
24.0,0.38763734698295593,-1.010178804397583,0.0
24.0,0.39302876591682434,-1.0102397203445435,0.0
24.0,0.3998965620994568,-1.013993501663208,0.0
24.0,0.40458035469055176,-1.0121338367462158,0.0
24.0,0.4107573330402374,-1.0139597654342651,0.0
24.0,0.4154408574104309,-1.0120497941970825,0.0
24.0,0.42165160179138184,-1.0138115882873535,0.0
24.0,0.42633432149887085,-1.0118513107299805,0.0
24.0,0.433363139629364,-1.015387773513794,0.0
24.0,0.43964019417762756,-1.017045021057129,0.0
24.0,0.4443376660346985,-1.0150015354156494,0.0
24.0,0.45064666867256165,-1.016593098640442,0.0
24.0,0.4553419351577759,-1.0144987106323242,0.0
24.0,0.4616822898387909,-1.0160243511199951,0.0
24.0,0.46553897857666016,-1.0120619535446167,0.0
24.0,0.4702131152153015,-1.0098987817764282,0.0
24.0,0.4774349331855774,-1.0131416320800781,0.0
24.0,0.4821139872074127,-1.0109233856201172,0.0
24.0,0.48939049243927,-1.0140873193740845,0.0
24.0,0.494073748588562,-1.0118138790130615,0.0
24.0,0.499632328748703,-1.0113117694854736,0.0
24.0,0.5060909390449524,-1.0125689506530762,0.0
24.0,0.5107670426368713,-1.0102182626724243,0.0
24.0,0.5181641578674316,-1.0131880044937134,0.0
24.0,0.5228429436683655,-1.0107815265655518,0.0
24.0,0.5293647646903992,-1.0118976831436157,0.0
24.0,0.535908043384552,-1.0129750967025757,0.0
24.0,0.5405856370925903,-1.0104866027832031,0.0
24.0,0.5471548438072205,-1.0114946365356445,0.0
24.0,0.5518255233764648,-1.0089541673660278,0.0
24.0,0.5593878030776978,-1.0116428136825562,0.0
24.0,0.5640590786933899,-1.0090458393096924,0.0
24.0,0.5716699957847595,-1.011650800704956,0.0
24.0,0.5783251523971558,-1.0124702453613281,0.0
24.0,0.5829999446868896,-1.0097856521606445,0.0
24.0,0.5906863808631897,-1.0122617483139038,0.0
24.0,0.5953601002693176,-1.0095199346542358,0.0
24.0,0.6000211238861084,-1.0067565441131592,0.0
24.0,0.6046693325042725,-1.0039716958999634,0.0
24.0,0.6103443503379822,-1.0028737783432007,0.0
24.0,0.6202127933502197,-1.0085594654083252,0.0
24.0,0.6248691082000732,-1.0056811571121216,0.0
24.0,0.6327021718025208,-1.007863163948059,0.0
24.0,0.6373551487922668,-1.004927158355713,0.0
24.0,0.6463103294372559,-1.008705496788025,0.0
24.0,0.6531406044960022,-1.0090645551681519,0.0
24.0,0.6577989459037781,-1.0060341358184814,0.0
24.0,0.6646475791931152,-1.0063197612762451,0.0
24.0,0.6692931056022644,-1.0032360553741455,0.0
24.0,0.6783947348594666,-1.006765365600586,0.0
24.0,0.6864179968833923,-1.0085784196853638,0.0
24.0,0.6910737156867981,-1.0053941011428833,0.0
24.0,0.6991361379623413,-1.0071169137954712,0.0
24.0,0.7037849426269531,-1.0038738250732422,0.0
24.0,0.713041365146637,-1.0071384906768799,0.0
24.0,0.717690110206604,-1.0038310289382935,0.0
24.0,0.7258356213569641,-1.0053669214248657,0.0
24.0,0.7304760813713074,-1.002000331878662,0.0
24.0,0.7386578321456909,-1.0034444332122803,0.0
24.0,0.7480615377426147,-1.006439208984375,0.0
24.0,0.7527066469192505,-1.0029698610305786,0.0
24.0,0.76216721534729,-1.0058553218841553,0.0
24.0,0.7668095231056213,-1.0023208856582642,0.0
24.0,0.7763256430625916,-1.005096197128296,0.0
24.0,0.7858837842941284,-1.0078048706054688,0.0
24.0,0.7905348539352417,-1.0041606426239014,0.0
24.0,0.7989022135734558,-1.0051921606063843,0.0
24.0,0.8035410642623901,-1.0014878511428833,0.0
24.0,0.8144568204879761,-1.0055327415466309,0.0
24.0,0.8241610527038574,-1.007949709892273,0.0
24.0,0.8288123607635498,-1.0041285753250122,0.0
24.0,0.839847207069397,-1.0079686641693115,0.0
24.0,0.8444984555244446,-1.0040749311447144,0.0
24.0,0.8530148267745972,-1.0047335624694824,0.0
24.0,0.8576509356498718,-1.0007790327072144,0.0
24.0,0.8675025701522827,-1.002853512763977,0.0
24.0,0.8787069916725159,-1.0063647031784058,0.0
24.0,0.8833504319190979,-1.0022913217544556,0.0
24.0,0.8946214914321899,-1.005668044090271,0.0
24.0,0.899261474609375,-1.0015212297439575,0.0
24.0,0.9092545509338379,-1.0032806396484375,0.0
24.0,0.91388338804245,-0.9990661144256592,0.0
24.0,0.9252762198448181,-1.0021775960922241,0.0
24.0,0.9367172122001648,-1.0052047967910767,0.0
24.0,0.9413546323776245,-1.0008633136749268,0.0
24.0,0.9542337656021118,-1.0052034854888916,0.0
24.0,0.9588709473609924,-1.0007809400558472,0.0
24.0,0.9732198715209961,-1.0064010620117188,0.0
24.0,0.9778624176979065,-1.001890778541565,0.0
24.0,0.9951160550117493,-1.0101821422576904,0.0
24.0,1.0124669075012207,-1.018335223197937,0.0
24.0,1.0171642303466797,-1.0136433839797974,0.0
24.0,1.0346484184265137,-1.0215765237808228,0.0
24.0,1.039360523223877,-1.0167820453643799,0.0
24.0,1.0627198219299316,-1.0300614833831787,0.0
24.0,1.0674707889556885,-1.025137186050415,0.0
24.0,1.0881370306015015,-1.0353559255599976,0.0
24.0,1.1074649095535278,-1.044033169746399,0.0
24.0,1.1122801303863525,-1.0389018058776855,0.0
24.0,1.1332184076309204,-1.048690676689148,0.0
24.0,1.1380547285079956,-1.0434402227401733,0.0
24.0,1.160631537437439,-1.0543047189712524,0.0
24.0,1.1654934883117676,-1.0489274263381958,0.0
24.0,1.186751127243042,-1.0581690073013306,0.0
24.0,1.2081187963485718,-1.0672361850738525,0.0
24.0,1.2130401134490967,-1.0616391897201538,0.0
24.0,1.2345573902130127,-1.0704317092895508,0.0
24.0,1.2394931316375732,-1.064712405204773,0.0
24.0,1.262680172920227,-1.0745244026184082,0.0
24.0,1.267634630203247,-1.06867516040802,0.0
24.0,1.2940527200698853,-1.0807514190673828,0.0
24.0,1.1709620952606201,-0.9597103595733643,0.0
24.0,1.175386667251587,-0.9542863368988037,0.0
24.0,1.1797860860824585,-0.9488418698310852,0.0
24.0,1.1841603517532349,-0.9433771371841431,0.0
24.0,1.2089195251464844,-0.9539986848831177,0.0
24.0,1.2133172750473022,-0.9483991861343384,0.0
24.0,1.2176891565322876,-0.9427794218063354,0.0
24.0,1.2220349311828613,-0.9371395111083984,0.0
24.0,1.2470593452453613,-0.9472059011459351,0.0
24.0,1.2769972085952759,-0.9606675505638123,0.0
24.0,1.28142511844635,-0.9547532796859741,0.0
24.0,1.3115742206573486,-0.9678186178207397,0.0
24.0,1.3160347938537598,-0.9617444276809692,0.0
24.0,1.348010778427124,-0.9755834341049194,0.0
24.0,1.3525068759918213,-0.9693406224250793,0.0
24.0,1.3814387321472168,-0.9804403185844421,0.0
24.0,1.410501480102539,-0.9912927746772766,0.0
24.0,1.415069580078125,-0.9847608804702759,0.0
24.0,1.4476042985916138,-0.9974998235702515,0.0
24.0,1.4522006511688232,-0.9907963275909424,0.0
24.0,1.4766534566879272,-0.9975060820579529,0.0
24.0,1.4812495708465576,-0.9906682968139648,0.0
24.0,1.5024898052215576,-0.9948509931564331,0.0
24.0,1.527145266532898,-1.0010510683059692,0.0
24.0,1.5317572355270386,-0.993979811668396,0.0
24.0,1.5598946809768677,-1.002020239830017,0.0
24.0,1.564510703086853,-0.9947975873947144,0.0
24.0,1.5792492628097534,-0.9939456582069397,0.0
24.0,1.575339913368225,-0.981346070766449,0.0
24.0,1.5798602104187012,-0.9740521907806396,0.0
24.0,1.5758103132247925,-0.9615287780761719,0.0
24.0,1.580238938331604,-0.9542329907417297,0.0
24.0,1.5777666568756104,-0.9428131580352783,0.0
24.0,1.5752224922180176,-0.9314365983009338,0.0
24.0,1.579512119293213,-0.9241437911987305,0.0
24.0,1.5768442153930664,-0.9128232598304749,0.0
24.0,1.581047773361206,-0.9055231213569641,0.0
24.0,1.5886975526809692,-0.9001755714416504,0.0
24.0,1.5928423404693604,-0.8928208351135254,0.0
24.0,1.612695336341858,-0.8941753506660461,0.0
24.0,1.6308410167694092,-0.8944035172462463,0.0
24.0,1.6349587440490723,-0.8868539929389954,0.0
24.0,1.6531407833099365,-0.8868492245674133,0.0
24.0,1.6572233438491821,-0.8791967034339905,0.0
24.0,1.6754391193389893,-0.8789583444595337,0.0
24.0,1.6794849634170532,-0.8712027668952942,0.0
24.0,1.6941725015640259,-0.8689048886299133,0.0
24.0,1.4563738107681274,-0.7049110531806946,0.0
24.0,1.459617257118225,-0.6981701254844666,0.0
24.0,1.46282958984375,-0.6914143562316895,0.0
24.0,1.466010570526123,-0.6846437454223633,0.0
24.0,1.4836883544921875,-0.6845616698265076,0.0
24.0,1.4868375062942505,-0.6776946783065796,0.0
24.0,1.5063680410385132,-0.6782028675079346,0.0
24.0,1.509487509727478,-0.6712310910224915,0.0
24.0,1.5272244215011597,-0.6706783771514893,0.0
24.0,1.5449881553649902,-0.6699758768081665,0.0
24.0,1.5480692386627197,-0.6628256440162659,0.0
24.0,1.5603280067443848,-0.6595547199249268,0.0
24.0,1.5633606910705566,-0.6523337364196777,0.0
24.0,1.5682092905044556,-0.6458603739738464,0.0
24.0,1.5711785554885864,-0.6386030316352844,0.0
24.0,1.5685455799102783,-0.629098653793335,0.0
24.0,1.565858244895935,-0.6196321845054626,0.0
24.0,1.5687062740325928,-0.6123860478401184,0.0
24.0,1.5659215450286865,-0.6029707193374634,0.0
24.0,1.5686925649642944,-0.5957244634628296,0.0
24.0,1.5676841735839844,-0.587062656879425,0.0
24.0,1.5647529363632202,-0.5777302384376526,0.0
24.0,1.567407250404358,-0.5704895853996277,0.0
24.0,1.5643805265426636,-0.5612107515335083,0.0
24.0,1.5669584274291992,-0.553972065448761,0.0
24.0,1.565725564956665,-0.5454056859016418,0.0
24.0,1.564447045326233,-0.5368626117706299,0.0
24.0,1.5669125318527222,-0.5296238660812378,0.0
24.0,1.563651442527771,-0.5204788446426392,0.0
24.0,1.566041111946106,-0.5132439136505127,0.0
24.0,1.564590573310852,-0.5047699213027954,0.0
24.0,1.566907525062561,-0.49753081798553467,0.0
24.0,1.5653730630874634,-0.48908817768096924,0.0
24.0,1.5618822574615479,-0.48008278012275696,0.0
24.0,1.5640852451324463,-0.4728564918041229,0.0
24.0,1.5605034828186035,-0.46391037106513977,0.0
24.0,1.5607119798660278,-0.4561295807361603,0.0
24.0,1.5628042221069336,-0.4489089548587799,0.0
24.0,1.5629380941390991,-0.441135436296463,0.0
24.0,1.5649608373641968,-0.4339046776294708,0.0
24.0,1.5630908012390137,-0.42561376094818115,0.0
24.0,1.5592453479766846,-0.41683289408683777,0.0
24.0,1.561155915260315,-0.40961945056915283,0.0
24.0,1.5591593980789185,-0.40140002965927124,0.0
24.0,1.560998558998108,-0.39418715238571167,0.0
24.0,1.5550388097763062,-0.38504305481910706,0.0
24.0,1.5568023920059204,-0.37784940004348755,0.0
24.0,1.5429668426513672,-0.3669458329677582,0.0
24.0,1.5388033390045166,-0.35844704508781433,0.0
24.0,1.5404441356658936,-0.3513287305831909,0.0
24.0,1.574899673461914,-0.14971673488616943,0.0
24.0,1.5755749940872192,-0.1424337923526764,0.0
24.0,1.576216697692871,-0.1351477950811386,0.0
24.0,1.57682466506958,-0.12785892188549042,0.0
24.0,1.5674281120300293,-0.11980518698692322,0.0
24.0,1.5579909086227417,-0.11184109002351761,0.0
24.0,1.5584913492202759,-0.10463672131299973,0.0
24.0,1.5549662113189697,-0.09718061238527298,0.0
24.0,1.5553988218307495,-0.08999038487672806,0.0
24.0,1.5577954053878784,-0.08290452510118484,0.0
24.0,1.564155101776123,-0.07599253207445145,0.0
24.0,1.564489722251892,-0.06876004487276077,0.0
24.0,1.572784662246704,-0.06184040382504463,0.0
24.0,1.5730538368225098,-0.05456817150115967,0.0
24.0,1.5832847356796265,-0.047595251351594925,0.0
24.0,1.59348464012146,-0.04052888602018356,0.0
24.0,1.593654990196228,-0.03316117823123932,0.0
24.0,1.6037899255752563,-0.025954576209187508,0.0
24.0,1.6038928031921387,-0.01853938028216362,0.0
24.0,1.6159611940383911,-0.01120700966566801,0.0
24.0,1.6159957647323608,-0.0037356994580477476,0.0
24.0,1.6239956617355347,0.0037541838828474283,0.0
24.0,1.6319607496261597,0.011317960917949677,0.0
24.0,1.6318910121917725,0.018863001838326454,0.0
24.0,1.643784761428833,0.026601815596222878,0.0
24.0,1.6436442136764526,0.03420136123895645,0.0
24.0,1.6554646492004395,0.042105283588171005,0.0
24.0,1.6552523374557495,0.0497586615383625,0.0
24.0,1.6649985313415527,0.0577576644718647,0.0
24.0,1.674705982208252,0.06584784388542175,0.0
24.0,1.6743836402893066,0.07358992844820023,0.0
24.0,1.4384056329727173,0.23822900652885437,0.0
24.0,1.4372888803482056,0.24487674236297607,0.0
24.0,1.4361413717269897,0.25151923298835754,0.0
24.0,1.4349631071090698,0.25815635919570923,0.0
24.0,1.4443050622940063,0.27364781498908997,0.0
24.0,1.4430243968963623,0.28032243251800537,0.0
24.0,1.4417129755020142,0.28699108958244324,0.0
24.0,1.4403706789016724,0.29365360736846924,0.0
24.0,1.452702283859253,0.3031699061393738,0.0
24.0,1.4649765491485596,0.31280648708343506,0.0
24.0,1.4635146856307983,0.3195762634277344,0.0
24.0,1.4756851196289062,0.32938912510871887,0.0
24.0,1.4741464853286743,0.3362082540988922,0.0
24.0,1.4862112998962402,0.3461962938308716,0.0
24.0,1.4982149600982666,0.35630300641059875,0.0
24.0,1.4965516328811646,0.3632260262966156,0.0
24.0,1.5142699480056763,0.37494826316833496,0.0
24.0,1.5125203132629395,0.38194528222084045,0.0
24.0,1.533980369567871,0.3949177861213684,0.0
24.0,1.5321382284164429,0.40200570225715637,0.0
24.0,1.555381178855896,0.4157998561859131,0.0
24.0,1.5746692419052124,0.4287664294242859,0.0
24.0,1.5726701021194458,0.4360421299934387,0.0
24.0,1.5860357284545898,0.44765469431877136,0.0
24.0,1.583949089050293,0.454982727766037,0.0
24.0,1.5952664613723755,0.4662283658981323,0.0
24.0,1.5930938720703125,0.4735988974571228,0.0
24.0,1.6042882204055786,0.48501071333885193,0.0
24.0,1.617322564125061,0.49712368845939636,0.0
24.0,1.6150068044662476,0.5045958757400513,0.0
24.0,1.627906322479248,0.5168993473052979,0.0
24.0,1.6254990100860596,0.5244202613830566,0.0
24.0,1.6344603300094604,0.5356671810150146,0.0
24.0,1.6319663524627686,0.543218195438385,0.0
24.0,1.6427001953125,0.5552404522895813,0.0
24.0,1.6533576250076294,0.567373514175415,0.0
24.0,1.650716781616211,0.5750115513801575,0.0
24.0,1.659354329109192,0.5866370797157288,0.0
24.0,1.656624436378479,0.5943025946617126,0.0
24.0,1.44148850440979,0.5246589183807373,0.0
24.0,1.4390474557876587,0.5313178300857544,0.0
24.0,1.4365755319595337,0.5379654169082642,0.0
24.0,1.4340729713439941,0.5446015000343323,0.0
24.0,1.4464709758758545,0.5569753050804138,0.0
24.0,1.4438804388046265,0.5636569261550903,0.0
24.0,1.4579962491989136,0.5769496560096741,0.0
24.0,1.4553132057189941,0.5836843848228455,0.0
24.0,1.467421531677246,0.5964311361312866,0.0
24.0,1.4646482467651367,0.6032091975212097,0.0
24.0,1.478455662727356,0.616905927658081,0.0
24.0,1.4940094947814941,0.6315217018127441,0.0
24.0,1.491073727607727,0.6384223103523254,0.0
24.0,1.5064551830291748,0.6532662510871887,0.0
24.0,1.5034188032150269,0.6602241396903992,0.0
24.0,1.5186249017715454,0.6752942204475403,0.0
24.0,1.515486478805542,0.6823081970214844,0.0
24.0,1.525054931640625,0.695114016532898,0.0
24.0,1.5309048891067505,0.7063469886779785,0.0
24.0,1.5276228189468384,0.7134173512458801,0.0
24.0,1.5279245376586914,0.7221818566322327,0.0
24.0,1.5245693922042847,0.7292382717132568,0.0
24.0,1.5283823013305664,0.7397644519805908,0.0
24.0,1.5249457359313965,0.7468228340148926,0.0
24.0,1.5268528461456299,0.7565290927886963,0.0
24.0,1.528702735900879,0.7662689089775085,0.0
24.0,1.5251436233520508,0.7733284831047058,0.0
24.0,1.5268906354904175,0.7831096053123474,0.0
24.0,1.5232537984848022,0.7901606559753418,0.0
24.0,1.524897575378418,0.7999821901321411,0.0
24.0,1.528249740600586,0.8107730150222778,0.0
24.0,1.5244848728179932,0.8178300261497498,0.0
24.0,1.5259613990783691,0.8277303576469421,0.0
24.0,1.5221182107925415,0.8347765803337097,0.0
24.0,1.5199916362762451,0.8427748680114746,0.0
24.0,1.5143342018127441,0.848815381526947,0.0
24.0,1.510393738746643,0.8558076620101929,0.0
24.0,1.5046852827072144,0.8617876172065735,0.0
24.0,1.5006848573684692,0.868735134601593,0.0
24.0,1.4793899059295654,0.8655641674995422,0.0
24.0,1.475372314453125,0.8723946809768677,0.0
24.0,1.258404016494751,1.1220585107803345,0.0
24.0,1.2532029151916504,1.1278645992279053,0.0
24.0,1.2479749917984009,1.1336464881896973,0.0
24.0,1.242720365524292,1.139404296875,0.0
24.0,1.2271639108657837,1.1356288194656372,0.0
24.0,1.2219003438949585,1.141290307044983,0.0
24.0,1.2166106700897217,1.1469274759292603,0.0
24.0,1.2112950086593628,1.1525399684906006,0.0
24.0,1.200183391571045,1.1525866985321045,0.0
24.0,1.194841742515564,1.158123254776001,0.0
24.0,1.185185432434082,1.159439206123352,0.0
24.0,1.1755427122116089,1.1606907844543457,0.0
24.0,1.170163869857788,1.1661133766174316,0.0
24.0,1.1548892259597778,1.1615829467773438,0.0
24.0,1.148102879524231,1.1654852628707886,0.0
24.0,1.1427021026611328,1.170780897140503,0.0
24.0,0.9879812598228455,1.2914214134216309,0.0
24.0,0.9819999933242798,1.2959753274917603,0.0
24.0,0.9759976863861084,1.3005017042160034,0.0
24.0,0.9699745774269104,1.3050001859664917,0.0
24.0,0.9472625255584717,1.2993682622909546,0.0
24.0,0.9412449598312378,1.3037339448928833,0.0
24.0,0.9352072477340698,1.3080717325210571,0.0
24.0,0.9291495680809021,1.3123815059661865,0.0
24.0,0.9184795618057251,1.310112714767456,0.0
24.0,0.9124126434326172,1.3143452405929565,0.0
24.0,0.9029273986816406,1.3136049509048462,0.0
24.0,0.8968445062637329,1.317765474319458,0.0
24.0,0.8907423615455627,1.3218978643417358,0.0
24.0,0.8835113048553467,1.3243381977081299,0.0
24.0,0.8773789405822754,1.3284088373184204,0.0
24.0,0.8701333403587341,1.3307772874832153,0.0
24.0,0.8639713525772095,1.3347859382629395,0.0
24.0,0.8567119836807251,1.3370821475982666,0.0
24.0,0.8494497537612915,1.3393397331237793,0.0
24.0,0.8432483673095703,1.3432527780532837,0.0
24.0,0.8370290398597717,1.3471370935440063,0.0
24.0,0.8307917714118958,1.3509925603866577,0.0
24.0,0.8245367407798767,1.3548191785812378,0.0
24.0,0.8182640671730042,1.358616828918457,0.0
24.0,0.8119739294052124,1.3623855113983154,0.0
24.0,0.805666446685791,1.3661249876022339,0.0
24.0,0.7993417382240295,1.3698352575302124,0.0
24.0,0.7929999232292175,1.373516321182251,0.0
24.0,0.7866411805152893,1.3771679401397705,0.0
24.0,0.7802656292915344,1.380790114402771,0.0
24.0,0.7738733887672424,1.3843828439712524,0.0
24.0,0.7674645781517029,1.3879460096359253,0.0
24.0,0.7610393762588501,1.3914793729782104,0.0
24.0,0.7545979619026184,1.3949830532073975,0.0
24.0,0.7481403350830078,1.3984569311141968,0.0
24.0,0.7407315373420715,1.4001331329345703,0.0
24.0,0.7342502474784851,1.4035428762435913,0.0
24.0,0.7277532815933228,1.4069225788116455,0.0
24.0,0.7212408185005188,1.410272240638733,0.0
24.0,0.4818897247314453,0.9531034827232361,0.0
24.0,0.47747802734375,0.9553212523460388,0.0
24.0,0.4730561077594757,0.9575185775756836,0.0
24.0,0.4651137888431549,0.9525067210197449,0.0
24.0,0.460705041885376,0.9546469449996948,0.0
24.0,0.45370370149612427,0.9513511657714844,0.0
24.0,0.4475952386856079,0.9498202204704285,0.0
24.0,0.443199098110199,0.9518794417381287,0.0
24.0,0.4371218979358673,0.9502844214439392,0.0
24.0,0.4327237010002136,0.9522952437400818,0.0
24.0,0.4274972975254059,0.9524610638618469,0.0
24.0,0.4230891466140747,0.9544273614883423,0.0
24.0,0.4162657856941223,0.9508768320083618,0.0
24.0,0.41027793288230896,0.9491196274757385,0.0
24.0,0.4058854281902313,0.9510063529014587,0.0
24.0,0.4007076323032379,0.9510295987129211,0.0
24.0,0.3963063955307007,0.9528720378875732,0.0
24.0,0.3903777003288269,0.9509938359260559,0.0
24.0,0.38447490334510803,0.9490812420845032,0.0
24.0,0.3800828456878662,0.9508486390113831,0.0
24.0,0.3749488592147827,0.9507350921630859,0.0
24.0,0.3705492615699768,0.9524585008621216,0.0
24.0,0.36470869183540344,0.9504270553588867,0.0
24.0,0.35889488458633423,0.9483620524406433,0.0
24.0,0.35450640320777893,0.9500111937522888,0.0
24.0,0.3494197726249695,0.9497630000114441,0.0
24.0,0.3450249433517456,0.9513683319091797,0.0
24.0,0.33860325813293457,0.9473034739494324,0.0
24.0,0.3335554003715515,0.9469723701477051,0.0
24.0,0.32917362451553345,0.9485043883323669,0.0
24.0,0.3241378664970398,0.9481237530708313,0.0
24.0,0.3197508454322815,0.9496122002601624,0.0
24.0,0.3147275745868683,0.9491820335388184,0.0
24.0,0.30909445881843567,0.9468244910240173,0.0
24.0,0.304713636636734,0.9482434391975403,0.0
24.0,0.29972323775291443,0.9477351903915405,0.0
24.0,0.29533830285072327,0.9491108059883118,0.0
24.0,0.2903616428375244,0.9485536813735962,0.0
24.0,0.2859730124473572,0.9498860239982605,0.0
24.0,0.28101059794425964,0.9492802619934082,0.0
24.0,0.2760598659515381,0.948648989200592,0.0
24.0,0.27167096734046936,0.9499151706695557,0.0
24.0,0.2661941647529602,0.9473102688789368,0.0
24.0,0.2618115544319153,0.9485308527946472,0.0
24.0,0.2569001317024231,0.9478007555007935,0.0
24.0,0.2520010471343994,0.9470456838607788,0.0
24.0,0.24761982262134552,0.9482006430625916,0.0
24.0,0.24273689091205597,0.9473978877067566,0.0
24.0,0.23835411667823792,0.9485100507736206,0.0
24.0,0.2334877997636795,0.947659969329834,0.0
24.0,0.22863443195819855,0.9467852115631104,0.0
24.0,0.22425465285778046,0.9478321671485901,0.0
24.0,0.21896712481975555,0.9449621438980103,0.0
24.0,0.21459588408470154,0.9459643959999084,0.0
24.0,0.21022003889083862,0.9469464421272278,0.0
24.0,0.2054152935743332,0.9459537863731384,0.0
24.0,0.20103959739208221,0.9468933939933777,0.0
24.0,0.19625328481197357,0.9458544850349426,0.0
24.0,0.19187815487384796,0.9467517137527466,0.0
24.0,0.18711072206497192,0.9456667304039001,0.0
24.0,0.18235743045806885,0.9445579648017883,0.0
24.0,0.1779884397983551,0.9453909993171692,0.0
24.0,0.17325468361377716,0.9442366361618042,0.0
24.0,0.16888727247714996,0.9450275301933289,0.0
24.0,0.16417351365089417,0.9438278675079346,0.0
24.0,0.15980809926986694,0.9445767998695374,0.0
24.0,0.15543925762176514,0.945305585861206,0.0
24.0,0.15075170993804932,0.9440391063690186,0.0
24.0,0.14638546109199524,0.9447259902954102,0.0
24.0,0.14201606810092926,0.9453927278518677,0.0
24.0,0.13764365017414093,0.9460391998291016,0.0
24.0,0.13298949599266052,0.9446850419044495,0.0
24.0,0.12835079431533813,0.9433080554008484,0.0
24.0,0.12398815900087357,0.9438914060592651,0.0
24.0,0.11937156319618225,0.942470371723175,0.0
24.0,0.11501289159059525,0.9430121779441833,0.0
24.0,0.11065176874399185,0.9435338973999023,0.0
24.0,0.10628827661275864,0.9440353512763977,0.0
24.0,0.10170794278383255,0.942528247833252,0.0
24.0,0.09734919667243958,0.942988395690918,0.0
24.0,0.09298837184906006,0.9434283971786499,0.0
24.0,0.08862555772066116,0.9438482522964478,0.0
24.0,0.08426084369421005,0.9442479014396667,0.0
24.0,0.07972577959299088,0.9426344633102417,0.0
24.0,0.0753667801618576,0.9429929852485657,0.0
24.0,0.0710061639547348,0.9433313608169556,0.0
24.0,0.06664403527975082,0.9436495900154114,0.0
24.0,0.062280476093292236,0.9439476132392883,0.0
24.0,0.05779314786195755,0.9422292709350586,0.0
24.0,0.05343625321984291,0.9424864053726196,0.0
24.0,0.049078214913606644,0.9427233338356018,0.0
24.0,0.04471912980079651,0.9429401755332947,0.0
24.0,0.04035909101366997,0.9431368708610535,0.0
24.0,0.035921916365623474,0.9413148164749146,0.0
24.0,0.03156948462128639,0.9414708018302917,0.0
24.0,0.02721637673676014,0.9416067004203796,0.0
24.0,0.022862685844302177,0.9417225122451782,0.0
24.0,0.018508508801460266,0.941818118095398,0.0
24.0,0.014153935015201569,0.9418936371803284,0.0
24.0,0.009799058549106121,0.9419490098953247,0.0
24.0,0.005443972535431385,0.941984236240387,0.0
24.0,0.0010887705720961094,0.9419993162155151,0.0
24.0,-0.0032664549071341753,0.941994309425354,0.0
24.0,-0.00760542880743742,0.9399692416191101,0.0
24.0,-0.011951175518333912,0.9399240016937256,0.0
24.0,-0.016296666115522385,0.9398587346076965,0.0
24.0,-0.020685726776719093,0.9417728185653687,0.0
24.0,-0.0250396728515625,0.9416671395301819,0.0
24.0,-0.029393082484602928,0.941541314125061,0.0
24.0,-0.033745866268873215,0.9413953423500061,0.0
24.0,-0.03809792548418045,0.9412292242050171,0.0
24.0,-0.04244917258620262,0.9410430192947388,0.0
24.0,-0.04679951071739197,0.9408367276191711,0.0
24.0,-0.05114884674549103,0.9406102895736694,0.0
24.0,-0.05549709498882294,0.9403637647628784,0.0
24.0,-0.05984415113925934,0.9400971531867981,0.0
24.0,-0.06418993324041367,0.9398103952407837,0.0
24.0,-0.06853433698415756,0.9395036101341248,0.0
24.0,-0.07287728041410446,0.9391766786575317,0.0
24.0,-0.0772186666727066,0.9388297200202942,0.0
24.0,-0.08173156529664993,0.9404551982879639,0.0
24.0,-0.08607876300811768,0.9400672912597656,0.0
24.0,-0.09042412787675858,0.9396592378616333,0.0
24.0,-0.09476755559444427,0.9392311573028564,0.0
24.0,-0.09910895675420761,0.9387829303741455,0.0
24.0,-0.10366740822792053,0.9403026103973389,0.0
24.0,-0.10801366716623306,0.9398132562637329,0.0
24.0,-0.11235762387514114,0.9393038749694824,0.0
24.0,-0.11669917404651642,0.9387743473052979,0.0
24.0,-0.12103822827339172,0.9382247924804688,0.0
24.0,-0.12563976645469666,0.9396375417709351,0.0
24.0,-0.12998270988464355,0.9390466213226318,0.0
24.0,-0.1343228816986084,0.9384356141090393,0.0
24.0,-0.13866019248962402,0.9378045797348022,0.0
24.0,-0.14329619705677032,0.9391305446624756,0.0
24.0,-0.14763662219047546,0.9384579658508301,0.0
24.0,-0.1522938311100006,0.9397396445274353,0.0
24.0,-0.15663696825504303,0.9390255212783813,0.0
24.0,-0.16097676753997803,0.9382912516593933,0.0
24.0,-0.16566039621829987,0.9395065903663635,0.0
24.0,-0.17000232636928558,0.9387306571006775,0.0
24.0,-0.1743406057357788,0.9379346370697021,0.0
24.0,-0.17904974520206451,0.9390831589698792,0.0
24.0,-0.1833895593881607,0.9382452964782715,0.0
24.0,-0.18772545456886292,0.9373874068260193,0.0
24.0,-0.19205734133720398,0.9365094304084778,0.0
24.0,-0.1967959702014923,0.9375688433647156,0.0
24.0,-0.20112860202789307,0.936648964881897,0.0
24.0,-0.2058858424425125,0.9376624822616577,0.0
24.0,-0.2106567770242691,0.9386520981788635,0.0
24.0,-0.21499426662921906,0.9376680850982666,0.0
24.0,-0.21978312730789185,0.9386113882064819,0.0
24.0,-0.2241203337907791,0.9375852346420288,0.0
24.0,-0.22892671823501587,0.9384820461273193,0.0
24.0,-0.23374615609645844,0.939354419708252,0.0
24.0,-0.23808665573596954,0.9382636547088623,0.0
24.0,-0.24292293190956116,0.9390891790390015,0.0
24.0,-0.24726209044456482,0.9379560351371765,0.0
24.0,-0.25159597396850586,0.9368028044700623,0.0
24.0,-0.2569798231124878,0.9394878149032593,0.0
24.0,-0.26132068037986755,0.9382896423339844,0.0
24.0,-0.2662014365196228,0.9389956593513489,0.0
24.0,-0.27053990960121155,0.9377548694610596,0.0
24.0,-0.2754358649253845,0.9384130239486694,0.0
24.0,-0.2797715663909912,0.937129557132721,0.0
24.0,-0.2846822738647461,0.9377398490905762,0.0
24.0,-0.2896045744419098,0.9383246898651123,0.0
24.0,-0.2939396798610687,0.9369757175445557,0.0
24.0,-0.298876017332077,0.937512218952179,0.0
24.0,-0.30320730805397034,0.9361203908920288,0.0
24.0,-0.30815714597702026,0.9366083145141602,0.0
24.0,-0.31248414516448975,0.9351736307144165,0.0
24.0,-0.31744706630706787,0.9356127977371216,0.0
24.0,-0.32307204604148865,0.9379170536994934,0.0
24.0,-0.3274049460887909,0.9364133477210999,0.0
24.0,-0.3323996663093567,0.936774492263794,0.0
24.0,-0.33672717213630676,0.9352276921272278,0.0
24.0,-0.3417336642742157,0.9355394840240479,0.0
24.0,-0.34675025939941406,0.9358249306678772,0.0
24.0,-0.3510732352733612,0.934211790561676,0.0
24.0,-0.35681307315826416,0.9363163709640503,0.0
24.0,-0.3611381947994232,0.9346566796302795,0.0
24.0,-0.3661850392818451,0.9348392486572266,0.0
24.0,-0.3705032467842102,0.9331362247467041,0.0
24.0,-0.37705346941947937,0.9369795322418213,0.0
24.0,-0.38213664293289185,0.9370781779289246,0.0
24.0,-0.38646501302719116,0.9353014230728149,0.0
24.0,-0.39232975244522095,0.9371944665908813,0.0
24.0,-0.3966585695743561,0.9353705644607544,0.0
24.0,-0.40176820755004883,0.9353642463684082,0.0
24.0,-0.4076840579509735,0.9371646642684937,0.0
24.0,-0.41201257705688477,0.9352697730064392,0.0
24.0,-0.41714704036712646,0.9351814985275269,0.0
24.0,-0.42146629095077515,0.9332428574562073,0.0
24.0,-0.4266080856323242,0.9331032037734985,0.0
24.0,-0.4309176206588745,0.9311208724975586,0.0
24.0,-0.4377630352973938,0.934552013874054,0.0
24.0,-0.44293591380119324,0.9343253374099731,0.0
24.0,-0.4472509026527405,0.9322674870491028,0.0
24.0,-0.45330315828323364,0.9337881207466125,0.0
24.0,-0.45761555433273315,0.9316823482513428,0.0
24.0,-0.46369826793670654,0.9331387877464294,0.0
24.0,-0.46800753474235535,0.9309849739074707,0.0
24.0,-0.4750264286994934,0.9341594576835632,0.0
24.0,-0.4811698794364929,0.9355103373527527,0.0
24.0,-0.48548996448516846,0.9332757592201233,0.0
24.0,-0.4916619658470154,0.9345611333847046,0.0
24.0,-0.4959775507450104,0.9322779774665833,0.0
24.0,-0.5021774768829346,0.9334975481033325,0.0
24.0,-1.1073026657104492,1.9701473712921143,0.0
24.0,-1.1163995265960693,1.9650068283081055,0.0
24.0,-1.1254725456237793,1.9598243236541748,0.0
24.0,-1.1345216035842896,1.9545998573303223,0.0
24.0,-1.1475942134857178,1.9562338590621948,0.0
24.0,-1.1566263437271118,1.9509072303771973,0.0
24.0,-1.1656336784362793,1.945538878440857,0.0
24.0,-1.1808311939239502,1.9503942728042603,0.0
24.0,-1.1898359060287476,1.9449139833450317,0.0
24.0,-1.203021764755249,1.9461971521377563,0.0
24.0,-1.2183634042739868,1.9507921934127808,0.0
24.0,-1.2273696660995483,1.9451384544372559,0.0
24.0,-1.2406500577926636,1.946189045906067,0.0
24.0,-1.2496347427368164,1.9404323101043701,0.0
24.0,-1.265136480331421,1.944692611694336,0.0
24.0,-1.2741140127182007,1.938822627067566,0.0
24.0,-1.2897008657455444,1.9429091215133667,0.0
24.0,-1.3053525686264038,1.9468926191329956,0.0
24.0,-1.3143398761749268,1.9408366680145264,0.0
24.0,-1.3300734758377075,1.9446439743041992,0.0
24.0,-1.3390501737594604,1.9384738206863403,0.0
24.0,-1.3548640012741089,1.9421039819717407,0.0
24.0,-1.3707399368286133,1.9456291198730469,0.0
24.0,-1.379720687866211,1.9392708539962769,0.0
24.0,-1.3956735134124756,1.942616581916809,0.0
24.0,-1.4046399593353271,1.936143159866333,0.0
24.0,-1.420668125152588,1.939308762550354,0.0
24.0,-1.4367551803588867,1.9423670768737793,0.0
24.0,-1.4457200765609741,1.9357037544250488,0.0
24.0,-1.4618792533874512,1.9385801553726196,0.0
24.0,-1.4708263874053955,1.9318006038665771,0.0
24.0,-1.4894933700561523,1.9376649856567383,0.0
24.0,-1.4984359741210938,1.930757761001587,0.0
24.0,-1.5147476196289062,1.9332553148269653,0.0
24.0,-1.5236696004867554,1.9262313842773438,0.0
24.0,-1.5325590372085571,1.9191663265228271,0.0
24.0,-1.5288634300231934,1.8964897394180298,0.0
24.0,-1.5376152992248535,1.8894009590148926,0.0
24.0,-1.5285601615905762,1.8606363534927368,0.0
24.0,-1.521825909614563,1.8350754976272583,0.0
24.0,-1.5302939414978027,1.8280199766159058,0.0
24.0,-1.5232385396957397,1.80259370803833,0.0
24.0,-1.531556248664856,1.7955318689346313,0.0
24.0,-1.5241819620132446,1.7702443599700928,0.0
24.0,-1.5166069269180298,1.7450637817382812,0.0
24.0,-1.5246587991714478,1.7380332946777344,0.0
24.0,-1.516767978668213,1.7129971981048584,0.0
24.0,-1.5246715545654297,1.7059663534164429,0.0
24.0,-1.5191460847854614,1.6840482950210571,0.0
24.0,-1.5269157886505127,1.677006721496582,0.0
24.0,-1.5184133052825928,1.6522581577301025,0.0
24.0,-1.5124350786209106,1.6305570602416992,0.0
24.0,-1.5199575424194336,1.623547077178955,0.0
24.0,-1.5137115716934204,1.6019654273986816,0.0
24.0,-1.5072987079620361,1.5804766416549683,0.0
24.0,-1.514589786529541,1.5734909772872925,0.0
24.0,-1.505124807357788,1.549257755279541,0.0
24.0,-1.512271523475647,1.5422824621200562,0.0
24.0,-1.5053175687789917,1.5210586786270142,0.0
24.0,-1.512333869934082,1.5140827894210815,0.0
24.0,-1.5079585313796997,1.4958065748214722,0.0
24.0,-1.500593900680542,1.4747997522354126,0.0
24.0,-1.5073963403701782,1.4678462743759155,0.0
24.0,-1.5026520490646362,1.4497520923614502,0.0
24.0,-1.5093387365341187,1.4427891969680786,0.0
24.0,-1.5014722347259521,1.422042727470398,0.0
24.0,-1.497821569442749,1.405505657196045,0.0
24.0,-1.5043036937713623,1.398565649986267,0.0
24.0,-1.4989855289459229,1.3807557821273804,0.0
24.0,-1.505353331565857,1.3738106489181519,0.0
24.0,-1.4998208284378052,1.3561054468154907,0.0
24.0,-1.494157075881958,1.338480830192566,0.0
24.0,-1.5003293752670288,1.3315584659576416,0.0
24.0,-1.4944539070129395,1.3140424489974976,0.0
24.0,-1.5005131959915161,1.3071190118789673,0.0
24.0,-1.4944275617599487,1.289713978767395,0.0
24.0,-1.4927737712860107,1.2762924432754517,0.0
24.0,-1.498658537864685,1.2693772315979004,0.0
24.0,-1.492254614830017,1.2521501779556274,0.0
24.0,-1.4980278015136719,1.2452374696731567,0.0
24.0,-1.4929616451263428,1.2293988466262817,0.0
24.0,-1.487781286239624,1.2136337757110596,0.0
24.0,-1.49337637424469,1.2067421674728394,0.0
24.0,-1.4895713329315186,1.1923259496688843,0.0
24.0,-1.4950679540634155,1.1854263544082642,0.0
24.0,-1.4926682710647583,1.172324776649475,0.0
24.0,-1.4980723857879639,1.165411114692688,0.0
24.0,-1.4923547506332397,1.1499273777008057,0.0
24.0,-1.4849364757537842,1.1333082914352417,0.0
24.0,-1.490160346031189,1.1264307498931885,0.0
24.0,-1.484145164489746,1.1111387014389038,0.0
24.0,-1.479627251625061,1.0971176624298096,0.0
24.0,-1.484683871269226,1.090265154838562,0.0
24.0,-1.4816211462020874,1.0775076150894165,0.0
24.0,-1.4865870475769043,1.070646047592163,0.0
24.0,-1.4817514419555664,1.0567936897277832,0.0
24.0,-1.4866214990615845,1.0499316453933716,0.0
24.0,-1.481626033782959,1.0361700057983398,0.0
24.0,-1.4798238277435303,1.024754285812378,0.0
24.0,-1.4845458269119263,1.0179016590118408,0.0
24.0,-1.4809625148773193,1.0054103136062622,0.0
24.0,-1.4855951070785522,0.9985525012016296,0.0
24.0,-1.480205774307251,0.9850252866744995,0.0
24.0,-1.476393461227417,0.9726697206497192,0.0
24.0,-1.4808746576309204,0.9658334255218506,0.0
24.0,-1.4769231081008911,0.9535523653030396,0.0
24.0,-1.4813159704208374,0.9467138051986694,0.0
24.0,-1.4755359888076782,0.9334396719932556,0.0
24.0,-1.4696651697158813,0.920239269733429,0.0
24.0,-1.473904013633728,0.913434624671936,0.0
24.0,-1.4712920188903809,0.9024276733398438,0.0
24.0,-1.475448489189148,0.8956156969070435,0.0
24.0,-1.4727157354354858,0.8846651315689087,0.0
24.0,-1.469913363456726,0.8737589716911316,0.0
24.0,-1.4739373922348022,0.8669536709785461,0.0
24.0,-1.4692870378494263,0.8550998568534851,0.0
24.0,-1.4732247591018677,0.848297655582428,0.0
24.0,-1.470179796218872,0.8375174403190613,0.0
24.0,-1.467066764831543,0.8267835974693298,0.0
24.0,-1.4708735942840576,0.819991946220398,0.0
24.0,-1.4676436185836792,0.8093196749687195,0.0
24.0,-1.4713696241378784,0.8025255799293518,0.0
24.0,-1.468023419380188,0.7919161319732666,0.0
24.0,-1.47166907787323,0.78512042760849,0.0
24.0,-1.4682074785232544,0.7745750546455383,0.0
24.0,-1.4646800756454468,0.7640785574913025,0.0
24.0,-1.4681971073150635,0.7572986483573914,0.0
24.0,-1.4645559787750244,0.7468681931495667,0.0
24.0,-1.4679933786392212,0.7400889992713928,0.0
24.0,-1.4660292863845825,0.7306177616119385,0.0
24.0,-1.460420846939087,0.7194129824638367,0.0
24.0,-1.4637314081192017,0.7126532196998596,0.0
24.0,-1.4616038799285889,0.7032766938209534,0.0
24.0,-1.4648396968841553,0.6965116262435913,0.0
24.0,-1.4626139402389526,0.6871802806854248,0.0
24.0,-1.4585189819335938,0.6770423650741577,0.0
24.0,-1.4616336822509766,0.6702918410301208,0.0
24.0,-1.4592516422271729,0.6610511541366577,0.0
24.0,-1.4622923135757446,0.654297411441803,0.0
24.0,-1.4598137140274048,0.6451044678688049,0.0
24.0,-1.4554485082626343,0.6351486444473267,0.0
24.0,-1.458369493484497,0.6284127235412598,0.0
24.0,-1.4557381868362427,0.6193145513534546,0.0
24.0,-1.4585858583450317,0.6125775575637817,0.0
24.0,-1.4558597803115845,0.603529691696167,0.0
24.0,-1.453081488609314,0.5945202112197876,0.0
24.0,-1.4558147192001343,0.5877957344055176,0.0
24.0,-1.4548007249832153,0.5795782804489136,0.0
24.0,-1.4574646949768066,0.572845995426178,0.0
24.0,-1.4545032978057861,0.563932478427887,0.0
24.0,-1.4570950269699097,0.5572017431259155,0.0
24.0,-1.4540417194366455,0.5483419299125671,0.0
24.0,-1.4528120756149292,0.5402193665504456,0.0
24.0,-1.455294132232666,0.5334967374801636,0.0
24.0,-1.4521023035049438,0.5247235894203186,0.0
24.0,-1.4545128345489502,0.5180043578147888,0.0
24.0,-1.4512306451797485,0.5092872381210327,0.0
24.0,-1.4497894048690796,0.5012651681900024,0.0
24.0,-1.4520914554595947,0.49455690383911133,0.0
24.0,-1.448673963546753,0.485929936170578,0.0
24.0,-1.4509050846099854,0.4792269766330719,0.0
24.0,-1.4493013620376587,0.4712768495082855,0.0
24.0,-1.4457502365112305,0.4627421200275421,0.0
24.0,-1.4478741884231567,0.4560529291629791,0.0
24.0,-1.4461466073989868,0.4481699466705322,0.0
24.0,-1.448203206062317,0.4414790868759155,0.0
24.0,-1.4463971853256226,0.4336300790309906,0.0
24.0,-1.4445499181747437,0.42580726742744446,0.0
24.0,-1.4465030431747437,0.4191240072250366,0.0
24.0,-1.4426547288894653,0.4107886552810669,0.0
24.0,-1.4445385932922363,0.40411433577537537,0.0
24.0,-1.4425344467163086,0.3963715732097626,0.0
24.0,-1.440489649772644,0.38865596055984497,0.0
24.0,-1.4422712326049805,0.3819918930530548,0.0
24.0,-1.440150499343872,0.37431344389915466,0.0
24.0,-1.4418656826019287,0.367651104927063,0.0
24.0,-1.4416097402572632,0.3604956567287445,0.0
24.0,-1.4432610273361206,0.35382673144340515,0.0
24.0,-1.4409922361373901,0.34621575474739075,0.0
24.0,-1.4406307935714722,0.33909159898757935,0.0
24.0,-1.4421831369400024,0.33242738246917725,0.0
24.0,-1.439802646636963,0.3248756527900696,0.0
24.0,-1.4412893056869507,0.31821542978286743,0.0
24.0,-1.4388352632522583,0.3107041120529175,0.0
24.0,-1.436342716217041,0.30322232842445374,0.0
24.0,-1.4377292394638062,0.2965783476829529,0.0
24.0,-1.4351638555526733,0.28913798928260803,0.0
24.0,-1.4364852905273438,0.28249961137771606,0.0
24.0,-1.4358118772506714,0.275478333234787,0.0
24.0,-1.435104250907898,0.26846933364868164,0.0
24.0,-1.4363301992416382,0.26183146238327026,0.0
24.0,-1.4355560541152954,0.25483837723731995,0.0
24.0,-1.4367189407348633,0.24819853901863098,0.0
24.0,-1.4339064359664917,0.2408907115459442,0.0
24.0,-1.4350048303604126,0.23425865173339844,0.0
24.0,-1.4340972900390625,0.2273084968328476,0.0
24.0,-1.433156132698059,0.22037173807621002,0.0
24.0,-1.4341596364974976,0.21374337375164032,0.0
24.0,-1.4311734437942505,0.2065390944480896,0.0
24.0,-1.4301323890686035,0.19964352250099182,0.0
24.0,-1.4310400485992432,0.19302935898303986,0.0
24.0,-1.429934024810791,0.1861528754234314,0.0
24.0,-1.4307793378829956,0.1795397698879242,0.0
24.0,-1.4296085834503174,0.172682985663414,0.0
24.0,-1.4303916692733765,0.16607153415679932,0.0
24.0,-1.4291564226150513,0.15923504531383514,0.0
24.0,-1.4278886318206787,0.15241354703903198,0.0
24.0,-1.4285781383514404,0.14581026136875153,0.0
24.0,-1.4292370080947876,0.13920384645462036,0.0
24.0,-1.4298652410507202,0.13259446620941162,0.0
24.0,-1.4284707307815552,0.1258067935705185,0.0
24.0,-1.4270440340042114,0.11903484910726547,0.0
24.0,-1.4275791645050049,0.11243581771850586,0.0
24.0,-1.4260891675949097,0.10568656772375107,0.0
24.0,-1.4265625476837158,0.09909209609031677,0.0
24.0,-1.427005410194397,0.09249550849199295,0.0
24.0,-1.4254214763641357,0.08577680587768555,0.0
24.0,-1.4258028268814087,0.07918563485145569,0.0
24.0,-1.4241563081741333,0.0724911019206047,0.0
24.0,-1.424476146697998,0.06590592116117477,0.0
24.0,-1.424765706062317,0.05931933596730232,0.0
24.0,-1.4250247478485107,0.0527314767241478,0.0
24.0,-1.423254370689392,0.04607778042554855,0.0
24.0,-1.4234521389007568,0.039497051388025284,0.0
24.0,-1.4236195087432861,0.03291548043489456,0.0
24.0,-1.42375648021698,0.02633320540189743,0.0
24.0,-1.4238630533218384,0.01975036785006523,0.0
24.0,-1.4219392538070679,0.013148615136742592,0.0
24.0,-1.4219849109649658,0.006574319209903479,0.0
24.0,-1.4220000505447388,-1.1636915075996512e-07,0.0
25.0,-1.4199999570846558,1.2414034245011862e-07,0.0
25.0,-1.4199848175048828,-0.006565064657479525,0.0
25.0,-1.4199392795562744,-0.013130112551152706,0.0
25.0,-1.4198633432388306,-0.01969487965106964,0.0
25.0,-1.4197571277618408,-0.026259226724505424,0.0
25.0,-1.4216201305389404,-0.03286924585700035,0.0
25.0,-1.4214529991149902,-0.03944157063961029,0.0
25.0,-1.4292510747909546,-0.0462719164788723,0.0
25.0,-1.429021954536438,-0.05287938192486763,0.0
25.0,-1.426763892173767,-0.05940252169966698,0.0
25.0,-1.420480489730835,-0.0657210499048233,0.0
25.0,-1.420161485671997,-0.07228775322437286,0.0
25.0,-1.4198120832443237,-0.07885292172431946,0.0
25.0,-1.4194324016571045,-0.08541639894247055,0.0
25.0,-1.4190223217010498,-0.0919780507683754,0.0
25.0,-1.4185818433761597,-0.09853773564100266,0.0
25.0,-1.4181110858917236,-0.10509531199932098,0.0
25.0,-1.4176100492477417,-0.11165064573287964,0.0
25.0,-1.4170787334442139,-0.11820358783006668,0.0
25.0,-1.4185093641281128,-0.12492947280406952,0.0
25.0,-1.4179165363311768,-0.1314864307641983,0.0
25.0,-1.4172935485839844,-0.13804058730602264,0.0
25.0,-1.4166401624679565,-0.1445917785167694,0.0
25.0,-1.4159564971923828,-0.15113988518714905,0.0
25.0,-1.4152425527572632,-0.15768477320671082,0.0
25.0,-1.4144984483718872,-0.16422627866268158,0.0
25.0,-1.417695164680481,-0.17124395072460175,0.0
25.0,-1.4168882369995117,-0.1777966469526291,0.0
25.0,-1.4160510301589966,-0.184345543384552,0.0
25.0,-1.415183663368225,-0.19089050590991974,0.0
25.0,-1.416266679763794,-0.1977079063653946,0.0
25.0,-1.4153375625610352,-0.20425371825695038,0.0
25.0,-1.414378046989441,-0.21079516410827637,0.0
25.0,-1.4133883714675903,-0.21733210980892181,0.0
25.0,-1.4123684167861938,-0.22386440634727478,0.0
25.0,-1.4152661561965942,-0.23103637993335724,0.0
25.0,-1.4141827821731567,-0.23757721483707428,0.0
25.0,-1.4130693674087524,-0.24411296844482422,0.0
25.0,-1.413894772529602,-0.2509930729866028,0.0
25.0,-1.4127192497253418,-0.25752735137939453,0.0
25.0,-1.4134793281555176,-0.2644239068031311,0.0
25.0,-1.4122416973114014,-0.2709560990333557,0.0
25.0,-1.4109739065170288,-0.2774825394153595,0.0
25.0,-1.4116365909576416,-0.28439804911613464,0.0
25.0,-1.410306692123413,-0.29092150926589966,0.0
25.0,-1.4109033346176147,-0.29785189032554626,0.0
25.0,-1.4095112085342407,-0.30437183380126953,0.0
25.0,-1.4100419282913208,-0.31131646037101746,0.0
25.0,-1.4105384349822998,-0.31827250123023987,0.0
25.0,-1.409051775932312,-0.3247905373573303,0.0
25.0,-1.4114288091659546,-0.33221811056137085,0.0
25.0,-1.4098777770996094,-0.33874011039733887,0.0
25.0,-1.4102389812469482,-0.34573110938072205,0.0
25.0,-1.4086254835128784,-0.3522474765777588,0.0
25.0,-1.4089198112487793,-0.3592504560947418,0.0
25.0,-1.409179449081421,-0.36626365780830383,0.0
25.0,-1.4074710607528687,-0.3727749288082123,0.0
25.0,-1.4076634645462036,-0.3797991871833801,0.0
25.0,-1.4058924913406372,-0.38630327582359314,0.0
25.0,-1.406017541885376,-0.3933379352092743,0.0
25.0,-1.4061075448989868,-0.40038201212882996,0.0
25.0,-1.4042413234710693,-0.40687867999076843,0.0
25.0,-1.4061819314956665,-0.41449761390686035,0.0
25.0,-1.4042505025863647,-0.42099449038505554,0.0
25.0,-1.4061152935028076,-0.42864876985549927,0.0
25.0,-1.4079391956329346,-0.4363292455673218,0.0
25.0,-1.4059067964553833,-0.4428339898586273,0.0
25.0,-1.407654047012329,-0.4505486488342285,0.0
25.0,-1.4055559635162354,-0.45705196261405945,0.0
25.0,-1.4053269624710083,-0.46417272090911865,0.0
25.0,-1.4031658172607422,-0.4706651270389557,0.0
25.0,-1.4028680324554443,-0.47779223322868347,0.0
25.0,-1.4063146114349365,-0.48623374104499817,0.0
25.0,-1.4040515422821045,-0.4927304685115814,0.0
25.0,-1.4036425352096558,-0.499887615442276,0.0
25.0,-1.4013164043426514,-0.5063718557357788,0.0
25.0,-1.402715802192688,-0.5142219662666321,0.0
25.0,-1.404072642326355,-0.5220959186553955,0.0
25.0,-1.4016437530517578,-0.5285818576812744,0.0
25.0,-1.4029210805892944,-0.5364852547645569,0.0
25.0,-1.400425672531128,-0.5429657697677612,0.0
25.0,-1.401623249053955,-0.5508978962898254,0.0
25.0,-1.3990612030029297,-0.5573722124099731,0.0
25.0,-1.4001784324645996,-0.5653321743011475,0.0
25.0,-1.4031028747558594,-0.5740717649459839,0.0
25.0,-1.4004337787628174,-0.5805526971817017,0.0
25.0,-1.4014226198196411,-0.5885700583457947,0.0
25.0,-1.398686408996582,-0.5950430631637573,0.0
25.0,-1.3995939493179321,-0.6030862927436829,0.0
25.0,-1.4004566669464111,-0.6111505031585693,0.0
25.0,-1.3976161479949951,-0.6176188588142395,0.0
25.0,-1.4002225399017334,-0.6265245079994202,0.0
25.0,-1.3973109722137451,-0.6329915523529053,0.0
25.0,-1.3998231887817383,-0.6419461369514465,0.0
25.0,-1.3968403339385986,-0.6484111547470093,0.0
25.0,-1.397447943687439,-0.6565633416175842,0.0
25.0,-1.3998160362243652,-0.665593683719635,0.0
25.0,-1.396723747253418,-0.6720584630966187,0.0
25.0,-1.3989962339401245,-0.681135356426239,0.0
25.0,-1.3958321809768677,-0.6875961422920227,0.0
25.0,-1.3980083465576172,-0.6967185139656067,0.0
25.0,-1.400129795074463,-0.7058756351470947,0.0
25.0,-1.3968513011932373,-0.7123413681983948,0.0
25.0,-1.3970979452133179,-0.720625638961792,0.0
25.0,-1.3937513828277588,-0.7270772457122803,0.0
25.0,-1.395681619644165,-0.7363129258155823,0.0
25.0,-1.3922624588012695,-0.7427577972412109,0.0
25.0,-1.3958543539047241,-0.7529850006103516,0.0
25.0,-1.3976255655288696,-0.7623035311698914,0.0
25.0,-1.394086241722107,-0.7687571048736572,0.0
25.0,-1.395757794380188,-0.7781158685684204,0.0
25.0,-1.3921453952789307,-0.7845606803894043,0.0
25.0,-1.3937164545059204,-0.7939585447311401,0.0
25.0,-1.3952305316925049,-0.8033877611160278,0.0
25.0,-1.3915011882781982,-0.809829831123352,0.0
25.0,-1.3946378231048584,-0.8203105330467224,0.0
25.0,-1.3908302783966064,-0.8267497420310974,0.0
25.0,-1.3938509225845337,-0.8372907042503357,0.0
25.0,-1.3899649381637573,-0.8437260985374451,0.0
25.0,-1.39116370677948,-0.8532804250717163,0.0
25.0,-1.3940038681030273,-0.8639174103736877,0.0
25.0,-1.389994740486145,-0.8703531622886658,0.0
25.0,-1.391026496887207,-0.8799780607223511,0.0
25.0,-1.3869432210922241,-0.8863998651504517,0.0
25.0,-1.3895511627197266,-0.8971419930458069,0.0
25.0,-1.3853884935379028,-0.9035568237304688,0.0
25.0,-1.3895467519760132,-0.9154538512229919,0.0
25.0,-1.391959547996521,-0.9263005256652832,0.0
25.0,-1.3876620531082153,-0.9327262043952942,0.0
25.0,-1.38995361328125,-0.943625271320343,0.0
25.0,-1.3855760097503662,-0.9500414729118347,0.0
25.0,-1.3877458572387695,-0.9609918594360352,0.0
25.0,-1.3914828300476074,-0.9731286764144897,0.0
25.0,-1.3869688510894775,-0.9795516133308411,0.0
25.0,-1.3873101472854614,-0.9894375801086426,0.0
25.0,-1.382720708847046,-0.9958410263061523,0.0
25.0,-1.3861892223358154,-1.0081048011779785,0.0
25.0,-1.3944098949432373,-1.0239732265472412,0.0
25.0,-1.3896608352661133,-1.0304090976715088,0.0
25.0,-1.3848819732666016,-1.036823034286499,0.0
25.0,-1.3800735473632812,-1.0432147979736328,0.0
25.0,-1.3561571836471558,-1.0350234508514404,0.0
25.0,-1.351357340812683,-1.0412824153900146,0.0
25.0,-1.3323215246200562,-1.0364667177200317,0.0
25.0,-1.3149322271347046,-1.0327329635620117,0.0
25.0,-1.3101434707641602,-1.0388013124465942,0.0
25.0,-1.2928354740142822,-1.034848928451538,0.0
25.0,-1.2880371809005737,-1.0408151149749756,0.0
25.0,-1.270813226699829,-1.036645531654358,0.0
25.0,-1.252111554145813,-1.0310676097869873,0.0
25.0,-1.247331142425537,-1.0368455648422241,0.0
25.0,-1.2302674055099487,-1.03231680393219,0.0
25.0,-1.2254815101623535,-1.0379937887191772,0.0
25.0,-1.2100284099578857,-1.0345507860183716,0.0
25.0,-1.1946336030960083,-1.0309871435165405,0.0
25.0,-1.1898541450500488,-1.0364993810653687,0.0
25.0,-1.1745356321334839,-1.0327448844909668,0.0
25.0,-1.169748306274414,-1.0381642580032349,0.0
25.0,-1.1530184745788574,-1.0328854322433472,0.0
25.0,-1.1393296718597412,-1.030157208442688,0.0
25.0,-1.1345547437667847,-1.0354137420654297,0.0
25.0,-1.1209293603897095,-1.0325180292129517,0.0
25.0,-1.1161435842514038,-1.0376895666122437,0.0
25.0,-1.102583408355713,-1.0346274375915527,0.0
25.0,-1.0876234769821167,-1.0300869941711426,0.0
25.0,-1.082849383354187,-1.035104513168335,0.0
25.0,-1.0679768323898315,-1.030379295349121,0.0
25.0,-1.0632015466690063,-1.0353058576583862,0.0
25.0,-1.0498450994491577,-1.031799077987671,0.0
25.0,-1.0365439653396606,-1.0281909704208374,0.0
25.0,-1.031779170036316,-1.0329723358154297,0.0
25.0,-1.018551230430603,-1.0292022228240967,0.0
25.0,-1.013782024383545,-1.0339003801345825,0.0
25.0,-1.0020228624343872,-1.03140389919281,0.0
25.0,-0.9903087019920349,-1.0288209915161133,0.0
25.0,-0.9855414628982544,-1.033388614654541,0.0
25.0,-0.973885178565979,-1.030665636062622,0.0
25.0,-0.9691095948219299,-1.0351572036743164,0.0
25.0,-0.9575128555297852,-1.0322951078414917,0.0
25.0,-0.9459633827209473,-1.0293480157852173,0.0
25.0,-0.9411942362785339,-1.0337104797363281,0.0
25.0,-0.9283671379089355,-1.0291407108306885,0.0
25.0,-0.923599123954773,-1.0334218740463257,0.0
25.0,-0.9135079383850098,-1.0316914319992065,0.0
25.0,-0.9008148908615112,-1.0268830060958862,0.0
25.0,-0.8960575461387634,-1.0310368537902832,0.0
25.0,-0.884756326675415,-1.0275903940200806,0.0
25.0,-0.8799959421157837,-1.0316699743270874,0.0
25.0,-0.870053231716156,-1.029617190361023,0.0
25.0,-0.8601484298706055,-1.0274944305419922,0.0
25.0,-0.8553887605667114,-1.031460165977478,0.0
25.0,-0.8455324769020081,-1.0292224884033203,0.0
25.0,-0.8407649993896484,-1.0331206321716309,0.0
25.0,-0.8309586048126221,-1.0307685136795044,0.0
25.0,-0.8211920261383057,-1.0283479690551758,0.0
25.0,-0.8164287805557251,-1.03213369846344,0.0
25.0,-0.8054805994033813,-1.02802574634552,0.0
25.0,-0.8007190823554993,-1.0317387580871582,0.0
25.0,-0.7910647988319397,-1.0290871858596802,0.0
25.0,-0.7862984538078308,-1.0327335596084595,0.0
25.0,-0.7766985893249512,-1.0299705266952515,0.0
25.0,-0.7683380842208862,-1.0287432670593262,0.0
25.0,-0.7635735869407654,-1.0322846174240112,0.0
25.0,-0.7552469968795776,-1.030963659286499,0.0
25.0,-0.7457746267318726,-1.0279690027236938,0.0
25.0,-0.7410139441490173,-1.0314059257507324,0.0
25.0,-0.731599748134613,-1.0283023118972778,0.0
25.0,-0.726837694644928,-1.031673789024353,0.0
25.0,-0.71748286485672,-1.0284620523452759,0.0
25.0,-0.7127202153205872,-1.0317683219909668,0.0
25.0,-0.704555094242096,-1.0301001071929932,0.0
25.0,-0.6952992081642151,-1.0267224311828613,0.0
25.0,-0.6905449032783508,-1.029926061630249,0.0
25.0,-0.6813514232635498,-1.026442527770996,0.0
25.0,-0.6765984892845154,-1.0295816659927368,0.0
25.0,-0.668559193611145,-1.0276694297790527,0.0
25.0,-0.6605521440505981,-1.025705099105835,0.0
25.0,-0.6558029055595398,-1.0287480354309082,0.0
25.0,-0.64783775806427,-1.0266947746276855,0.0
25.0,-0.6430840492248535,-1.0296790599822998,0.0
25.0,-0.6351617574691772,-1.0275375843048096,0.0
25.0,-0.6272732019424438,-1.025344967842102,0.0
25.0,-0.6225259304046631,-1.0282341241836548,0.0
25.0,-0.6157095432281494,-1.0276700258255005,0.0
25.0,-0.6109516620635986,-1.030505657196045,0.0
25.0,-0.6031447649002075,-1.028144121170044,0.0
25.0,-0.5953727960586548,-1.0257325172424316,0.0
25.0,-0.5906240940093994,-1.02847421169281,0.0
25.0,-0.5838868618011475,-1.027716040611267,0.0
25.0,-0.5791290998458862,-1.0304045677185059,0.0
25.0,-0.5714434385299683,-1.0278270244598389,0.0
25.0,-0.5637940168380737,-1.025200605392456,0.0
25.0,-0.5590481162071228,-1.0277962684631348,0.0
25.0,-0.5523952841758728,-1.0268473625183105,0.0
25.0,-0.5476418733596802,-1.0293903350830078,0.0
25.0,-0.5400832295417786,-1.0266011953353882,0.0
25.0,-0.5334851741790771,-1.025538682937622,0.0
25.0,-0.5287380218505859,-1.0279942750930786,0.0
25.0,-0.5212599039077759,-1.0250794887542725,0.0
25.0,-0.5165150165557861,-1.027478575706482,0.0
25.0,-0.5099790692329407,-1.0262736082077026,0.0
25.0,-0.5025835633277893,-1.0232349634170532,0.0
25.0,-0.49784740805625916,-1.0255476236343384,0.0
25.0,-0.49137043952941895,-1.024232029914856,0.0
25.0,-0.48662978410720825,-1.0264928340911865,0.0
25.0,-0.4793335795402527,-1.0232982635498047,0.0
25.0,-0.47459736466407776,-1.025503396987915,0.0
25.0,-0.4681878387928009,-1.024048924446106,0.0
25.0,-0.4618018865585327,-1.022557020187378,0.0
25.0,-0.4570693075656891,-1.0246812105178833,0.0
25.0,-0.4507143795490265,-1.023123025894165,0.0
25.0,-0.4459792673587799,-1.025195837020874,0.0
25.0,-0.44044533371925354,-1.02540922164917,0.0
25.0,-0.43413808941841125,-1.023751974105835,0.0
25.0,-0.4294002652168274,-1.0257482528686523,0.0
25.0,-0.4231257736682892,-1.0240256786346436,0.0
25.0,-0.4183867871761322,-1.0259710550308228,0.0
25.0,-0.41214555501937866,-1.0241835117340088,0.0
25.0,-0.40592989325523376,-1.0223604440689087,0.0
25.0,-0.4011988043785095,-1.0242263078689575,0.0
25.0,-0.3942966163158417,-1.0204734802246094,0.0
25.0,-0.3895743787288666,-1.0222855806350708,0.0
25.0,-0.3841402530670166,-1.0222036838531494,0.0
25.0,-0.38079988956451416,-1.027719497680664,0.0
25.0,-0.37604427337646484,-1.0294691324234009,0.0
25.0,-0.37128064036369324,-1.0311967134475708,0.0
25.0,-0.3665090799331665,-1.0329022407531738,0.0
25.0,-0.3604094982147217,-1.0308098793029785,0.0
25.0,-0.3543371260166168,-1.0286833047866821,0.0
25.0,-0.3495773673057556,-1.0303105115890503,0.0
25.0,-0.3441762328147888,-1.0300188064575195,0.0
25.0,-0.3394103944301605,-1.0315990447998047,0.0
25.0,-0.3334047794342041,-1.029351830482483,0.0
25.0,-0.3286421298980713,-1.0308823585510254,0.0
25.0,-0.32327380776405334,-1.030482530593872,0.0
25.0,-0.31791621446609497,-1.0300549268722534,0.0
25.0,-0.3131504952907562,-1.0315138101577759,0.0
25.0,-0.3072338104248047,-1.0291178226470947,0.0
25.0,-0.3024725317955017,-1.0305272340774536,0.0
25.0,-0.2971504032611847,-1.0299930572509766,0.0
25.0,-0.29183971881866455,-1.029431700706482,0.0
25.0,-0.2870771586894989,-1.0307700634002686,0.0
25.0,-0.28125306963920593,-1.0282279253005981,0.0
25.0,-0.27649617195129395,-1.0295172929763794,0.0
25.0,-0.270713746547699,-1.0269168615341187,0.0
25.0,-0.26596304774284363,-1.0281574726104736,0.0
25.0,-0.26120665669441223,-1.0293761491775513,0.0
25.0,-0.25596168637275696,-1.0286318063735962,0.0
25.0,-0.2512032091617584,-1.0298042297363281,0.0
25.0,-0.24597439169883728,-1.029009461402893,0.0
25.0,-0.2407582849264145,-1.0281884670257568,0.0
25.0,-0.23600201308727264,-1.0292905569076538,0.0
25.0,-0.2308027595281601,-1.0284192562103271,0.0
25.0,-0.22604551911354065,-1.0294753313064575,0.0
25.0,-0.22086356580257416,-1.028554081916809,0.0
25.0,-0.21610581874847412,-1.0295641422271729,0.0
25.0,-0.2109416425228119,-1.0285929441452026,0.0
25.0,-0.20579108595848083,-1.0275962352752686,0.0
25.0,-0.2010379284620285,-1.0285366773605347,0.0
25.0,-0.19628047943115234,-1.0294551849365234,0.0
25.0,-0.19151882827281952,-1.0303516387939453,0.0
25.0,-0.18639668822288513,-1.029258131980896,0.0
25.0,-0.18094146251678467,-1.026169776916504,0.0
25.0,-0.1761951595544815,-1.026995301246643,0.0
25.0,-0.17078694701194763,-1.0238534212112427,0.0
25.0,-0.1660514622926712,-1.0246320962905884,0.0
25.0,-0.16131243109703064,-1.0253888368606567,0.0
25.0,-0.15626828372478485,-1.024146556854248,0.0
25.0,-0.15153160691261292,-1.0248581171035767,0.0
25.0,-0.14650830626487732,-1.0235679149627686,0.0
25.0,-0.14177440106868744,-1.024234414100647,0.0
25.0,-0.13677239418029785,-1.0228965282440186,0.0
25.0,-0.13204170763492584,-1.0235178470611572,0.0
25.0,-0.127308189868927,-1.0241174697875977,0.0
25.0,-0.12233441323041916,-1.0227092504501343,0.0
25.0,-0.11760473996400833,-1.023263931274414,0.0
25.0,-0.11265338212251663,-1.0218087434768677,0.0
25.0,-0.10792797803878784,-1.022318720817566,0.0
25.0,-0.103200264275074,-1.0228067636489868,0.0
25.0,-0.09847034513950348,-1.02327299118042,0.0
25.0,-0.09373831748962402,-1.0237172842025757,0.0
25.0,-0.08900429308414459,-1.0241397619247437,0.0
25.0,-0.08426836133003235,-1.0245403051376343,0.0
25.0,-0.07953062653541565,-1.0249189138412476,0.0
25.0,-0.07464569061994553,-1.0232809782028198,0.0
25.0,-0.06991388648748398,-1.0236152410507202,0.0
25.0,-0.06518058478832245,-1.0239274501800537,0.0
25.0,-0.060445886105298996,-1.024217963218689,0.0
25.0,-0.055709902197122574,-1.0244864225387573,0.0
25.0,-0.050972722470760345,-1.024733066558838,0.0
25.0,-0.046144332736730576,-1.02295982837677,0.0
25.0,-0.04141431301832199,-1.0231622457504272,0.0
25.0,-0.03668341040611267,-1.0233427286148071,0.0
25.0,-0.031951725482940674,-1.0235013961791992,0.0
25.0,-0.02716618962585926,-1.0216388702392578,0.0
25.0,-0.02244248241186142,-1.0217535495758057,0.0
25.0,-0.017718294635415077,-1.0218462944030762,0.0
25.0,-0.012993729673326015,-1.0219173431396484,0.0
25.0,-0.008268886245787144,-1.0219664573669434,0.0
25.0,-0.0035438663326203823,-1.0219937562942505,0.0
25.0,0.0011812294833362103,-1.0219992399215698,0.0
25.0,0.005906300153583288,-1.0219829082489014,0.0
25.0,0.010631244629621506,-1.0219446420669556,0.0
25.0,0.01535596139729023,-1.021884560585022,0.0
25.0,0.02008035033941269,-1.0218026638031006,0.0
25.0,0.024804310873150826,-1.0216989517211914,0.0
25.0,0.029527738690376282,-1.0215733051300049,0.0
25.0,0.03425053879618645,-1.0214258432388306,0.0
25.0,0.038972605019807816,-1.0212565660476685,0.0
25.0,0.04369383677840233,-1.0210654735565186,0.0
25.0,0.048414137214422226,-1.0208525657653809,0.0
25.0,0.05313339829444885,-1.0206178426742554,0.0
25.0,0.05785152688622475,-1.020361304283142,0.0
25.0,0.062690868973732,-1.0220792293548584,0.0
25.0,0.06741565465927124,-1.0217784643173218,0.0
25.0,0.07213899493217468,-1.0214558839797974,0.0
25.0,0.07686079293489456,-1.0211113691329956,0.0
25.0,0.08142160624265671,-1.0187513828277588,0.0
25.0,0.0862993597984314,-1.0203570127487183,0.0
25.0,0.09101593494415283,-1.0199471712112427,0.0
25.0,0.09573055803775787,-1.0195153951644897,0.0
25.0,0.10044313222169876,-1.0190619230270386,0.0
25.0,0.10515356063842773,-1.0185866355895996,0.0
25.0,0.11007631570100784,-1.0200780630111694,0.0
25.0,0.11479133367538452,-1.0195581912994385,0.0
25.0,0.11950390785932541,-1.0190166234970093,0.0
25.0,0.12421392649412155,-1.0184532403945923,0.0
25.0,0.12866997718811035,-1.0158839225769043,0.0
25.0,0.13336540758609772,-1.0152782201766968,0.0
25.0,0.13832764327526093,-1.0166324377059937,0.0
25.0,0.1430264264345169,-1.0159820318222046,0.0
25.0,0.14772216975688934,-1.0153099298477173,0.0
25.0,0.1524147391319275,-1.0146161317825317,0.0
25.0,0.15710406005382538,-1.0139005184173584,0.0
25.0,0.16210539638996124,-1.0151383876800537,0.0
25.0,0.16679702699184418,-1.0143779516220093,0.0
25.0,0.17181871831417084,-1.0155678987503052,0.0
25.0,0.1768549680709839,-1.0167330503463745,0.0
25.0,0.18155381083488464,-1.0159045457839966,0.0
25.0,0.186248779296875,-1.0150543451309204,0.0
25.0,0.1909397542476654,-1.0141823291778564,0.0
25.0,0.1956266611814499,-1.0132887363433838,0.0
25.0,0.20108579099178314,-1.016297459602356,0.0
25.0,0.20578236877918243,-1.0153568983078003,0.0
25.0,0.21047453582286835,-1.0143946409225464,0.0
25.0,0.2151622176170349,-1.0134106874465942,0.0
25.0,0.22026969492435455,-1.014359474182129,0.0
25.0,0.22495709359645844,-1.013330340385437,0.0
25.0,0.23052464425563812,-1.016180396080017,0.0
25.0,0.23567183315753937,-1.0170520544052124,0.0
25.0,0.24037152528762817,-1.0159515142440796,0.0
25.0,0.24553555250167847,-1.0167734622955322,0.0
25.0,0.25023385882377625,-1.015627384185791,0.0
25.0,0.255414217710495,-1.0163992643356323,0.0
25.0,0.2606070637702942,-1.0171449184417725,0.0
25.0,0.26530691981315613,-1.0159292221069336,0.0
25.0,0.27051541209220886,-1.0166245698928833,0.0
25.0,0.27521276473999023,-1.0153629779815674,0.0
25.0,0.28043636679649353,-1.016007661819458,0.0
25.0,0.28567177057266235,-1.0166256427764893,0.0
25.0,0.2903689742088318,-1.0152939558029175,0.0
25.0,0.2950599491596222,-1.013940691947937,0.0
25.0,0.2997446060180664,-1.0125656127929688,0.0
25.0,0.304999440908432,-1.013084053993225,0.0
25.0,0.3108508586883545,-1.0154880285263062,0.0
25.0,0.3155425190925598,-1.0140399932861328,0.0
25.0,0.3202274441719055,-1.0125702619552612,0.0
25.0,0.32490551471710205,-1.0110788345336914,0.0
25.0,0.330197274684906,-1.0114670991897583,0.0
25.0,0.3348701596260071,-1.0099296569824219,0.0
25.0,0.3414505422115326,-1.0140570402145386,0.0
25.0,0.3461352586746216,-1.0124675035476685,0.0
25.0,0.35212400555610657,-1.0146352052688599,0.0
25.0,0.35747572779655457,-1.0148828029632568,0.0
25.0,0.36216408014297485,-1.0132192373275757,0.0
25.0,0.3675265610218048,-1.0134141445159912,0.0
25.0,0.37220802903175354,-1.0117040872573853,0.0
25.0,0.37758079171180725,-1.0118463039398193,0.0
25.0,0.38296276330947876,-1.0119602680206299,0.0
25.0,0.38763734698295593,-1.010178804397583,0.0
25.0,0.39302876591682434,-1.0102397203445435,0.0
25.0,0.39769527316093445,-1.0084118843078613,0.0
25.0,0.40458035469055176,-1.0121338367462158,0.0
25.0,0.4107573330402374,-1.0139597654342651,0.0
25.0,0.4154408574104309,-1.0120497941970825,0.0
25.0,0.42165160179138184,-1.0138115882873535,0.0
25.0,0.42633432149887085,-1.0118513107299805,0.0
25.0,0.4317930042743683,-1.0117088556289673,0.0
25.0,0.43646588921546936,-1.0097017288208008,0.0
25.0,0.4427335262298584,-1.011337161064148,0.0
25.0,0.4498361647129059,-1.0147647857666016,0.0
25.0,0.4545229971408844,-1.01267409324646,0.0
25.0,0.4608548581600189,-1.0142035484313965,0.0
25.0,0.46553897857666016,-1.0120619535446167,0.0
25.0,0.471901535987854,-1.0135250091552734,0.0
25.0,0.476582407951355,-1.011332392692566,0.0
25.0,0.4829748868942261,-1.0127285718917847,0.0
25.0,0.48939049243927,-1.0140873193740845,0.0
25.0,0.494073748588562,-1.0118138790130615,0.0
25.0,0.5005182027816772,-1.0131049156188965,0.0
25.0,0.5051968097686768,-1.0107799768447876,0.0
25.0,0.511669397354126,-1.0120030641555786,0.0
25.0,0.5181641578674316,-1.0131880044937134,0.0
25.0,0.5228429436683655,-1.0107815265655518,0.0
25.0,0.5293647646903992,-1.0118976831436157,0.0
25.0,0.5340374708175659,-1.0094393491744995,0.0
25.0,0.5396422743797302,-1.0087231397628784,0.0
25.0,0.5471548438072205,-1.0114946365356445,0.0
25.0,0.5518255233764648,-1.0089541673660278,0.0
25.0,0.5593878030776978,-1.0116428136825562,0.0
25.0,0.5640590786933899,-1.0090458393096924,0.0
25.0,0.5716699957847595,-1.011650800704956,0.0
25.0,0.5763411521911621,-1.0089969635009766,0.0
25.0,0.5829999446868896,-1.0097856521606445,0.0
25.0,0.5896783471107483,-1.0105341672897339,0.0
25.0,0.5943440794944763,-1.007797122001648,0.0
25.0,0.6010450720787048,-1.008474588394165,0.0
25.0,0.605701208114624,-1.0056848526000977,0.0
25.0,0.6124238967895508,-1.0062906742095947,0.0
25.0,0.6170697808265686,-1.003448486328125,0.0
25.0,0.6248691082000732,-1.0056811571121216,0.0
25.0,0.6337655186653137,-1.0095570087432861,0.0
25.0,0.6384263038635254,-1.0066161155700684,0.0
25.0,0.6463103294372559,-1.008705496788025,0.0
25.0,0.6509670615196228,-1.005706548690796,0.0
25.0,0.6577989459037781,-1.0060341358184814,0.0
25.0,0.6646475791931152,-1.0063197612762451,0.0
25.0,0.6692931056022644,-1.0032360553741455,0.0
25.0,0.6783947348594666,-1.006765365600586,0.0
25.0,0.6830421686172485,-1.0036181211471558,0.0
25.0,0.692206621170044,-1.0070421695709229,0.0
25.0,0.6968551278114319,-1.003831148147583,0.0
25.0,0.7060811519622803,-1.00714910030365,0.0
25.0,0.713041365146637,-1.0071384906768799,0.0
25.0,0.717690110206604,-1.0038310289382935,0.0
25.0,0.7270063161849976,-1.0069884061813354,0.0
25.0,0.7316542267799377,-1.003616452217102,0.0
25.0,0.739843487739563,-1.0050550699234009,0.0
25.0,0.7444823384284973,-1.0016237497329712,0.0
25.0,0.7539072036743164,-1.0045695304870605,0.0
25.0,0.76216721534729,-1.0058553218841553,0.0
25.0,0.7668095231056213,-1.0023208856582642,0.0
25.0,0.7763256430625916,-1.005096197128296,0.0
25.0,0.7809643149375916,-1.0014961957931519,0.0
25.0,0.7905348539352417,-1.0041606426239014,0.0
25.0,0.8001465797424316,-1.0067578554153442,0.0
25.0,0.8047926425933838,-1.0030478239059448,0.0
25.0,0.8144568204879761,-1.0055327415466309,0.0
25.0,0.8190970420837402,-1.0017565488815308,0.0
25.0,0.8288123607635498,-1.0041285753250122,0.0
25.0,0.8334459662437439,-1.0002859830856323,0.0
25.0,0.8444984555244446,-1.0040749311447144,0.0
25.0,0.8556036949157715,-1.0077829360961914,0.0
25.0,0.8602538704872131,-1.0038163661956787,0.0
25.0,0.8688110113143921,-1.004366159439087,0.0
25.0,0.8734452724456787,-1.0003385543823242,0.0
25.0,0.8846728801727295,-1.0037918090820312,0.0
25.0,0.8893043398857117,-0.9996909499168396,0.0
25.0,0.899261474609375,-1.0015212297439575,0.0
25.0,0.910597562789917,-1.0047626495361328,0.0
25.0,0.9152332544326782,-1.0005418062210083,0.0
25.0,0.9266329407691956,-1.0036470890045166,0.0
25.0,0.9312633275985718,-0.999352216720581,0.0
25.0,0.9440951347351074,-1.003777027130127,0.0
25.0,0.9487258791923523,-0.9994014501571655,0.0
25.0,0.9602546095848083,-1.0022250413894653,0.0
25.0,0.9746101498603821,-1.0078387260437012,0.0
25.0,0.9792593717575073,-1.0033220052719116,0.0
25.0,0.9965195655822754,-1.0116069316864014,0.0
25.0,1.0011858940124512,-1.0069888830184937,0.0
25.0,1.0199975967407227,-1.0164669752120972,0.0
25.0,1.0374947786331177,-1.0243868827819824,0.0
25.0,1.0422197580337524,-1.0195791721343994,0.0
25.0,1.0641558170318604,-1.0314534902572632,0.0
25.0,1.068913221359253,-1.0265225172042847,0.0
25.0,1.0895859003067017,-1.0367344617843628,0.0
25.0,1.094367504119873,-1.0316858291625977,0.0
25.0,1.1137417554855347,-1.040266990661621,0.0
25.0,1.1346862316131592,-1.050049066543579,0.0
25.0,1.1395288705825806,-1.0447918176651,0.0
25.0,1.1635923385620117,-1.0569943189620972,0.0
25.0,1.1684668064117432,-1.0516033172607422,0.0
25.0,1.1897367238998413,-1.060831069946289,0.0
25.0,1.1946285963058472,-1.0553191900253296,0.0
25.0,1.2145450115203857,-1.0629563331604004,0.0
25.0,1.237579584121704,-1.0730520486831665,0.0
25.0,1.2425274848937988,-1.0673187971115112,0.0
25.0,1.2687727212905884,-1.0797091722488403,0.0
25.0,1.2737510204315186,-1.073831558227539,0.0
25.0,1.2986578941345215,-1.0845974683761597,0.0
25.0,1.3036584854125977,-1.078581690788269,0.0
25.0,1.1493061780929565,-0.9419613480567932,0.0
25.0,1.1797860860824585,-0.9488418698310852,0.0
25.0,1.1841603517532349,-0.9433771371841431,0.0
25.0,1.188509225845337,-0.9378922581672668,0.0
25.0,1.1928328275680542,-0.9323872923851013,0.0
25.0,1.220852017402649,-0.9452282190322876,0.0
25.0,1.22520911693573,-0.9395737051963806,0.0
25.0,1.2502447366714478,-0.9496253132820129,0.0
25.0,1.2546218633651733,-0.9438348412513733,0.0
25.0,1.2830288410186768,-0.9559481739997864,0.0
25.0,1.3131835460662842,-0.9690061211585999,0.0
25.0,1.3176496028900146,-0.9629244208335876,0.0
25.0,1.3496309518814087,-0.9767559766769409,0.0
25.0,1.3541324138641357,-0.9705057144165039,0.0
25.0,1.3863316774368286,-0.9839129447937012,0.0
25.0,1.3908658027648926,-0.9774929285049438,0.0
25.0,1.4199944734573364,-0.9881881475448608,0.0
25.0,1.4492511749267578,-0.9986345767974854,0.0
25.0,1.4538527727127075,-0.9919235110282898,0.0
25.0,1.4799680709838867,-0.9997451901435852,0.0
25.0,1.484574556350708,-0.9928920269012451,0.0
25.0,1.5074925422668457,-0.9981634616851807,0.0
25.0,1.5120912790298462,-0.9911831021308899,0.0
25.0,1.536790370941162,-0.9972459077835083,0.0
25.0,1.5649428367614746,-1.005263090133667,0.0
25.0,1.5695738792419434,-0.9980170130729675,0.0
25.0,1.5792492628097534,-0.9939456582069397,0.0
25.0,1.5838277339935303,-0.9866335391998291,0.0
25.0,1.5798602104187012,-0.9740521907806396,0.0
25.0,1.5843466520309448,-0.9667375087738037,0.0
25.0,1.580238938331604,-0.9542329907417297,0.0
25.0,1.5760496854782104,-0.9417871832847595,0.0
25.0,1.5803871154785156,-0.934490442276001,0.0
25.0,1.5777857303619385,-0.9231337904930115,0.0
25.0,1.5820368528366089,-0.9158291816711426,0.0
25.0,1.5793122053146362,-0.9045291543006897,0.0
25.0,1.590437650680542,-0.9011614918708801,0.0
25.0,1.594586968421936,-0.8937987089157104,0.0
25.0,1.612695336341858,-0.8941753506660461,0.0
25.0,1.6168122291564941,-0.8867096900939941,0.0
25.0,1.6367167234420776,-0.8878075480461121,0.0
25.0,1.6549031734466553,-0.8877946734428406,0.0
25.0,1.6589901447296143,-0.8801339864730835,0.0
25.0,1.6772102117538452,-0.8798875212669373,0.0
25.0,1.681260347366333,-0.8721237182617188,0.0
25.0,1.4500325918197632,-0.7268351316452026,0.0
25.0,1.453377604484558,-0.7201233506202698,0.0
25.0,1.4566913843154907,-0.7133961319923401,0.0
25.0,1.4599741697311401,-0.7066537141799927,0.0
25.0,1.4809114933013916,-0.6999608278274536,0.0
25.0,1.4841318130493164,-0.6931065917015076,0.0
25.0,1.4873204231262207,-0.6862374544143677,0.0
25.0,1.4904773235321045,-0.6793537139892578,0.0
25.0,1.5081918239593506,-0.6790239810943604,0.0
25.0,1.511315107345581,-0.6720438003540039,0.0
25.0,1.5290555953979492,-0.6714825630187988,0.0
25.0,1.5321438312530518,-0.6644060015678406,0.0
25.0,1.5480692386627197,-0.6628256440162659,0.0
25.0,1.551117181777954,-0.6556612849235535,0.0
25.0,1.5633606910705566,-0.6523337364196777,0.0
25.0,1.5682092905044556,-0.6458603739738464,0.0
25.0,1.5711785554885864,-0.6386030316352844,0.0
25.0,1.5685455799102783,-0.629098653793335,0.0
25.0,1.5714373588562012,-0.6218399405479431,0.0
25.0,1.5687062740325928,-0.6123860478401184,0.0
25.0,1.56405508518219,-0.6022520661354065,0.0
25.0,1.56682288646698,-0.5950143933296204,0.0
25.0,1.5658111572265625,-0.586361289024353,0.0
25.0,1.5685054063796997,-0.5791156888008118,0.0
25.0,1.567407250404358,-0.5704895853996277,0.0
25.0,1.5643805265426636,-0.5612107515335083,0.0
25.0,1.5669584274291992,-0.553972065448761,0.0
25.0,1.565725564956665,-0.5454056859016418,0.0
25.0,1.5682305097579956,-0.5381609201431274,0.0
25.0,1.5650177001953125,-0.5289834141731262,0.0
25.0,1.5674467086791992,-0.5217421054840088,0.0
25.0,1.566041111946106,-0.5132439136505127,0.0
25.0,1.564590573310852,-0.5047699213027954,0.0
25.0,1.566907525062561,-0.49753081798553467,0.0
25.0,1.5634640455245972,-0.4884917438030243,0.0
25.0,1.5618822574615479,-0.48008278012275696,0.0
25.0,1.5640852451324463,-0.4728564918041229,0.0
25.0,1.5605034828186035,-0.46391037106513977,0.0
25.0,1.5626317262649536,-0.45669063925743103,0.0
25.0,1.5628042221069336,-0.4489089548587799,0.0
25.0,1.5648629665374756,-0.4416787326335907,0.0
25.0,1.5649608373641968,-0.4339046776294708,0.0
25.0,1.5611611604690552,-0.4250883162021637,0.0
25.0,1.5631097555160522,-0.41786596179008484,0.0
25.0,1.5630905628204346,-0.41012707352638245,0.0
25.0,1.5649700164794922,-0.4028959274291992,0.0
25.0,1.560998558998108,-0.39418715238571167,0.0
25.0,1.5511561632156372,-0.3840816617012024,0.0
25.0,1.552915334701538,-0.37690597772598267,0.0
25.0,1.5390753746032715,-0.3660203814506531,0.0
25.0,1.5407512187957764,-0.3589007556438446,0.0
25.0,1.54629385471344,-0.3526628911495209,0.0
25.0,1.5766479969024658,-0.17197950184345245,0.0
25.0,1.5774263143539429,-0.16468822956085205,0.0
25.0,1.578170895576477,-0.1573934406042099,0.0
25.0,1.5788816213607788,-0.15009528398513794,0.0
25.0,1.5642606019973755,-0.13412266969680786,0.0
25.0,1.5648640394210815,-0.12688906490802765,0.0
25.0,1.5654339790344238,-0.11965276300907135,0.0
25.0,1.5659704208374023,-0.11241389811038971,0.0
25.0,1.5584913492202759,-0.10463672131299973,0.0
25.0,1.552970051765442,-0.09705586731433868,0.0
25.0,1.5534021854400635,-0.08987487107515335,0.0
25.0,1.5577954053878784,-0.08290452510118484,0.0
25.0,1.5581620931625366,-0.07570137083530426,0.0
25.0,1.564489722251892,-0.06876004487276077,0.0
25.0,1.572784662246704,-0.06184040382504463,0.0
25.0,1.5730538368225098,-0.05456817150115967,0.0
25.0,1.585283875465393,-0.047655344009399414,0.0
25.0,1.5854872465133667,-0.040325477719306946,0.0
25.0,1.5956546068191528,-0.03320278599858284,0.0
25.0,1.595790982246399,-0.025825126096606255,0.0
25.0,1.6058926582336426,-0.018562497571110725,0.0
25.0,1.6179611682891846,-0.011220879852771759,0.0
25.0,1.6179957389831543,-0.0037403227761387825,0.0
25.0,1.6259957551956177,0.003758807433769107,0.0
25.0,1.6259609460830688,0.011276351287961006,0.0
25.0,1.6358907222747803,0.018909234553575516,0.0
25.0,1.643784761428833,0.026601815596222878,0.0
25.0,1.6436442136764526,0.03420136123895645,0.0
25.0,1.6554646492004395,0.042105283588171005,0.0
25.0,1.6552523374557495,0.0497586615383625,0.0
25.0,1.6669973134994507,0.05782699957489967,0.0
25.0,1.6667121648788452,0.06553353369235992,0.0
25.0,1.6743836402893066,0.07358992844820023,0.0
25.0,1.4262912273406982,0.2497941553592682,0.0
25.0,1.4251210689544678,0.2563857436180115,0.0
25.0,1.4239205121994019,0.2629718780517578,0.0
25.0,1.422689437866211,0.2695523798465729,0.0
25.0,1.4332078695297241,0.2784155011177063,0.0
25.0,1.4436744451522827,0.28738152980804443,0.0
25.0,1.4423303604125977,0.2940531075000763,0.0
25.0,1.4546600580215454,0.3035784959793091,0.0
25.0,1.453240990638733,0.31030067801475525,0.0
25.0,1.4654685258865356,0.320002943277359,0.0
25.0,1.4776371717453003,0.329824835062027,0.0
25.0,1.476096510887146,0.3366529941558838,0.0
25.0,1.4881591796875,0.34665003418922424,0.0
25.0,1.4865405559539795,0.35352662205696106,0.0
25.0,1.5004388093948364,0.36416947841644287,0.0
25.0,1.4987391233444214,0.3711026608943939,0.0
25.0,1.516398549079895,0.3829246461391449,0.0
25.0,1.5378541946411133,0.39591506123542786,0.0
25.0,1.536007285118103,0.4030208885669708,0.0
25.0,1.557313323020935,0.41631636023521423,0.0
25.0,1.555371880531311,0.42351195216178894,0.0
25.0,1.5745973587036133,0.4365764856338501,0.0
25.0,1.5725620985031128,0.4438517689704895,0.0
25.0,1.5877935886383057,0.45608705282211304,0.0
25.0,1.5991058349609375,0.46735048294067383,0.0
25.0,1.5969280004501343,0.474738746881485,0.0
25.0,1.6062026023864746,0.48558947443962097,0.0
25.0,1.6039403676986694,0.49301037192344666,0.0
25.0,1.6169158220291138,0.5051922798156738,0.0
25.0,1.6145628690719604,0.5126625299453735,0.0
25.0,1.6254990100860596,0.5244202613830566,0.0
25.0,1.6363608837127686,0.5362900495529175,0.0
25.0,1.633863925933838,0.5438498258590698,0.0
25.0,1.6445949077606201,0.5558808445930481,0.0
25.0,1.6420072317123413,0.5634784698486328,0.0
25.0,1.652605414390564,0.5756694674491882,0.0
25.0,1.6612399816513062,0.5873036980628967,0.0
25.0,1.6585068702697754,0.5949779748916626,0.0
25.0,1.430212140083313,0.5205546617507935,0.0
25.0,1.4409235715866089,0.532010555267334,0.0
25.0,1.4384485483169556,0.5386667847633362,0.0
25.0,1.4359426498413086,0.5453115105628967,0.0
25.0,1.433406114578247,0.5519446134567261,0.0
25.0,1.4457435607910156,0.5643842816352844,0.0
25.0,1.4431188106536865,0.571062445640564,0.0
25.0,1.457169532775879,0.5844289064407349,0.0
25.0,1.4692742824554443,0.5971841812133789,0.0
25.0,1.466497540473938,0.6039708256721497,0.0
25.0,1.4803013801574707,0.6176760792732239,0.0
25.0,1.4774298667907715,0.6245134472846985,0.0
25.0,1.4929122924804688,0.639209508895874,0.0
25.0,1.5101250410079956,0.6548576354980469,0.0
25.0,1.5070812702178955,0.6618325114250183,0.0
25.0,1.5204523801803589,0.6761069297790527,0.0
25.0,1.5173102617263794,0.6831293106079102,0.0
25.0,1.5268747806549072,0.6959435343742371,0.0
25.0,1.5236408710479736,0.7029953598976135,0.0
25.0,1.5276228189468384,0.7134173512458801,0.0
25.0,1.5297328233718872,0.7230364680290222,0.0
25.0,1.5263735055923462,0.7301012873649597,0.0
25.0,1.5283823013305664,0.7397644519805908,0.0
25.0,1.5249457359313965,0.7468228340148926,0.0
25.0,1.5268528461456299,0.7565290927886963,0.0
25.0,1.523338794708252,0.7635802030563354,0.0
25.0,1.5269274711608887,0.7742329239845276,0.0
25.0,1.5268906354904175,0.7831096053123474,0.0
25.0,1.5232537984848022,0.7901606559753418,0.0
25.0,1.524897575378418,0.7999821901321411,0.0
25.0,1.521182656288147,0.8070237636566162,0.0
25.0,1.5244848728179932,0.8178300261497498,0.0
25.0,1.5259613990783691,0.8277303576469421,0.0
25.0,1.5221182107925415,0.8347765803337097,0.0
25.0,1.5199916362762451,0.8427748680114746,0.0
25.0,1.5160789489746094,0.8497933149337769,0.0
25.0,1.510393738746643,0.8558076620101929,0.0
25.0,1.508156418800354,0.8637756705284119,0.0
25.0,1.504146695137024,0.8707391619682312,0.0
25.0,1.4811161756515503,0.8665741682052612,0.0
25.0,1.4770938158035278,0.8734126091003418,0.0
25.0,1.2450141906738281,1.130957007408142,0.0
25.0,1.239772081375122,1.1367011070251465,0.0
25.0,1.2345033884048462,1.1424208879470825,0.0
25.0,1.2292083501815796,1.1481162309646606,0.0
25.0,1.2151553630828857,1.1455553770065308,0.0
25.0,1.209846019744873,1.1511613130569458,0.0
25.0,1.1987407207489014,1.1512012481689453,0.0
25.0,1.1934055089950562,1.1567312479019165,0.0
25.0,1.185185432434082,1.159439206123352,0.0
25.0,1.1798123121261597,1.16490638256073,0.0
25.0,1.1687471866607666,1.1647015810012817,0.0
25.0,1.1534790992736816,1.160164713859558,0.0
25.0,1.148102879524231,1.1654852628707886,0.0
25.0,1.1315265893936157,1.1593307256698608,0.0
25.0,1.1261544227600098,1.1645498275756836,0.0
25.0,0.9651932716369629,1.2861050367355347,0.0
25.0,0.9592368602752686,1.2905536890029907,0.0
25.0,0.9532598853111267,1.2949748039245605,0.0
25.0,0.9472625255584717,1.2993682622909546,0.0
25.0,0.9305544495582581,1.3015638589859009,0.0
25.0,0.9245269298553467,1.3058522939682007,0.0
25.0,0.9184795618057251,1.310112714767456,0.0
25.0,0.9124126434326172,1.3143452405929565,0.0
25.0,0.9029273986816406,1.3136049509048462,0.0
25.0,0.8968445062637329,1.317765474319458,0.0
25.0,0.8907423615455627,1.3218978643417358,0.0
25.0,0.8846212029457092,1.3260020017623901,0.0
25.0,0.8773789405822754,1.3284088373184204,0.0
25.0,0.8701333403587341,1.3307772874832153,0.0
25.0,0.8639713525772095,1.3347859382629395,0.0
25.0,0.8567119836807251,1.3370821475982666,0.0
25.0,0.8505209684371948,1.3410288095474243,0.0
25.0,0.8432483673095703,1.3432527780532837,0.0
25.0,0.8370290398597717,1.3471370935440063,0.0
25.0,0.8307917714118958,1.3509925603866577,0.0
25.0,0.8255765438079834,1.3565278053283691,0.0
25.0,0.8192960023880005,1.3603302240371704,0.0
25.0,0.8119739294052124,1.3623855113983154,0.0
25.0,0.805666446685791,1.3661249876022339,0.0
25.0,0.7993417382240295,1.3698352575302124,0.0
25.0,0.7929999232292175,1.373516321182251,0.0
25.0,0.7866411805152893,1.3771679401397705,0.0
25.0,0.7782977819442749,1.3773077726364136,0.0
25.0,0.7719216346740723,1.3808914422988892,0.0
25.0,0.7655290365219116,1.3844455480575562,0.0
25.0,0.7600797414779663,1.3897247314453125,0.0
25.0,0.7536463737487793,1.3932240009307861,0.0
25.0,0.7481403350830078,1.3984569311141968,0.0
25.0,0.7416667342185974,1.4019010066986084,0.0
25.0,0.7342502474784851,1.4035428762435913,0.0
25.0,0.48608773946762085,0.9397247433662415,0.0
25.0,0.4817378520965576,0.9419620633125305,0.0
25.0,0.4739013910293579,0.948165237903595,0.0
25.0,0.46951261162757874,0.9503461122512817,0.0
25.0,0.4651137888431549,0.9525067210197449,0.0
25.0,0.460705041885376,0.9546469449996948,0.0
25.0,0.4545646011829376,0.9531563520431519,0.0
25.0,0.4501529633998871,0.9552477598190308,0.0
25.0,0.443199098110199,0.9518794417381287,0.0
25.0,0.43879345059394836,0.9539183378219604,0.0
25.0,0.4327237010002136,0.9522952437400818,0.0
25.0,0.4266783595085144,0.9506364464759827,0.0
25.0,0.42227864265441895,0.9525989890098572,0.0
25.0,0.4162657856941223,0.9508768320083618,0.0
25.0,0.41186508536338806,0.9527912139892578,0.0
25.0,0.4058854281902313,0.9510063529014587,0.0
25.0,0.4007076323032379,0.9510295987129211,0.0
25.0,0.3963063955307007,0.9528720378875732,0.0
25.0,0.3903777003288269,0.9509938359260559,0.0
25.0,0.38597673177719116,0.9527885317802429,0.0
25.0,0.3808251619338989,0.9527057409286499,0.0
25.0,0.3749488592147827,0.9507350921630859,0.0
25.0,0.3705492615699768,0.9524585008621216,0.0
25.0,0.36470869183540344,0.9504270553588867,0.0
25.0,0.3603106141090393,0.9521030783653259,0.0
25.0,0.35450640320777893,0.9500111937522888,0.0
25.0,0.3494197726249695,0.9497630000114441,0.0
25.0,0.3450249433517456,0.9513683319091797,0.0
25.0,0.3399495482444763,0.9510700702667236,0.0
25.0,0.3355487883090973,0.9526315927505493,0.0
25.0,0.3298293948173523,0.9503939747810364,0.0
25.0,0.3241378664970398,0.9481237530708313,0.0
25.0,0.3197508454322815,0.9496122002601624,0.0
25.0,0.3147275745868683,0.9491820335388184,0.0
25.0,0.31033578515052795,0.9506270289421082,0.0
25.0,0.304713636636734,0.9482434391975403,0.0
25.0,0.30032628774642944,0.9496421217918396,0.0
25.0,0.29533830285072327,0.9491108059883118,0.0
25.0,0.2903616428375244,0.9485536813735962,0.0
25.0,0.2859730124473572,0.9498860239982605,0.0
25.0,0.28101059794425964,0.9492802619934082,0.0
25.0,0.27661871910095215,0.9505693912506104,0.0
25.0,0.27167096734046936,0.9499151706695557,0.0
25.0,0.2661941647529602,0.9473102688789368,0.0
25.0,0.2618115544319153,0.9485308527946472,0.0
25.0,0.2569001317024231,0.9478007555007935,0.0
25.0,0.25251534581184387,0.9489783644676208,0.0
25.0,0.24761982262134552,0.9482006430625916,0.0
25.0,0.24273689091205597,0.9473978877067566,0.0
25.0,0.23835411667823792,0.9485100507736206,0.0
25.0,0.2334877997636795,0.947659969329834,0.0
25.0,0.2291039228439331,0.948729395866394,0.0
25.0,0.22379417717456818,0.9458858966827393,0.0
25.0,0.21896712481975555,0.9449621438980103,0.0
25.0,0.21459588408470154,0.9459643959999084,0.0
25.0,0.20978659391403198,0.9449939727783203,0.0
25.0,0.2054152935743332,0.9459537863731384,0.0
25.0,0.20103959739208221,0.9468933939933777,0.0
25.0,0.19625328481197357,0.9458544850349426,0.0
25.0,0.19187815487384796,0.9467517137527466,0.0
25.0,0.18711072206497192,0.9456667304039001,0.0
25.0,0.18273654580116272,0.9465216994285583,0.0
25.0,0.1779884397983551,0.9453909993171692,0.0
25.0,0.17361563444137573,0.9462038278579712,0.0
25.0,0.16888727247714996,0.9450275301933289,0.0
25.0,0.16417351365089417,0.9438278675079346,0.0
25.0,0.15980809926986694,0.9445767998695374,0.0
25.0,0.15543925762176514,0.945305585861206,0.0
25.0,0.1510670930147171,0.9460141062736511,0.0
25.0,0.14638546109199524,0.9447259902954102,0.0
25.0,0.14201606810092926,0.9453927278518677,0.0
25.0,0.13764365017414093,0.9460391998291016,0.0
25.0,0.13298949599266052,0.9446850419044495,0.0
25.0,0.1286204308271408,0.9452897906303406,0.0
25.0,0.12424863874912262,0.9458743333816528,0.0
25.0,0.11962287127971649,0.944454550743103,0.0
25.0,0.11525502800941467,0.9449975490570068,0.0
25.0,0.11065176874399185,0.9435338973999023,0.0
25.0,0.10628827661275864,0.9440353512763977,0.0
25.0,0.10170794278383255,0.942528247833252,0.0
25.0,0.09734919667243958,0.942988395690918,0.0
25.0,0.09298837184906006,0.9434283971786499,0.0
25.0,0.08843857795000076,0.9418569803237915,0.0
25.0,0.08408308029174805,0.9422557950019836,0.0
25.0,0.07972577959299088,0.9426344633102417,0.0
25.0,0.0753667801618576,0.9429929852485657,0.0
25.0,0.0710061639547348,0.9433313608169556,0.0
25.0,0.06664403527975082,0.9436495900154114,0.0
25.0,0.062280476093292236,0.9439476132392883,0.0
25.0,0.05779314786195755,0.9422292709350586,0.0
25.0,0.05343625321984291,0.9424864053726196,0.0
25.0,0.049078214913606644,0.9427233338356018,0.0
25.0,0.04471912980079651,0.9429401755332947,0.0
25.0,0.04035909101366997,0.9431368708610535,0.0
25.0,0.035921916365623474,0.9413148164749146,0.0
25.0,0.03156948462128639,0.9414708018302917,0.0
25.0,0.02721637673676014,0.9416067004203796,0.0
25.0,0.022862685844302177,0.9417225122451782,0.0
25.0,0.018508508801460266,0.941818118095398,0.0
25.0,0.014153935015201569,0.9418936371803284,0.0
25.0,0.009799058549106121,0.9419490098953247,0.0
25.0,0.005443972535431385,0.941984236240387,0.0
25.0,0.0010887705720961094,0.9419993162155151,0.0
25.0,-0.0032664549071341753,0.941994309425354,0.0
25.0,-0.00760542880743742,0.9399692416191101,0.0
25.0,-0.011951175518333912,0.9399240016937256,0.0
25.0,-0.016296666115522385,0.9398587346076965,0.0
25.0,-0.020685726776719093,0.9417728185653687,0.0
25.0,-0.0250396728515625,0.9416671395301819,0.0
25.0,-0.029330678284168243,0.939542293548584,0.0
25.0,-0.0336742177605629,0.9393966197967529,0.0
25.0,-0.03809792548418045,0.9412292242050171,0.0
25.0,-0.04244917258620262,0.9410430192947388,0.0
25.0,-0.04679951071739197,0.9408367276191711,0.0
25.0,-0.05114884674549103,0.9406102895736694,0.0
25.0,-0.05549709498882294,0.9403637647628784,0.0
25.0,-0.05984415113925934,0.9400971531867981,0.0
25.0,-0.06418993324041367,0.9398103952407837,0.0
25.0,-0.06853433698415756,0.9395036101341248,0.0
25.0,-0.07303201407194138,0.9411707520484924,0.0
25.0,-0.07738261669874191,0.9408230185508728,0.0
25.0,-0.08173156529664993,0.9404551982879639,0.0
25.0,-0.08607876300811768,0.9400672912597656,0.0
25.0,-0.09042412787675858,0.9396592378616333,0.0
25.0,-0.09476755559444427,0.9392311573028564,0.0
25.0,-0.09910895675420761,0.9387829303741455,0.0
25.0,-0.10366740822792053,0.9403026103973389,0.0
25.0,-0.10801366716623306,0.9398132562637329,0.0
25.0,-0.11235762387514114,0.9393038749694824,0.0
25.0,-0.11669917404651642,0.9387743473052979,0.0
25.0,-0.12103822827339172,0.9382247924804688,0.0
25.0,-0.1253746896982193,0.9376551508903503,0.0
25.0,-0.12998270988464355,0.9390466213226318,0.0
25.0,-0.1343228816986084,0.9384356141090393,0.0
25.0,-0.13866019248962402,0.9378045797348022,0.0
25.0,-0.14329619705677032,0.9391305446624756,0.0
25.0,-0.14763662219047546,0.9384579658508301,0.0
25.0,-0.1522938311100006,0.9397396445274353,0.0
25.0,-0.15663696825504303,0.9390255212783813,0.0
25.0,-0.16097676753997803,0.9382912516593933,0.0
25.0,-0.16566039621829987,0.9395065903663635,0.0
25.0,-0.17000232636928558,0.9387306571006775,0.0
25.0,-0.1747061014175415,0.9399009346961975,0.0
25.0,-0.17904974520206451,0.9390831589698792,0.0
25.0,-0.1833895593881607,0.9382452964782715,0.0
25.0,-0.18811818957328796,0.9393484592437744,0.0
25.0,-0.1924591362476349,0.9384686946868896,0.0
25.0,-0.19720681011676788,0.9395262002944946,0.0
25.0,-0.2015484869480133,0.9386043548583984,0.0
25.0,-0.2058858424425125,0.9376624822616577,0.0
25.0,-0.2106567770242691,0.9386520981788635,0.0
25.0,-0.21499426662921906,0.9376680850982666,0.0
25.0,-0.22023911774158478,0.9405587315559387,0.0
25.0,-0.22458532452583313,0.9395304322242737,0.0
25.0,-0.22940067946910858,0.9404250979423523,0.0
25.0,-0.23374615609645844,0.939354419708252,0.0
25.0,-0.23808665573596954,0.9382636547088623,0.0
25.0,-0.24292293190956116,0.9390891790390015,0.0
25.0,-0.24726209044456482,0.9379560351371765,0.0
25.0,-0.2521147131919861,0.9387343525886536,0.0
25.0,-0.25645214319229126,0.9375587105751038,0.0
25.0,-0.26132068037986755,0.9382896423339844,0.0
25.0,-0.2662014365196228,0.9389956593513489,0.0
25.0,-0.27053990960121155,0.9377548694610596,0.0
25.0,-0.27599915862083435,0.9403321146965027,0.0
25.0,-0.2803437113761902,0.9390460252761841,0.0
25.0,-0.2846822738647461,0.9377398490905762,0.0
25.0,-0.2896045744419098,0.9383246898651123,0.0
25.0,-0.2939396798610687,0.9369757175445557,0.0
25.0,-0.298876017332077,0.937512218952179,0.0
25.0,-0.30320730805397034,0.9361203908920288,0.0
25.0,-0.30815714597702026,0.9366083145141602,0.0
25.0,-0.31248414516448975,0.9351736307144165,0.0
25.0,-0.31744706630706787,0.9356127977371216,0.0
25.0,-0.32307204604148865,0.9379170536994934,0.0
25.0,-0.3274049460887909,0.9364133477210999,0.0
25.0,-0.3323996663093567,0.936774492263794,0.0
25.0,-0.33672717213630676,0.9352276921272278,0.0
25.0,-0.3417336642742157,0.9355394840240479,0.0
25.0,-0.34605535864830017,0.9339494705200195,0.0
25.0,-0.3510732352733612,0.934211790561676,0.0
25.0,-0.35681307315826416,0.9363163709640503,0.0
25.0,-0.3611381947994232,0.9346566796302795,0.0
25.0,-0.3669145405292511,0.9367015361785889,0.0
25.0,-0.37124133110046387,0.934995174407959,0.0
25.0,-0.37705346941947937,0.9369795322418213,0.0
25.0,-0.3828918933868408,0.9389302134513855,0.0
25.0,-0.3872288167476654,0.9371499419212341,0.0
25.0,-0.39232975244522095,0.9371944665908813,0.0
25.0,-0.3966585695743561,0.9353705644607544,0.0
25.0,-0.40176820755004883,0.9353642463684082,0.0
25.0,-0.4076840579509735,0.9371646642684937,0.0
25.0,-0.41201257705688477,0.9352697730064392,0.0
25.0,-0.41714704036712646,0.9351814985275269,0.0
25.0,-0.42146629095077515,0.9332428574562073,0.0
25.0,-0.4274396598339081,0.9349220991134644,0.0
25.0,-0.4317575991153717,0.932935893535614,0.0
25.0,-0.4377630352973938,0.934552013874054,0.0
25.0,-0.4437926411628723,0.936132550239563,0.0
25.0,-0.4481160044670105,0.9340707063674927,0.0
25.0,-0.45330315828323364,0.9337881207466125,0.0
25.0,-0.45761555433273315,0.9316823482513428,0.0
25.0,-0.4645882546901703,0.9349298477172852,0.0
25.0,-0.46890580654144287,0.9327718615531921,0.0
25.0,-0.4750264286994934,0.9341594576835632,0.0
25.0,-0.4811698794364929,0.9355103373527527,0.0
25.0,-0.48548996448516846,0.9332757592201233,0.0
25.0,-0.4916619658470154,0.9345611333847046,0.0
25.0,-0.4959775507450104,0.9322779774665833,0.0
25.0,-0.5021774768829346,0.9334975481033325,0.0
25.0,-1.1033830642700195,1.963173508644104,0.0
25.0,-1.112447738647461,1.9580512046813965,0.0
25.0,-1.1214886903762817,1.952886939048767,0.0
25.0,-1.1305055618286133,1.9476810693740845,0.0
25.0,-1.143546223640442,1.949333667755127,0.0
25.0,-1.1566263437271118,1.9509072303771973,0.0
25.0,-1.1656336784362793,1.945538878440857,0.0
25.0,-1.1808311939239502,1.9503942728042603,0.0
25.0,-1.1898359060287476,1.9449139833450317,0.0
25.0,-1.203021764755249,1.9461971521377563,0.0
25.0,-1.2183634042739868,1.9507921934127808,0.0
25.0,-1.2273696660995483,1.9451384544372559,0.0
25.0,-1.2406500577926636,1.946189045906067,0.0
25.0,-1.2496347427368164,1.9404323101043701,0.0
25.0,-1.265136480331421,1.944692611694336,0.0
25.0,-1.2741140127182007,1.938822627067566,0.0
25.0,-1.2897008657455444,1.9429091215133667,0.0
25.0,-1.3053525686264038,1.9468926191329956,0.0
25.0,-1.3143398761749268,1.9408366680145264,0.0
25.0,-1.3300734758377075,1.9446439743041992,0.0
25.0,-1.3390501737594604,1.9384738206863403,0.0
25.0,-1.3548640012741089,1.9421039819717407,0.0
25.0,-1.3707399368286133,1.9456291198730469,0.0
25.0,-1.379720687866211,1.9392708539962769,0.0
25.0,-1.3956735134124756,1.942616581916809,0.0
25.0,-1.4046399593353271,1.936143159866333,0.0
25.0,-1.420668125152588,1.939308762550354,0.0
25.0,-1.4367551803588867,1.9423670768737793,0.0
25.0,-1.4457200765609741,1.9357037544250488,0.0
25.0,-1.4642876386642456,1.941773772239685,0.0
25.0,-1.4732495546340942,1.9349831342697144,0.0
25.0,-1.4894933700561523,1.9376649856567383,0.0
25.0,-1.4984359741210938,1.930757761001587,0.0
25.0,-1.5147476196289062,1.9332553148269653,0.0
25.0,-1.5236696004867554,1.9262313842773438,0.0
25.0,-1.5325590372085571,1.9191663265228271,0.0
25.0,-1.5288634300231934,1.8964897394180298,0.0
25.0,-1.5376152992248535,1.8894009590148926,0.0
25.0,-1.5285601615905762,1.8606363534927368,0.0
25.0,-1.521825909614563,1.8350754976272583,0.0
25.0,-1.5302939414978027,1.8280199766159058,0.0
25.0,-1.5232385396957397,1.80259370803833,0.0
25.0,-1.531556248664856,1.7955318689346313,0.0
25.0,-1.5241819620132446,1.7702443599700928,0.0
25.0,-1.5323501825332642,1.7631785869598389,0.0
25.0,-1.5246587991714478,1.7380332946777344,0.0
25.0,-1.516767978668213,1.7129971981048584,0.0
25.0,-1.5246715545654297,1.7059663534164429,0.0
25.0,-1.5191460847854614,1.6840482950210571,0.0
25.0,-1.5269157886505127,1.677006721496582,0.0
25.0,-1.5184133052825928,1.6522581577301025,0.0
25.0,-1.5124350786209106,1.6305570602416992,0.0
25.0,-1.5199575424194336,1.623547077178955,0.0
25.0,-1.5137115716934204,1.6019654273986816,0.0
25.0,-1.5211018323898315,1.5949499607086182,0.0
25.0,-1.5118157863616943,1.570609211921692,0.0
25.0,-1.505124807357788,1.549257755279541,0.0
25.0,-1.512271523475647,1.5422824621200562,0.0
25.0,-1.5053175687789917,1.5210586786270142,0.0
25.0,-1.512333869934082,1.5140827894210815,0.0
25.0,-1.5079585313796997,1.4958065748214722,0.0
25.0,-1.500593900680542,1.4747997522354126,0.0
25.0,-1.5073963403701782,1.4678462743759155,0.0
25.0,-1.5026520490646362,1.4497520923614502,0.0
25.0,-1.5093387365341187,1.4427891969680786,0.0
25.0,-1.5014722347259521,1.422042727470398,0.0
25.0,-1.4963631629943848,1.4041372537612915,0.0
25.0,-1.5028390884399414,1.397204041481018,0.0
25.0,-1.4989855289459229,1.3807557821273804,0.0
25.0,-1.505353331565857,1.3738106489181519,0.0
25.0,-1.4998208284378052,1.3561054468154907,0.0
25.0,-1.494157075881958,1.338480830192566,0.0
25.0,-1.5003293752670288,1.3315584659576416,0.0
25.0,-1.4944539070129395,1.3140424489974976,0.0
25.0,-1.5005131959915161,1.3071190118789673,0.0
25.0,-1.4944275617599487,1.289713978767395,0.0
25.0,-1.4927737712860107,1.2762924432754517,0.0
25.0,-1.498658537864685,1.2693772315979004,0.0
25.0,-1.4937868118286133,1.253435730934143,0.0
25.0,-1.4995659589767456,1.2465159893035889,0.0
25.0,-1.4929616451263428,1.2293988466262817,0.0
25.0,-1.4986296892166138,1.2224831581115723,0.0
25.0,-1.49337637424469,1.2067421674728394,0.0
25.0,-1.4895713329315186,1.1923259496688843,0.0
25.0,-1.4950679540634155,1.1854263544082642,0.0
25.0,-1.4926682710647583,1.172324776649475,0.0
25.0,-1.4980723857879639,1.165411114692688,0.0
25.0,-1.4923547506332397,1.1499273777008057,0.0
25.0,-1.4849364757537842,1.1333082914352417,0.0
25.0,-1.490160346031189,1.1264307498931885,0.0
25.0,-1.484145164489746,1.1111387014389038,0.0
25.0,-1.4892665147781372,1.1042649745941162,0.0
25.0,-1.484683871269226,1.090265154838562,0.0
25.0,-1.4816211462020874,1.0775076150894165,0.0
25.0,-1.4865870475769043,1.070646047592163,0.0
25.0,-1.4817514419555664,1.0567936897277832,0.0
25.0,-1.4866214990615845,1.0499316453933716,0.0
25.0,-1.481626033782959,1.0361700057983398,0.0
25.0,-1.4781795740127563,1.0236157178878784,0.0
25.0,-1.482896327972412,1.016770601272583,0.0
25.0,-1.4809625148773193,1.0054103136062622,0.0
25.0,-1.4855951070785522,0.9985525012016296,0.0
25.0,-1.480205774307251,0.9850252866744995,0.0
25.0,-1.4747233390808105,0.9715694189071655,0.0
25.0,-1.4791995286941528,0.9647408723831177,0.0
25.0,-1.4769231081008911,0.9535523653030396,0.0
25.0,-1.4813159704208374,0.9467138051986694,0.0
25.0,-1.4755359888076782,0.9334396719932556,0.0
25.0,-1.4696651697158813,0.920239269733429,0.0
25.0,-1.473904013633728,0.913434624671936,0.0
25.0,-1.4712920188903809,0.9024276733398438,0.0
25.0,-1.475448489189148,0.8956156969070435,0.0
25.0,-1.4727157354354858,0.8846651315689087,0.0
25.0,-1.4681941270828247,0.8727369904518127,0.0
25.0,-1.4722133874893188,0.8659396767616272,0.0
25.0,-1.4692870378494263,0.8550998568534851,0.0
25.0,-1.4732247591018677,0.848297655582428,0.0
25.0,-1.470179796218872,0.8375174403190613,0.0
25.0,-1.4740362167358398,0.830711305141449,0.0
25.0,-1.4708735942840576,0.819991946220398,0.0
25.0,-1.4676436185836792,0.8093196749687195,0.0
25.0,-1.4713696241378784,0.8025255799293518,0.0
25.0,-1.468023419380188,0.7919161319732666,0.0
25.0,-1.47166907787323,0.78512042760849,0.0
25.0,-1.4664386510849,0.7736418843269348,0.0
25.0,-1.4646800756454468,0.7640785574913025,0.0
25.0,-1.4681971073150635,0.7572986483573914,0.0
25.0,-1.4645559787750244,0.7468681931495667,0.0
25.0,-1.4679933786392212,0.7400889992713928,0.0
25.0,-1.4660292863845825,0.7306177616119385,0.0
25.0,-1.460420846939087,0.7194129824638367,0.0
25.0,-1.4637314081192017,0.7126532196998596,0.0
25.0,-1.4598016738891602,0.7024095058441162,0.0
25.0,-1.4630335569381714,0.6956527829170227,0.0
25.0,-1.4608036279678345,0.6863297820091248,0.0
25.0,-1.4585189819335938,0.6770423650741577,0.0
25.0,-1.4616336822509766,0.6702918410301208,0.0
25.0,-1.4592516422271729,0.6610511541366577,0.0
25.0,-1.4622923135757446,0.654297411441803,0.0
25.0,-1.4598137140274048,0.6451044678688049,0.0
25.0,-1.4554485082626343,0.6351486444473267,0.0
25.0,-1.458369493484497,0.6284127235412598,0.0
25.0,-1.4557381868362427,0.6193145513534546,0.0
25.0,-1.4585858583450317,0.6125775575637817,0.0
25.0,-1.4558597803115845,0.603529691696167,0.0
25.0,-1.458634614944458,0.5967922806739807,0.0
25.0,-1.4558147192001343,0.5877957344055176,0.0
25.0,-1.4529427289962769,0.578838050365448,0.0
25.0,-1.4556033611297607,0.5721144080162048,0.0
25.0,-1.4545032978057861,0.563932478427887,0.0
25.0,-1.4570950269699097,0.5572017431259155,0.0
25.0,-1.4540417194366455,0.5483419299125671,0.0
25.0,-1.4509375095367432,0.5395223498344421,0.0
25.0,-1.453416347503662,0.5328083634376526,0.0
25.0,-1.4521023035049438,0.5247235894203186,0.0
25.0,-1.4545128345489502,0.5180043578147888,0.0
25.0,-1.4512306451797485,0.5092872381210327,0.0
25.0,-1.4497894048690796,0.5012651681900024,0.0
25.0,-1.4520914554595947,0.49455690383911133,0.0
25.0,-1.448673963546753,0.485929936170578,0.0
25.0,-1.4509050846099854,0.4792269766330719,0.0
25.0,-1.4473992586135864,0.4706583619117737,0.0
25.0,-1.4457502365112305,0.4627421200275421,0.0
25.0,-1.4478741884231567,0.4560529291629791,0.0
25.0,-1.444236159324646,0.44757789373397827,0.0
25.0,-1.4462900161743164,0.44089585542678833,0.0
25.0,-1.4463971853256226,0.4336300790309906,0.0
25.0,-1.4445499181747437,0.42580726742744446,0.0
25.0,-1.4465030431747437,0.4191240072250366,0.0
25.0,-1.4426547288894653,0.4107886552810669,0.0
25.0,-1.4445385932922363,0.40411433577537537,0.0
25.0,-1.4425344467163086,0.3963715732097626,0.0
25.0,-1.4443516731262207,0.38969796895980835,0.0
25.0,-1.4422712326049805,0.3819918930530548,0.0
25.0,-1.440150499343872,0.37431344389915466,0.0
25.0,-1.4418656826019287,0.367651104927063,0.0
25.0,-1.4396694898605347,0.3600104749202728,0.0
25.0,-1.4413186311721802,0.35335052013397217,0.0
25.0,-1.4409922361373901,0.34621575474739075,0.0
25.0,-1.4406307935714722,0.33909159898757935,0.0
25.0,-1.4421831369400024,0.33242738246917725,0.0
25.0,-1.439802646636963,0.3248756527900696,0.0
25.0,-1.4412893056869507,0.31821542978286743,0.0
25.0,-1.4388352632522583,0.3107041120529175,0.0
25.0,-1.436342716217041,0.30322232842445374,0.0
25.0,-1.4377292394638062,0.2965783476829529,0.0
25.0,-1.4351638555526733,0.28913798928260803,0.0
25.0,-1.4364852905273438,0.28249961137771606,0.0
25.0,-1.4358118772506714,0.275478333234787,0.0
25.0,-1.4370701313018799,0.2688370943069458,0.0
25.0,-1.4363301992416382,0.26183146238327026,0.0
25.0,-1.4355560541152954,0.25483837723731995,0.0
25.0,-1.4367189407348633,0.24819853901863098,0.0
25.0,-1.4339064359664917,0.2408907115459442,0.0
25.0,-1.4350048303604126,0.23425865173339844,0.0
25.0,-1.4340972900390625,0.2273084968328476,0.0
25.0,-1.433156132698059,0.22037173807621002,0.0
25.0,-1.4341596364974976,0.21374337375164032,0.0
25.0,-1.4311734437942505,0.2065390944480896,0.0
25.0,-1.4321130514144897,0.19992002844810486,0.0
25.0,-1.4310400485992432,0.19302935898303986,0.0
25.0,-1.429934024810791,0.1861528754234314,0.0
25.0,-1.4307793378829956,0.1795397698879242,0.0
25.0,-1.4296085834503174,0.172682985663414,0.0
25.0,-1.4303916692733765,0.16607153415679932,0.0
25.0,-1.4291564226150513,0.15923504531383514,0.0
25.0,-1.4278886318206787,0.15241354703903198,0.0
25.0,-1.4285781383514404,0.14581026136875153,0.0
25.0,-1.4292370080947876,0.13920384645462036,0.0
25.0,-1.4298652410507202,0.13259446620941162,0.0
25.0,-1.4284707307815552,0.1258067935705185,0.0
25.0,-1.429037094116211,0.11920109391212463,0.0
25.0,-1.4275791645050049,0.11243581771850586,0.0
25.0,-1.4280837774276733,0.10583438724279404,0.0
25.0,-1.4285577535629272,0.09923069179058075,0.0
25.0,-1.427005410194397,0.09249550849199295,0.0
25.0,-1.4274177551269531,0.08589693903923035,0.0
25.0,-1.4258028268814087,0.07918563485145569,0.0
25.0,-1.4241563081741333,0.0724911019206047,0.0
25.0,-1.424476146697998,0.06590592116117477,0.0
25.0,-1.424765706062317,0.05931933596730232,0.0
25.0,-1.4250247478485107,0.0527314767241478,0.0
25.0,-1.423254370689392,0.04607778042554855,0.0
25.0,-1.4234521389007568,0.039497051388025284,0.0
25.0,-1.4236195087432861,0.03291548043489456,0.0
25.0,-1.4217568635940552,0.0262962207198143,0.0
25.0,-1.421863317489624,0.019722629338502884,0.0
25.0,-1.4239391088485718,0.013167107477784157,0.0
25.0,-1.4239847660064697,0.006583565846085548,0.0
25.0,-1.4220000505447388,-1.1636915075996512e-07,0.0
26.0,-1.4220000505447388,1.2431519280653447e-07,0.0
26.0,-1.4199848175048828,-0.006565064657479525,0.0
26.0,-1.4199392795562744,-0.013130112551152706,0.0
26.0,-1.4198633432388306,-0.01969487965106964,0.0
26.0,-1.4217568635940552,-0.026296213269233704,0.0
26.0,-1.4216201305389404,-0.03286924585700035,0.0
26.0,-1.4194536209106445,-0.039386097341775894,0.0
26.0,-1.423254370689392,-0.04607777297496796,0.0
26.0,-1.4230260848999023,-0.052657514810562134,0.0
26.0,-1.4227674007415771,-0.059236131608486176,0.0
26.0,-1.4224783182144165,-0.06581348180770874,0.0
26.0,-1.420161485671997,-0.07228775322437286,0.0
26.0,-1.4198120832443237,-0.07885292172431946,0.0
26.0,-1.4194324016571045,-0.08541639894247055,0.0
26.0,-1.4190223217010498,-0.0919780507683754,0.0
26.0,-1.4185818433761597,-0.09853773564100266,0.0
26.0,-1.4201055765151978,-0.10524312406778336,0.0
26.0,-1.4196038246154785,-0.1118076741695404,0.0
26.0,-1.4190717935562134,-0.11836984008550644,0.0
26.0,-1.4185093641281128,-0.12492947280406952,0.0
26.0,-1.4179165363311768,-0.1314864307641983,0.0
26.0,-1.4172935485839844,-0.13804058730602264,0.0
26.0,-1.4166401624679565,-0.1445917785167694,0.0
26.0,-1.4159564971923828,-0.15113988518714905,0.0
26.0,-1.417230248451233,-0.15790623426437378,0.0
26.0,-1.416485071182251,-0.16445693373680115,0.0
26.0,-1.4157096147537231,-0.17100411653518677,0.0
26.0,-1.4149038791656494,-0.1775476336479187,0.0
26.0,-1.4160510301589966,-0.184345543384552,0.0
26.0,-1.415183663368225,-0.19089050590991974,0.0
26.0,-1.416266679763794,-0.1977079063653946,0.0
26.0,-1.4153375625610352,-0.20425371825695038,0.0
26.0,-1.414378046989441,-0.21079516410827637,0.0
26.0,-1.4133883714675903,-0.21733210980892181,0.0
26.0,-1.4143438339233398,-0.2241775244474411,0.0
26.0,-1.4152661561965942,-0.23103637993335724,0.0
26.0,-1.4141827821731567,-0.23757721483707428,0.0
26.0,-1.4130693674087524,-0.24411296844482422,0.0
26.0,-1.4119255542755127,-0.2506435215473175,0.0
26.0,-1.4146867990493774,-0.25788602232933044,0.0
26.0,-1.415445327758789,-0.26479166746139526,0.0
26.0,-1.4142060279846191,-0.2713329792022705,0.0
26.0,-1.4129364490509033,-0.27786847949028015,0.0
26.0,-1.4116365909576416,-0.28439804911613464,0.0
26.0,-1.410306692123413,-0.29092150926589966,0.0
26.0,-1.4109033346176147,-0.29785189032554626,0.0
26.0,-1.4095112085342407,-0.30437183380126953,0.0
26.0,-1.4100419282913208,-0.31131646037101746,0.0
26.0,-1.4085874557495117,-0.3178322911262512,0.0
26.0,-1.4110007286071777,-0.32523974776268005,0.0
26.0,-1.4094818830490112,-0.33175987005233765,0.0
26.0,-1.4098777770996094,-0.33874011039733887,0.0
26.0,-1.4082965850830078,-0.34525489807128906,0.0
26.0,-1.4086254835128784,-0.3522474765777588,0.0
26.0,-1.4089198112487793,-0.3592504560947418,0.0
26.0,-1.4072438478469849,-0.36576056480407715,0.0
26.0,-1.4074710607528687,-0.3727749288082123,0.0
26.0,-1.40573251247406,-0.37927818298339844,0.0
26.0,-1.4078210592269897,-0.38683319091796875,0.0
26.0,-1.407943606376648,-0.3938767611980438,0.0
26.0,-1.4061075448989868,-0.40038201212882996,0.0
26.0,-1.4061622619628906,-0.40743526816368103,0.0
26.0,-1.4042636156082153,-0.4139321446418762,0.0
26.0,-1.4061663150787354,-0.4215688407421112,0.0
26.0,-1.4080283641815186,-0.4292319416999817,0.0
26.0,-1.4060288667678833,-0.4357371926307678,0.0
26.0,-1.4059067964553833,-0.4428339898586273,0.0
26.0,-1.4038443565368652,-0.44932928681373596,0.0
26.0,-1.4055559635162354,-0.45705196261405945,0.0
26.0,-1.4034278392791748,-0.46354547142982483,0.0
26.0,-1.4031658172607422,-0.4706651270389557,0.0
26.0,-1.4047611951828003,-0.47843700647354126,0.0
26.0,-1.4025341272354126,-0.48492664098739624,0.0
26.0,-1.4040515422821045,-0.4927304685115814,0.0
26.0,-1.4017584323883057,-0.49921664595603943,0.0
26.0,-1.4013164043426514,-0.5063718557357788,0.0
26.0,-1.402715802192688,-0.5142219662666321,0.0
26.0,-1.4003233909606934,-0.5207017660140991,0.0
26.0,-1.4016437530517578,-0.5285818576812744,0.0
26.0,-1.3991849422454834,-0.5350565314292908,0.0
26.0,-1.4022904634475708,-0.5436887145042419,0.0
26.0,-1.401623249053955,-0.5508978962898254,0.0
26.0,-1.3990612030029297,-0.5573722124099731,0.0
26.0,-1.4001784324645996,-0.5653321743011475,0.0
26.0,-1.3975496292114258,-0.5717996954917908,0.0
26.0,-1.4004337787628174,-0.5805526971817017,0.0
26.0,-1.3977346420288086,-0.5870212316513062,0.0
26.0,-1.400526762008667,-0.5958260297775269,0.0
26.0,-1.401430606842041,-0.6038777232170105,0.0
26.0,-1.3986237049102783,-0.6103506088256836,0.0
26.0,-1.3994455337524414,-0.6184272170066833,0.0
26.0,-1.3965712785720825,-0.6248907446861267,0.0
26.0,-1.3991327285766602,-0.6338168382644653,0.0
26.0,-1.3998231887817383,-0.6419461369514465,0.0
26.0,-1.3968403339385986,-0.6484111547470093,0.0
26.0,-1.399258017539978,-0.6574137806892395,0.0
26.0,-1.396203637123108,-0.6638760566711426,0.0
26.0,-1.3985260725021362,-0.6729256510734558,0.0
26.0,-1.3953999280929565,-0.6793843507766724,0.0
26.0,-1.3958321809768677,-0.6875961422920227,0.0
26.0,-1.3980083465576172,-0.6967185139656067,0.0
26.0,-1.3947722911834717,-0.7031745910644531,0.0
26.0,-1.3968513011932373,-0.7123413681983948,0.0
26.0,-1.393543004989624,-0.7187919616699219,0.0
26.0,-1.395524501800537,-0.7280022501945496,0.0
26.0,-1.397450566291809,-0.7372461557388306,0.0
26.0,-1.3940271139144897,-0.7436992526054382,0.0
26.0,-1.3976147174835205,-0.7539345622062683,0.0
26.0,-1.3941140174865723,-0.760388195514679,0.0
26.0,-1.395837664604187,-0.7697228789329529,0.0
26.0,-1.3922640085220337,-0.7761681079864502,0.0
26.0,-1.3938877582550049,-0.7855426073074341,0.0
26.0,-1.3954542875289917,-0.7949485182762146,0.0
26.0,-1.3917640447616577,-0.8013917207717896,0.0
26.0,-1.3932297229766846,-0.8108358383178711,0.0
26.0,-1.3894660472869873,-0.8172686100006104,0.0
26.0,-1.3925495147705078,-0.8277716636657715,0.0
26.0,-1.395565390586853,-0.8383206129074097,0.0
26.0,-1.391674518585205,-0.8447638750076294,0.0
26.0,-1.3928685188293457,-0.854326069355011,0.0
26.0,-1.3889037370681763,-0.8607566952705383,0.0
26.0,-1.3916897773742676,-0.8714145421981812,0.0
26.0,-1.3876460790634155,-0.8778395056724548,0.0
26.0,-1.3903136253356934,-0.8885539174079895,0.0
26.0,-1.3929115533828735,-0.8993116021156311,0.0
26.0,-1.3887388706207275,-0.9057419300079346,0.0
26.0,-1.392886996269226,-0.9176544547080994,0.0
26.0,-1.38862943649292,-0.924084484577179,0.0
26.0,-1.3909817934036255,-0.9349575638771057,0.0
26.0,-1.3932631015777588,-0.9458720684051514,0.0
26.0,-1.388875126838684,-0.9523035287857056,0.0
26.0,-1.3910343647003174,-0.9632691144943237,0.0
26.0,-1.3865660429000854,-0.9696900844573975,0.0
26.0,-1.3902361392974854,-0.9818592071533203,0.0
26.0,-1.3856818675994873,-0.9882762432098389,0.0
26.0,-1.387589454650879,-0.9993475675582886,0.0
26.0,-1.3894243240356445,-1.0104575157165527,0.0
26.0,-1.3847377300262451,-1.0168704986572266,0.0
26.0,-1.3816280364990234,-1.024453043937683,0.0
26.0,-1.3768768310546875,-1.030829906463623,0.0
26.0,-1.3689053058624268,-1.034772515296936,0.0
26.0,-1.3497977256774902,-1.03016996383667,0.0
26.0,-1.3450204133987427,-1.036399483680725,0.0
26.0,-1.3275858163833618,-1.0327826738357544,0.0
26.0,-1.3227967023849487,-1.0389095544815063,0.0
26.0,-1.3070091009140015,-1.036316156387329,0.0
26.0,-1.28971266746521,-1.0323492288589478,0.0
26.0,-1.284925937652588,-1.0383011102676392,0.0
26.0,-1.2661638259887695,-1.0328528881072998,0.0
26.0,-1.261375069618225,-1.0386956930160522,0.0
26.0,-1.2427172660827637,-1.0330102443695068,0.0
26.0,-1.2256711721420288,-1.028460144996643,0.0
26.0,-1.2209031581878662,-1.0341157913208008,0.0
26.0,-1.205467939376831,-1.0306516885757446,0.0
26.0,-1.2006900310516357,-1.036213994026184,0.0
26.0,-1.186838150024414,-1.0338720083236694,0.0
26.0,-1.1820454597473145,-1.0393481254577637,0.0
26.0,-1.1652607917785645,-1.0341814756393433,0.0
26.0,-1.1500390768051147,-1.0302165746688843,0.0
26.0,-1.1452637910842896,-1.0355225801467896,0.0
26.0,-1.1316001415252686,-1.032717227935791,0.0
26.0,-1.1165162324905396,-1.02845299243927,0.0
26.0,-1.111749291419983,-1.0336041450500488,0.0
26.0,-1.0967495441436768,-1.0291531085968018,0.0
26.0,-1.091979742050171,-1.0342128276824951,0.0
26.0,-1.0799578428268433,-1.0323405265808105,0.0
26.0,-1.0665374994277954,-1.028990626335144,0.0
26.0,-1.061768651008606,-1.0339106321334839,0.0
26.0,-1.0484187602996826,-1.0303971767425537,0.0
26.0,-1.043643593788147,-1.0352333784103394,0.0
26.0,-1.0303657054901123,-1.0315572023391724,0.0
26.0,-1.025585412979126,-1.0363099575042725,0.0
26.0,-1.010981559753418,-1.031044363975525,0.0
26.0,-0.9992356300354004,-1.028535008430481,0.0
26.0,-0.9944696426391602,-1.0331437587738037,0.0
26.0,-0.9827808737754822,-1.030493974685669,0.0
26.0,-0.9711380004882812,-1.027758240699768,0.0
26.0,-0.9663759469985962,-1.03223717212677,0.0
26.0,-0.9547926783561707,-1.029362440109253,0.0
26.0,-0.950023353099823,-1.0337657928466797,0.0
26.0,-0.9371547102928162,-1.0292739868164062,0.0
26.0,-0.9323859810829163,-1.0335958003997803,0.0
26.0,-0.9196008443832397,-1.028948187828064,0.0
26.0,-0.9095304012298584,-1.0271992683410645,0.0
26.0,-0.9047715663909912,-1.0313934087753296,0.0
26.0,-0.8934336304664612,-1.0280176401138306,0.0
26.0,-0.8834513425827026,-1.0260748863220215,0.0
26.0,-0.8786979913711548,-1.0301483869552612,0.0
26.0,-0.8687623143196106,-1.0280894041061401,0.0
26.0,-0.8639997839927673,-1.0320950746536255,0.0
26.0,-0.8528352975845337,-1.0283812284469604,0.0
26.0,-0.8480715751647949,-1.0323131084442139,0.0
26.0,-0.8382401466369629,-1.0300180912017822,0.0
26.0,-0.8284481763839722,-1.0276545286178589,0.0
26.0,-0.8236880898475647,-1.0314737558364868,0.0
26.0,-0.812706470489502,-1.0274279117584229,0.0
26.0,-0.80794757604599,-1.0311743021011353,0.0
26.0,-0.7982666492462158,-1.0285788774490356,0.0
26.0,-0.788627028465271,-1.0259159803390503,0.0
26.0,-0.7838754057884216,-1.0295510292053223,0.0
26.0,-0.7754944562911987,-1.0283735990524292,0.0
26.0,-0.7707316279411316,-1.0319480895996094,0.0
26.0,-0.7611948251724243,-1.0290687084197998,0.0
26.0,-0.7517012357711792,-1.0261234045028687,0.0
26.0,-0.7469490170478821,-1.029587745666504,0.0
26.0,-0.7375131249427795,-1.0265332460403442,0.0
26.0,-0.7327591776847839,-1.0299320220947266,0.0
26.0,-0.7245339155197144,-1.028403878211975,0.0
26.0,-0.716338574886322,-1.0268218517303467,0.0
26.0,-0.7115834951400757,-1.0301227569580078,0.0
26.0,-0.7022968530654907,-1.0267983675003052,0.0
26.0,-0.697542130947113,-1.0300344228744507,0.0
26.0,-0.6883172988891602,-1.0266036987304688,0.0
26.0,-0.6813514232635498,-1.026442527770996,0.0
26.0,-0.6765984892845154,-1.0295816659927368,0.0
26.0,-0.6674685478210449,-1.0259929895401,0.0
26.0,-0.662717878818512,-1.0290679931640625,0.0
26.0,-0.6547278165817261,-1.0270615816116333,0.0
26.0,-0.64783775806427,-1.0266947746276855,0.0
26.0,-0.6430840492248535,-1.0296790599822998,0.0
26.0,-0.6351617574691772,-1.0275375843048096,0.0
26.0,-0.6304042935371399,-1.0304630994796753,0.0
26.0,-0.6214901208877563,-1.0265233516693115,0.0
26.0,-0.6136537790298462,-1.0242388248443604,0.0
26.0,-0.6089117527008057,-1.0270649194717407,0.0
26.0,-0.6021327972412109,-1.0264191627502441,0.0
26.0,-0.5973808765411377,-1.0291920900344849,0.0
26.0,-0.5896281599998474,-1.0267398357391357,0.0
26.0,-0.5848748087882996,-1.0294549465179443,0.0
26.0,-0.5771692395210266,-1.0269174575805664,0.0
26.0,-0.5704716444015503,-1.0260790586471558,0.0
26.0,-0.5657215714454651,-1.0287055969238281,0.0
26.0,-0.5580925345420837,-1.0260393619537354,0.0
26.0,-0.5514478087425232,-1.0250860452651978,0.0
26.0,-0.5467025637626648,-1.0276246070861816,0.0
26.0,-0.5391520857810974,-1.0248311758041382,0.0
26.0,-0.5344080924987793,-1.027312994003296,0.0
26.0,-0.5278232097625732,-1.0262157917022705,0.0
26.0,-0.5230730175971985,-1.0286450386047363,0.0
26.0,-0.5156167149543762,-1.0256916284561157,0.0
26.0,-0.5090890526771545,-1.0244824886322021,0.0
26.0,-0.5043470859527588,-1.0268253087997437,0.0
26.0,-0.49697399139404297,-1.0237483978271484,0.0
26.0,-0.4922355115413666,-1.026035189628601,0.0
26.0,-0.4849162697792053,-1.0228784084320068,0.0
26.0,-0.47848519682884216,-1.0214871168136597,0.0
26.0,-0.47375738620758057,-1.0236884355545044,0.0
26.0,-0.46735620498657227,-1.0222299098968506,0.0
26.0,-0.46262505650520325,-1.0243797302246094,0.0
26.0,-0.4570693075656891,-1.0246812105178833,0.0
26.0,-0.4507143795490265,-1.023123025894165,0.0
26.0,-0.4459792673587799,-1.025195837020874,0.0
26.0,-0.43965595960617065,-1.023571491241455,0.0
26.0,-0.43491891026496887,-1.0255931615829468,0.0
26.0,-0.42862799763679504,-1.0239033699035645,0.0
26.0,-0.42236196994781494,-1.0221772193908691,0.0
26.0,-0.4176315367221832,-1.0241190195083618,0.0
26.0,-0.41214555501937866,-1.0241835117340088,0.0
26.0,-0.4074059724807739,-1.0260781049728394,0.0
26.0,-0.4011988043785095,-1.0242263078689575,0.0
26.0,-0.39573830366134644,-1.0242047309875488,0.0
26.0,-0.3909987807273865,-1.0260233879089355,0.0
26.0,-0.38625091314315796,-1.0278202295303345,0.0
26.0,-0.38149479031562805,-1.0295950174331665,0.0
26.0,-0.3767305314540863,-1.0313477516174316,0.0
26.0,-0.3719581961631775,-1.0330785512924194,0.0
26.0,-0.3665090799331665,-1.0329022407531738,0.0
26.0,-0.3604094982147217,-1.0308098793029785,0.0
26.0,-0.35563981533050537,-1.0324652194976807,0.0
26.0,-0.3495773673057556,-1.0303105115890503,0.0
26.0,-0.3448100984096527,-1.0319157838821411,0.0
26.0,-0.3387853503227234,-1.0296992063522339,0.0
26.0,-0.3334047794342041,-1.029351830482483,0.0
26.0,-0.3286421298980713,-1.0308823585510254,0.0
26.0,-0.32327380776405334,-1.030482530593872,0.0
26.0,-0.31850606203079224,-1.0319660902023315,0.0
26.0,-0.3125694990158081,-1.0296000242233276,0.0
26.0,-0.3072338104248047,-1.0291178226470947,0.0
26.0,-0.3024725317955017,-1.0305272340774536,0.0
26.0,-0.2971504032611847,-1.0299930572509766,0.0
26.0,-0.29238519072532654,-1.031355857849121,0.0
26.0,-0.28654053807258606,-1.0288432836532593,0.0
26.0,-0.28125306963920593,-1.0282279253005981,0.0
26.0,-0.27649617195129395,-1.0295172929763794,0.0
26.0,-0.270713746547699,-1.0269168615341187,0.0
26.0,-0.26596304774284363,-1.0281574726104736,0.0
26.0,-0.26071470975875854,-1.027437448501587,0.0
26.0,-0.25547876954078674,-1.0266910791397095,0.0
26.0,-0.2507292628288269,-1.02786123752594,0.0
26.0,-0.24550941586494446,-1.027064323425293,0.0
26.0,-0.2407582849264145,-1.0281884670257568,0.0
26.0,-0.23555505275726318,-1.0273411273956299,0.0
26.0,-0.2308027595281601,-1.0284192562103271,0.0
26.0,-0.22561660408973694,-1.0275218486785889,0.0
26.0,-0.2200237661600113,-1.024643063545227,0.0
26.0,-0.21528410911560059,-1.0256494283676147,0.0
26.0,-0.21053984761238098,-1.0266337394714355,0.0
26.0,-0.20579108595848083,-1.0275962352752686,0.0
26.0,-0.2006542831659317,-1.026573896408081,0.0
26.0,-0.19553132355213165,-1.0255260467529297,0.0
26.0,-0.19078783690929413,-1.0264190435409546,0.0
26.0,-0.18568389117717743,-1.0253221988677979,0.0
26.0,-0.18094146251678467,-1.026169776916504,0.0
26.0,-0.17585696280002594,-1.0250240564346313,0.0
26.0,-0.17111600935459137,-1.025826096534729,0.0
26.0,-0.1660514622926712,-1.0246320962905884,0.0
26.0,-0.16100162267684937,-1.0234131813049316,0.0
26.0,-0.15626828372478485,-1.024146556854248,0.0
26.0,-0.1512390822172165,-1.022879719734192,0.0
26.0,-0.14650830626487732,-1.0235679149627686,0.0
26.0,-0.14177440106868744,-1.024234414100647,0.0
26.0,-0.13677239418029785,-1.0228965282440186,0.0
26.0,-0.13204170763492584,-1.0235178470611572,0.0
26.0,-0.12706147134304047,-1.0221327543258667,0.0
26.0,-0.12233441323041916,-1.0227092504501343,0.0
26.0,-0.11760473996400833,-1.023263931274414,0.0
26.0,-0.11287254840135574,-1.0237966775894165,0.0
26.0,-0.10813795030117035,-1.0243076086044312,0.0
26.0,-0.103200264275074,-1.0228067636489868,0.0
26.0,-0.09847034513950348,-1.02327299118042,0.0
26.0,-0.09373831748962402,-1.0237172842025757,0.0
26.0,-0.08900429308414459,-1.0241397619247437,0.0
26.0,-0.08410441875457764,-1.0225470066070557,0.0
26.0,-0.07937590032815933,-1.0229250192642212,0.0
26.0,-0.07464569061994553,-1.0232809782028198,0.0
26.0,-0.06991388648748398,-1.0236152410507202,0.0
26.0,-0.06518058478832245,-1.0239274501800537,0.0
26.0,-0.060445886105298996,-1.024217963218689,0.0
26.0,-0.05560130625963211,-1.0224894285202026,0.0
26.0,-0.05087336152791977,-1.022735595703125,0.0
26.0,-0.046144332736730576,-1.02295982837677,0.0
26.0,-0.04141431301832199,-1.0231622457504272,0.0
26.0,-0.03668341040611267,-1.0233427286148071,0.0
26.0,-0.031951725482940674,-1.0235013961791992,0.0
26.0,-0.02721935510635376,-1.0236382484436035,0.0
26.0,-0.02244248241186142,-1.0217535495758057,0.0
26.0,-0.017718294635415077,-1.0218462944030762,0.0
26.0,-0.012993729673326015,-1.0219173431396484,0.0
26.0,-0.008285068906843662,-1.0239665508270264,0.0
26.0,-0.0035508018918335438,-1.0239938497543335,0.0
26.0,0.0011835411423817277,-1.0239993333816528,0.0
26.0,0.005917858798056841,-1.0239830017089844,0.0
26.0,0.010631244629621506,-1.0219446420669556,0.0
26.0,0.01535596139729023,-1.021884560585022,0.0
26.0,0.02008035033941269,-1.0218026638031006,0.0
26.0,0.024804310873150826,-1.0216989517211914,0.0
26.0,0.029527738690376282,-1.0215733051300049,0.0
26.0,0.03425053879618645,-1.0214258432388306,0.0
26.0,0.038972605019807816,-1.0212565660476685,0.0
26.0,0.04369383677840233,-1.0210654735565186,0.0
26.0,0.048414137214422226,-1.0208525657653809,0.0
26.0,0.05313339829444885,-1.0206178426742554,0.0
26.0,0.05785152688622475,-1.020361304283142,0.0
26.0,0.06256841868162155,-1.0200828313827515,0.0
26.0,0.06741565465927124,-1.0217784643173218,0.0
26.0,0.07213899493217468,-1.0214558839797974,0.0
26.0,0.07686079293489456,-1.0211113691329956,0.0
26.0,0.08158095180988312,-1.0207451581954956,0.0
26.0,0.0862993597984314,-1.0203570127487183,0.0
26.0,0.09101593494415283,-1.0199471712112427,0.0
26.0,0.09573055803775787,-1.0195153951644897,0.0
26.0,0.10044313222169876,-1.0190619230270386,0.0
26.0,0.10515356063842773,-1.0185866355895996,0.0
26.0,0.10986173897981644,-1.0180896520614624,0.0
26.0,0.11479133367538452,-1.0195581912994385,0.0
26.0,0.11950390785932541,-1.0190166234970093,0.0
26.0,0.12421392649412155,-1.0184532403945923,0.0
26.0,0.1289212852716446,-1.0178680419921875,0.0
26.0,0.13336540758609772,-1.0152782201766968,0.0
26.0,0.13832764327526093,-1.0166324377059937,0.0
26.0,0.1430264264345169,-1.0159820318222046,0.0
26.0,0.14801011979579926,-1.0172890424728394,0.0
26.0,0.15271183848381042,-1.0165938138961792,0.0
26.0,0.1577165424823761,-1.0178533792495728,0.0
26.0,0.16242077946662903,-1.0171133279800415,0.0
26.0,0.1671215295791626,-1.0163514614105225,0.0
26.0,0.17181871831417084,-1.0155678987503052,0.0
26.0,0.1765122264623642,-1.0147627592086792,0.0
26.0,0.1812019646167755,-1.0139358043670654,0.0
26.0,0.18588782846927643,-1.0130871534347534,0.0
26.0,0.1909397542476654,-1.0141823291778564,0.0
26.0,0.19600580632686615,-1.0152525901794434,0.0
26.0,0.20069760084152222,-1.0143355131149292,0.0
26.0,0.2065768837928772,-1.0192770957946777,0.0
26.0,0.21128717064857483,-1.0183111429214478,0.0
26.0,0.21640832722187042,-1.019279956817627,0.0
26.0,0.22069409489631653,-1.016313910484314,0.0
26.0,0.22539053857326508,-1.0152827501296997,0.0
26.0,0.23096710443496704,-1.0181307792663574,0.0
26.0,0.23567183315753937,-1.0170520544052124,0.0
26.0,0.24083200097084045,-1.0178978443145752,0.0
26.0,0.24600501358509064,-1.0187175273895264,0.0
26.0,0.2507123053073883,-1.0175693035125732,0.0
26.0,0.25590163469314575,-1.018338918685913,0.0
26.0,0.2606070637702942,-1.0171449184417725,0.0
26.0,0.26530691981315613,-1.0159292221069336,0.0
26.0,0.2700011134147644,-1.014691710472107,0.0
26.0,0.27521276473999023,-1.0153629779815674,0.0
26.0,0.28043636679649353,-1.016007661819458,0.0
26.0,0.28513073921203613,-1.014700174331665,0.0
26.0,0.2903689742088318,-1.0152939558029175,0.0
26.0,0.2950599491596222,-1.013940691947937,0.0
26.0,0.3003123104572296,-1.0144833326339722,0.0
26.0,0.305575966835022,-1.0149991512298584,0.0
26.0,0.3102654218673706,-1.0135754346847534,0.0
26.0,0.3155425190925598,-1.0140399932861328,0.0
26.0,0.3202274441719055,-1.0125702619552612,0.0
26.0,0.32551735639572144,-1.012982964515686,0.0
26.0,0.3314386010169983,-1.0152696371078491,0.0
26.0,0.3361290395259857,-1.0137263536453247,0.0
26.0,0.3420887589454651,-1.015952467918396,0.0
26.0,0.34678223729133606,-1.014359951019287,0.0
26.0,0.35212400555610657,-1.0146352052688599,0.0
26.0,0.3568112850189209,-1.0129964351654053,0.0
26.0,0.36216408014297485,-1.0132192373275757,0.0
26.0,0.36684468388557434,-1.0115339756011963,0.0
26.0,0.3728986084461212,-1.0135811567306519,0.0
26.0,0.37827998399734497,-1.0137200355529785,0.0
26.0,0.38296276330947876,-1.0119602680206299,0.0
26.0,0.3883538544178009,-1.0120460987091064,0.0
26.0,0.39302876591682434,-1.0102397203445435,0.0
26.0,0.3984290063381195,-1.0102723836898804,0.0
26.0,0.40532270073890686,-1.013990879058838,0.0
26.0,0.41000640392303467,-1.0121060609817505,0.0
26.0,0.41620033979415894,-1.0139000415802002,0.0
26.0,0.42088353633880615,-1.0119649171829224,0.0
26.0,0.42633432149887085,-1.0118513107299805,0.0
26.0,0.43257805705070496,-1.0135483741760254,0.0
26.0,0.4372594654560089,-1.0115375518798828,0.0
26.0,0.44353556632995605,-1.013169288635254,0.0
26.0,0.4482150971889496,-1.0111078023910522,0.0
26.0,0.4545229971408844,-1.01267409324646,0.0
26.0,0.45920008420944214,-1.0105618238449097,0.0
26.0,0.46470317244529724,-1.0102449655532837,0.0
26.0,0.4702131152153015,-1.0098987817764282,0.0
26.0,0.4748772382736206,-1.007714033126831,0.0
26.0,0.4821139872074127,-1.0109233856201172,0.0
26.0,0.4867826998233795,-1.0086835622787476,0.0
26.0,0.4949513077735901,-1.0136109590530396,0.0
26.0,0.499632328748703,-1.0113117694854736,0.0
26.0,0.5060909390449524,-1.0125689506530762,0.0
26.0,0.5125718712806702,-1.0137879848480225,0.0
26.0,0.5172535181045532,-1.0114073753356934,0.0
26.0,0.5237618684768677,-1.012557864189148,0.0
26.0,0.5284376740455627,-1.0101255178451538,0.0
26.0,0.5340374708175659,-1.0094393491744995,0.0
26.0,0.5415290594100952,-1.0122500658035278,0.0
26.0,0.5462033152580261,-1.0097355842590332,0.0
26.0,0.5547046661376953,-1.0142183303833008,0.0
26.0,0.5593878030776978,-1.0116428136825562,0.0
26.0,0.5660107731819153,-1.0125372409820557,0.0
26.0,0.5726540088653564,-1.0133920907974243,0.0
26.0,0.5773331522941589,-1.0107336044311523,0.0
26.0,0.5859999656677246,-1.0149818658828735,0.0
26.0,0.5906863808631897,-1.0122617483139038,0.0
26.0,0.5963760614395142,-1.0112426280975342,0.0
26.0,0.6010450720787048,-1.008474588394165,0.0
26.0,0.6087967157363892,-1.0108246803283691,0.0
26.0,0.6155431866645813,-1.0114160776138306,0.0
26.0,0.6202127933502197,-1.0085594654083252,0.0
26.0,0.6259245872497559,-1.0073798894882202,0.0
26.0,0.63057541847229,-1.0044753551483154,0.0
26.0,0.6394974589347839,-1.0083049535751343,0.0
26.0,0.6441524028778076,-1.0053375959396362,0.0
26.0,0.6520538926124573,-1.0073856115341187,0.0
26.0,0.6599879264831543,-1.009381890296936,0.0
26.0,0.6646475791931152,-1.0063197612762451,0.0
26.0,0.6726229190826416,-1.0082273483276367,0.0
26.0,0.677277147769928,-1.005106806755066,0.0
26.0,0.6841674447059631,-1.005271553993225,0.0
26.0,0.693339467048645,-1.008690357208252,0.0
26.0,0.6979956030845642,-1.0054740905761719,0.0
26.0,0.7072292566299438,-1.0087867975234985,0.0
26.0,0.7118856906890869,-1.005506157875061,0.0
26.0,0.7200165390968323,-1.0070850849151611,0.0
26.0,0.7246649265289307,-1.003745436668396,0.0
26.0,0.7328324317932129,-1.005232572555542,0.0
26.0,0.7422147393226624,-1.008276343345642,0.0
26.0,0.7468684315681458,-1.0048340559005737,0.0
26.0,0.7563081383705139,-1.0077687501907349,0.0
26.0,0.7609593868255615,-1.0042613744735718,0.0
26.0,0.7692400217056274,-1.0054978132247925,0.0
26.0,0.7787708044052124,-1.0082619190216064,0.0
26.0,0.7834240794181824,-1.004650592803955,0.0
26.0,0.7930091023445129,-1.0073035955429077,0.0
26.0,0.7976577281951904,-1.0036264657974243,0.0
26.0,0.8072958588600159,-1.0061676502227783,0.0
26.0,0.8119391202926636,-1.0024244785308838,0.0
26.0,0.8228949904441833,-1.0064014196395874,0.0
26.0,0.8326317071914673,-1.0087558031082153,0.0
26.0,0.837286651134491,-1.0048954486846924,0.0
26.0,0.8470731377601624,-1.0071361064910889,0.0
26.0,0.8517204523086548,-1.0032089948654175,0.0
26.0,0.8615553379058838,-1.0053349733352661,0.0
26.0,0.8661941289901733,-1.0013409852981567,0.0
26.0,0.8773915767669678,-1.004858136177063,0.0
26.0,0.8873175978660583,-1.006792664527893,0.0
26.0,0.8919628858566284,-1.002679467201233,0.0
26.0,0.9032701253890991,-1.0059856176376343,0.0
26.0,0.907911479473114,-1.0017987489700317,0.0
26.0,0.9192829728126526,-1.0049690008163452,0.0
26.0,0.9307030439376831,-1.0080554485321045,0.0
26.0,0.935353696346283,-1.00374174118042,0.0
26.0,0.9468355774879456,-1.0066907405853271,0.0
26.0,0.9514797925949097,-1.0023024082183838,0.0
26.0,0.9644055962562561,-1.0065574645996094,0.0
26.0,0.9690489768981934,-1.002087950706482,0.0
26.0,0.9862440824508667,-1.0104783773422241,0.0
26.0,1.0035372972488403,-1.0187309980392456,0.0
26.0,1.0082365274429321,-1.014080286026001,0.0
26.0,1.0270808935165405,-1.0235257148742676,0.0
26.0,1.0318020582199097,-1.018766164779663,0.0
26.0,1.0507978200912476,-1.0279709100723267,0.0
26.0,1.0555392503738403,-1.0231016874313354,0.0
26.0,1.0761258602142334,-1.0334490537643433,0.0
26.0,1.0968306064605713,-1.0436277389526367,0.0
26.0,1.1016439199447632,-1.0385454893112183,0.0
26.0,1.122511386871338,-1.0484580993652344,0.0
26.0,1.1273467540740967,-1.0432571172714233,0.0
26.0,1.1498479843139648,-1.0542529821395874,0.0
26.0,1.1547099351882935,-1.048925518989563,0.0
26.0,1.1758997440338135,-1.0582928657531738,0.0
26.0,1.1972005367279053,-1.0674861669540405,0.0
26.0,1.2021231651306152,-1.0619397163391113,0.0
26.0,1.223575234413147,-1.070859432220459,0.0
26.0,1.2285131216049194,-1.0651909112930298,0.0
26.0,1.2546645402908325,-1.077744483947754,0.0
26.0,1.2596338987350464,-1.071932077407837,0.0
26.0,1.2844548225402832,-1.0828553438186646,0.0
26.0,1.1541846990585327,-0.9549145698547363,0.0
26.0,1.1585873365402222,-0.9495680928230286,0.0
26.0,1.1629650592803955,-0.9442014098167419,0.0
26.0,1.1673181056976318,-0.9388144612312317,0.0
26.0,1.1935460567474365,-0.9508543610572815,0.0
26.0,1.1979293823242188,-0.9453259706497192,0.0
26.0,1.202287197113037,-0.9397774338722229,0.0
26.0,1.2066192626953125,-0.9342087507247925,0.0
26.0,1.2363184690475464,-0.9480931162834167,0.0
26.0,1.2629859447479248,-0.9593030214309692,0.0
26.0,1.267407774925232,-0.9534534811973572,0.0
26.0,1.2958592176437378,-0.9655076861381531,0.0
26.0,1.3003093004226685,-0.9595061540603638,0.0
26.0,1.33218252658844,-0.9735449552536011,0.0
26.0,1.3366693258285522,-0.9673753380775452,0.0
26.0,1.3671373128890991,-0.9798263311386108,0.0
26.0,1.3961174488067627,-0.9908581972122192,0.0
26.0,1.4006836414337158,-0.9843928217887878,0.0
26.0,1.4298441410064697,-0.995042622089386,0.0
26.0,1.4344292879104614,-0.9884212613105774,0.0
26.0,1.4637653827667236,-0.9986866116523743,0.0
26.0,1.4683669805526733,-0.9919083714485168,0.0
26.0,1.4928867816925049,-0.9984513521194458,0.0
26.0,1.5141627788543701,-1.002580165863037,0.0
26.0,1.5187819004058838,-0.9955688714981079,0.0
26.0,1.5435012578964233,-1.001600742340088,0.0
26.0,1.5481154918670654,-0.9944538474082947,0.0
26.0,1.5678861141204834,-0.9969438910484314,0.0
26.0,1.5724786520004272,-0.9896843433380127,0.0
26.0,1.5804325342178345,-0.9845185279846191,0.0
26.0,1.5781577825546265,-0.9730026125907898,0.0
26.0,1.582639455795288,-0.9656957983970642,0.0
26.0,1.5751028060913086,-0.9511314630508423,0.0
26.0,1.5794835090637207,-0.9438390135765076,0.0
26.0,1.57694411277771,-0.932454526424408,0.0
26.0,1.5760595798492432,-0.9221237897872925,0.0
26.0,1.580306053161621,-0.9148272275924683,0.0
26.0,1.5827832221984863,-0.9065171480178833,0.0
26.0,1.5869574546813965,-0.8991896510124207,0.0
26.0,1.599820852279663,-0.8967323899269104,0.0
26.0,1.6196918487548828,-0.8980546593666077,0.0
26.0,1.6238266229629517,-0.8905566334724426,0.0
26.0,1.6455068588256836,-0.8925756216049194,0.0
26.0,1.649616003036499,-0.8849582672119141,0.0
26.0,1.6678239107131958,-0.8848205208778381,0.0
26.0,1.6718969345092773,-0.8771001100540161,0.0
26.0,1.688361644744873,-0.8758074045181274,0.0
26.0,1.6923928260803223,-0.8679921627044678,0.0
26.0,1.4620800018310547,-0.7160351276397705,0.0
26.0,1.4653748273849487,-0.7092677354812622,0.0
26.0,1.4686384201049805,-0.7024851441383362,0.0
26.0,1.4718705415725708,-0.6956875920295715,0.0
26.0,1.493192434310913,-0.6973379850387573,0.0
26.0,1.4964005947113037,-0.6904269456863403,0.0
26.0,1.4995766878128052,-0.683501124382019,0.0
26.0,1.5027207136154175,-0.6765607595443726,0.0
26.0,1.5204523801803589,-0.6761069297790527,0.0
26.0,1.5235620737075806,-0.6690700650215149,0.0
26.0,1.5394834280014038,-0.6675887703895569,0.0
26.0,1.5535849332809448,-0.6651872992515564,0.0
26.0,1.5566437244415283,-0.6579973697662354,0.0
26.0,1.5652064085006714,-0.6531038880348206,0.0
26.0,1.5682092905044556,-0.6458603739738464,0.0
26.0,1.56747305393219,-0.6370969414710999,0.0
26.0,1.5704017877578735,-0.6298431158065796,0.0
26.0,1.5677179098129272,-0.6203681230545044,0.0
26.0,1.5668432712554932,-0.6116587519645691,0.0
26.0,1.5696544647216797,-0.6044080853462219,0.0
26.0,1.5649532079696655,-0.5943043828010559,0.0
26.0,1.5676841735839844,-0.587062656879425,0.0
26.0,1.5666290521621704,-0.5784229636192322,0.0
26.0,1.5636485815048218,-0.5691215395927429,0.0
26.0,1.5662630796432495,-0.5618861317634583,0.0
26.0,1.5650728940963745,-0.553305447101593,0.0
26.0,1.567614197731018,-0.5460636019706726,0.0
26.0,1.564447045326233,-0.5368626117706299,0.0
26.0,1.5631229877471924,-0.5283430218696594,0.0
26.0,1.5655490159988403,-0.521110475063324,0.0
26.0,1.5641405582427979,-0.5126210451126099,0.0
26.0,1.5664938688278198,-0.5053839683532715,0.0
26.0,1.5650012493133545,-0.4969255328178406,0.0
26.0,1.56728196144104,-0.4896846413612366,0.0
26.0,1.5657057762145996,-0.4812580347061157,0.0
26.0,1.5621708631515503,-0.4722777307033539,0.0
26.0,1.5643376111984253,-0.46505019068717957,0.0
26.0,1.5626317262649536,-0.45669063925743103,0.0
26.0,1.5628042221069336,-0.4489089548587799,0.0
26.0,1.5648629665374756,-0.4416787326335907,0.0
26.0,1.5630335807800293,-0.43337032198905945,0.0
26.0,1.5650205612182617,-0.4261392056941986,0.0
26.0,1.5611776113510132,-0.4173494279384613,0.0
26.0,1.5592213869094849,-0.409111887216568,0.0
26.0,1.56109619140625,-0.40189865231513977,0.0
26.0,1.5571202039718628,-0.3932077884674072,0.0
26.0,1.5589215755462646,-0.3860044479370117,0.0
26.0,1.5490281581878662,-0.3759625256061554,0.0
26.0,1.5507497787475586,-0.36879676580429077,0.0
26.0,1.5407512187957764,-0.3589007556438446,0.0
26.0,1.566230058670044,-0.15620256960391998,0.0
26.0,1.5669355392456055,-0.14895963668823242,0.0
26.0,1.5676075220108032,-0.14171351492404938,0.0
26.0,1.5682458877563477,-0.13446436822414398,0.0
26.0,1.558883547782898,-0.12640413641929626,0.0
26.0,1.5594513416290283,-0.11919549107551575,0.0
26.0,1.5599857568740845,-0.11198429018259048,0.0
26.0,1.5545002222061157,-0.10436876118183136,0.0
26.0,1.5549662113189697,-0.09718061238527298,0.0
26.0,1.5553988218307495,-0.08999038487672806,0.0
26.0,1.5557982921600342,-0.08279823511838913,0.0
26.0,1.5601598024368286,-0.07579842954874039,0.0
26.0,1.570483922958374,-0.069023497402668,0.0
26.0,1.5707862377166748,-0.061761826276779175,0.0
26.0,1.5790503025054932,-0.054776184260845184,0.0
26.0,1.5792865753173828,-0.04747506231069565,0.0
26.0,1.589486002922058,-0.04042718559503555,0.0
26.0,1.599653720855713,-0.03328600153326988,0.0
26.0,1.5997905731201172,-0.02588985301554203,0.0
26.0,1.6118923425674438,-0.018631847575306892,0.0
26.0,1.6119612455368042,-0.011179269291460514,0.0
26.0,1.6199957132339478,-0.0037449460942298174,0.0
26.0,1.6199957132339478,0.0037449372466653585,0.0
26.0,1.6299607753753662,0.011304090730845928,0.0
26.0,1.639890432357788,0.018955467268824577,0.0
26.0,1.6397852897644043,0.026537088677287102,0.0
26.0,1.649642825126648,0.034326180815696716,0.0
26.0,1.6494665145874023,0.04195272549986839,0.0
26.0,1.6612495183944702,0.04993894696235657,0.0
26.0,1.6610008478164673,0.05761898681521416,0.0
26.0,1.6707091331481934,0.06569068878889084,0.0
26.0,1.4355424642562866,0.23094084858894348,0.0
26.0,1.4344594478607178,0.23757542669773102,0.0
26.0,1.4333456754684448,0.24420493841171265,0.0
26.0,1.4322013854980469,0.25082921981811523,0.0
26.0,1.44162118434906,0.2662408649921417,0.0
26.0,1.4403748512268066,0.272903174161911,0.0
26.0,1.4390977621078491,0.2795596420764923,0.0
26.0,1.437789797782898,0.28621014952659607,0.0
26.0,1.4482094049453735,0.2952516973018646,0.0
26.0,1.446828842163086,0.30194416642189026,0.0
26.0,1.4591087102890015,0.31155356764793396,0.0
26.0,1.4713305234909058,0.3212829530239105,0.0
26.0,1.4698293209075928,0.32808202505111694,0.0
26.0,1.4799963235855103,0.33754241466522217,0.0
26.0,1.4784198999404907,0.3443813621997833,0.0
26.0,1.4904320240020752,0.35445207357406616,0.0
26.0,1.5082131624221802,0.366056352853775,0.0
26.0,1.5065046548843384,0.37302547693252563,0.0
26.0,1.5260941982269287,0.3853730261325836,0.0
26.0,1.5242961645126343,0.392424613237381,0.0
26.0,1.5456798076629639,0.40555882453918457,0.0
26.0,1.5437883138656616,0.41270074248313904,0.0
26.0,1.5669503211975098,0.42666465044021606,0.0
26.0,1.5823065042495728,0.4387139678001404,0.0
26.0,1.58026123046875,0.4460248649120331,0.0
26.0,1.591638207435608,0.4571914076805115,0.0
26.0,1.5895073413848877,0.46454524993896484,0.0
26.0,1.6026793718338013,0.47644850611686707,0.0
26.0,1.600459337234497,0.48385319113731384,0.0
26.0,1.6115872859954834,0.4953608214855194,0.0
26.0,1.6226428747177124,0.5069816708564758,0.0
26.0,1.6202815771102905,0.514478325843811,0.0
26.0,1.6312092542648315,0.5262625217437744,0.0
26.0,1.6287587881088257,0.5337985754013062,0.0
26.0,1.639556884765625,0.545744776725769,0.0
26.0,1.6370161771774292,0.5533192157745361,0.0
26.0,1.6476824283599854,0.5654259920120239,0.0
26.0,1.6563827991485596,0.576985239982605,0.0
26.0,1.6536974906921387,0.5846371650695801,0.0
26.0,1.4358502626419067,0.5226067900657654,0.0
26.0,1.4334187507629395,0.5292396545410156,0.0
26.0,1.4309566020965576,0.5358612537384033,0.0
26.0,1.4284638166427612,0.5424713492393494,0.0
26.0,1.4390053749084473,0.5541006326675415,0.0
26.0,1.436428189277649,0.5607478022575378,0.0
26.0,1.4505574703216553,0.5740060210227966,0.0
26.0,1.4645944833755493,0.5874068140983582,0.0
26.0,1.4618630409240723,0.594171941280365,0.0
26.0,1.4738948345184326,0.6070173382759094,0.0
26.0,1.4710725545883179,0.6138252019882202,0.0
26.0,1.484798550605774,0.6276282072067261,0.0
26.0,1.5002665519714355,0.6423583626747131,0.0
26.0,1.4972805976867676,0.649287760257721,0.0
26.0,1.5144060850143433,0.6650491952896118,0.0
26.0,1.511315107345581,0.6720437407493591,0.0
26.0,1.5264286994934082,0.68723464012146,0.0
26.0,1.5232350826263428,0.6942845582962036,0.0
26.0,1.5290889739990234,0.7055090665817261,0.0
26.0,1.5312471389770508,0.7151099443435669,0.0
26.0,1.5279245376586914,0.7221818566322327,0.0
26.0,1.5281777381896973,0.7309643030166626,0.0
26.0,1.5247819423675537,0.7380217909812927,0.0
26.0,1.5267419815063477,0.7477025389671326,0.0
26.0,1.5232688188552856,0.7547532320022583,0.0
26.0,1.5251268148422241,0.7644764184951782,0.0
26.0,1.5269274711608887,0.7742329239845276,0.0
26.0,1.5233315229415894,0.7812842130661011,0.0
26.0,1.525029182434082,0.7910816073417664,0.0
26.0,1.521355390548706,0.7981239557266235,0.0
26.0,1.5247161388397217,0.808898389339447,0.0
26.0,1.526247262954712,0.818775475025177,0.0
26.0,1.5224454402923584,0.8258231282234192,0.0
26.0,1.523871898651123,0.8357383608818054,0.0
26.0,1.5199916362762451,0.8427748680114746,0.0
26.0,1.517823576927185,0.8507711887359619,0.0
26.0,1.5121338367462158,0.8567936420440674,0.0
26.0,1.508156418800354,0.8637756705284119,0.0
26.0,1.4851068258285522,0.8597171306610107,0.0
26.0,1.4811161756515503,0.8665741682052612,0.0
26.0,1.2613896131515503,1.124720573425293,0.0
26.0,1.2561761140823364,1.130540370941162,0.0
26.0,1.2509357929229736,1.136336088180542,0.0
26.0,1.2456687688827515,1.1421074867248535,0.0
26.0,1.228631854057312,1.1369872093200684,0.0
26.0,1.2233619689941406,1.1426554918289185,0.0
26.0,1.2180659770965576,1.1482993364334106,0.0
26.0,1.2054994106292725,1.147025465965271,0.0
26.0,1.200183391571045,1.1525866985321045,0.0
26.0,1.191969394683838,1.155339241027832,0.0
26.0,1.1823261976242065,1.1566420793533325,0.0
26.0,1.1769659519195557,1.1620960235595703,0.0
26.0,1.1659139394760132,1.1618781089782715,0.0
26.0,1.1605297327041626,1.1672561168670654,0.0
26.0,1.1438921689987183,1.1612107753753662,0.0
26.0,1.1343203783035278,1.1621931791305542,0.0
26.0,1.1289349794387817,1.1674251556396484,0.0
26.0,0.9591881036758423,1.3030281066894531,0.0
26.0,0.9531534910202026,1.3074488639831543,0.0
26.0,0.947098433971405,1.3118417263031006,0.0
26.0,0.9410232305526733,1.316206455230713,0.0
26.0,0.926838219165802,1.3091168403625488,0.0
26.0,0.9207757711410522,1.3133879899978638,0.0
26.0,0.9112721085548401,1.3127022981643677,0.0
26.0,0.9051932692527771,1.316901445388794,0.0
26.0,0.8968445062637329,1.317765474319458,0.0
26.0,0.8907423615455627,1.3218978643417358,0.0
26.0,0.8835113048553467,1.3243381977081299,0.0
26.0,0.8762767314910889,1.326740026473999,0.0
26.0,0.8701333403587341,1.3307772874832153,0.0
26.0,0.8628846406936646,1.3331069946289062,0.0
26.0,0.8567119836807251,1.3370821475982666,0.0
26.0,0.8505209684371948,1.3410288095474243,0.0
26.0,0.8443118333816528,1.3449467420578003,0.0
26.0,0.8380845785140991,1.3488359451293945,0.0
26.0,0.8307917714118958,1.3509925603866577,0.0
26.0,0.8245367407798767,1.3548191785812378,0.0
26.0,0.8182640671730042,1.358616828918457,0.0
26.0,0.8119739294052124,1.3623855113983154,0.0
26.0,0.805666446685791,1.3661249876022339,0.0
26.0,0.7993417382240295,1.3698352575302124,0.0
26.0,0.7929999232292175,1.373516321182251,0.0
26.0,0.7856492400169373,1.3754312992095947,0.0
26.0,0.7792816758155823,1.3790489435195923,0.0
26.0,0.7728975415229797,1.3826371431350708,0.0
26.0,0.7664967775344849,1.3861957788467407,0.0
26.0,0.7600797414779663,1.3897247314453125,0.0
26.0,0.7545979619026184,1.3949830532073975,0.0
26.0,0.7481403350830078,1.3984569311141968,0.0
26.0,0.7416667342185974,1.4019010066986084,0.0
26.0,0.7351773381233215,1.4053149223327637,0.0
26.0,0.7286721467971802,1.4086989164352417,0.0
26.0,0.7294366955757141,1.4262980222702026,0.0
26.0,0.7228346467018127,1.4296551942825317,0.0
26.0,0.4747956097126007,0.9499543309211731,0.0
26.0,0.4686267673969269,0.9485530257225037,0.0
26.0,0.46423622965812683,0.9507095813751221,0.0
26.0,0.45983579754829407,0.9528457522392273,0.0
26.0,0.455425500869751,0.9549615383148193,0.0
26.0,0.4484478533267975,0.9516294598579407,0.0
26.0,0.4440433084964752,0.953692615032196,0.0
26.0,0.43795767426490784,0.9521013498306274,0.0
26.0,0.4318963289260864,0.9504744410514832,0.0
26.0,0.4274972975254059,0.9524610638618469,0.0
26.0,0.4214681088924408,0.9507704973220825,0.0
26.0,0.41706782579421997,0.9527089595794678,0.0
26.0,0.41186508536338806,0.9527912139892578,0.0
26.0,0.4051003158092499,0.9491668343544006,0.0
26.0,0.4007076323032379,0.9510295987129211,0.0
26.0,0.3955383598804474,0.9510254263877869,0.0
26.0,0.39113718271255493,0.952843964099884,0.0
26.0,0.3852258324623108,0.950934886932373,0.0
26.0,0.3800828456878662,0.9508486390113831,0.0
26.0,0.37568265199661255,0.9525957703590393,0.0
26.0,0.3705492615699768,0.9524585008621216,0.0
26.0,0.3661417067050934,0.9541614651679993,0.0
26.0,0.3603106141090393,0.9521030783653259,0.0
26.0,0.35380715131759644,0.9481373429298401,0.0
26.0,0.3494197726249695,0.9497630000114441,0.0
26.0,0.34434306621551514,0.9494881629943848,0.0
26.0,0.3399495482444763,0.9510700702667236,0.0
26.0,0.3348843455314636,0.9507452249526978,0.0
26.0,0.32917362451553345,0.9485043883323669,0.0
26.0,0.3247848153114319,0.9500161409378052,0.0
26.0,0.319112628698349,0.9477167725563049,0.0
26.0,0.3147275745868683,0.9491820335388184,0.0
26.0,0.3097151219844818,0.9487257599830627,0.0
26.0,0.3053255081176758,0.9501475691795349,0.0
26.0,0.29972323775291443,0.9477351903915405,0.0
26.0,0.2947440445423126,0.9472010731697083,0.0
26.0,0.2903616428375244,0.9485536813735962,0.0
26.0,0.2853964567184448,0.9479709267616272,0.0
26.0,0.28101059794425964,0.9492802619934082,0.0
26.0,0.2760598659515381,0.948648989200592,0.0
26.0,0.2705710828304291,0.9460694193840027,0.0
26.0,0.2661941647529602,0.9473102688789368,0.0
26.0,0.2612794041633606,0.9466028809547424,0.0
26.0,0.2569001317024231,0.9478007555007935,0.0
26.0,0.2520010471343994,0.9470456838607788,0.0
26.0,0.24711446464061737,0.9462655186653137,0.0
26.0,0.24273689091205597,0.9473978877067566,0.0
26.0,0.23786669969558716,0.9465703368186951,0.0
26.0,0.2334877997636795,0.947659969329834,0.0
26.0,0.22863443195819855,0.9467852115631104,0.0
26.0,0.22379417717456818,0.9458858966827393,0.0
26.0,0.21941860020160675,0.9469105005264282,0.0
26.0,0.21459588408470154,0.9459643959999084,0.0
26.0,0.21022003889083862,0.9469464421272278,0.0
26.0,0.2054152935743332,0.9459537863731384,0.0
26.0,0.20103959739208221,0.9468933939933777,0.0
26.0,0.19625328481197357,0.9458544850349426,0.0
26.0,0.19187815487384796,0.9467517137527466,0.0
26.0,0.18749891221523285,0.9476287364959717,0.0
26.0,0.18273654580116272,0.9465216994285583,0.0
26.0,0.17835846543312073,0.9473564624786377,0.0
26.0,0.17361563444137573,0.9462038278579712,0.0
26.0,0.16853544116020203,0.9430587291717529,0.0
26.0,0.16417351365089417,0.9438278675079346,0.0
26.0,0.15980809926986694,0.9445767998695374,0.0
26.0,0.15543925762176514,0.945305585861206,0.0
26.0,0.1510670930147171,0.9460141062736511,0.0
26.0,0.1466917097568512,0.9467024803161621,0.0
26.0,0.14201606810092926,0.9453927278518677,0.0
26.0,0.13764365017414093,0.9460391998291016,0.0
26.0,0.1332682967185974,0.9466654658317566,0.0
26.0,0.12835079431533813,0.9433080554008484,0.0
26.0,0.12398815900087357,0.9438914060592651,0.0
26.0,0.11962287127971649,0.944454550743103,0.0
26.0,0.11525502800941467,0.9449975490570068,0.0
26.0,0.11088472604751587,0.945520281791687,0.0
26.0,0.10628827661275864,0.9440353512763977,0.0
26.0,0.10192251205444336,0.9445167183876038,0.0
26.0,0.09734919667243958,0.942988395690918,0.0
26.0,0.09298837184906006,0.9434283971786499,0.0
26.0,0.08862555772066116,0.9438482522964478,0.0
26.0,0.08426084369421005,0.9442479014396667,0.0
26.0,0.07989433407783508,0.9446274042129517,0.0
26.0,0.0753667801618576,0.9429929852485657,0.0
26.0,0.0710061639547348,0.9433313608169556,0.0
26.0,0.0665031373500824,0.9416545629501343,0.0
26.0,0.062280476093292236,0.9439476132392883,0.0
26.0,0.057915590703487396,0.9442254900932312,0.0
26.0,0.05343625321984291,0.9424864053726196,0.0
26.0,0.049078214913606644,0.9427233338356018,0.0
26.0,0.04471912980079651,0.9429401755332947,0.0
26.0,0.04027358070015907,0.9411386847496033,0.0
26.0,0.035921916365623474,0.9413148164749146,0.0
26.0,0.03156948462128639,0.9414708018302917,0.0
26.0,0.02721637673676014,0.9416067004203796,0.0
26.0,0.022862685844302177,0.9417225122451782,0.0
26.0,0.018508508801460266,0.941818118095398,0.0
26.0,0.014153935015201569,0.9418936371803284,0.0
26.0,0.009799058549106121,0.9419490098953247,0.0
26.0,0.005443972535431385,0.941984236240387,0.0
26.0,0.0010887705720961094,0.9419993162155151,0.0
26.0,-0.0032664549071341753,0.941994309425354,0.0
26.0,-0.007621610537171364,0.9419691562652588,0.0
26.0,-0.011976603418588638,0.9419238567352295,0.0
26.0,-0.01633133925497532,0.9418584108352661,0.0
26.0,-0.020685726776719093,0.9417728185653687,0.0
26.0,-0.0250396728515625,0.9416671395301819,0.0
26.0,-0.029393082484602928,0.941541314125061,0.0
26.0,-0.033745866268873215,0.9413953423500061,0.0
26.0,-0.03809792548418045,0.9412292242050171,0.0
26.0,-0.04244917258620262,0.9410430192947388,0.0
26.0,-0.04679951071739197,0.9408367276191711,0.0
26.0,-0.05114884674549103,0.9406102895736694,0.0
26.0,-0.05549709498882294,0.9403637647628784,0.0
26.0,-0.05984415113925934,0.9400971531867981,0.0
26.0,-0.06418993324041367,0.9398103952407837,0.0
26.0,-0.06853433698415756,0.9395036101341248,0.0
26.0,-0.07287728041410446,0.9391766786575317,0.0
26.0,-0.07738261669874191,0.9408230185508728,0.0
26.0,-0.08173156529664993,0.9404551982879639,0.0
26.0,-0.08607876300811768,0.9400672912597656,0.0
26.0,-0.09042412787675858,0.9396592378616333,0.0
26.0,-0.09476755559444427,0.9392311573028564,0.0
26.0,-0.09910895675420761,0.9387829303741455,0.0
26.0,-0.10344824194908142,0.93831467628479,0.0
26.0,-0.10801366716623306,0.9398132562637329,0.0
26.0,-0.11235762387514114,0.9393038749694824,0.0
26.0,-0.11669917404651642,0.9387743473052979,0.0
26.0,-0.12103822827339172,0.9382247924804688,0.0
26.0,-0.12563976645469666,0.9396375417709351,0.0
26.0,-0.12998270988464355,0.9390466213226318,0.0
26.0,-0.1343228816986084,0.9384356141090393,0.0
26.0,-0.13866019248962402,0.9378045797348022,0.0
26.0,-0.14299452304840088,0.9371534585952759,0.0
26.0,-0.14794743061065674,0.9404337406158447,0.0
26.0,-0.1522938311100006,0.9397396445274353,0.0
26.0,-0.1572951078414917,0.9429709315299988,0.0
26.0,-0.16165313124656677,0.9422336220741272,0.0
26.0,-0.16600769758224487,0.9414761662483215,0.0
26.0,-0.17035871744155884,0.9406986236572266,0.0
26.0,-0.1747061014175415,0.9399009346961975,0.0
26.0,-0.17904974520206451,0.9390831589698792,0.0
26.0,-0.1833895593881607,0.9382452964782715,0.0
26.0,-0.18772545456886292,0.9373874068260193,0.0
26.0,-0.1924591362476349,0.9384686946868896,0.0
26.0,-0.1967959702014923,0.9375688433647156,0.0
26.0,-0.20112860202789307,0.936648964881897,0.0
26.0,-0.2054569274187088,0.9357090592384338,0.0
26.0,-0.21021881699562073,0.9367005825042725,0.0
26.0,-0.21499426662921906,0.9376680850982666,0.0
26.0,-0.2193271517753601,0.9366641044616699,0.0
26.0,-0.22458532452583313,0.9395304322242737,0.0
26.0,-0.22892671823501587,0.9384820461273193,0.0
26.0,-0.23374615609645844,0.939354419708252,0.0
26.0,-0.23808665573596954,0.9382636547088623,0.0
26.0,-0.24242204427719116,0.9371528625488281,0.0
26.0,-0.24726209044456482,0.9379560351371765,0.0
26.0,-0.25159597396850586,0.9368028044700623,0.0
26.0,-0.25645214319229126,0.9375587105751038,0.0
26.0,-0.2607840895652771,0.9363629817962646,0.0
26.0,-0.2662014365196228,0.9389956593513489,0.0
26.0,-0.27109429240226746,0.9396764636039734,0.0
26.0,-0.2754358649253845,0.9384130239486694,0.0
26.0,-0.2803437113761902,0.9390460252761841,0.0
26.0,-0.2846822738647461,0.9377398490905762,0.0
26.0,-0.2896045744419098,0.9383246898651123,0.0
26.0,-0.2939396798610687,0.9369757175445557,0.0
26.0,-0.29826852679252625,0.9356066584587097,0.0
26.0,-0.30320730805397034,0.9361203908920288,0.0
26.0,-0.30753210186958313,0.9347085356712341,0.0
26.0,-0.31311798095703125,0.9370704889297485,0.0
26.0,-0.31744706630706787,0.9356127977371216,0.0
26.0,-0.32242071628570557,0.9360260963439941,0.0
26.0,-0.3274049460887909,0.9364133477210999,0.0
26.0,-0.33173084259033203,0.9348896145820618,0.0
26.0,-0.33672717213630676,0.9352276921272278,0.0
26.0,-0.341047465801239,0.9336608648300171,0.0
26.0,-0.34605535864830017,0.9339494705200195,0.0
26.0,-0.35177677869796753,0.9360839128494263,0.0
26.0,-0.3561008870601654,0.9344475269317627,0.0
26.0,-0.3611381947994232,0.9346566796302795,0.0
26.0,-0.36545559763908386,0.932977020740509,0.0
26.0,-0.37124133110046387,0.934995174407959,0.0
26.0,-0.3778000771999359,0.9388349056243896,0.0
26.0,-0.38213664293289185,0.9370781779289246,0.0
26.0,-0.3879925608634949,0.9389983415603638,0.0
26.0,-0.39232975244522095,0.9371944665908813,0.0
26.0,-0.3974393904209137,0.937211811542511,0.0
26.0,-0.40176820755004883,0.9353642463684082,0.0
26.0,-0.4068862497806549,0.9353306889533997,0.0
26.0,-0.41281890869140625,0.9371001124382019,0.0
26.0,-0.41714704036712646,0.9351814985275269,0.0
26.0,-0.4222894310951233,0.9350655674934387,0.0
26.0,-0.4266080856323242,0.9331032037734985,0.0
26.0,-0.4317575991153717,0.932935893535614,0.0
26.0,-0.43606629967689514,0.9309297204017639,0.0
26.0,-0.4420791268348694,0.9325180649757385,0.0
26.0,-0.44898107647895813,0.9358739256858826,0.0
26.0,-0.45330315828323364,0.9337881207466125,0.0
26.0,-0.4584972858428955,0.9334774613380432,0.0
26.0,-0.46280819177627563,0.931347668170929,0.0
26.0,-0.4698041081428528,0.9345588088035583,0.0
26.0,-0.4759329557418823,0.9359421730041504,0.0
26.0,-0.4802550673484802,0.933731734752655,0.0
26.0,-0.486412912607193,0.9350500106811523,0.0
26.0,-0.49073082208633423,0.9327911138534546,0.0
26.0,-0.49691689014434814,0.9340436458587646,0.0
26.0,-0.501230001449585,0.9317362308502197,0.0
26.0,-0.506488025188446,0.9311658143997192,0.0
26.0,-1.094294786453247,1.9682538509368896,0.0
26.0,-1.1033830642700195,1.963173508644104,0.0
26.0,-1.112447738647461,1.9580512046813965,0.0
26.0,-1.1214886903762817,1.952886939048767,0.0
26.0,-1.136529564857483,1.958059310913086,0.0
26.0,-1.1455702781677246,1.9527838230133057,0.0
26.0,-1.1545864343643188,1.947466492652893,0.0
26.0,-1.167689561843872,1.9489703178405762,0.0
26.0,-1.1766879558563232,1.9435508251190186,0.0
26.0,-1.1919233798980713,1.9483259916305542,0.0
26.0,-1.205124855041504,1.9495995044708252,0.0
26.0,-1.2141257524490356,1.9440069198608398,0.0
26.0,-1.2316389083862305,1.9519041776657104,0.0
26.0,-1.2406500577926636,1.946189045906067,0.0
26.0,-1.253966212272644,1.9471580982208252,0.0
26.0,-1.2629551887512207,1.9413397312164307,0.0
26.0,-1.276310682296753,1.9421653747558594,0.0
26.0,-1.2919130325317383,1.9462416172027588,0.0
26.0,-1.3008973598480225,1.940247893333435,0.0
26.0,-1.3165827989578247,1.9441486597061157,0.0
26.0,-1.3255572319030762,1.938040852546692,0.0
26.0,-1.3413234949111938,1.9417648315429688,0.0
26.0,-1.3571525812149048,1.9453845024108887,0.0
26.0,-1.366132378578186,1.939089059829712,0.0
26.0,-1.3820394277572632,1.9425301551818848,0.0
26.0,-1.3910057544708252,1.9361196756362915,0.0
26.0,-1.4069888591766357,1.9393807649612427,0.0
26.0,-1.4230319261550903,1.9425355195999146,0.0
26.0,-1.4319977760314941,1.9359354972839355,0.0
26.0,-1.4481137990951538,1.9389086961746216,0.0
26.0,-1.4570626020431519,1.9321928024291992,0.0
26.0,-1.475672721862793,1.9381657838821411,0.0
26.0,-1.484617829322815,1.931322455406189,0.0
26.0,-1.5008883476257324,1.933917760848999,0.0
26.0,-1.5172146558761597,1.9364038705825806,0.0
26.0,-1.526151180267334,1.929368495941162,0.0
26.0,-1.527566909790039,1.9129148721694946,0.0
26.0,-1.536394715309143,1.9058318138122559,0.0
26.0,-1.5300407409667969,1.8800934553146362,0.0
26.0,-1.5234819650650024,1.8544548749923706,0.0
26.0,-1.5320395231246948,1.8473914861679077,0.0
26.0,-1.5251586437225342,1.8218854665756226,0.0
26.0,-1.5335655212402344,1.8148146867752075,0.0
26.0,-1.5237687826156616,1.7864022254943848,0.0
26.0,-1.5163521766662598,1.761150598526001,0.0
26.0,-1.5244784355163574,1.7541210651397705,0.0
26.0,-1.5167453289031982,1.7290122509002686,0.0
26.0,-1.524722933769226,1.721981406211853,0.0
26.0,-1.5193405151367188,1.7000013589859009,0.0
26.0,-1.527184009552002,1.6929587125778198,0.0
26.0,-1.5215299129486084,1.6710914373397827,0.0
26.0,-1.5130001306533813,1.6463677883148193,0.0
26.0,-1.520595669746399,1.6393550634384155,0.0
26.0,-1.5144901275634766,1.6177070140838623,0.0
26.0,-1.508217215538025,1.5961507558822632,0.0
26.0,-1.515580654144287,1.589160680770874,0.0
26.0,-1.5090419054031372,1.5677273273468018,0.0
26.0,-1.5162739753723145,1.5607337951660156,0.0
26.0,-1.5094709396362305,1.5394262075424194,0.0
26.0,-1.516572117805481,1.53243088722229,0.0
26.0,-1.5095069408416748,1.511252522468567,0.0
26.0,-1.5022786855697632,1.4901726245880127,0.0
26.0,-1.5091522932052612,1.4832110404968262,0.0
26.0,-1.504530429840088,1.4650554656982422,0.0
26.0,-1.5112879276275635,1.4580838680267334,0.0
26.0,-1.5035557746887207,1.4372612237930298,0.0
26.0,-1.498567819595337,1.4192920923233032,0.0
26.0,-1.5051137208938599,1.4123485088348389,0.0
26.0,-1.4984447956085205,1.3931186199188232,0.0
26.0,-1.494572401046753,1.3766907453536987,0.0
26.0,-1.500921368598938,1.369766116142273,0.0
26.0,-1.4968537092208862,1.3534225225448608,0.0
26.0,-1.503095030784607,1.3464876413345337,0.0
26.0,-1.4958418607711792,1.32757568359375,0.0
26.0,-1.50196373462677,1.3206456899642944,0.0
26.0,-1.4959890842437744,1.3031779527664185,0.0
26.0,-1.4929134845733643,1.288407325744629,0.0
26.0,-1.4988542795181274,1.2814912796020508,0.0
26.0,-1.4940801858901978,1.265499234199524,0.0
26.0,-1.4999150037765503,1.2585780620574951,0.0
26.0,-1.494951844215393,1.242680549621582,0.0
26.0,-1.4898737668991089,1.2268561124801636,0.0
26.0,-1.495530128479004,1.2199547290802002,0.0
26.0,-1.4902652502059937,1.204228162765503,0.0
26.0,-1.495816946029663,1.1973252296447754,0.0
26.0,-1.4903664588928223,1.1816985607147217,0.0
26.0,-1.4848037958145142,1.1661481857299805,0.0
26.0,-1.4901795387268066,1.1592708826065063,0.0
26.0,-1.4860179424285889,1.1450445652008057,0.0
26.0,-1.4912959337234497,1.1381618976593018,0.0
26.0,-1.4869693517684937,1.124018669128418,0.0
26.0,-1.482544183731079,1.1099400520324707,0.0
26.0,-1.4876599311828613,1.1030738353729248,0.0
26.0,-1.4814597368240356,1.087897539138794,0.0
26.0,-1.4864736795425415,1.0810365676879883,0.0
26.0,-1.4833412170410156,1.0683083534240723,0.0
26.0,-1.4784947633743286,1.0544710159301758,0.0
26.0,-1.4833542108535767,1.047624111175537,0.0
26.0,-1.4783481359481812,1.0338776111602783,0.0
26.0,-1.4831123352050781,1.027031660079956,0.0
26.0,-1.481246829032898,1.0156396627426147,0.0
26.0,-1.485926628112793,1.0087803602218628,0.0
26.0,-1.480615496635437,0.9952054619789124,0.0
26.0,-1.4752106666564941,0.9817012548446655,0.0
26.0,-1.4797337055206299,0.9748703241348267,0.0
26.0,-1.4758490324020386,0.9625556468963623,0.0
26.0,-1.480283498764038,0.9557219743728638,0.0
26.0,-1.4779454469680786,0.9445596933364868,0.0
26.0,-1.4755359888076782,0.9334396719932556,0.0
26.0,-1.479835867881775,0.9266077280044556,0.0
26.0,-1.473904013633728,0.913434624671936,0.0
26.0,-1.4781113862991333,0.9066104292869568,0.0
26.0,-1.4737389087677002,0.8945779204368591,0.0
26.0,-1.4692867994308472,0.8826053142547607,0.0
26.0,-1.4733517169952393,0.8758028149604797,0.0
26.0,-1.470489501953125,0.8649256825447083,0.0
26.0,-1.4744726419448853,0.8581178188323975,0.0
26.0,-1.4697582721710205,0.8463016152381897,0.0
26.0,-1.4684420824050903,0.8365274667739868,0.0
26.0,-1.4722938537597656,0.8297293782234192,0.0
26.0,-1.46912682056427,0.8190180659294128,0.0
26.0,-1.4728976488113403,0.8122169971466064,0.0
26.0,-1.4696139097213745,0.8015679121017456,0.0
26.0,-1.4645030498504639,0.7900170683860779,0.0
26.0,-1.468139886856079,0.7832376956939697,0.0
26.0,-1.4646697044372559,0.7727086544036865,0.0
26.0,-1.4682265520095825,0.7659286856651306,0.0
26.0,-1.4646421670913696,0.755465030670166,0.0
26.0,-1.4681192636489868,0.748685359954834,0.0
26.0,-1.4662073850631714,0.7391886115074158,0.0
26.0,-1.462449073791504,0.7288335561752319,0.0
26.0,-1.4658031463623047,0.7220643162727356,0.0
26.0,-1.4637314081192017,0.7126532196998596,0.0
26.0,-1.4598016738891602,0.7024095058441162,0.0
26.0,-1.4630335569381714,0.6956527829170227,0.0
26.0,-1.4589935541152954,0.6854793429374695,0.0
26.0,-1.4621471166610718,0.6787264943122864,0.0
26.0,-1.4598156213760376,0.6694580912590027,0.0
26.0,-1.4574298858642578,0.6602258682250977,0.0
26.0,-1.460466742515564,0.653480589389801,0.0
26.0,-1.457984447479248,0.6442961096763611,0.0
26.0,-1.4609476327896118,0.6375483870506287,0.0
26.0,-1.4565327167510986,0.6276212334632874,0.0
26.0,-1.4594188928604126,0.6208804845809937,0.0
26.0,-1.4567419290542603,0.6118031144142151,0.0
26.0,-1.4558597803115845,0.603529691696167,0.0
26.0,-1.458634614944458,0.5967922806739807,0.0
26.0,-1.4539600610733032,0.5870469212532043,0.0
26.0,-1.4566586017608643,0.5803184509277344,0.0
26.0,-1.4556033611297607,0.5721144080162048,0.0
26.0,-1.4526386260986328,0.5632094740867615,0.0
26.0,-1.455227017402649,0.5564873814582825,0.0
26.0,-1.4521703720092773,0.5476362705230713,0.0
26.0,-1.4546867609024048,0.5409165024757385,0.0
26.0,-1.453416347503662,0.5328083634376526,0.0
26.0,-1.4558641910552979,0.5260829925537109,0.0
26.0,-1.4526287317276,0.5173333883285522,0.0
26.0,-1.4493435621261597,0.5086249709129333,0.0
26.0,-1.4516795873641968,0.5019186735153198,0.0
26.0,-1.4501981735229492,0.49391207098960876,0.0
26.0,-1.4467778205871582,0.4852938950061798,0.0
26.0,-1.4490059614181519,0.4785997271537781,0.0
26.0,-1.4473992586135864,0.4706583619117737,0.0
26.0,-1.4495598077774048,0.4639614522457123,0.0
26.0,-1.4459666013717651,0.4554520845413208,0.0
26.0,-1.448056936264038,0.4487619698047638,0.0
26.0,-1.4462900161743164,0.44089585542678833,0.0
26.0,-1.4444814920425415,0.43305572867393494,0.0
26.0,-1.4464682340621948,0.4263727366924286,0.0
26.0,-1.4445819854736328,0.41856738924980164,0.0
26.0,-1.4465017318725586,0.411884069442749,0.0
26.0,-1.4445385932922363,0.40411433577537537,0.0
26.0,-1.4425344467163086,0.3963715732097626,0.0
26.0,-1.4443516731262207,0.38969796895980835,0.0
26.0,-1.4422712326049805,0.3819918930530548,0.0
26.0,-1.4440218210220337,0.3753196597099304,0.0
26.0,-1.4418656826019287,0.367651104927063,0.0
26.0,-1.4396694898605347,0.3600104749202728,0.0
26.0,-1.4413186311721802,0.35335052013397217,0.0
26.0,-1.4390475749969482,0.34574854373931885,0.0
26.0,-1.4406307935714722,0.33909159898757935,0.0
26.0,-1.4402341842651367,0.3319781720638275,0.0
26.0,-1.4417537450790405,0.3253158926963806,0.0
26.0,-1.4412893056869507,0.31821542978286743,0.0
26.0,-1.436880350112915,0.31028199195861816,0.0
26.0,-1.438299536705017,0.3036354184150696,0.0
26.0,-1.4377292394638062,0.2965783476829529,0.0
26.0,-1.4390851259231567,0.28992801904678345,0.0
26.0,-1.4364852905273438,0.28249961137771606,0.0
26.0,-1.4358118772506714,0.275478333234787,0.0
26.0,-1.4370701313018799,0.2688370943069458,0.0
26.0,-1.4363301992416382,0.26183146238327026,0.0
26.0,-1.4375253915786743,0.2551879584789276,0.0
26.0,-1.4347481727600098,0.24785807728767395,0.0
26.0,-1.4339064359664917,0.2408907115459442,0.0
26.0,-1.4350048303604126,0.23425865173339844,0.0
26.0,-1.4340972900390625,0.2273084968328476,0.0
26.0,-1.4351328611373901,0.22067570686340332,0.0
26.0,-1.4341596364974976,0.21374337375164032,0.0
26.0,-1.4351325035095215,0.2071104347705841,0.0
26.0,-1.4340938329696655,0.2001965492963791,0.0
26.0,-1.4310400485992432,0.19302935898303986,0.0
26.0,-1.4319171905517578,0.186411052942276,0.0
26.0,-1.4307793378829956,0.1795397698879242,0.0
26.0,-1.4296085834503174,0.172682985663414,0.0
26.0,-1.4303916692733765,0.16607153415679932,0.0
26.0,-1.4291564226150513,0.15923504531383514,0.0
26.0,-1.4298774003982544,0.15262581408023834,0.0
26.0,-1.4285781383514404,0.14581026136875153,0.0
26.0,-1.4292370080947876,0.13920384645462036,0.0
26.0,-1.4298652410507202,0.13259446620941162,0.0
26.0,-1.4284707307815552,0.1258067935705185,0.0
26.0,-1.429037094116211,0.11920109391212463,0.0
26.0,-1.4255852699279785,0.1122787743806839,0.0
26.0,-1.4260891675949097,0.10568656772375107,0.0
26.0,-1.4265625476837158,0.09909209609031677,0.0
26.0,-1.427005410194397,0.09249550849199295,0.0
26.0,-1.4274177551269531,0.08589693903923035,0.0
26.0,-1.4258028268814087,0.07918563485145569,0.0
26.0,-1.4261536598205566,0.07259277254343033,0.0
26.0,-1.424476146697998,0.06590592116117477,0.0
26.0,-1.424765706062317,0.05931933596730232,0.0
26.0,-1.4250247478485107,0.0527314767241478,0.0
26.0,-1.423254370689392,0.04607778042554855,0.0
26.0,-1.4234521389007568,0.039497051388025284,0.0
26.0,-1.4236195087432861,0.03291548043489456,0.0
26.0,-1.42375648021698,0.02633320540189743,0.0
26.0,-1.421863317489624,0.019722629338502884,0.0
26.0,-1.4219392538070679,0.013148615136742592,0.0
26.0,-1.4219849109649658,0.006574319209903479,0.0
27.0,-1.4220000505447388,1.2431519280653447e-07,0.0
27.0,-1.4199848175048828,-0.006565064657479525,0.0
27.0,-1.4199392795562744,-0.013130112551152706,0.0
27.0,-1.4198633432388306,-0.01969487965106964,0.0
27.0,-1.4197571277618408,-0.026259226724505424,0.0
27.0,-1.4196205139160156,-0.03282301127910614,0.0
27.0,-1.4194536209106445,-0.039386097341775894,0.0
27.0,-1.419256329536438,-0.0459483377635479,0.0
27.0,-1.4190287590026855,-0.052509598433971405,0.0
27.0,-1.4187707901000977,-0.05906973406672478,0.0
27.0,-1.420480489730835,-0.0657210499048233,0.0
27.0,-1.420161485671997,-0.07228775322437286,0.0
27.0,-1.4198120832443237,-0.07885292172431946,0.0
27.0,-1.4194324016571045,-0.08541639894247055,0.0
27.0,-1.4190223217010498,-0.0919780507683754,0.0
27.0,-1.4185818433761597,-0.09853773564100266,0.0
27.0,-1.4181110858917236,-0.10509531199932098,0.0
27.0,-1.4176100492477417,-0.11165064573287964,0.0
27.0,-1.4190717935562134,-0.11836984008550644,0.0
27.0,-1.4185093641281128,-0.12492947280406952,0.0
27.0,-1.4179165363311768,-0.1314864307641983,0.0
27.0,-1.4172935485839844,-0.13804058730602264,0.0
27.0,-1.4166401624679565,-0.1445917785167694,0.0
27.0,-1.4159564971923828,-0.15113988518714905,0.0
27.0,-1.4152425527572632,-0.15768477320671082,0.0
27.0,-1.4144984483718872,-0.16422627866268158,0.0
27.0,-1.4137240648269653,-0.1707642823457718,0.0
27.0,-1.4129194021224976,-0.1772986203432083,0.0
27.0,-1.4160510301589966,-0.184345543384552,0.0
27.0,-1.415183663368225,-0.19089050590991974,0.0
27.0,-1.416266679763794,-0.1977079063653946,0.0
27.0,-1.4153375625610352,-0.20425371825695038,0.0
27.0,-1.414378046989441,-0.21079516410827637,0.0
27.0,-1.415365219116211,-0.2176360934972763,0.0
27.0,-1.4143438339233398,-0.2241775244474411,0.0
27.0,-1.4152661561965942,-0.23103637993335724,0.0
27.0,-1.4141827821731567,-0.23757721483707428,0.0
27.0,-1.4130693674087524,-0.24411296844482422,0.0
27.0,-1.413894772529602,-0.2509930729866028,0.0
27.0,-1.4127192497253418,-0.25752735137939453,0.0
27.0,-1.4134793281555176,-0.2644239068031311,0.0
27.0,-1.4122416973114014,-0.2709560990333557,0.0
27.0,-1.4129364490509033,-0.27786847949028015,0.0
27.0,-1.4116365909576416,-0.28439804911613464,0.0
27.0,-1.410306692123413,-0.29092150926589966,0.0
27.0,-1.4109033346176147,-0.29785189032554626,0.0
27.0,-1.4095112085342407,-0.30437183380126953,0.0
27.0,-1.4100419282913208,-0.31131646037101746,0.0
27.0,-1.4105384349822998,-0.31827250123023987,0.0
27.0,-1.409051775932312,-0.3247905373573303,0.0
27.0,-1.4094818830490112,-0.33175987005233765,0.0
27.0,-1.407932996749878,-0.3382728695869446,0.0
27.0,-1.4102389812469482,-0.34573110938072205,0.0
27.0,-1.4086254835128784,-0.3522474765777588,0.0
27.0,-1.4089198112487793,-0.3592504560947418,0.0
27.0,-1.409179449081421,-0.36626365780830383,0.0
27.0,-1.4074710607528687,-0.3727749288082123,0.0
27.0,-1.4076634645462036,-0.3797991871833801,0.0
27.0,-1.4058924913406372,-0.38630327582359314,0.0
27.0,-1.406017541885376,-0.3933379352092743,0.0
27.0,-1.4080309867858887,-0.400929719209671,0.0
27.0,-1.4061622619628906,-0.40743526816368103,0.0
27.0,-1.4061819314956665,-0.41449761390686035,0.0
27.0,-1.4042505025863647,-0.42099449038505554,0.0
27.0,-1.4061152935028076,-0.42864876985549927,0.0
27.0,-1.404118537902832,-0.43514516949653625,0.0
27.0,-1.4039992094039917,-0.442233145236969,0.0
27.0,-1.4057492017745972,-0.44993895292282104,0.0
27.0,-1.4036539793014526,-0.4564334452152252,0.0
27.0,-1.4053269624710083,-0.46417272090911865,0.0
27.0,-1.4031658172607422,-0.4706651270389557,0.0
27.0,-1.4028680324554443,-0.47779223322868347,0.0
27.0,-1.4044243097305298,-0.485580176115036,0.0
27.0,-1.402164340019226,-0.49206817150115967,0.0
27.0,-1.4036425352096558,-0.499887615442276,0.0
27.0,-1.4013164043426514,-0.5063718557357788,0.0
27.0,-1.400838017463684,-0.5135335922241211,0.0
27.0,-1.402198076248169,-0.5213988423347473,0.0
27.0,-1.3997724056243896,-0.5278761982917786,0.0
27.0,-1.4029210805892944,-0.5364852547645569,0.0
27.0,-1.400425672531128,-0.5429657697677612,0.0
27.0,-1.401623249053955,-0.5508978962898254,0.0
27.0,-1.3990612030029297,-0.5573722124099731,0.0
27.0,-1.4001784324645996,-0.5653321743011475,0.0
27.0,-1.4012519121170044,-0.5733144283294678,0.0
27.0,-1.3985862731933594,-0.5797867774963379,0.0
27.0,-1.4014226198196411,-0.5885700583457947,0.0
27.0,-1.398686408996582,-0.5950430631637573,0.0
27.0,-1.3995939493179321,-0.6030862927436829,0.0
27.0,-1.4004566669464111,-0.6111505031585693,0.0
27.0,-1.3976161479949951,-0.6176188588142395,0.0
27.0,-1.4002225399017334,-0.6265245079994202,0.0
27.0,-1.3973109722137451,-0.6329915523529053,0.0
27.0,-1.3998231887817383,-0.6419461369514465,0.0
27.0,-1.3968403339385986,-0.6484111547470093,0.0
27.0,-1.397447943687439,-0.6565633416175842,0.0
27.0,-1.3998160362243652,-0.665593683719635,0.0
27.0,-1.396723747253418,-0.6720584630966187,0.0
27.0,-1.400794506072998,-0.6820108294487,0.0
27.0,-1.397626280784607,-0.6884799599647522,0.0
27.0,-1.3980083465576172,-0.6967185139656067,0.0
27.0,-1.400129795074463,-0.7058756351470947,0.0
27.0,-1.3968513011932373,-0.7123413681983948,0.0
27.0,-1.3988754749298096,-0.7215424180030823,0.0
27.0,-1.395524501800537,-0.7280022501945496,0.0
27.0,-1.397450566291809,-0.7372461557388306,0.0
27.0,-1.3940271139144897,-0.7436992526054382,0.0
27.0,-1.3958543539047241,-0.7529850006103516,0.0
27.0,-1.3976255655288696,-0.7623035311698914,0.0
27.0,-1.394086241722107,-0.7687571048736572,0.0
27.0,-1.3940107822418213,-0.7771419882774353,0.0
27.0,-1.390402913093567,-0.7835786938667297,0.0
27.0,-1.3937164545059204,-0.7939585447311401,0.0
27.0,-1.3952305316925049,-0.8033877611160278,0.0
27.0,-1.3915011882781982,-0.809829831123352,0.0
27.0,-1.3946378231048584,-0.8203105330467224,0.0
27.0,-1.3908302783966064,-0.8267497420310974,0.0
27.0,-1.3938509225845337,-0.8372907042503357,0.0
27.0,-1.3899649381637573,-0.8437260985374451,0.0
27.0,-1.39116370677948,-0.8532804250717163,0.0
27.0,-1.3940038681030273,-0.8639174103736877,0.0
27.0,-1.389994740486145,-0.8703531622886658,0.0
27.0,-1.391026496887207,-0.8799780607223511,0.0
27.0,-1.3869432210922241,-0.8863998651504517,0.0
27.0,-1.3895511627197266,-0.8971419930458069,0.0
27.0,-1.3853884935379028,-0.9035568237304688,0.0
27.0,-1.3895467519760132,-0.9154538512229919,0.0
27.0,-1.391959547996521,-0.9263005256652832,0.0
27.0,-1.3876620531082153,-0.9327262043952942,0.0
27.0,-1.3882989883422852,-0.942501962184906,0.0
27.0,-1.3839266300201416,-0.9489104747772217,0.0
27.0,-1.3877458572387695,-0.9609918594360352,0.0
27.0,-1.3914828300476074,-0.9731286764144897,0.0
27.0,-1.3869688510894775,-0.9795516133308411,0.0
27.0,-1.3873101472854614,-0.9894375801086426,0.0
27.0,-1.382720708847046,-0.9958410263061523,0.0
27.0,-1.3861892223358154,-1.0081048011779785,0.0
27.0,-1.392797827720642,-1.022789478302002,0.0
27.0,-1.3880542516708374,-1.0292179584503174,0.0
27.0,-1.3832809925079346,-1.035624384880066,0.0
27.0,-1.3784780502319336,-1.0420087575912476,0.0
27.0,-1.3561571836471558,-1.0350234508514404,0.0
27.0,-1.351357340812683,-1.0412824153900146,0.0
27.0,-1.3323215246200562,-1.0364667177200317,0.0
27.0,-1.3149322271347046,-1.0327329635620117,0.0
27.0,-1.3101434707641602,-1.0388013124465942,0.0
27.0,-1.2928354740142822,-1.034848928451538,0.0
27.0,-1.2880371809005737,-1.0408151149749756,0.0
27.0,-1.270813226699829,-1.036645531654358,0.0
27.0,-1.252111554145813,-1.0310676097869873,0.0
27.0,-1.247331142425537,-1.0368455648422241,0.0
27.0,-1.2302674055099487,-1.03231680393219,0.0
27.0,-1.2254815101623535,-1.0379937887191772,0.0
27.0,-1.2100284099578857,-1.0345507860183716,0.0
27.0,-1.1946336030960083,-1.0309871435165405,0.0
27.0,-1.1898541450500488,-1.0364993810653687,0.0
27.0,-1.1730337142944336,-1.0314242839813232,0.0
27.0,-1.1682524681091309,-1.0368366241455078,0.0
27.0,-1.1530184745788574,-1.0328854322433472,0.0
27.0,-1.1393296718597412,-1.030157208442688,0.0
27.0,-1.1345547437667847,-1.0354137420654297,0.0
27.0,-1.1209293603897095,-1.0325180292129517,0.0
27.0,-1.1161435842514038,-1.0376895666122437,0.0
27.0,-1.102583408355713,-1.0346274375915527,0.0
27.0,-1.0876234769821167,-1.0300869941711426,0.0
27.0,-1.082849383354187,-1.035104513168335,0.0
27.0,-1.0679768323898315,-1.030379295349121,0.0
27.0,-1.0632015466690063,-1.0353058576583862,0.0
27.0,-1.0498450994491577,-1.031799077987671,0.0
27.0,-1.0365439653396606,-1.0281909704208374,0.0
27.0,-1.031779170036316,-1.0329723358154297,0.0
27.0,-1.018551230430603,-1.0292022228240967,0.0
27.0,-1.013782024383545,-1.0339003801345825,0.0
27.0,-1.0020228624343872,-1.03140389919281,0.0
27.0,-0.9903087019920349,-1.0288209915161133,0.0
27.0,-0.9855414628982544,-1.033388614654541,0.0
27.0,-0.973885178565979,-1.030665636062622,0.0
27.0,-0.9691095948219299,-1.0351572036743164,0.0
27.0,-0.9575128555297852,-1.0322951078414917,0.0
27.0,-0.9459633827209473,-1.0293480157852173,0.0
27.0,-0.9411942362785339,-1.0337104797363281,0.0
27.0,-0.9283671379089355,-1.0291407108306885,0.0
27.0,-0.923599123954773,-1.0334218740463257,0.0
27.0,-0.9135079383850098,-1.0316914319992065,0.0
27.0,-0.9008148908615112,-1.0268830060958862,0.0
27.0,-0.8960575461387634,-1.0310368537902832,0.0
27.0,-0.884756326675415,-1.0275903940200806,0.0
27.0,-0.8799959421157837,-1.0316699743270874,0.0
27.0,-0.870053231716156,-1.029617190361023,0.0
27.0,-0.8601484298706055,-1.0274944305419922,0.0
27.0,-0.8553887605667114,-1.031460165977478,0.0
27.0,-0.8455324769020081,-1.0292224884033203,0.0
27.0,-0.8407649993896484,-1.0331206321716309,0.0
27.0,-0.8309586048126221,-1.0307685136795044,0.0
27.0,-0.8211920261383057,-1.0283479690551758,0.0
27.0,-0.8164287805557251,-1.03213369846344,0.0
27.0,-0.8054805994033813,-1.02802574634552,0.0
27.0,-0.8007190823554993,-1.0317387580871582,0.0
27.0,-0.7910647988319397,-1.0290871858596802,0.0
27.0,-0.7862984538078308,-1.0327335596084595,0.0
27.0,-0.7779028415679932,-1.0315674543380737,0.0
27.0,-0.7683380842208862,-1.0287432670593262,0.0
27.0,-0.7635735869407654,-1.0322846174240112,0.0
27.0,-0.7552469968795776,-1.030963659286499,0.0
27.0,-0.7457746267318726,-1.0279690027236938,0.0
27.0,-0.7410139441490173,-1.0314059257507324,0.0
27.0,-0.731599748134613,-1.0283023118972778,0.0
27.0,-0.726837694644928,-1.031673789024353,0.0
27.0,-0.71748286485672,-1.0284620523452759,0.0
27.0,-0.7127202153205872,-1.0317683219909668,0.0
27.0,-0.704555094242096,-1.0301001071929932,0.0
27.0,-0.6952992081642151,-1.0267224311828613,0.0
27.0,-0.6905449032783508,-1.029926061630249,0.0
27.0,-0.682457447052002,-1.028108835220337,0.0
27.0,-0.6776968240737915,-1.0312530994415283,0.0
27.0,-0.668559193611145,-1.0276694297790527,0.0
27.0,-0.6605521440505981,-1.025705099105835,0.0
27.0,-0.6558029055595398,-1.0287480354309082,0.0
27.0,-0.64783775806427,-1.0266947746276855,0.0
27.0,-0.6430840492248535,-1.0296790599822998,0.0
27.0,-0.6351617574691772,-1.0275375843048096,0.0
27.0,-0.6272732019424438,-1.025344967842102,0.0
27.0,-0.6225259304046631,-1.0282341241836548,0.0
27.0,-0.6157095432281494,-1.0276700258255005,0.0
27.0,-0.6109516620635986,-1.030505657196045,0.0
27.0,-0.6031447649002075,-1.028144121170044,0.0
27.0,-0.5953727960586548,-1.0257325172424316,0.0
27.0,-0.5906240940093994,-1.02847421169281,0.0
27.0,-0.5838868618011475,-1.027716040611267,0.0
27.0,-0.5791290998458862,-1.0304045677185059,0.0
27.0,-0.5714434385299683,-1.0278270244598389,0.0
27.0,-0.5637940168380737,-1.025200605392456,0.0
27.0,-0.5590481162071228,-1.0277962684631348,0.0
27.0,-0.5523952841758728,-1.0268473625183105,0.0
27.0,-0.5476418733596802,-1.0293903350830078,0.0
27.0,-0.5400832295417786,-1.0266011953353882,0.0
27.0,-0.5334851741790771,-1.025538682937622,0.0
27.0,-0.5287380218505859,-1.0279942750930786,0.0
27.0,-0.5221664309501648,-1.0268622636795044,0.0
27.0,-0.517413318157196,-1.0292654037475586,0.0
27.0,-0.5099790692329407,-1.0262736082077026,0.0
27.0,-0.5034652948379517,-1.0250300168991089,0.0
27.0,-0.49872082471847534,-1.0273468494415283,0.0
27.0,-0.4922355115413666,-1.026035189628601,0.0
27.0,-0.48748651146888733,-1.0283000469207764,0.0
27.0,-0.48103031516075134,-1.0269205570220947,0.0
27.0,-0.47627732157707214,-1.0291335582733154,0.0
27.0,-0.46901941299438477,-1.0258678197860718,0.0
27.0,-0.4618018865585327,-1.022557020187378,0.0
27.0,-0.4570693075656891,-1.0246812105178833,0.0
27.0,-0.4507143795490265,-1.023123025894165,0.0
27.0,-0.4459792673587799,-1.025195837020874,0.0
27.0,-0.44044533371925354,-1.02540922164917,0.0
27.0,-0.43413808941841125,-1.023751974105835,0.0
27.0,-0.4294002652168274,-1.0257482528686523,0.0
27.0,-0.4231257736682892,-1.0240256786346436,0.0
27.0,-0.4183867871761322,-1.0259710550308228,0.0
27.0,-0.41214555501937866,-1.0241835117340088,0.0
27.0,-0.40592989325523376,-1.0223604440689087,0.0
27.0,-0.4011988043785095,-1.0242263078689575,0.0
27.0,-0.3942966163158417,-1.0204734802246094,0.0
27.0,-0.3895743787288666,-1.0222855806350708,0.0
27.0,-0.3848437964916229,-1.0240757465362549,0.0
27.0,-0.38149479031562805,-1.0295950174331665,0.0
27.0,-0.3767305314540863,-1.0313477516174316,0.0
27.0,-0.37128064036369324,-1.0311967134475708,0.0
27.0,-0.3665090799331665,-1.0329022407531738,0.0
27.0,-0.3604094982147217,-1.0308098793029785,0.0
27.0,-0.3543371260166168,-1.0286833047866821,0.0
27.0,-0.3495773673057556,-1.0303105115890503,0.0
27.0,-0.3441762328147888,-1.0300188064575195,0.0
27.0,-0.3394103944301605,-1.0315990447998047,0.0
27.0,-0.3334047794342041,-1.029351830482483,0.0
27.0,-0.3286421298980713,-1.0308823585510254,0.0
27.0,-0.32327380776405334,-1.030482530593872,0.0
27.0,-0.31791621446609497,-1.0300549268722534,0.0
27.0,-0.3131504952907562,-1.0315138101577759,0.0
27.0,-0.3072338104248047,-1.0291178226470947,0.0
27.0,-0.3024725317955017,-1.0305272340774536,0.0
27.0,-0.2971504032611847,-1.0299930572509766,0.0
27.0,-0.29183971881866455,-1.029431700706482,0.0
27.0,-0.2870771586894989,-1.0307700634002686,0.0
27.0,-0.28125306963920593,-1.0282279253005981,0.0
27.0,-0.27649617195129395,-1.0295172929763794,0.0
27.0,-0.270713746547699,-1.0269168615341187,0.0
27.0,-0.26596304774284363,-1.0281574726104736,0.0
27.0,-0.26120665669441223,-1.0293761491775513,0.0
27.0,-0.25596168637275696,-1.0286318063735962,0.0
27.0,-0.2512032091617584,-1.0298042297363281,0.0
27.0,-0.24597439169883728,-1.029009461402893,0.0
27.0,-0.2407582849264145,-1.0281884670257568,0.0
27.0,-0.23600201308727264,-1.0292905569076538,0.0
27.0,-0.2308027595281601,-1.0284192562103271,0.0
27.0,-0.22604551911354065,-1.0294753313064575,0.0
27.0,-0.22086356580257416,-1.028554081916809,0.0
27.0,-0.21528410911560059,-1.0256494283676147,0.0
27.0,-0.21053984761238098,-1.0266337394714355,0.0
27.0,-0.20579108595848083,-1.0275962352752686,0.0
27.0,-0.2010379284620285,-1.0285366773605347,0.0
27.0,-0.1959058940410614,-1.0274906158447266,0.0
27.0,-0.19115333259105682,-1.0283854007720947,0.0
27.0,-0.18639668822288513,-1.029258131980896,0.0
27.0,-0.18094146251678467,-1.026169776916504,0.0
27.0,-0.1761951595544815,-1.026995301246643,0.0
27.0,-0.17078694701194763,-1.0238534212112427,0.0
27.0,-0.1660514622926712,-1.0246320962905884,0.0
27.0,-0.16131243109703064,-1.0253888368606567,0.0
27.0,-0.15626828372478485,-1.024146556854248,0.0
27.0,-0.15153160691261292,-1.0248581171035767,0.0
27.0,-0.14650830626487732,-1.0235679149627686,0.0
27.0,-0.14177440106868744,-1.024234414100647,0.0
27.0,-0.13677239418029785,-1.0228965282440186,0.0
27.0,-0.13204170763492584,-1.0235178470611572,0.0
27.0,-0.127308189868927,-1.0241174697875977,0.0
27.0,-0.12233441323041916,-1.0227092504501343,0.0
27.0,-0.11760473996400833,-1.023263931274414,0.0
27.0,-0.11265338212251663,-1.0218087434768677,0.0
27.0,-0.10792797803878784,-1.022318720817566,0.0
27.0,-0.103200264275074,-1.0228067636489868,0.0
27.0,-0.09847034513950348,-1.02327299118042,0.0
27.0,-0.09373831748962402,-1.0237172842025757,0.0
27.0,-0.08883113414049149,-1.022147297859192,0.0
27.0,-0.08410441875457764,-1.0225470066070557,0.0
27.0,-0.07937590032815933,-1.0229250192642212,0.0
27.0,-0.0745001882314682,-1.0212863683700562,0.0
27.0,-0.06977760046720505,-1.0216199159622192,0.0
27.0,-0.0650535300374031,-1.021931529045105,0.0
27.0,-0.06032806262373924,-1.0222214460372925,0.0
27.0,-0.055709902197122574,-1.0244864225387573,0.0
27.0,-0.05087336152791977,-1.022735595703125,0.0
27.0,-0.046144332736730576,-1.02295982837677,0.0
27.0,-0.04141431301832199,-1.0231622457504272,0.0
27.0,-0.03668341040611267,-1.0233427286148071,0.0
27.0,-0.031951725482940674,-1.0235013961791992,0.0
27.0,-0.02721935510635376,-1.0236382484436035,0.0
27.0,-0.022486403584480286,-1.0237531661987305,0.0
27.0,-0.017718294635415077,-1.0218462944030762,0.0
27.0,-0.012993729673326015,-1.0219173431396484,0.0
27.0,-0.008268886245787144,-1.0219664573669434,0.0
27.0,-0.0035438663326203823,-1.0219937562942505,0.0
27.0,0.0011812294833362103,-1.0219992399215698,0.0
27.0,0.005906300153583288,-1.0219829082489014,0.0
27.0,0.010631244629621506,-1.0219446420669556,0.0
27.0,0.01535596139729023,-1.021884560585022,0.0
27.0,0.02008035033941269,-1.0218026638031006,0.0
27.0,0.024804310873150826,-1.0216989517211914,0.0
27.0,0.029527738690376282,-1.0215733051300049,0.0
27.0,0.03425053879618645,-1.0214258432388306,0.0
27.0,0.038972605019807816,-1.0212565660476685,0.0
27.0,0.04369383677840233,-1.0210654735565186,0.0
27.0,0.048414137214422226,-1.0208525657653809,0.0
27.0,0.05313339829444885,-1.0206178426742554,0.0
27.0,0.05785152688622475,-1.020361304283142,0.0
27.0,0.06256841868162155,-1.0200828313827515,0.0
27.0,0.06728397309780121,-1.0197826623916626,0.0
27.0,0.07213899493217468,-1.0214558839797974,0.0
27.0,0.07671067118644714,-1.019116997718811,0.0
27.0,0.08142160624265671,-1.0187513828277588,0.0
27.0,0.08613080531358719,-1.0183640718460083,0.0
27.0,0.09083815664052963,-1.01795494556427,0.0
27.0,0.09573055803775787,-1.0195153951644897,0.0
27.0,0.10044313222169876,-1.0190619230270386,0.0
27.0,0.10515356063842773,-1.0185866355895996,0.0
27.0,0.11007631570100784,-1.0200780630111694,0.0
27.0,0.11479133367538452,-1.0195581912994385,0.0
27.0,0.11950390785932541,-1.0190166234970093,0.0
27.0,0.12421392649412155,-1.0184532403945923,0.0
27.0,0.1289212852716446,-1.0178680419921875,0.0
27.0,0.13362589478492737,-1.0172611474990845,0.0
27.0,0.13832764327526093,-1.0166324377059937,0.0
27.0,0.1433052271604538,-1.0179624557495117,0.0
27.0,0.14801011979579926,-1.0172890424728394,0.0
27.0,0.15300893783569336,-1.0185716152191162,0.0
27.0,0.1577165424823761,-1.0178533792495728,0.0
27.0,0.16210539638996124,-1.0151383876800537,0.0
27.0,0.1671215295791626,-1.0163514614105225,0.0
27.0,0.17181871831417084,-1.0155678987503052,0.0
27.0,0.1765122264623642,-1.0147627592086792,0.0
27.0,0.1812019646167755,-1.0139358043670654,0.0
27.0,0.186248779296875,-1.0150543451309204,0.0
27.0,0.1909397542476654,-1.0141823291778564,0.0
27.0,0.19600580632686615,-1.0152525901794434,0.0
27.0,0.20069760084152222,-1.0143355131149292,0.0
27.0,0.20538510382175446,-1.0133967399597168,0.0
27.0,0.21047453582286835,-1.0143946409225464,0.0
27.0,0.2151622176170349,-1.0134106874465942,0.0
27.0,0.22026969492435455,-1.014359474182129,0.0
27.0,0.22539053857326508,-1.0152827501296997,0.0
27.0,0.23008215427398682,-1.0142297744750977,0.0
27.0,0.23612330853939056,-1.0190004110336304,0.0
27.0,0.24083200097084045,-1.0178978443145752,0.0
27.0,0.24600501358509064,-1.0187175273895264,0.0
27.0,0.25119075179100037,-1.0195112228393555,0.0
27.0,0.25590163469314575,-1.018338918685913,0.0
27.0,0.2606070637702942,-1.0171449184417725,0.0
27.0,0.26530691981315613,-1.0159292221069336,0.0
27.0,0.27051541209220886,-1.0166245698928833,0.0
27.0,0.27521276473999023,-1.0153629779815674,0.0
27.0,0.28043636679649353,-1.016007661819458,0.0
27.0,0.28567177057266235,-1.0166256427764893,0.0
27.0,0.2903689742088318,-1.0152939558029175,0.0
27.0,0.2950599491596222,-1.013940691947937,0.0
27.0,0.2997446060180664,-1.0125656127929688,0.0
27.0,0.304999440908432,-1.013084053993225,0.0
27.0,0.3102654218673706,-1.0135754346847534,0.0
27.0,0.31494826078414917,-1.0121301412582397,0.0
27.0,0.3202274441719055,-1.0125702619552612,0.0
27.0,0.32490551471710205,-1.0110788345336914,0.0
27.0,0.330197274684906,-1.0114670991897583,0.0
27.0,0.3367585241794586,-1.0156248807907104,0.0
27.0,0.3414505422115326,-1.0140570402145386,0.0
27.0,0.34742918610572815,-1.0162523984909058,0.0
27.0,0.35212400555610657,-1.0146352052688599,0.0
27.0,0.35614684224128723,-1.0111100673675537,0.0
27.0,0.3608177602291107,-1.0094525814056396,0.0
27.0,0.36616283655166626,-1.0096538066864014,0.0
27.0,0.3728986084461212,-1.0135811567306519,0.0
27.0,0.37758079171180725,-1.0118463039398193,0.0
27.0,0.38296276330947876,-1.0119602680206299,0.0
27.0,0.38763734698295593,-1.010178804397583,0.0
27.0,0.39302876591682434,-1.0102397203445435,0.0
27.0,0.39769527316093445,-1.0084118843078613,0.0
27.0,0.40458035469055176,-1.0121338367462158,0.0
27.0,0.4107573330402374,-1.0139597654342651,0.0
27.0,0.4154408574104309,-1.0120497941970825,0.0
27.0,0.42165160179138184,-1.0138115882873535,0.0
27.0,0.42633432149887085,-1.0118513107299805,0.0
27.0,0.43257805705070496,-1.0135483741760254,0.0
27.0,0.4380530118942261,-1.0133733749389648,0.0
27.0,0.4427335262298584,-1.011337161064148,0.0
27.0,0.4498361647129059,-1.0147647857666016,0.0
27.0,0.4545229971408844,-1.01267409324646,0.0
27.0,0.4608548581600189,-1.0142035484313965,0.0
27.0,0.46553897857666016,-1.0120619535446167,0.0
27.0,0.4702131152153015,-1.0098987817764282,0.0
27.0,0.4774349331855774,-1.0131416320800781,0.0
27.0,0.4821139872074127,-1.0109233856201172,0.0
27.0,0.48852118849754333,-1.0122859477996826,0.0
27.0,0.49319612979888916,-1.0100165605545044,0.0
27.0,0.49874645471572876,-1.0095187425613403,0.0
27.0,0.5034084916114807,-1.0072020292282104,0.0
27.0,0.511669397354126,-1.0120030641555786,0.0
27.0,0.5181641578674316,-1.0131880044937134,0.0
27.0,0.5228429436683655,-1.0107815265655518,0.0
27.0,0.5293647646903992,-1.0118976831436157,0.0
27.0,0.5340374708175659,-1.0094393491744995,0.0
27.0,0.5396422743797302,-1.0087231397628784,0.0
27.0,0.5471548438072205,-1.0114946365356445,0.0
27.0,0.5518255233764648,-1.0089541673660278,0.0
27.0,0.5593878030776978,-1.0116428136825562,0.0
27.0,0.5640590786933899,-1.0090458393096924,0.0
27.0,0.5706861019134521,-1.0099095106124878,0.0
27.0,0.5783251523971558,-1.0124702453613281,0.0
27.0,0.5829999446868896,-1.0097856521606445,0.0
27.0,0.5896783471107483,-1.0105341672897339,0.0
27.0,0.5943440794944763,-1.007797122001648,0.0
27.0,0.6000211238861084,-1.0067565441131592,0.0
27.0,0.6046693325042725,-1.0039716958999634,0.0
27.0,0.6113840937614441,-1.0045822858810425,0.0
27.0,0.6202127933502197,-1.0085594654083252,0.0
27.0,0.6248691082000732,-1.0056811571121216,0.0
27.0,0.6337655186653137,-1.0095570087432861,0.0
27.0,0.6384263038635254,-1.0066161155700684,0.0
27.0,0.6463103294372559,-1.008705496788025,0.0
27.0,0.6509670615196228,-1.005706548690796,0.0
27.0,0.6577989459037781,-1.0060341358184814,0.0
27.0,0.6646475791931152,-1.0063197612762451,0.0
27.0,0.6692931056022644,-1.0032360553741455,0.0
27.0,0.6783947348594666,-1.006765365600586,0.0
27.0,0.6830421686172485,-1.0036181211471558,0.0
27.0,0.692206621170044,-1.0070421695709229,0.0
27.0,0.7014172077178955,-1.0104029178619385,0.0
27.0,0.7060811519622803,-1.00714910030365,0.0
27.0,0.713041365146637,-1.0071384906768799,0.0
27.0,0.717690110206604,-1.0038310289382935,0.0
27.0,0.7258356213569641,-1.0053669214248657,0.0
27.0,0.7304760813713074,-1.002000331878662,0.0
27.0,0.739843487739563,-1.0050550699234009,0.0
27.0,0.7492546439170837,-1.0080444812774658,0.0
27.0,0.7539072036743164,-1.0045695304870605,0.0
27.0,0.7633751630783081,-1.0074495077133179,0.0
27.0,0.7680248022079468,-1.0039093494415283,0.0
27.0,0.7763256430625916,-1.005096197128296,0.0
27.0,0.7858837842941284,-1.0078048706054688,0.0
27.0,0.7905348539352417,-1.0041606426239014,0.0
27.0,0.7989022135734558,-1.0051921606063843,0.0
27.0,0.8035410642623901,-1.0014878511428833,0.0
27.0,0.8144568204879761,-1.0055327415466309,0.0
27.0,0.8190970420837402,-1.0017565488815308,0.0
27.0,0.8288123607635498,-1.0041285753250122,0.0
27.0,0.839847207069397,-1.0079686641693115,0.0
27.0,0.8444984555244446,-1.0040749311447144,0.0
27.0,0.8543092608451843,-1.006258249282837,0.0
27.0,0.8589524626731873,-1.0022977590560913,0.0
27.0,0.8688110113143921,-1.004366159439087,0.0
27.0,0.8734452724456787,-1.0003385543823242,0.0
27.0,0.8833504319190979,-1.0022913217544556,0.0
27.0,0.8946214914321899,-1.005668044090271,0.0
27.0,0.899261474609375,-1.0015212297439575,0.0
27.0,0.9092545509338379,-1.0032806396484375,0.0
27.0,0.91388338804245,-0.9990661144256592,0.0
27.0,0.9252762198448181,-1.0021775960922241,0.0
27.0,0.9380807280540466,-1.0066680908203125,0.0
27.0,0.9427249431610107,-1.0023202896118164,0.0
27.0,0.9542337656021118,-1.0052034854888916,0.0
27.0,0.9588709473609924,-1.0007809400558472,0.0
27.0,0.9732198715209961,-1.0064010620117188,0.0
27.0,0.9778624176979065,-1.001890778541565,0.0
27.0,0.9951160550117493,-1.0101821422576904,0.0
27.0,1.0152872800827026,-1.0211719274520874,0.0
27.0,1.0199975967407227,-1.0164669752120972,0.0
27.0,1.0374947786331177,-1.0243868827819824,0.0
27.0,1.0422197580337524,-1.0195791721343994,0.0
27.0,1.0627198219299316,-1.0300614833831787,0.0
27.0,1.0674707889556885,-1.025137186050415,0.0
27.0,1.0881370306015015,-1.0353559255599976,0.0
27.0,1.1074649095535278,-1.044033169746399,0.0
27.0,1.1122801303863525,-1.0389018058776855,0.0
27.0,1.1332184076309204,-1.048690676689148,0.0
27.0,1.1380547285079956,-1.0434402227401733,0.0
27.0,1.160631537437439,-1.0543047189712524,0.0
27.0,1.1654934883117676,-1.0489274263381958,0.0
27.0,1.186751127243042,-1.0581690073013306,0.0
27.0,1.2081187963485718,-1.0672361850738525,0.0
27.0,1.2130401134490967,-1.0616391897201538,0.0
27.0,1.237579584121704,-1.0730520486831665,0.0
27.0,1.2425274848937988,-1.0673187971115112,0.0
27.0,1.2657264471054077,-1.0771167278289795,0.0
27.0,1.2706928253173828,-1.0712532997131348,0.0
27.0,1.2940527200698853,-1.0807514190673828,0.0
27.0,1.1797860860824585,-0.9488418698310852,0.0
27.0,1.1841603517532349,-0.9433771371841431,0.0
27.0,1.188509225845337,-0.9378922581672668,0.0
27.0,1.1928328275680542,-0.9323872923851013,0.0
27.0,1.2176891565322876,-0.9427794218063354,0.0
27.0,1.2220349311828613,-0.9371395111083984,0.0
27.0,1.2486519813537598,-0.9484155774116516,0.0
27.0,1.2769972085952759,-0.9606675505638123,0.0
27.0,1.28142511844635,-0.9547532796859741,0.0
27.0,1.3115742206573486,-0.9678186178207397,0.0
27.0,1.3160347938537598,-0.9617444276809692,0.0
27.0,1.348010778427124,-0.9755834341049194,0.0
27.0,1.3525068759918213,-0.9693406224250793,0.0
27.0,1.3847006559371948,-0.9827553629875183,0.0
27.0,1.4137742519378662,-0.9935927987098694,0.0
27.0,1.4183528423309326,-0.9870457649230957,0.0
27.0,1.4476042985916138,-0.9974998235702515,0.0
27.0,1.4522006511688232,-0.9907963275909424,0.0
27.0,1.4766534566879272,-0.9975060820579529,0.0
27.0,1.4812495708465576,-0.9906682968139648,0.0
27.0,1.5024898052215576,-0.9948509931564331,0.0
27.0,1.527145266532898,-1.0010510683059692,0.0
27.0,1.5317572355270386,-0.993979811668396,0.0
27.0,1.5598946809768677,-1.002020239830017,0.0
27.0,1.564510703086853,-0.9947975873947144,0.0
27.0,1.5792492628097534,-0.9939456582069397,0.0
27.0,1.575339913368225,-0.981346070766449,0.0
27.0,1.5798602104187012,-0.9740521907806396,0.0
27.0,1.5758103132247925,-0.9615287780761719,0.0
27.0,1.580238938331604,-0.9542329907417297,0.0
27.0,1.5777666568756104,-0.9428131580352783,0.0
27.0,1.582108736038208,-0.9355084896087646,0.0
27.0,1.579512119293213,-0.9241437911987305,0.0
27.0,1.5768442153930664,-0.9128232598304749,0.0
27.0,1.581047773361206,-0.9055231213569641,0.0
27.0,1.5886975526809692,-0.9001755714416504,0.0
27.0,1.5928423404693604,-0.8928208351135254,0.0
27.0,1.612695336341858,-0.8941753506660461,0.0
27.0,1.6308410167694092,-0.8944035172462463,0.0
27.0,1.6349587440490723,-0.8868539929389954,0.0
27.0,1.6549031734466553,-0.8877946734428406,0.0
27.0,1.6589901447296143,-0.8801339864730835,0.0
27.0,1.6754391193389893,-0.8789583444595337,0.0
27.0,1.6794849634170532,-0.8712027668952942,0.0
27.0,1.6941725015640259,-0.8689048886299133,0.0
27.0,1.446456789970398,-0.7250427603721619,0.0
27.0,1.4497934579849243,-0.7183474898338318,0.0
27.0,1.4530991315841675,-0.7116368412971497,0.0
27.0,1.4563738107681274,-0.7049110531806946,0.0
27.0,1.4791033267974854,-0.6991062164306641,0.0
27.0,1.482319712638855,-0.6922603249549866,0.0
27.0,1.4855045080184937,-0.68539959192276,0.0
27.0,1.4886574745178223,-0.6785241961479187,0.0
27.0,1.5063680410385132,-0.6782028675079346,0.0
27.0,1.509487509727478,-0.6712310910224915,0.0
27.0,1.5272244215011597,-0.6706783771514893,0.0
27.0,1.5449881553649902,-0.6699758768081665,0.0
27.0,1.5480692386627197,-0.6628256440162659,0.0
27.0,1.5603280067443848,-0.6595547199249268,0.0
27.0,1.5633606910705566,-0.6523337364196777,0.0
27.0,1.5663599967956543,-0.6450987458229065,0.0
27.0,1.5693258047103882,-0.6378499865531921,0.0
27.0,1.5685455799102783,-0.629098653793335,0.0
27.0,1.565858244895935,-0.6196321845054626,0.0
27.0,1.5687062740325928,-0.6123860478401184,0.0
27.0,1.5659215450286865,-0.6029707193374634,0.0
27.0,1.5686925649642944,-0.5957244634628296,0.0
27.0,1.5676841735839844,-0.587062656879425,0.0
27.0,1.5647529363632202,-0.5777302384376526,0.0
27.0,1.567407250404358,-0.5704895853996277,0.0
27.0,1.5643805265426636,-0.5612107515335083,0.0
27.0,1.5669584274291992,-0.553972065448761,0.0
27.0,1.565725564956665,-0.5454056859016418,0.0
27.0,1.564447045326233,-0.5368626117706299,0.0
27.0,1.5669125318527222,-0.5296238660812378,0.0
27.0,1.563651442527771,-0.5204788446426392,0.0
27.0,1.566041111946106,-0.5132439136505127,0.0
27.0,1.564590573310852,-0.5047699213027954,0.0
27.0,1.566907525062561,-0.49753081798553467,0.0
27.0,1.5634640455245972,-0.4884917438030243,0.0
27.0,1.5618822574615479,-0.48008278012275696,0.0
27.0,1.5640852451324463,-0.4728564918041229,0.0
27.0,1.5624206066131592,-0.46448028087615967,0.0
27.0,1.5607119798660278,-0.4561295807361603,0.0
27.0,1.5628042221069336,-0.4489089548587799,0.0
27.0,1.5629380941390991,-0.441135436296463,0.0
27.0,1.5649608373641968,-0.4339046776294708,0.0
27.0,1.5611611604690552,-0.4250883162021637,0.0
27.0,1.5631097555160522,-0.41786596179008484,0.0
27.0,1.561155915260315,-0.40961945056915283,0.0
27.0,1.5591593980789185,-0.40140002965927124,0.0
27.0,1.560998558998108,-0.39418715238571167,0.0
27.0,1.5511561632156372,-0.3840816617012024,0.0
27.0,1.552915334701538,-0.37690597772598267,0.0
27.0,1.5429668426513672,-0.3669458329677582,0.0
27.0,1.5368554592132568,-0.3579932749271393,0.0
27.0,1.5384941101074219,-0.35088399052619934,0.0
27.0,1.5636237859725952,-0.14135338366031647,0.0
27.0,1.5642606019973755,-0.13412266969680786,0.0
27.0,1.5648640394210815,-0.12688906490802765,0.0
27.0,1.5654339790344238,-0.11965276300907135,0.0
27.0,1.5579909086227417,-0.11184109002351761,0.0
27.0,1.5584913492202759,-0.10463672131299973,0.0
27.0,1.552970051765442,-0.09705586731433868,0.0
27.0,1.5534021854400635,-0.08987487107515335,0.0
27.0,1.5577954053878784,-0.08290452510118484,0.0
27.0,1.564155101776123,-0.07599253207445145,0.0
27.0,1.564489722251892,-0.06876004487276077,0.0
27.0,1.572784662246704,-0.06184040382504463,0.0
27.0,1.5730538368225098,-0.05456817150115967,0.0
27.0,1.5832847356796265,-0.047595251351594925,0.0
27.0,1.583487868309021,-0.04027462750673294,0.0
27.0,1.593654990196228,-0.03316117823123932,0.0
27.0,1.6037899255752563,-0.025954576209187508,0.0
27.0,1.6038928031921387,-0.01853938028216362,0.0
27.0,1.6159611940383911,-0.01120700966566801,0.0
27.0,1.6159957647323608,-0.0037356994580477476,0.0
27.0,1.6239956617355347,0.0037541838828474283,0.0
27.0,1.6319607496261597,0.011317960917949677,0.0
27.0,1.6318910121917725,0.018863001838326454,0.0
27.0,1.643784761428833,0.026601815596222878,0.0
27.0,1.6436442136764526,0.03420136123895645,0.0
27.0,1.6534652709960938,0.042054433375597,0.0
27.0,1.653253197669983,0.049698568880558014,0.0
27.0,1.6649985313415527,0.0577576644718647,0.0
27.0,1.674705982208252,0.06584784388542175,0.0
27.0,1.6743836402893066,0.07358992844820023,0.0
27.0,1.4372888803482056,0.24487674236297607,0.0
27.0,1.4361413717269897,0.25151923298835754,0.0
27.0,1.4349631071090698,0.25815635919570923,0.0
27.0,1.4337542057037354,0.2647879719734192,0.0
27.0,1.4443050622940063,0.27364781498908997,0.0
27.0,1.4430243968963623,0.28032243251800537,0.0
27.0,1.4417129755020142,0.28699108958244324,0.0
27.0,1.4403706789016724,0.29365360736846924,0.0
27.0,1.452702283859253,0.3031699061393738,0.0
27.0,1.4649765491485596,0.31280648708343506,0.0
27.0,1.4635146856307983,0.3195762634277344,0.0
27.0,1.4756851196289062,0.32938912510871887,0.0
27.0,1.4741464853286743,0.3362082540988922,0.0
27.0,1.4862112998962402,0.3461962938308716,0.0
27.0,1.4982149600982666,0.35630300641059875,0.0
27.0,1.4965516328811646,0.3632260262966156,0.0
27.0,1.5142699480056763,0.37494826316833496,0.0
27.0,1.5125203132629395,0.38194528222084045,0.0
27.0,1.5359172821044922,0.39541640877723694,0.0
27.0,1.5340726375579834,0.4025132954120636,0.0
27.0,1.555381178855896,0.4157998561859131,0.0
27.0,1.5746692419052124,0.4287664294242859,0.0
27.0,1.5726701021194458,0.4360421299934387,0.0
27.0,1.5860357284545898,0.44765469431877136,0.0
27.0,1.583949089050293,0.454982727766037,0.0
27.0,1.5971862077713013,0.4667894244194031,0.0
27.0,1.5950109958648682,0.4741688370704651,0.0
27.0,1.6062026023864746,0.48558947443962097,0.0
27.0,1.617322564125061,0.49712368845939636,0.0
27.0,1.6150068044662476,0.5045958757400513,0.0
27.0,1.6260000467300415,0.5162941217422485,0.0
27.0,1.6235957145690918,0.5238062143325806,0.0
27.0,1.6344603300094604,0.5356671810150146,0.0
27.0,1.6319663524627686,0.543218195438385,0.0
27.0,1.6427001953125,0.5552404522895813,0.0
27.0,1.6533576250076294,0.567373514175415,0.0
27.0,1.650716781616211,0.5750115513801575,0.0
27.0,1.659354329109192,0.5866370797157288,0.0
27.0,1.656624436378479,0.5943025946617126,0.0
27.0,1.44148850440979,0.5246589183807373,0.0
27.0,1.45155930519104,0.5435765385627747,0.0
27.0,1.4490306377410889,0.550281822681427,0.0
27.0,1.4464709758758545,0.5569753050804138,0.0
27.0,1.4438804388046265,0.5636569261550903,0.0
27.0,1.4579962491989136,0.5769496560096741,0.0
27.0,1.4553132057189941,0.5836843848228455,0.0
27.0,1.467421531677246,0.5964311361312866,0.0
27.0,1.4646482467651367,0.6032091975212097,0.0
27.0,1.478455662727356,0.616905927658081,0.0
27.0,1.4940094947814941,0.6315217018127441,0.0
27.0,1.491073727607727,0.6384223103523254,0.0
27.0,1.50829017162323,0.6540619730949402,0.0
27.0,1.505250096321106,0.6610283851623535,0.0
27.0,1.5186249017715454,0.6752942204475403,0.0
27.0,1.515486478805542,0.6823081970214844,0.0
27.0,1.525054931640625,0.695114016532898,0.0
27.0,1.5290889739990234,0.7055090665817261,0.0
27.0,1.525810718536377,0.7125710844993591,0.0
27.0,1.5279245376586914,0.7221818566322327,0.0
27.0,1.5245693922042847,0.7292382717132568,0.0
27.0,1.5283823013305664,0.7397644519805908,0.0
27.0,1.530334234237671,0.7494617700576782,0.0
27.0,1.5268528461456299,0.7565290927886963,0.0
27.0,1.528702735900879,0.7662689089775085,0.0
27.0,1.5251436233520508,0.7733284831047058,0.0
27.0,1.5251110792160034,0.7821969389915466,0.0
27.0,1.5214784145355225,0.7892397046089172,0.0
27.0,1.523126482963562,0.7990530729293823,0.0
27.0,1.5264829397201538,0.8098357319831848,0.0
27.0,1.5227224826812744,0.8168845772743225,0.0
27.0,1.5242034196853638,0.8267767429351807,0.0
27.0,1.5203646421432495,0.8338148593902588,0.0
27.0,1.5199916362762451,0.8427748680114746,0.0
27.0,1.5160789489746094,0.8497933149337769,0.0
27.0,1.5121338367462158,0.8567936420440674,0.0
27.0,1.5046852827072144,0.8617876172065735,0.0
27.0,1.5006848573684692,0.868735134601593,0.0
27.0,1.4793899059295654,0.8655641674995422,0.0
27.0,1.2479749917984009,1.1336464881896973,0.0
27.0,1.242720365524292,1.139404296875,0.0
27.0,1.2374391555786133,1.1451376676559448,0.0
27.0,1.2321316003799438,1.1508464813232422,0.0
27.0,1.2166106700897217,1.1469274759292603,0.0
27.0,1.2112950086593628,1.1525399684906006,0.0
27.0,1.200183391571045,1.1525866985321045,0.0
27.0,1.1905333995819092,1.1539472341537476,0.0
27.0,1.185185432434082,1.159439206123352,0.0
27.0,1.1755427122116089,1.1606907844543457,0.0
27.0,1.170163869857788,1.1661133766174316,0.0
27.0,1.1548892259597778,1.1615829467773438,0.0
27.0,1.141085147857666,1.1583613157272339,0.0
27.0,1.1357173919677734,1.1636245250701904,0.0
27.0,0.9675942659378052,1.289304256439209,0.0
27.0,0.961622953414917,1.2937639951705933,0.0
27.0,0.9556311368942261,1.2981960773468018,0.0
27.0,0.9496188759803772,1.3026005029678345,0.0
27.0,0.9305544495582581,1.3015638589859009,0.0
27.0,0.9245269298553467,1.3058522939682007,0.0
27.0,0.9184795618057251,1.310112714767456,0.0
27.0,0.9124126434326172,1.3143452405929565,0.0
27.0,0.9040603041648865,1.3152531385421753,0.0
27.0,0.8968445062637329,1.317765474319458,0.0
27.0,0.8907423615455627,1.3218978643417358,0.0
27.0,0.8835113048553467,1.3243381977081299,0.0
27.0,0.8773789405822754,1.3284088373184204,0.0
27.0,0.8701333403587341,1.3307772874832153,0.0
27.0,0.8628846406936646,1.3331069946289062,0.0
27.0,0.8567119836807251,1.3370821475982666,0.0
27.0,0.8505209684371948,1.3410288095474243,0.0
27.0,0.8443118333816528,1.3449467420578003,0.0
27.0,0.8380845785140991,1.3488359451293945,0.0
27.0,0.8307917714118958,1.3509925603866577,0.0
27.0,0.8245367407798767,1.3548191785812378,0.0
27.0,0.8182640671730042,1.358616828918457,0.0
27.0,0.8119739294052124,1.3623855113983154,0.0
27.0,0.8046504855155945,1.3644022941589355,0.0
27.0,0.7983337640762329,1.3681079149246216,0.0
27.0,0.7919999361038208,1.3717842102050781,0.0
27.0,0.7856492400169373,1.3754312992095947,0.0
27.0,0.7792816758155823,1.3790489435195923,0.0
27.0,0.7728975415229797,1.3826371431350708,0.0
27.0,0.7664967775344849,1.3861957788467407,0.0
27.0,0.7600797414779663,1.3897247314453125,0.0
27.0,0.7536463737487793,1.3932240009307861,0.0
27.0,0.7471969127655029,1.396693468093872,0.0
27.0,0.7407315373420715,1.4001331329345703,0.0
27.0,0.7342502474784851,1.4035428762435913,0.0
27.0,0.7286721467971802,1.4086989164352417,0.0
27.0,0.4739013910293579,0.948165237903595,0.0
27.0,0.46951261162757874,0.9503461122512817,0.0
27.0,0.4651137888431549,0.9525067210197449,0.0
27.0,0.460705041885376,0.9546469449996948,0.0
27.0,0.4545646011829376,0.9531563520431519,0.0
27.0,0.4484478533267975,0.9516294598579407,0.0
27.0,0.4440433084964752,0.953692615032196,0.0
27.0,0.4371218979358673,0.9502844214439392,0.0
27.0,0.4327237010002136,0.9522952437400818,0.0
27.0,0.4274972975254059,0.9524610638618469,0.0
27.0,0.4214681088924408,0.9507704973220825,0.0
27.0,0.41706782579421997,0.9527089595794678,0.0
27.0,0.4110715091228485,0.9509554505348206,0.0
27.0,0.4066705107688904,0.9528458118438721,0.0
27.0,0.4007076323032379,0.9510295987129211,0.0
27.0,0.3947703242301941,0.9491788148880005,0.0
27.0,0.3903777003288269,0.9509938359260559,0.0
27.0,0.3852258324623108,0.950934886932373,0.0
27.0,0.3808251619338989,0.9527057409286499,0.0
27.0,0.3749488592147827,0.9507350921630859,0.0
27.0,0.3698241114616394,0.9505946040153503,0.0
27.0,0.3654251992702484,0.9522942900657654,0.0
27.0,0.35960274934768677,0.9502325654029846,0.0
27.0,0.35520562529563904,0.9518849849700928,0.0
27.0,0.3494197726249695,0.9497630000114441,0.0
27.0,0.34434306621551514,0.9494881629943848,0.0
27.0,0.3399495482444763,0.9510700702667236,0.0
27.0,0.3348843455314636,0.9507452249526978,0.0
27.0,0.33048510551452637,0.9522833824157715,0.0
27.0,0.3247848153114319,0.9500161409378052,0.0
27.0,0.319112628698349,0.9477167725563049,0.0
27.0,0.3147275745868683,0.9491820335388184,0.0
27.0,0.30909445881843567,0.9468244910240173,0.0
27.0,0.304713636636734,0.9482434391975403,0.0
27.0,0.29972323775291443,0.9477351903915405,0.0
27.0,0.29533830285072327,0.9491108059883118,0.0
27.0,0.2903616428375244,0.9485536813735962,0.0
27.0,0.2853964567184448,0.9479709267616272,0.0
27.0,0.28101059794425964,0.9492802619934082,0.0
27.0,0.2760598659515381,0.948648989200592,0.0
27.0,0.27167096734046936,0.9499151706695557,0.0
27.0,0.2661941647529602,0.9473102688789368,0.0
27.0,0.2612794041633606,0.9466028809547424,0.0
27.0,0.2569001317024231,0.9478007555007935,0.0
27.0,0.25251534581184387,0.9489783644676208,0.0
27.0,0.24761982262134552,0.9482006430625916,0.0
27.0,0.24323329329490662,0.9493353366851807,0.0
27.0,0.23786669969558716,0.9465703368186951,0.0
27.0,0.2334877997636795,0.947659969329834,0.0
27.0,0.22863443195819855,0.9467852115631104,0.0
27.0,0.22425465285778046,0.9478321671485901,0.0
27.0,0.21987007558345795,0.9488588571548462,0.0
27.0,0.21503834426403046,0.9479148387908936,0.0
27.0,0.21065348386764526,0.9488989114761353,0.0
27.0,0.2054152935743332,0.9459537863731384,0.0
27.0,0.20103959739208221,0.9468933939933777,0.0
27.0,0.19625328481197357,0.9458544850349426,0.0
27.0,0.19148088991641998,0.9447915554046631,0.0
27.0,0.18711072206497192,0.9456667304039001,0.0
27.0,0.18235743045806885,0.9445579648017883,0.0
27.0,0.1779884397983551,0.9453909993171692,0.0
27.0,0.17361563444137573,0.9462038278579712,0.0
27.0,0.1692391335964203,0.9469963908195496,0.0
27.0,0.16451625525951385,0.9457982778549194,0.0
27.0,0.15980809926986694,0.9445767998695374,0.0
27.0,0.15543925762176514,0.945305585861206,0.0
27.0,0.15075170993804932,0.9440391063690186,0.0
27.0,0.14638546109199524,0.9447259902954102,0.0
27.0,0.14201606810092926,0.9453927278518677,0.0
27.0,0.13764365017414093,0.9460391998291016,0.0
27.0,0.1332682967185974,0.9466654658317566,0.0
27.0,0.1286204308271408,0.9452897906303406,0.0
27.0,0.12424863874912262,0.9458743333816528,0.0
27.0,0.11937156319618225,0.942470371723175,0.0
27.0,0.11501289159059525,0.9430121779441833,0.0
27.0,0.11065176874399185,0.9435338973999023,0.0
27.0,0.10628827661275864,0.9440353512763977,0.0
27.0,0.10192251205444336,0.9445167183876038,0.0
27.0,0.09734919667243958,0.942988395690918,0.0
27.0,0.09298837184906006,0.9434283971786499,0.0
27.0,0.08862555772066116,0.9438482522964478,0.0
27.0,0.08408308029174805,0.9422557950019836,0.0
27.0,0.07972577959299088,0.9426344633102417,0.0
27.0,0.0753667801618576,0.9429929852485657,0.0
27.0,0.0710061639547348,0.9433313608169556,0.0
27.0,0.06664403527975082,0.9436495900154114,0.0
27.0,0.062280476093292236,0.9439476132392883,0.0
27.0,0.057915590703487396,0.9442254900932312,0.0
27.0,0.05343625321984291,0.9424864053726196,0.0
27.0,0.049078214913606644,0.9427233338356018,0.0
27.0,0.04471912980079651,0.9429401755332947,0.0
27.0,0.04035909101366997,0.9431368708610535,0.0
27.0,0.035998184233903885,0.9433133602142334,0.0
27.0,0.03163651004433632,0.943469762802124,0.0
27.0,0.02727416157722473,0.943605899810791,0.0
27.0,0.022862685844302177,0.9417225122451782,0.0
27.0,0.018508508801460266,0.941818118095398,0.0
27.0,0.014153935015201569,0.9418936371803284,0.0
27.0,0.009799058549106121,0.9419490098953247,0.0
27.0,0.005443972535431385,0.941984236240387,0.0
27.0,0.0010887705720961094,0.9419993162155151,0.0
27.0,-0.0032664549071341753,0.941994309425354,0.0
27.0,-0.007621610537171364,0.9419691562652588,0.0
27.0,-0.011976603418588638,0.9419238567352295,0.0
27.0,-0.01633133925497532,0.9418584108352661,0.0
27.0,-0.020685726776719093,0.9417728185653687,0.0
27.0,-0.0250396728515625,0.9416671395301819,0.0
27.0,-0.02945549041032791,0.9435403347015381,0.0
27.0,-0.03381751477718353,0.9433940649032593,0.0
27.0,-0.038178812712430954,0.9432276487350464,0.0
27.0,-0.04244917258620262,0.9410430192947388,0.0
27.0,-0.04679951071739197,0.9408367276191711,0.0
27.0,-0.05114884674549103,0.9406102895736694,0.0
27.0,-0.05549709498882294,0.9403637647628784,0.0
27.0,-0.05984415113925934,0.9400971531867981,0.0
27.0,-0.06418993324041367,0.9398103952407837,0.0
27.0,-0.06853433698415756,0.9395036101341248,0.0
27.0,-0.07287728041410446,0.9391766786575317,0.0
27.0,-0.0772186666727066,0.9388297200202942,0.0
27.0,-0.08155839890241623,0.9384626746177673,0.0
27.0,-0.08607876300811768,0.9400672912597656,0.0
27.0,-0.09042412787675858,0.9396592378616333,0.0
27.0,-0.09476755559444427,0.9392311573028564,0.0
27.0,-0.09910895675420761,0.9387829303741455,0.0
27.0,-0.10344824194908142,0.93831467628479,0.0
27.0,-0.10778531432151794,0.93782639503479,0.0
27.0,-0.11235762387514114,0.9393038749694824,0.0
27.0,-0.11694590002298355,0.9407591223716736,0.0
27.0,-0.12129412591457367,0.940208375453949,0.0
27.0,-0.12563976645469666,0.9396375417709351,0.0
27.0,-0.12998270988464355,0.9390466213226318,0.0
27.0,-0.1343228816986084,0.9384356141090393,0.0
27.0,-0.13866019248962402,0.9378045797348022,0.0
27.0,-0.14329619705677032,0.9391305446624756,0.0
27.0,-0.14763662219047546,0.9384579658508301,0.0
27.0,-0.1519738882780075,0.93776535987854,0.0
27.0,-0.15663696825504303,0.9390255212783813,0.0
27.0,-0.16097676753997803,0.9382912516593933,0.0
27.0,-0.16566039621829987,0.9395065903663635,0.0
27.0,-0.17000232636928558,0.9387306571006775,0.0
27.0,-0.1743406057357788,0.9379346370697021,0.0
27.0,-0.17942433059215546,0.9410477876663208,0.0
27.0,-0.1837732195854187,0.9402081966400146,0.0
27.0,-0.18890365958213806,0.9432706236839294,0.0
27.0,-0.1932627260684967,0.9423871636390686,0.0
27.0,-0.19720681011676788,0.9395262002944946,0.0
27.0,-0.2015484869480133,0.9386043548583984,0.0
27.0,-0.2058858424425125,0.9376624822616577,0.0
27.0,-0.2106567770242691,0.9386520981788635,0.0
27.0,-0.21499426662921906,0.9376680850982666,0.0
27.0,-0.2193271517753601,0.9366641044616699,0.0
27.0,-0.22458532452583313,0.9395304322242737,0.0
27.0,-0.22892671823501587,0.9384820461273193,0.0
27.0,-0.23374615609645844,0.939354419708252,0.0
27.0,-0.23808665573596954,0.9382636547088623,0.0
27.0,-0.24292293190956116,0.9390891790390015,0.0
27.0,-0.24777190387248993,0.9398899078369141,0.0
27.0,-0.2521147131919861,0.9387343525886536,0.0
27.0,-0.25645214319229126,0.9375587105751038,0.0
27.0,-0.2607840895652771,0.9363629817962646,0.0
27.0,-0.2662014365196228,0.9389956593513489,0.0
27.0,-0.27053990960121155,0.9377548694610596,0.0
27.0,-0.2754358649253845,0.9384130239486694,0.0
27.0,-0.2803437113761902,0.9390460252761841,0.0
27.0,-0.2846822738647461,0.9377398490905762,0.0
27.0,-0.2896045744419098,0.9383246898651123,0.0
27.0,-0.2939396798610687,0.9369757175445557,0.0
27.0,-0.298876017332077,0.937512218952179,0.0
27.0,-0.30320730805397034,0.9361203908920288,0.0
27.0,-0.30815714597702026,0.9366083145141602,0.0
27.0,-0.31311798095703125,0.9370704889297485,0.0
27.0,-0.31744706630706787,0.9356127977371216,0.0
27.0,-0.32242071628570557,0.9360260963439941,0.0
27.0,-0.32674485445022583,0.9345254302024841,0.0
27.0,-0.3323996663093567,0.936774492263794,0.0
27.0,-0.33740466833114624,0.9371094107627869,0.0
27.0,-0.3417336642742157,0.9355394840240479,0.0
27.0,-0.34675025939941406,0.9358249306678772,0.0
27.0,-0.3510732352733612,0.934211790561676,0.0
27.0,-0.3561008870601654,0.9344475269317627,0.0
27.0,-0.36041736602783203,0.9327911138534546,0.0
27.0,-0.3661850392818451,0.9348392486572266,0.0
27.0,-0.37197938561439514,0.9368540048599243,0.0
27.0,-0.37630683183670044,0.9351241588592529,0.0
27.0,-0.38213664293289185,0.9370781779289246,0.0
27.0,-0.38646501302719116,0.9353014230728149,0.0
27.0,-0.39232975244522095,0.9371944665908813,0.0
27.0,-0.3982201814651489,0.9390530586242676,0.0
27.0,-0.40255752205848694,0.9372019171714783,0.0
27.0,-0.4076840579509735,0.9371646642684937,0.0
27.0,-0.41201257705688477,0.9352697730064392,0.0
27.0,-0.41633227467536926,0.933354914188385,0.0
27.0,-0.42064306139945984,0.9314200282096863,0.0
27.0,-0.42577651143074036,0.9312843084335327,0.0
27.0,-0.4317575991153717,0.932935893535614,0.0
27.0,-0.43606629967689514,0.9309297204017639,0.0
27.0,-0.44293591380119324,0.9343253374099731,0.0
27.0,-0.4472509026527405,0.9322674870491028,0.0
27.0,-0.45330315828323364,0.9337881207466125,0.0
27.0,-0.45761555433273315,0.9316823482513428,0.0
27.0,-0.46369826793670654,0.9331387877464294,0.0
27.0,-0.4698041081428528,0.9345588088035583,0.0
27.0,-0.4741199016571045,0.9323767423629761,0.0
27.0,-0.4802550673484802,0.933731734752655,0.0
27.0,-0.48456692695617676,0.9315013885498047,0.0
27.0,-0.49073082208633423,0.9327911138534546,0.0
27.0,-0.4978562295436859,0.935809314250946,0.0
27.0,-0.5021774768829346,0.9334975481033325,0.0
27.0,-0.5074437260627747,0.9329227805137634,0.0
27.0,-0.5117515325546265,0.9305667281150818,0.0
27.0,-1.1144236326217651,1.961529016494751,0.0
27.0,-1.1234806776046753,1.9563556909561157,0.0
27.0,-1.1325136423110962,1.9511405229568481,0.0
27.0,-1.1415222883224487,1.9458836317062378,0.0
27.0,-1.1566263437271118,1.9509072303771973,0.0
27.0,-1.1656336784362793,1.945538878440857,0.0
27.0,-1.1787595748901367,1.9469724893569946,0.0
27.0,-1.194010853767395,1.9517383575439453,0.0
27.0,-1.203021764755249,1.9461971521377563,0.0
27.0,-1.2162445783615112,1.947399616241455,0.0
27.0,-1.225235104560852,1.9417556524276733,0.0
27.0,-1.2406500577926636,1.946189045906067,0.0
27.0,-1.2496347427368164,1.9404323101043701,0.0
27.0,-1.265136480331421,1.944692611694336,0.0
27.0,-1.2785075902938843,1.945508360862732,0.0
27.0,-1.2874886989593506,1.939576506614685,0.0
27.0,-1.3031249046325684,1.9435701370239258,0.0
27.0,-1.3120968341827393,1.9375245571136475,0.0
27.0,-1.3278154134750366,1.9413424730300903,0.0
27.0,-1.3435970544815063,1.9450560808181763,0.0
27.0,-1.352575421333313,1.9388233423233032,0.0
27.0,-1.3684360980987549,1.9423589706420898,0.0
27.0,-1.3774017095565796,1.9360114336013794,0.0
27.0,-1.3933396339416504,1.9393681287765503,0.0
27.0,-1.4116867780685425,1.9458563327789307,0.0
27.0,-1.420668125152588,1.939308762550354,0.0
27.0,-1.4367551803588867,1.9423670768737793,0.0
27.0,-1.4457200765609741,1.9357037544250488,0.0
27.0,-1.4594709873199463,1.9353864192962646,0.0
27.0,-1.4780957698822021,1.9413483142852783,0.0
27.0,-1.4870555400848389,1.9344937801361084,0.0
27.0,-1.503340721130371,1.9370777606964111,0.0
27.0,-1.5122805833816528,1.930106520652771,0.0
27.0,-1.5236696004867554,1.9262313842773438,0.0
27.0,-1.5325590372085571,1.9191663265228271,0.0
27.0,-1.5313738584518433,1.8996037244796753,0.0
27.0,-1.5249910354614258,1.873888373374939,0.0
27.0,-1.5336384773254395,1.866817831993103,0.0
27.0,-1.526932716369629,1.8412333726882935,0.0
27.0,-1.5354291200637817,1.8341541290283203,0.0
27.0,-1.5258203744888306,1.8056490421295166,0.0
27.0,-1.518576979637146,1.7803155183792114,0.0
27.0,-1.5267918109893799,1.77327561378479,0.0
27.0,-1.5192307233810425,1.7480828762054443,0.0
27.0,-1.527296543121338,1.7410402297973633,0.0
27.0,-1.5194196701049805,1.7159919738769531,0.0
27.0,-1.5140094757080078,1.6940364837646484,0.0
27.0,-1.5218254327774048,1.6870185136795044,0.0
27.0,-1.516144037246704,1.6651761531829834,0.0
27.0,-1.5238265991210938,1.6581486463546753,0.0
27.0,-1.5151551961898804,1.6334896087646484,0.0
27.0,-1.50902259349823,1.61186683177948,0.0
27.0,-1.5164587497711182,1.6048728227615356,0.0
27.0,-1.5100593566894531,1.5833712816238403,0.0
27.0,-1.5173636674880981,1.5763728618621826,0.0
27.0,-1.5134865045547485,1.5578646659851074,0.0
27.0,-1.5066704750061035,1.5365701913833618,0.0
27.0,-1.5137585401535034,1.5295878648757935,0.0
27.0,-1.503853440284729,1.5055924654006958,0.0
27.0,-1.5107983350753784,1.4986236095428467,0.0
27.0,-1.5034466981887817,1.477603554725647,0.0
27.0,-1.510262131690979,1.4706367254257202,0.0
27.0,-1.5055307149887085,1.4525293111801147,0.0
27.0,-1.5006643533706665,1.4344972372055054,0.0
27.0,-1.5072804689407349,1.4275438785552979,0.0
27.0,-1.4992800951004028,1.4068742990493774,0.0
27.0,-1.5057685375213623,1.3999274969100952,0.0
27.0,-1.5019276142120361,1.3834657669067383,0.0
27.0,-1.4964895248413086,1.3657214641571045,0.0
27.0,-1.5027878284454346,1.358788013458252,0.0
27.0,-1.4971363544464111,1.3411496877670288,0.0
27.0,-1.4928501844406128,1.324920654296875,0.0
27.0,-1.4989597797393799,1.3180044889450073,0.0
27.0,-1.49297297000885,1.3005505800247192,0.0
27.0,-1.4989699125289917,1.293634057044983,0.0
27.0,-1.4958140850067139,1.278891921043396,0.0
27.0,-1.5017108917236328,1.2719625234603882,0.0
27.0,-1.4968509674072266,1.2560068368911743,0.0
27.0,-1.4918758869171143,1.2401236295700073,0.0
27.0,-1.4975934028625488,1.233212947845459,0.0
27.0,-1.4939802885055542,1.2186905145645142,0.0
27.0,-1.4995988607406616,1.2117702960968018,0.0
27.0,-1.4926941394805908,1.194825530052185,0.0
27.0,-1.4856650829315186,1.1779708862304688,0.0
27.0,-1.4910954236984253,1.17108952999115,0.0
27.0,-1.4886009693145752,1.1580429077148438,0.0
27.0,-1.4939390420913696,1.1511482000350952,0.0
27.0,-1.4881161451339722,1.135735034942627,0.0
27.0,-1.483778476715088,1.121606707572937,0.0
27.0,-1.4889482259750366,1.1147346496582031,0.0
27.0,-1.4844468832015991,1.1006914377212524,0.0
27.0,-1.4895199537277222,1.0938165187835693,0.0
27.0,-1.484856128692627,1.0798602104187012,0.0
27.0,-1.480095386505127,1.0659706592559814,0.0
27.0,-1.4850080013275146,1.059116244316101,0.0
27.0,-1.4817205667495728,1.0464704036712646,0.0
27.0,-1.4865429401397705,1.0396085977554321,0.0
27.0,-1.4814680814743042,1.025892972946167,0.0
27.0,-1.4762983322143555,1.0122466087341309,0.0
27.0,-1.4809625148773193,1.0054103136062622,0.0
27.0,-1.4756357669830322,0.9918583035469055,0.0
27.0,-1.480205774307251,0.9850252866744995,0.0
27.0,-1.476393461227417,0.9726697206497192,0.0
27.0,-1.4808746576309204,0.9658334255218506,0.0
27.0,-1.4786033630371094,0.9546371698379517,0.0
27.0,-1.4762601852416992,0.9434826970100403,0.0
27.0,-1.4806065559387207,0.9366472959518433,0.0
27.0,-1.4747505187988281,0.9234234690666199,0.0
27.0,-1.468804121017456,0.9102739691734314,0.0
27.0,-1.4729969501495361,0.903473436832428,0.0
27.0,-1.4703195095062256,0.8925023674964905,0.0
27.0,-1.4744302034378052,0.8856949806213379,0.0
27.0,-1.469913363456726,0.8737589716911316,0.0
27.0,-1.4739373922348022,0.8669536709785461,0.0
27.0,-1.4710155725479126,0.8561058640480042,0.0
27.0,-1.4680250883102417,0.8453036546707153,0.0
27.0,-1.4719176292419434,0.8385074138641357,0.0
27.0,-1.4688091278076172,0.8277654647827148,0.0
27.0,-1.4726204872131348,0.8209657669067383,0.0
27.0,-1.4693949222564697,0.8102854490280151,0.0
27.0,-1.4661022424697876,0.7996525168418884,0.0
27.0,-1.4697836637496948,0.7928656339645386,0.0
27.0,-1.4646106958389282,0.7813548445701599,0.0
27.0,-1.4682074785232544,0.7745750546455383,0.0
27.0,-1.4646800756454468,0.7640785574913025,0.0
27.0,-1.462864637374878,0.754548192024231,0.0
27.0,-1.4663375616073608,0.7477768063545227,0.0
27.0,-1.4626356363296509,0.7373879551887512,0.0
27.0,-1.4660292863845825,0.7306177616119385,0.0
27.0,-1.4640090465545654,0.7211805582046509,0.0
27.0,-1.4601348638534546,0.7109021544456482,0.0
27.0,-1.4634060859680176,0.7041438221931458,0.0
27.0,-1.459421157836914,0.6939351558685303,0.0
27.0,-1.4626139402389526,0.6871802806854248,0.0
27.0,-1.4603331089019775,0.6778844594955444,0.0
27.0,-1.4579976797103882,0.6686244010925293,0.0
27.0,-1.461073398590088,0.6618764400482178,0.0
27.0,-1.4586411714553833,0.6526637077331543,0.0
27.0,-1.461643099784851,0.6459129452705383,0.0
27.0,-1.4572815895080566,0.6359485387802124,0.0
27.0,-1.4546959400177002,0.6268298029899597,0.0
27.0,-1.4575785398483276,0.6200975179672241,0.0
27.0,-1.4548978805541992,0.6110286712646484,0.0
27.0,-1.4577072858810425,0.604295551776886,0.0
27.0,-1.4549325704574585,0.5952775478363037,0.0
27.0,-1.4576691389083862,0.5885445475578308,0.0
27.0,-1.4548007249832153,0.5795782804489136,0.0
27.0,-1.4518805742263794,0.5706511735916138,0.0
27.0,-1.4545032978057861,0.563932478427887,0.0
27.0,-1.451490879058838,0.5550586581230164,0.0
27.0,-1.4540417194366455,0.5483419299125671,0.0
27.0,-1.4528120756149292,0.5402193665504456,0.0
27.0,-1.4496608972549438,0.5314316153526306,0.0
27.0,-1.4521023035049438,0.5247235894203186,0.0
27.0,-1.4488605260849,0.5159913897514343,0.0
27.0,-1.4512306451797485,0.5092872381210327,0.0
27.0,-1.4497894048690796,0.5012651681900024,0.0
27.0,-1.4483050107955933,0.493267297744751,0.0
27.0,-1.4505701065063477,0.4865659475326538,0.0
27.0,-1.447106957435608,0.47797247767448425,0.0
27.0,-1.4493013620376587,0.4712768495082855,0.0
27.0,-1.4476549625396729,0.4633517861366272,0.0
27.0,-1.4440590143203735,0.4548512399196625,0.0
27.0,-1.4461466073989868,0.4481699466705322,0.0
27.0,-1.4443769454956055,0.4403126835823059,0.0
27.0,-1.4463971853256226,0.4336300790309906,0.0
27.0,-1.4445499181747437,0.42580726742744446,0.0
27.0,-1.4426610469818115,0.41801080107688904,0.0
27.0,-1.4445782899856567,0.41133636236190796,0.0
27.0,-1.4426125288009644,0.40357550978660583,0.0
27.0,-1.4444630146026611,0.3969014585018158,0.0
27.0,-1.4424206018447876,0.3891769349575043,0.0
27.0,-1.4442044496536255,0.3825039267539978,0.0
27.0,-1.4420862197875977,0.37481653690338135,0.0
27.0,-1.4399276971817017,0.3671569228172302,0.0
27.0,-1.4416097402572632,0.3604956567287445,0.0
27.0,-1.4393761157989502,0.3528743088245392,0.0
27.0,-1.4409922361373901,0.34621575474739075,0.0
27.0,-1.4406307935714722,0.33909159898757935,0.0
27.0,-1.4402341842651367,0.3319781720638275,0.0
27.0,-1.4417537450790405,0.3253158926963806,0.0
27.0,-1.4393362998962402,0.31778424978256226,0.0
27.0,-1.4407901763916016,0.3111262619495392,0.0
27.0,-1.438299536705017,0.3036354184150696,0.0
27.0,-1.4357703924179077,0.2961742579936981,0.0
27.0,-1.4371243715286255,0.28953298926353455,0.0
27.0,-1.4364852905273438,0.28249961137771606,0.0
27.0,-1.43777596950531,0.2758551836013794,0.0
27.0,-1.4370701313018799,0.2688370943069458,0.0
27.0,-1.4382977485656738,0.2621901333332062,0.0
27.0,-1.4355560541152954,0.25483837723731995,0.0
27.0,-1.4327774047851562,0.24751761555671692,0.0
27.0,-1.4339064359664917,0.2408907115459442,0.0
27.0,-1.4350048303604126,0.23425865173339844,0.0
27.0,-1.436072587966919,0.22762158513069153,0.0
27.0,-1.433156132698059,0.22037173807621002,0.0
27.0,-1.4321813583374023,0.21344853937625885,0.0
27.0,-1.4331529140472412,0.20682474970817566,0.0
27.0,-1.4321130514144897,0.19992002844810486,0.0
27.0,-1.433022141456604,0.19329670071601868,0.0
27.0,-1.4319171905517578,0.186411052942276,0.0
27.0,-1.4287949800491333,0.1792907565832138,0.0
27.0,-1.4296085834503174,0.172682985663414,0.0
27.0,-1.4284049272537231,0.16584086418151855,0.0
27.0,-1.4291564226150513,0.15923504531383514,0.0
27.0,-1.4298774003982544,0.15262581408023834,0.0
27.0,-1.4285781383514404,0.14581026136875153,0.0
27.0,-1.4292370080947876,0.13920384645462036,0.0
27.0,-1.4278738498687744,0.13240979611873627,0.0
27.0,-1.4284707307815552,0.1258067935705185,0.0
27.0,-1.4270440340042114,0.11903484910726547,0.0
27.0,-1.4275791645050049,0.11243581771850586,0.0
27.0,-1.4260891675949097,0.10568656772375107,0.0
27.0,-1.4265625476837158,0.09909209609031677,0.0
27.0,-1.427005410194397,0.09249550849199295,0.0
27.0,-1.4274177551269531,0.08589693903923035,0.0
27.0,-1.4277997016906738,0.0792965367436409,0.0
27.0,-1.4261536598205566,0.07259277254343033,0.0
27.0,-1.424476146697998,0.06590592116117477,0.0
27.0,-1.424765706062317,0.05931933596730232,0.0
27.0,-1.4230260848999023,0.05265752226114273,0.0
27.0,-1.423254370689392,0.04607778042554855,0.0
27.0,-1.4234521389007568,0.039497051388025284,0.0
27.0,-1.4236195087432861,0.03291548043489456,0.0
27.0,-1.42375648021698,0.02633320540189743,0.0
27.0,-1.421863317489624,0.019722629338502884,0.0
27.0,-1.4219392538070679,0.013148615136742592,0.0
27.0,-1.4219849109649658,0.006574319209903479,0.0
27.0,-1.4220000505447388,-1.1636915075996512e-07,0.0
28.0,-1.4220000505447388,1.2431519280653447e-07,0.0
28.0,-1.4199848175048828,-0.006565064657479525,0.0
28.0,-1.4199392795562744,-0.013130112551152706,0.0
28.0,-1.4198633432388306,-0.01969487965106964,0.0
28.0,-1.4197571277618408,-0.026259226724505424,0.0
28.0,-1.4196205139160156,-0.03282301127910614,0.0
28.0,-1.4194536209106445,-0.039386097341775894,0.0
28.0,-1.419256329536438,-0.0459483377635479,0.0
28.0,-1.4210275411605835,-0.05258355662226677,0.0
28.0,-1.420769214630127,-0.059152934700250626,0.0
28.0,-1.420480489730835,-0.0657210499048233,0.0
28.0,-1.420161485671997,-0.07228775322437286,0.0
28.0,-1.4198120832443237,-0.07885292172431946,0.0
28.0,-1.4194324016571045,-0.08541639894247055,0.0
28.0,-1.4190223217010498,-0.0919780507683754,0.0
28.0,-1.4185818433761597,-0.09853773564100266,0.0
28.0,-1.4181110858917236,-0.10509531199932098,0.0
28.0,-1.4176100492477417,-0.11165064573287964,0.0
28.0,-1.4190717935562134,-0.11836984008550644,0.0
28.0,-1.4185093641281128,-0.12492947280406952,0.0
28.0,-1.4179165363311768,-0.1314864307641983,0.0
28.0,-1.4172935485839844,-0.13804058730602264,0.0
28.0,-1.4166401624679565,-0.1445917785167694,0.0
28.0,-1.4159564971923828,-0.15113988518714905,0.0
28.0,-1.4152425527572632,-0.15768477320671082,0.0
28.0,-1.4144984483718872,-0.16422627866268158,0.0
28.0,-1.4157096147537231,-0.17100411653518677,0.0
28.0,-1.4149038791656494,-0.1775476336479187,0.0
28.0,-1.418034315109253,-0.1846037358045578,0.0
28.0,-1.4171656370162964,-0.19115786254405975,0.0
28.0,-1.416266679763794,-0.1977079063653946,0.0
28.0,-1.4153375625610352,-0.20425371825695038,0.0
28.0,-1.414378046989441,-0.21079516410827637,0.0
28.0,-1.415365219116211,-0.2176360934972763,0.0
28.0,-1.4163191318511963,-0.22449061274528503,0.0
28.0,-1.4152661561965942,-0.23103637993335724,0.0
28.0,-1.4141827821731567,-0.23757721483707428,0.0
28.0,-1.4130693674087524,-0.24411296844482422,0.0
28.0,-1.413894772529602,-0.2509930729866028,0.0
28.0,-1.4127192497253418,-0.25752735137939453,0.0
28.0,-1.4115134477615356,-0.26405614614486694,0.0
28.0,-1.4122416973114014,-0.2709560990333557,0.0
28.0,-1.4109739065170288,-0.2774825394153595,0.0
28.0,-1.4116365909576416,-0.28439804911613464,0.0
28.0,-1.412265419960022,-0.29132556915283203,0.0
28.0,-1.4109033346176147,-0.29785189032554626,0.0
28.0,-1.411466121673584,-0.30479398369789124,0.0
28.0,-1.4100419282913208,-0.31131646037101746,0.0
28.0,-1.4105384349822998,-0.31827250123023987,0.0
28.0,-1.409051775932312,-0.3247905373573303,0.0
28.0,-1.4094818830490112,-0.33175987005233765,0.0
28.0,-1.4118224382400513,-0.33920735120773315,0.0
28.0,-1.4102389812469482,-0.34573110938072205,0.0
28.0,-1.410565733909607,-0.35273265838623047,0.0
28.0,-1.4089198112487793,-0.3592504560947418,0.0
28.0,-1.409179449081421,-0.36626365780830383,0.0
28.0,-1.4074710607528687,-0.3727749288082123,0.0
28.0,-1.4076634645462036,-0.3797991871833801,0.0
28.0,-1.4078210592269897,-0.38683319091796875,0.0
28.0,-1.406017541885376,-0.3933379352092743,0.0
28.0,-1.4061075448989868,-0.40038201212882996,0.0
28.0,-1.4042413234710693,-0.40687867999076843,0.0
28.0,-1.4061819314956665,-0.41449761390686035,0.0
28.0,-1.408082127571106,-0.42214319109916687,0.0
28.0,-1.4061152935028076,-0.42864876985549927,0.0
28.0,-1.4060288667678833,-0.4357371926307678,0.0
28.0,-1.4039992094039917,-0.442233145236969,0.0
28.0,-1.4057492017745972,-0.44993895292282104,0.0
28.0,-1.4036539793014526,-0.4564334452152252,0.0
28.0,-1.4034278392791748,-0.46354547142982483,0.0
28.0,-1.405061960220337,-0.4713011384010315,0.0
28.0,-1.4028680324554443,-0.47779223322868347,0.0
28.0,-1.4044243097305298,-0.485580176115036,0.0
28.0,-1.402164340019226,-0.49206817150115967,0.0
28.0,-1.4036425352096558,-0.499887615442276,0.0
28.0,-1.4031972885131836,-0.5070515275001526,0.0
28.0,-1.400838017463684,-0.5135335922241211,0.0
28.0,-1.402198076248169,-0.5213988423347473,0.0
28.0,-1.3997724056243896,-0.5278761982917786,0.0
28.0,-1.4029210805892944,-0.5364852547645569,0.0
28.0,-1.4041552543640137,-0.5444117784500122,0.0
28.0,-1.401623249053955,-0.5508978962898254,0.0
28.0,-1.4009191989898682,-0.558112382888794,0.0
28.0,-1.398323893547058,-0.564583420753479,0.0
28.0,-1.4012519121170044,-0.5733144283294678,0.0
28.0,-1.4022812843322754,-0.5813185572624207,0.0
28.0,-1.39957857131958,-0.587795615196228,0.0
28.0,-1.400526762008667,-0.5958260297775269,0.0
28.0,-1.3977570533752441,-0.6022948026657104,0.0
28.0,-1.4004566669464111,-0.6111505031585693,0.0
28.0,-1.3976161479949951,-0.6176188588142395,0.0
28.0,-1.3983968496322632,-0.6257076263427734,0.0
28.0,-1.4009544849395752,-0.6346421241760254,0.0
28.0,-1.3980052471160889,-0.6411124467849731,0.0
28.0,-1.4004684686660767,-0.6500954031944275,0.0
28.0,-1.397447943687439,-0.6565633416175842,0.0
28.0,-1.3980097770690918,-0.6647348999977112,0.0
28.0,-1.3949215412139893,-0.6711912751197815,0.0
28.0,-1.3971980810165405,-0.6802598834037781,0.0
28.0,-1.3994203805923462,-0.6893637180328369,0.0
28.0,-1.3962182998657227,-0.6958264112472534,0.0
28.0,-1.3983439207077026,-0.7049752473831177,0.0
28.0,-1.3950695991516113,-0.7114328145980835,0.0
28.0,-1.3953205347061157,-0.7197088003158569,0.0
28.0,-1.3990709781646729,-0.7298523187637329,0.0
28.0,-1.395681619644165,-0.7363129258155823,0.0
28.0,-1.397556185722351,-0.7455819845199585,0.0
28.0,-1.3940942287445068,-0.7520354390144348,0.0
28.0,-1.3958698511123657,-0.7613458633422852,0.0
28.0,-1.3923349380493164,-0.7677913308143616,0.0
28.0,-1.395757794380188,-0.7781158685684204,0.0
28.0,-1.3956300020217896,-0.7865244746208191,0.0
28.0,-1.3919787406921387,-0.7929686307907104,0.0
28.0,-1.393497347831726,-0.8023898005485535,0.0
28.0,-1.389772653579712,-0.8088238835334778,0.0
28.0,-1.3929139375686646,-0.8192965984344482,0.0
28.0,-1.3942686319351196,-0.8287935853004456,0.0
28.0,-1.390421986579895,-0.8352309465408325,0.0
28.0,-1.391674518585205,-0.8447638750076294,0.0
28.0,-1.3877540826797485,-0.8511890769004822,0.0
28.0,-1.3923038244247437,-0.8628638386726379,0.0
28.0,-1.3950800895690918,-0.8735374212265015,0.0
28.0,-1.391026496887207,-0.8799780607223511,0.0
28.0,-1.3919987678527832,-0.889630913734436,0.0
28.0,-1.3878707885742188,-0.89605712890625,0.0
28.0,-1.3904139995574951,-0.9068344831466675,0.0
28.0,-1.3862065076828003,-0.9132532477378845,0.0
28.0,-1.3902944326400757,-0.9251924753189087,0.0
28.0,-1.3926416635513306,-0.9360732436180115,0.0
28.0,-1.3882989883422852,-0.942501962184906,0.0
28.0,-1.388875126838684,-0.9523035287857056,0.0
28.0,-1.3844573497772217,-0.9587146639823914,0.0
28.0,-1.3882049322128296,-0.9708362817764282,0.0
28.0,-1.3837015628814697,-0.9772440791130066,0.0
28.0,-1.3856818675994873,-0.9882762432098389,0.0
28.0,-1.3892123699188232,-1.000516414642334,0.0
28.0,-1.3845717906951904,-1.006928563117981,0.0
28.0,-1.3863496780395508,-1.0180542469024658,0.0
28.0,-1.3816280364990234,-1.024453043937683,0.0
28.0,-1.380078911781311,-1.0332270860671997,0.0
28.0,-1.365714430809021,-1.032360553741455,0.0
28.0,-1.360926866531372,-1.0386637449264526,0.0
28.0,-1.3418519496917725,-1.033958077430725,0.0
28.0,-1.3370572328567505,-1.0401508808135986,0.0
28.0,-1.3196508884429932,-1.0364389419555664,0.0
28.0,-1.3023076057434082,-1.0325883626937866,0.0
28.0,-1.2975196838378906,-1.0385984182357788,0.0
28.0,-1.2787036895751953,-1.0332729816436768,0.0
28.0,-1.273912787437439,-1.03917396068573,0.0
28.0,-1.256743311882019,-1.0348817110061646,0.0
28.0,-1.24117910861969,-1.0317317247390747,0.0
28.0,-1.2363957166671753,-1.037459135055542,0.0
28.0,-1.219377040863037,-1.0328232049942017,0.0
28.0,-1.2145888805389404,-1.038449764251709,0.0
28.0,-1.1991759538650513,-1.0349072217941284,0.0
28.0,-1.1838220357894897,-1.0312446355819702,0.0
28.0,-1.1790415048599243,-1.0367069244384766,0.0
28.0,-1.1637649536132812,-1.0328538417816162,0.0
28.0,-1.1589772701263428,-1.038223385810852,0.0
28.0,-1.14378023147583,-1.0341812372207642,0.0
28.0,-1.138986587524414,-1.0394582748413086,0.0
28.0,-1.1253423690795898,-1.0365830659866333,0.0
28.0,-1.1102845668792725,-1.0322422981262207,0.0
28.0,-1.105500340461731,-1.0373644828796387,0.0
28.0,-1.0905276536941528,-1.0328376293182373,0.0
28.0,-1.077066421508789,-1.0295765399932861,0.0
28.0,-1.07229483127594,-1.0345453023910522,0.0
28.0,-1.0589029788970947,-1.0311200618743896,0.0
28.0,-1.054124355316162,-1.0360047817230225,0.0
28.0,-1.0408036708831787,-1.0324163436889648,0.0
28.0,-1.0275390148162842,-1.0287271738052368,0.0
28.0,-1.0227718353271484,-1.0334669351577759,0.0
28.0,-1.0095813274383545,-1.029616355895996,0.0
28.0,-1.0048102140426636,-1.0342729091644287,0.0
28.0,-0.9916956424713135,-1.0302618741989136,0.0
28.0,-0.9800202250480652,-1.0275992155075073,0.0
28.0,-0.9752587676048279,-1.0321192741394043,0.0
28.0,-0.9636421203613281,-1.0293171405792236,0.0
28.0,-0.95887291431427,-1.0337613821029663,0.0
28.0,-0.948669970035553,-1.0322932004928589,0.0
28.0,-0.9438871741294861,-1.0366681814193726,0.0
28.0,-0.9310463666915894,-1.0321108102798462,0.0
28.0,-0.9196008443832397,-1.028948187828064,0.0
28.0,-0.9148337841033936,-1.033188819885254,0.0
28.0,-0.9034526348114014,-1.0298899412155151,0.0
28.0,-0.8986814022064209,-1.0340559482574463,0.0
28.0,-0.8873662352561951,-1.0306217670440674,0.0
28.0,-0.8761021494865417,-1.0271052122116089,0.0
28.0,-0.8713441491127014,-1.0311447381973267,0.0
28.0,-0.8614321947097778,-1.0290279388427734,0.0
28.0,-0.8566654324531555,-1.0329996347427368,0.0
28.0,-0.8468020558357239,-1.030767798423767,0.0
28.0,-0.8369777202606201,-1.0284669399261475,0.0
28.0,-0.832213819026947,-1.0323256254196167,0.0
28.0,-0.8224400281906128,-1.0299108028411865,0.0
28.0,-0.8176695704460144,-1.0337022542953491,0.0
28.0,-0.8067141175270081,-1.0296000242233276,0.0
28.0,-0.7970404028892517,-1.02699875831604,0.0
28.0,-0.7922836542129517,-1.0306727886199951,0.0
28.0,-0.7838754057884216,-1.0295510292053223,0.0
28.0,-0.7730861306190491,-1.0251799821853638,0.0
28.0,-0.7683380842208862,-1.0287432670593262,0.0
28.0,-0.758816123008728,-1.025852918624878,0.0
28.0,-0.7540650963783264,-1.0293502807617188,0.0
28.0,-0.7457746267318726,-1.0279690027236938,0.0
28.0,-0.7410139441490173,-1.0314059257507324,0.0
28.0,-0.7327591776847839,-1.0299320220947266,0.0
28.0,-0.7233820557594299,-1.0267689228057861,0.0
28.0,-0.7186272144317627,-1.0301024913787842,0.0
28.0,-0.710446834564209,-1.0284771919250488,0.0
28.0,-0.7056841850280762,-1.0317507982254028,0.0
28.0,-0.6964206695556641,-1.0283784866333008,0.0
28.0,-0.6883172988891602,-1.0266036987304688,0.0
28.0,-0.6835635304450989,-1.0297751426696777,0.0
28.0,-0.6744017601013184,-1.0262389183044434,0.0
28.0,-0.6696498990058899,-1.029345989227295,0.0
28.0,-0.6616350412368774,-1.0273865461349487,0.0
28.0,-0.6536526679992676,-1.0253751277923584,0.0
28.0,-0.6489050388336182,-1.0283862352371216,0.0
28.0,-0.6409651637077332,-1.0262863636016846,0.0
28.0,-0.6362134218215942,-1.0292388200759888,0.0
28.0,-0.6283168792724609,-1.0270510911941528,0.0
28.0,-0.6204542517662048,-1.0248123407363892,0.0
28.0,-0.6157095432281494,-1.0276700258255005,0.0
28.0,-0.6089117527008057,-1.0270649194717407,0.0
28.0,-0.6041567921638489,-1.0298691987991333,0.0
28.0,-0.5963768362998962,-1.0274622440338135,0.0
28.0,-0.5916200876235962,-1.0302084684371948,0.0
28.0,-0.5828988552093506,-1.0259770154953003,0.0
28.0,-0.5761893391609192,-1.0251740217208862,0.0
28.0,-0.5714434385299683,-1.0278270244598389,0.0
28.0,-0.5637940168380737,-1.025200605392456,0.0
28.0,-0.5571368932723999,-1.024282455444336,0.0
28.0,-0.5523952841758728,-1.0268473625183105,0.0
28.0,-0.5457631349563599,-1.0258588790893555,0.0
28.0,-0.5410143733024597,-1.0283712148666382,0.0
28.0,-0.5344080924987793,-1.027312994003296,0.0
28.0,-0.5296527743339539,-1.0297727584838867,0.0
28.0,-0.5221664309501648,-1.0268622636795044,0.0
28.0,-0.5156167149543762,-1.0256916284561157,0.0
28.0,-0.5108690857887268,-1.0280646085739136,0.0
28.0,-0.5034652948379517,-1.0250300168991089,0.0
28.0,-0.49872082471847534,-1.0273468494415283,0.0
28.0,-0.4922355115413666,-1.026035189628601,0.0
28.0,-0.4857729971408844,-1.0246855020523071,0.0
28.0,-0.48103031516075134,-1.0269205570220947,0.0
28.0,-0.47375738620758057,-1.0236884355545044,0.0
28.0,-0.46901941299438477,-1.0258678197860718,0.0
28.0,-0.46262505650520325,-1.0243797302246094,0.0
28.0,-0.4562545716762543,-1.0228546857833862,0.0
28.0,-0.4515206515789032,-1.0249532461166382,0.0
28.0,-0.4451814889907837,-1.0233619213104248,0.0
28.0,-0.44044533371925354,-1.02540922164917,0.0
28.0,-0.43413808941841125,-1.023751974105835,0.0
28.0,-0.4278557002544403,-1.0220584869384766,0.0
28.0,-0.4231257736682892,-1.0240256786346436,0.0
28.0,-0.41687634587287903,-1.0222671031951904,0.0
28.0,-0.41214555501937866,-1.0241835117340088,0.0
28.0,-0.40666791796684265,-1.024219274520874,0.0
28.0,-0.4004693627357483,-1.0223641395568848,0.0
28.0,-0.39573830366134644,-1.0242047309875488,0.0
28.0,-0.3895743787288666,-1.0222855806350708,0.0
28.0,-0.3848437964916229,-1.0240757465362549,0.0
28.0,-0.38079988956451416,-1.027719497680664,0.0
28.0,-0.37604427337646484,-1.0294691324234009,0.0
28.0,-0.37128064036369324,-1.0311967134475708,0.0
28.0,-0.36584025621414185,-1.0310174226760864,0.0
28.0,-0.36106956005096436,-1.0326977968215942,0.0
28.0,-0.3549884855747223,-1.0305742025375366,0.0
28.0,-0.3502199649810791,-1.032204508781433,0.0
28.0,-0.3441762328147888,-1.0300188064575195,0.0
28.0,-0.3387853503227234,-1.0296992063522339,0.0
28.0,-0.33402103185653687,-1.031254529953003,0.0
28.0,-0.3286421298980713,-1.0308823585510254,0.0
28.0,-0.32387247681617737,-1.0323907136917114,0.0
28.0,-0.31791621446609497,-1.0300549268722534,0.0
28.0,-0.3119885325431824,-1.027686357498169,0.0
28.0,-0.3072338104248047,-1.0291178226470947,0.0
28.0,-0.30190926790237427,-1.0286082029342651,0.0
28.0,-0.2971504032611847,-1.0299930572509766,0.0
28.0,-0.29183971881866455,-1.029431700706482,0.0
28.0,-0.2870771586894989,-1.0307700634002686,0.0
28.0,-0.28178074955940247,-1.0301570892333984,0.0
28.0,-0.2759774327278137,-1.027585744857788,0.0
28.0,-0.2712235748767853,-1.0288506746292114,0.0
28.0,-0.26596304774284363,-1.0281574726104736,0.0
28.0,-0.26071470975875854,-1.027437448501587,0.0
28.0,-0.25596168637275696,-1.0286318063735962,0.0
28.0,-0.2507292628288269,-1.02786123752594,0.0
28.0,-0.24597439169883728,-1.029009461402893,0.0
28.0,-0.2407582849264145,-1.0281884670257568,0.0
28.0,-0.23600201308727264,-1.0292905569076538,0.0
28.0,-0.2308027595281601,-1.0284192562103271,0.0
28.0,-0.22561660408973694,-1.0275218486785889,0.0
28.0,-0.22086356580257416,-1.028554081916809,0.0
28.0,-0.21569494903087616,-1.027606725692749,0.0
28.0,-0.2109416425228119,-1.0285929441452026,0.0
28.0,-0.20579108595848083,-1.0275962352752686,0.0
28.0,-0.2002706229686737,-1.024610996246338,0.0
28.0,-0.19553132355213165,-1.0255260467529297,0.0
28.0,-0.19078783690929413,-1.0264190435409546,0.0
28.0,-0.18604028224945068,-1.0272901058197021,0.0
28.0,-0.18094146251678467,-1.026169776916504,0.0
28.0,-0.1761951595544815,-1.026995301246643,0.0
28.0,-0.1714451014995575,-1.0277990102767944,0.0
28.0,-0.1663714051246643,-1.0266063213348389,0.0
28.0,-0.1616232544183731,-1.0273644924163818,0.0
28.0,-0.15626828372478485,-1.024146556854248,0.0
28.0,-0.15153160691261292,-1.0248581171035767,0.0
28.0,-0.14650830626487732,-1.0235679149627686,0.0
28.0,-0.14150016009807587,-1.022253155708313,0.0
28.0,-0.13677239418029785,-1.0228965282440186,0.0
28.0,-0.13204170763492584,-1.0235178470611572,0.0
28.0,-0.127308189868927,-1.0241174697875977,0.0
28.0,-0.12233441323041916,-1.0227092504501343,0.0
28.0,-0.11737637966871262,-1.0212770700454712,0.0
28.0,-0.11265338212251663,-1.0218087434768677,0.0
28.0,-0.10792797803878784,-1.022318720817566,0.0
28.0,-0.103200264275074,-1.0228067636489868,0.0
28.0,-0.09847034513950348,-1.02327299118042,0.0
28.0,-0.09355594962835312,-1.0217256546020508,0.0
28.0,-0.08883113414049149,-1.022147297859192,0.0
28.0,-0.08410441875457764,-1.0225470066070557,0.0
28.0,-0.07937590032815933,-1.0229250192642212,0.0
28.0,-0.0745001882314682,-1.0212863683700562,0.0
28.0,-0.06977760046720505,-1.0216199159622192,0.0
28.0,-0.0650535300374031,-1.021931529045105,0.0
28.0,-0.06032806262373924,-1.0222214460372925,0.0
28.0,-0.05560130625963211,-1.0224894285202026,0.0
28.0,-0.05087336152791977,-1.022735595703125,0.0
28.0,-0.046144332736730576,-1.02295982837677,0.0
28.0,-0.04141431301832199,-1.0231622457504272,0.0
28.0,-0.03668341040611267,-1.0233427286148071,0.0
28.0,-0.031951725482940674,-1.0235013961791992,0.0
28.0,-0.02721935510635376,-1.0236382484436035,0.0
28.0,-0.022486403584480286,-1.0237531661987305,0.0
28.0,-0.017718294635415077,-1.0218462944030762,0.0
28.0,-0.012993729673326015,-1.0219173431396484,0.0
28.0,-0.008268886245787144,-1.0219664573669434,0.0
28.0,-0.0035508018918335438,-1.0239938497543335,0.0
28.0,0.0011835411423817277,-1.0239993333816528,0.0
28.0,0.005917858798056841,-1.0239830017089844,0.0
28.0,0.010631244629621506,-1.0219446420669556,0.0
28.0,0.01535596139729023,-1.021884560585022,0.0
28.0,0.02008035033941269,-1.0218026638031006,0.0
28.0,0.024804310873150826,-1.0216989517211914,0.0
28.0,0.029527738690376282,-1.0215733051300049,0.0
28.0,0.03425053879618645,-1.0214258432388306,0.0
28.0,0.038972605019807816,-1.0212565660476685,0.0
28.0,0.04369383677840233,-1.0210654735565186,0.0
28.0,0.048414137214422226,-1.0208525657653809,0.0
28.0,0.05313339829444885,-1.0206178426742554,0.0
28.0,0.05785152688622475,-1.020361304283142,0.0
28.0,0.062690868973732,-1.0220792293548584,0.0
28.0,0.06741565465927124,-1.0217784643173218,0.0
28.0,0.07213899493217468,-1.0214558839797974,0.0
28.0,0.07686079293489456,-1.0211113691329956,0.0
28.0,0.08158095180988312,-1.0207451581954956,0.0
28.0,0.0862993597984314,-1.0203570127487183,0.0
28.0,0.09101593494415283,-1.0199471712112427,0.0
28.0,0.09573055803775787,-1.0195153951644897,0.0
28.0,0.10044313222169876,-1.0190619230270386,0.0
28.0,0.10515356063842773,-1.0185866355895996,0.0
28.0,0.10986173897981644,-1.0180896520614624,0.0
28.0,0.1145675778388977,-1.0175708532333374,0.0
28.0,0.11927095800638199,-1.0170302391052246,0.0
28.0,0.12421392649412155,-1.0184532403945923,0.0
28.0,0.1289212852716446,-1.0178680419921875,0.0
28.0,0.13362589478492737,-1.0172611474990845,0.0
28.0,0.13832764327526093,-1.0166324377059937,0.0
28.0,0.1430264264345169,-1.0159820318222046,0.0
28.0,0.14772216975688934,-1.0153099298477173,0.0
28.0,0.15271183848381042,-1.0165938138961792,0.0
28.0,0.1577165424823761,-1.0178533792495728,0.0
28.0,0.16242077946662903,-1.0171133279800415,0.0
28.0,0.1671215295791626,-1.0163514614105225,0.0
28.0,0.17181871831417084,-1.0155678987503052,0.0
28.0,0.1768549680709839,-1.0167330503463745,0.0
28.0,0.18155381083488464,-1.0159045457839966,0.0
28.0,0.186248779296875,-1.0150543451309204,0.0
28.0,0.1909397542476654,-1.0141823291778564,0.0
28.0,0.1956266611814499,-1.0132887363433838,0.0
28.0,0.20069760084152222,-1.0143355131149292,0.0
28.0,0.20578236877918243,-1.0153568983078003,0.0
28.0,0.21047453582286835,-1.0143946409225464,0.0
28.0,0.21557757258415222,-1.015367031097412,0.0
28.0,0.22026969492435455,-1.014359474182129,0.0
28.0,0.22539053857326508,-1.0152827501296997,0.0
28.0,0.23008215427398682,-1.0142297744750977,0.0
28.0,0.23567183315753937,-1.0170520544052124,0.0
28.0,0.24129247665405273,-1.0198440551757812,0.0
28.0,0.24600501358509064,-1.0187175273895264,0.0
28.0,0.2507123053073883,-1.0175693035125732,0.0
28.0,0.255414217710495,-1.0163992643356323,0.0
28.0,0.2606070637702942,-1.0171449184417725,0.0
28.0,0.26581230759620667,-1.0178643465042114,0.0
28.0,0.27051541209220886,-1.0166245698928833,0.0
28.0,0.2757359743118286,-1.0172933340072632,0.0
28.0,0.28043636679649353,-1.016007661819458,0.0
28.0,0.28567177057266235,-1.0166256427764893,0.0
28.0,0.2903689742088318,-1.0152939558029175,0.0
28.0,0.2950599491596222,-1.013940691947937,0.0
28.0,0.3003123104572296,-1.0144833326339722,0.0
28.0,0.304999440908432,-1.013084053993225,0.0
28.0,0.3102654218673706,-1.0135754346847534,0.0
28.0,0.31494826078414917,-1.0121301412582397,0.0
28.0,0.3202274441719055,-1.0125702619552612,0.0
28.0,0.32551735639572144,-1.012982964515686,0.0
28.0,0.330197274684906,-1.0114670991897583,0.0
28.0,0.3367585241794586,-1.0156248807907104,0.0
28.0,0.3414505422115326,-1.0140570402145386,0.0
28.0,0.34742918610572815,-1.0162523984909058,0.0
28.0,0.35212400555610657,-1.0146352052688599,0.0
28.0,0.35747572779655457,-1.0148828029632568,0.0
28.0,0.3628372251987457,-1.015102505683899,0.0
28.0,0.3675265610218048,-1.0134141445159912,0.0
28.0,0.3728986084461212,-1.0135811567306519,0.0
28.0,0.37758079171180725,-1.0118463039398193,0.0
28.0,0.38296276330947876,-1.0119602680206299,0.0
28.0,0.3883538544178009,-1.0120460987091064,0.0
28.0,0.39302876591682434,-1.0102397203445435,0.0
28.0,0.40063029527664185,-1.015854001045227,0.0
28.0,0.40532270073890686,-1.013990879058838,0.0
28.0,0.4115082621574402,-1.0158133506774902,0.0
28.0,0.41620033979415894,-1.0139000415802002,0.0
28.0,0.42088353633880615,-1.0119649171829224,0.0
28.0,0.4278874397277832,-1.0155375003814697,0.0
28.0,0.43257805705070496,-1.0135483741760254,0.0
28.0,0.4388465881347656,-1.0152090787887573,0.0
28.0,0.44353556632995605,-1.013169288635254,0.0
28.0,0.4498361647129059,-1.0147647857666016,0.0
28.0,0.45616087317466736,-1.0163233280181885,0.0
28.0,0.4608548581600189,-1.0142035484313965,0.0
28.0,0.46553897857666016,-1.0120619535446167,0.0
28.0,0.4702131152153015,-1.0098987817764282,0.0
28.0,0.4757298529148102,-1.0095232725143433,0.0
28.0,0.4829748868942261,-1.0127285718917847,0.0
28.0,0.4876519441604614,-1.0104848146438599,0.0
28.0,0.4949513077735901,-1.0136109590530396,0.0
28.0,0.499632328748703,-1.0113117694854736,0.0
28.0,0.5060909390449524,-1.0125689506530762,0.0
28.0,0.5107670426368713,-1.0102182626724243,0.0
28.0,0.5172535181045532,-1.0114073753356934,0.0
28.0,0.5246807336807251,-1.0143343210220337,0.0
28.0,0.5293647646903992,-1.0118976831436157,0.0
28.0,0.535908043384552,-1.0129750967025757,0.0
28.0,0.5405856370925903,-1.0104866027832031,0.0
28.0,0.5462033152580261,-1.0097355842590332,0.0
28.0,0.5508658289909363,-1.0071995258331299,0.0
28.0,0.5584200620651245,-1.0098927021026611,0.0
28.0,0.5660107731819153,-1.0125372409820557,0.0
28.0,0.5706861019134521,-1.0099095106124878,0.0
28.0,0.5773331522941589,-1.0107336044311523,0.0
28.0,0.5819999575614929,-1.0080536603927612,0.0
28.0,0.5896783471107483,-1.0105341672897339,0.0
28.0,0.5963760614395142,-1.0112426280975342,0.0
28.0,0.6010450720787048,-1.008474588394165,0.0
28.0,0.6067330241203308,-1.0073981285095215,0.0
28.0,0.6113840937614441,-1.0045822858810425,0.0
28.0,0.6181174516677856,-1.0051521062850952,0.0
28.0,0.6227580308914185,-1.0022835731506348,0.0
28.0,0.6295120716094971,-1.0027813911437988,0.0
28.0,0.6394974589347839,-1.0083049535751343,0.0
28.0,0.6441524028778076,-1.0053375959396362,0.0
28.0,0.6520538926124573,-1.0073856115341187,0.0
28.0,0.6567044258117676,-1.0043601989746094,0.0
28.0,0.6646475791931152,-1.0063197612762451,0.0
28.0,0.6737328767776489,-1.0098910331726074,0.0
28.0,0.6783947348594666,-1.006765365600586,0.0
28.0,0.6864179968833923,-1.0085784196853638,0.0
28.0,0.6910737156867981,-1.0053941011428833,0.0
28.0,0.7002766728401184,-1.0087599754333496,0.0
28.0,0.7049331068992615,-1.0055115222930908,0.0
28.0,0.7118856906890869,-1.005506157875061,0.0
28.0,0.7200165390968323,-1.0070850849151611,0.0
28.0,0.7246649265289307,-1.003745436668396,0.0
28.0,0.734010636806488,-1.0068488121032715,0.0
28.0,0.7386578321456909,-1.0034444332122803,0.0
28.0,0.7468684315681458,-1.0048340559005737,0.0
28.0,0.7515062093734741,-1.0013703107833862,0.0
28.0,0.7609593868255615,-1.0042613744735718,0.0
28.0,0.7704552412033081,-1.0070862770080566,0.0
28.0,0.7751031517982483,-1.0035134553909302,0.0
28.0,0.784653902053833,-1.006227731704712,0.0
28.0,0.7892976999282837,-1.002589225769043,0.0
28.0,0.7989022135734558,-1.0051921606063843,0.0
28.0,0.8085475564002991,-1.0077276229858398,0.0
28.0,0.8131980299949646,-1.0039786100387573,0.0
28.0,0.8228949904441833,-1.0064014196395874,0.0
28.0,0.8275391459465027,-1.002586007118225,0.0
28.0,0.8385668992996216,-1.006432056427002,0.0
28.0,0.8432110548019409,-1.0025442838668823,0.0
28.0,0.8530148267745972,-1.0047335624694824,0.0
28.0,0.8628567457199097,-1.0068535804748535,0.0
28.0,0.8675025701522827,-1.002853512763977,0.0
28.0,0.8787069916725159,-1.0063647031784058,0.0
28.0,0.8833504319190979,-1.0022913217544556,0.0
28.0,0.8932921886444092,-1.004173755645752,0.0
28.0,0.8979253172874451,-1.0000330209732056,0.0
28.0,0.9092545509338379,-1.0032806396484375,0.0
28.0,0.9206328392028809,-1.0064446926116943,0.0
28.0,0.9252762198448181,-1.0021775960922241,0.0
28.0,0.9367172122001648,-1.0052047967910767,0.0
28.0,0.9413546323776245,-1.0008633136749268,0.0
28.0,0.952856719493866,-1.0037529468536377,0.0
28.0,0.9574872255325317,-0.9993367791175842,0.0
28.0,0.9718295335769653,-1.0049632787704468,0.0
28.0,0.9890379905700684,-1.013340950012207,0.0
28.0,0.9937124848365784,-1.0087573528289795,0.0
28.0,1.0096467733383179,-1.0154986381530762,0.0
28.0,1.0143309831619263,-1.010819911956787,0.0
28.0,1.0332252979278564,-1.0201714038848877,0.0
28.0,1.0379308462142944,-1.0153834819793701,0.0
28.0,1.0569753646850586,-1.0244935750961304,0.0
28.0,1.0775684118270874,-1.034834384918213,0.0
28.0,1.0823413133621216,-1.0298413038253784,0.0
28.0,1.1045544147491455,-1.0412893295288086,0.0
28.0,1.1093568801879883,-1.0361714363098145,0.0
28.0,1.1302825212478638,-1.0459738969802856,0.0
28.0,1.1351063251495361,-1.0407369136810303,0.0
28.0,1.1576707363128662,-1.0516151189804077,0.0
28.0,1.1788729429244995,-1.0609686374664307,0.0
28.0,1.1837656497955322,-1.055506944656372,0.0
28.0,1.2051209211349487,-1.064587950706482,0.0
28.0,1.2100300788879395,-1.0590049028396606,0.0
28.0,1.233046293258667,-1.0691214799880981,0.0
28.0,1.2561815977096558,-1.0790475606918335,0.0
28.0,1.2611570358276367,-1.0732282400131226,0.0
28.0,1.2859840393066406,-1.0841444730758667,0.0
28.0,1.2909826040267944,-1.078187346458435,0.0
28.0,1.1616809368133545,-0.9521036148071289,0.0
28.0,1.1660704612731934,-0.9467225670814514,0.0
28.0,1.1704350709915161,-0.9413212537765503,0.0
28.0,1.1747746467590332,-0.9358998537063599,0.0
28.0,1.2026394605636597,-0.949042797088623,0.0
28.0,1.2070143222808838,-0.9434724450111389,0.0
28.0,1.211363434791565,-0.9378818869590759,0.0
28.0,1.2410796880722046,-0.9517443180084229,0.0
28.0,1.245466709136963,-0.9459961652755737,0.0
28.0,1.2706042528152466,-0.9558582305908203,0.0
28.0,1.2750099897384644,-0.9499735236167908,0.0
28.0,1.30352783203125,-0.9618811011314392,0.0
28.0,1.3354120254516602,-0.9759050607681274,0.0
28.0,1.3399097919464111,-0.9697205424308777,0.0
28.0,1.3703885078430176,-0.9821563959121704,0.0
28.0,1.3749147653579712,-0.9758101105690002,0.0
28.0,1.4039562940597534,-0.9866927862167358,0.0
28.0,1.4085030555725098,-0.9801912307739258,0.0
28.0,1.4377230405807495,-0.9906909465789795,0.0
28.0,1.4670696258544922,-1.0009410381317139,0.0
28.0,1.4716815948486328,-0.9941474795341492,0.0
28.0,1.4962116479873657,-1.000675082206726,0.0
28.0,1.5008221864700317,-0.993746817111969,0.0
28.0,1.523800015449524,-0.9988582134246826,0.0
28.0,1.5284017324447632,-0.991802453994751,0.0
28.0,1.551481008529663,-0.9966156482696533,0.0
28.0,1.5678861141204834,-0.9969438910484314,0.0
28.0,1.5724786520004272,-0.9896843433380127,0.0
28.0,1.5787349939346313,-0.9834610819816589,0.0
28.0,1.5832650661468506,-0.9761514663696289,0.0
28.0,1.5809321403503418,-0.9646540284156799,0.0
28.0,1.585375189781189,-0.9573345184326172,0.0
28.0,1.5777666568756104,-0.9428131580352783,0.0
28.0,1.5752224922180176,-0.9314365983009338,0.0
28.0,1.579512119293213,-0.9241437911987305,0.0
28.0,1.5785751342773438,-0.9138252139091492,0.0
28.0,1.5827832221984863,-0.9065171480178833,0.0
28.0,1.590437650680542,-0.9011614918708801,0.0
28.0,1.6050548553466797,-0.8996661305427551,0.0
28.0,1.6091971397399902,-0.8922357559204102,0.0
28.0,1.6273337602615356,-0.8924800753593445,0.0
28.0,1.631442666053772,-0.8849467635154724,0.0
28.0,1.6513783931732178,-0.8859037160873413,0.0
28.0,1.669590711593628,-0.8857578039169312,0.0
28.0,1.6736680269241333,-0.8780292272567749,0.0
28.0,1.6901371479034424,-0.8767284154891968,0.0
28.0,1.6941725015640259,-0.8689048886299133,0.0
28.0,1.4545735120773315,-0.7040396928787231,0.0
28.0,1.457813024520874,-0.6973071694374084,0.0
28.0,1.4610214233398438,-0.6905596852302551,0.0
28.0,1.4641984701156616,-0.6837974786758423,0.0
28.0,1.481872320175171,-0.6837237477302551,0.0
28.0,1.4850176572799683,-0.6768652200698853,0.0
28.0,1.5045443773269653,-0.6773818135261536,0.0
28.0,1.507660150527954,-0.6704185009002686,0.0
28.0,1.5253932476043701,-0.6698742508888245,0.0
28.0,1.5431532859802246,-0.6691802144050598,0.0
28.0,1.546230673789978,-0.6620384454727173,0.0
28.0,1.5603280067443848,-0.6595547199249268,0.0
28.0,1.5633606910705566,-0.6523337364196777,0.0
28.0,1.5682092905044556,-0.6458603739738464,0.0
28.0,1.56747305393219,-0.6370969414710999,0.0
28.0,1.5704017877578735,-0.6298431158065796,0.0
28.0,1.5677179098129272,-0.6203681230545044,0.0
28.0,1.5705692768096924,-0.6131133437156677,0.0
28.0,1.5677878856658936,-0.6036893725395203,0.0
28.0,1.5649532079696655,-0.5943043828010559,0.0
28.0,1.5676841735839844,-0.587062656879425,0.0
28.0,1.5647529363632202,-0.5777302384376526,0.0
28.0,1.567407250404358,-0.5704895853996277,0.0
28.0,1.5643805265426636,-0.5612107515335083,0.0
28.0,1.5669584274291992,-0.553972065448761,0.0
28.0,1.565725564956665,-0.5454056859016418,0.0
28.0,1.564447045326233,-0.5368626117706299,0.0
28.0,1.5669125318527222,-0.5296238660812378,0.0
28.0,1.563651442527771,-0.5204788446426392,0.0
28.0,1.566041111946106,-0.5132439136505127,0.0
28.0,1.564590573310852,-0.5047699213027954,0.0
28.0,1.5630950927734375,-0.4963202476501465,0.0
28.0,1.5653730630874634,-0.48908817768096924,0.0
28.0,1.5637941360473633,-0.4806704521179199,0.0
28.0,1.5659997463226318,-0.47343531250953674,0.0
28.0,1.5624206066131592,-0.46448028087615967,0.0
28.0,1.5607119798660278,-0.4561295807361603,0.0
28.0,1.5628042221069336,-0.4489089548587799,0.0
28.0,1.5629380941390991,-0.441135436296463,0.0
28.0,1.5649608373641968,-0.4339046776294708,0.0
28.0,1.5630908012390137,-0.42561376094818115,0.0
28.0,1.5611776113510132,-0.4173494279384613,0.0
28.0,1.5630905628204346,-0.41012707352638245,0.0
28.0,1.56109619140625,-0.40189865231513977,0.0
28.0,1.562937617301941,-0.3946768343448639,0.0
28.0,1.5569802522659302,-0.3855237364768982,0.0
28.0,1.5451409816741943,-0.3750191032886505,0.0
28.0,1.546858310699463,-0.36787131428718567,0.0
28.0,1.5407512187957764,-0.3589007556438446,0.0
28.0,1.5423940420150757,-0.3517734706401825,0.0
28.0,1.566230058670044,-0.15620256960391998,0.0
28.0,1.5669355392456055,-0.14895963668823242,0.0
28.0,1.5676075220108032,-0.14171351492404938,0.0
28.0,1.5682458877563477,-0.13446436822414398,0.0
28.0,1.558883547782898,-0.12640413641929626,0.0
28.0,1.5594513416290283,-0.11919549107551575,0.0
28.0,1.5599857568740845,-0.11198429018259048,0.0
28.0,1.5604867935180664,-0.10477069765329361,0.0
28.0,1.5549662113189697,-0.09718061238527298,0.0
28.0,1.5553988218307495,-0.08999038487672806,0.0
28.0,1.5557982921600342,-0.08279823511838913,0.0
28.0,1.5601598024368286,-0.07579842954874039,0.0
28.0,1.5604935884475708,-0.06858441978693008,0.0
28.0,1.5707862377166748,-0.061761826276779175,0.0
28.0,1.5710550546646118,-0.054498836398124695,0.0
28.0,1.5812857151031494,-0.047535158693790436,0.0
28.0,1.589486002922058,-0.04042718559503555,0.0
28.0,1.589655876159668,-0.033077966421842575,0.0
28.0,1.5997905731201172,-0.02588985301554203,0.0
28.0,1.5998930931091309,-0.01849314756691456,0.0
28.0,1.6119612455368042,-0.011179269291460514,0.0
28.0,1.6219956874847412,-0.0037495694123208523,0.0
28.0,1.6219956874847412,0.0037495605647563934,0.0
28.0,1.6299607753753662,0.011304090730845928,0.0
28.0,1.6298911571502686,0.018839886412024498,0.0
28.0,1.6417850255966187,0.02656945027410984,0.0
28.0,1.6416445970535278,0.03415974974632263,0.0
28.0,1.651465892791748,0.0420035794377327,0.0
28.0,1.6632486581802368,0.049999043345451355,0.0
28.0,1.6629997491836548,0.05768832564353943,0.0
28.0,1.6727075576782227,0.065769262611866,0.0
28.0,1.672385573387146,0.07350210845470428,0.0
28.0,1.4375170469284058,0.23125851154327393,0.0
28.0,1.4364326000213623,0.2379022240638733,0.0
28.0,1.4353172779083252,0.24454084038734436,0.0
28.0,1.4341713190078735,0.2511742413043976,0.0
28.0,1.4435880184173584,0.26660409569740295,0.0
28.0,1.4423400163650513,0.2732754945755005,0.0
28.0,1.4410611391067505,0.27994105219841003,0.0
28.0,1.4397515058517456,0.28660061955451965,0.0
28.0,1.4521287679672241,0.2960507571697235,0.0
28.0,1.4507445096969604,0.3027613162994385,0.0
28.0,1.4630206823349,0.3123888671398163,0.0
28.0,1.4615607261657715,0.31914961338043213,0.0
28.0,1.4737331867218018,0.32895341515541077,0.0
28.0,1.4838961362838745,0.33843183517456055,0.0
28.0,1.4823155403137207,0.34528881311416626,0.0
28.0,1.494323492050171,0.35537755489349365,0.0
28.0,1.4926645755767822,0.36228257417678833,0.0
28.0,1.5103873014450073,0.3739868700504303,0.0
28.0,1.5086420774459839,0.3809659481048584,0.0
28.0,1.530106782913208,0.39392051100730896,0.0
28.0,1.5514832735061646,0.4070815443992615,0.0
28.0,1.5495846271514893,0.41425028443336487,0.0
28.0,1.5688800811767578,0.4271901249885559,0.0
28.0,1.5668882131576538,0.4344390630722046,0.0
28.0,1.5821861028671265,0.44656816124916077,0.0
28.0,1.5801045894622803,0.4538784325122833,0.0
28.0,1.5933467149734497,0.46566733717918396,0.0
28.0,1.6045963764190674,0.4770183861255646,0.0
28.0,1.6023738384246826,0.4844319522380829,0.0
28.0,1.6154108047485352,0.4965360760688782,0.0
28.0,1.613097906112671,0.5039994120597839,0.0
28.0,1.6240938901901245,0.5156888365745544,0.0
28.0,1.6216922998428345,0.5231921076774597,0.0
28.0,1.632559895515442,0.5350443124771118,0.0
28.0,1.6433521509170532,0.5470080375671387,0.0
28.0,1.6408054828643799,0.5546000599861145,0.0
28.0,1.6495741605758667,0.5660751461982727,0.0
28.0,1.6469392776489258,0.573695719242096,0.0
28.0,1.6574687957763672,0.5859704613685608,0.0
28.0,1.654741883277893,0.5936272740364075,0.0
28.0,1.4226946830749512,0.5178185105323792,0.0
28.0,1.4202854633331299,0.5243906378746033,0.0
28.0,1.4347025156021118,0.5372639894485474,0.0
28.0,1.4322031736373901,0.543891429901123,0.0
28.0,1.4427381753921509,0.5555379986763,0.0
28.0,1.4401543140411377,0.5622023940086365,0.0
28.0,1.452417254447937,0.5747419595718384,0.0
28.0,1.449744462966919,0.581450879573822,0.0
28.0,1.46371591091156,0.594925045967102,0.0
28.0,1.4775934219360352,0.6085406541824341,0.0
28.0,1.4747642278671265,0.6153655648231506,0.0
28.0,1.48848295211792,0.629185676574707,0.0
28.0,1.4855581521987915,0.6360607147216797,0.0
28.0,1.4991154670715332,0.6500834226608276,0.0
28.0,1.5162372589111328,0.6658533811569214,0.0
28.0,1.5131425857543945,0.6728563904762268,0.0
28.0,1.5264286994934082,0.68723464012146,0.0
28.0,1.5232350826263428,0.6942845582962036,0.0
28.0,1.5290889739990234,0.7055090665817261,0.0
28.0,1.525810718536377,0.7125710844993591,0.0
28.0,1.5279245376586914,0.7221818566322327,0.0
28.0,1.5299819707870483,0.7318272590637207,0.0
28.0,1.52658212184906,0.7388931512832642,0.0
28.0,1.5285381078720093,0.748582124710083,0.0
28.0,1.525060772895813,0.7556411623954773,0.0
28.0,1.528702735900879,0.7662689089775085,0.0
28.0,1.5251436233520508,0.7733284831047058,0.0
28.0,1.5251110792160034,0.7821969389915466,0.0
28.0,1.5268045663833618,0.7920025587081909,0.0
28.0,1.523126482963562,0.7990530729293823,0.0
28.0,1.5247161388397217,0.808898389339447,0.0
28.0,1.5209599733352661,0.8159390687942505,0.0
28.0,1.5242034196853638,0.8267767429351807,0.0
28.0,1.523871898651123,0.8357383608818054,0.0
28.0,1.5199916362762451,0.8427748680114746,0.0
28.0,1.517823576927185,0.8507711887359619,0.0
28.0,1.5138739347457886,0.8577795624732971,0.0
28.0,1.508156418800354,0.8637756705284119,0.0
28.0,1.4833760261535645,0.8587151169776917,0.0
28.0,1.4793899059295654,0.8655641674995422,0.0
28.0,1.2613896131515503,1.124720573425293,0.0
28.0,1.2561761140823364,1.130540370941162,0.0
28.0,1.2509357929229736,1.136336088180542,0.0
28.0,1.2456687688827515,1.1421074867248535,0.0
28.0,1.228631854057312,1.1369872093200684,0.0
28.0,1.2233619689941406,1.1426554918289185,0.0
28.0,1.2180659770965576,1.1482993364334106,0.0
28.0,1.2054994106292725,1.147025465965271,0.0
28.0,1.200183391571045,1.1525866985321045,0.0
28.0,1.191969394683838,1.155339241027832,0.0
28.0,1.1866151094436646,1.1608377695083618,0.0
28.0,1.1769659519195557,1.1620960235595703,0.0
28.0,1.1715805530548096,1.1675251722335815,0.0
28.0,1.1605297327041626,1.1672561168670654,0.0
28.0,1.14669930934906,1.164060354232788,0.0
28.0,1.1413050889968872,1.1693495512008667,0.0
28.0,1.1289349794387817,1.1674251556396484,0.0
28.0,0.9507970809936523,1.3042165040969849,0.0
28.0,0.9447569847106934,1.308598518371582,0.0
28.0,0.9386968016624451,1.3129525184631348,0.0
28.0,0.9326164722442627,1.3172783851623535,0.0
28.0,0.9196276664733887,1.3117502927780151,0.0
28.0,0.910131573677063,1.3110592365264893,0.0
28.0,0.9040603041648865,1.3152531385421753,0.0
28.0,0.8968445062637329,1.317765474319458,0.0
28.0,0.8907423615455627,1.3218978643417358,0.0
28.0,0.8824014067649841,1.3226745128631592,0.0
28.0,0.8762767314910889,1.326740026473999,0.0
28.0,0.8701333403587341,1.3307772874832153,0.0
28.0,0.8628846406936646,1.3331069946289062,0.0
28.0,0.8567119836807251,1.3370821475982666,0.0
28.0,0.8505209684371948,1.3410288095474243,0.0
28.0,0.8443118333816528,1.3449467420578003,0.0
28.0,0.8380845785140991,1.3488359451293945,0.0
28.0,0.8307917714118958,1.3509925603866577,0.0
28.0,0.8245367407798767,1.3548191785812378,0.0
28.0,0.8182640671730042,1.358616828918457,0.0
28.0,0.8119739294052124,1.3623855113983154,0.0
28.0,0.805666446685791,1.3661249876022339,0.0
28.0,0.7983337640762329,1.3681079149246216,0.0
28.0,0.7919999361038208,1.3717842102050781,0.0
28.0,0.7856492400169373,1.3754312992095947,0.0
28.0,0.7792816758155823,1.3790489435195923,0.0
28.0,0.7728975415229797,1.3826371431350708,0.0
28.0,0.7664967775344849,1.3861957788467407,0.0
28.0,0.7600797414779663,1.3897247314453125,0.0
28.0,0.7545979619026184,1.3949830532073975,0.0
28.0,0.7481403350830078,1.3984569311141968,0.0
28.0,0.7416667342185974,1.4019010066986084,0.0
28.0,0.7351773381233215,1.4053149223327637,0.0
28.0,0.7286721467971802,1.4086989164352417,0.0
28.0,0.48264849185943604,0.9437426924705505,0.0
28.0,0.47828006744384766,0.9459640979766846,0.0
28.0,0.4739013910293579,0.948165237903595,0.0
28.0,0.46951261162757874,0.9503461122512817,0.0
28.0,0.46335867047309875,0.9489123821258545,0.0
28.0,0.45896655321121216,0.9510445594787598,0.0
28.0,0.4545646011829376,0.9531563520431519,0.0
28.0,0.4484478533267975,0.9516294598579407,0.0
28.0,0.4440433084964752,0.953692615032196,0.0
28.0,0.43795767426490784,0.9521013498306274,0.0
28.0,0.4318963289260864,0.9504744410514832,0.0
28.0,0.4274972975254059,0.9524610638618469,0.0
28.0,0.4214681088924408,0.9507704973220825,0.0
28.0,0.41706782579421997,0.9527089595794678,0.0
28.0,0.4110715091228485,0.9509554505348206,0.0
28.0,0.4066705107688904,0.9528458118438721,0.0
28.0,0.4007076323032379,0.9510295987129211,0.0
28.0,0.3955383598804474,0.9510254263877869,0.0
28.0,0.39113718271255493,0.952843964099884,0.0
28.0,0.3852258324623108,0.950934886932373,0.0
28.0,0.3808251619338989,0.9527057409286499,0.0
28.0,0.3749488592147827,0.9507350921630859,0.0
28.0,0.3698241114616394,0.9505946040153503,0.0
28.0,0.3654251992702484,0.9522942900657654,0.0
28.0,0.35960274934768677,0.9502325654029846,0.0
28.0,0.35520562529563904,0.9518849849700928,0.0
28.0,0.35011035203933716,0.9516400694847107,0.0
28.0,0.34434306621551514,0.9494881629943848,0.0
28.0,0.3399495482444763,0.9510700702667236,0.0
28.0,0.3348843455314636,0.9507452249526978,0.0
28.0,0.33048510551452637,0.9522833824157715,0.0
28.0,0.3247848153114319,0.9500161409378052,0.0
28.0,0.319112628698349,0.9477167725563049,0.0
28.0,0.3147275745868683,0.9491820335388184,0.0
28.0,0.3097151219844818,0.9487257599830627,0.0
28.0,0.3053255081176758,0.9501475691795349,0.0
28.0,0.29972323775291443,0.9477351903915405,0.0
28.0,0.2947440445423126,0.9472010731697083,0.0
28.0,0.2903616428375244,0.9485536813735962,0.0
28.0,0.2853964567184448,0.9479709267616272,0.0
28.0,0.28101059794425964,0.9492802619934082,0.0
28.0,0.2760598659515381,0.948648989200592,0.0
28.0,0.27167096734046936,0.9499151706695557,0.0
28.0,0.2661941647529602,0.9473102688789368,0.0
28.0,0.2612794041633606,0.9466028809547424,0.0
28.0,0.2569001317024231,0.9478007555007935,0.0
28.0,0.2520010471343994,0.9470456838607788,0.0
28.0,0.24711446464061737,0.9462655186653137,0.0
28.0,0.24273689091205597,0.9473978877067566,0.0
28.0,0.23786669969558716,0.9465703368186951,0.0
28.0,0.2334877997636795,0.947659969329834,0.0
28.0,0.22863443195819855,0.9467852115631104,0.0
28.0,0.22425465285778046,0.9478321671485901,0.0
28.0,0.21941860020160675,0.9469105005264282,0.0
28.0,0.21459588408470154,0.9459643959999084,0.0
28.0,0.21022003889083862,0.9469464421272278,0.0
28.0,0.2054152935743332,0.9459537863731384,0.0
28.0,0.20103959739208221,0.9468933939933777,0.0
28.0,0.19625328481197357,0.9458544850349426,0.0
28.0,0.19187815487384796,0.9467517137527466,0.0
28.0,0.18749891221523285,0.9476287364959717,0.0
28.0,0.18273654580116272,0.9465216994285583,0.0
28.0,0.17835846543312073,0.9473564624786377,0.0
28.0,0.17361563444137573,0.9462038278579712,0.0
28.0,0.16888727247714996,0.9450275301933289,0.0
28.0,0.16451625525951385,0.9457982778549194,0.0
28.0,0.160141721367836,0.9465487599372864,0.0
28.0,0.15576376020908356,0.9472790360450745,0.0
28.0,0.1510670930147171,0.9460141062736511,0.0
28.0,0.1466917097568512,0.9467024803161621,0.0
28.0,0.14171896874904633,0.9434149265289307,0.0
28.0,0.13735570013523102,0.9440600872039795,0.0
28.0,0.13298949599266052,0.9446850419044495,0.0
28.0,0.1286204308271408,0.9452897906303406,0.0
28.0,0.12424863874912262,0.9458743333816528,0.0
28.0,0.11962287127971649,0.944454550743103,0.0
28.0,0.11501289159059525,0.9430121779441833,0.0
28.0,0.11065176874399185,0.9435338973999023,0.0
28.0,0.10628827661275864,0.9440353512763977,0.0
28.0,0.10192251205444336,0.9445167183876038,0.0
28.0,0.09734919667243958,0.942988395690918,0.0
28.0,0.09298837184906006,0.9434283971786499,0.0
28.0,0.08862555772066116,0.9438482522964478,0.0
28.0,0.08426084369421005,0.9442479014396667,0.0
28.0,0.07989433407783508,0.9446274042129517,0.0
28.0,0.0753667801618576,0.9429929852485657,0.0
28.0,0.07085604965686798,0.9413370490074158,0.0
28.0,0.0665031373500824,0.9416545629501343,0.0
28.0,0.0621488057076931,0.9419519901275635,0.0
28.0,0.05779314786195755,0.9422292709350586,0.0
28.0,0.05343625321984291,0.9424864053726196,0.0
28.0,0.049078214913606644,0.9427233338356018,0.0
28.0,0.04471912980079651,0.9429401755332947,0.0
28.0,0.04027358070015907,0.9411386847496033,0.0
28.0,0.035921916365623474,0.9413148164749146,0.0
28.0,0.03163651004433632,0.943469762802124,0.0
28.0,0.02721637673676014,0.9416067004203796,0.0
28.0,0.022862685844302177,0.9417225122451782,0.0
28.0,0.018508508801460266,0.941818118095398,0.0
28.0,0.014153935015201569,0.9418936371803284,0.0
28.0,0.009799058549106121,0.9419490098953247,0.0
28.0,0.005443972535431385,0.941984236240387,0.0
28.0,0.0010887705720961094,0.9419993162155151,0.0
28.0,-0.0032664549071341753,0.941994309425354,0.0
28.0,-0.007621610537171364,0.9419691562652588,0.0
28.0,-0.011976603418588638,0.9419238567352295,0.0
28.0,-0.01633133925497532,0.9418584108352661,0.0
28.0,-0.020685726776719093,0.9417728185653687,0.0
28.0,-0.0250396728515625,0.9416671395301819,0.0
28.0,-0.029393082484602928,0.941541314125061,0.0
28.0,-0.033745866268873215,0.9413953423500061,0.0
28.0,-0.03809792548418045,0.9412292242050171,0.0
28.0,-0.04244917258620262,0.9410430192947388,0.0
28.0,-0.04679951071739197,0.9408367276191711,0.0
28.0,-0.05114884674549103,0.9406102895736694,0.0
28.0,-0.05549709498882294,0.9403637647628784,0.0
28.0,-0.05984415113925934,0.9400971531867981,0.0
28.0,-0.06418993324041367,0.9398103952407837,0.0
28.0,-0.06853433698415756,0.9395036101341248,0.0
28.0,-0.07303201407194138,0.9411707520484924,0.0
28.0,-0.0772186666727066,0.9388297200202942,0.0
28.0,-0.08155839890241623,0.9384626746177673,0.0
28.0,-0.08607876300811768,0.9400672912597656,0.0
28.0,-0.09042412787675858,0.9396592378616333,0.0
28.0,-0.09476755559444427,0.9392311573028564,0.0
28.0,-0.09910895675420761,0.9387829303741455,0.0
28.0,-0.10344824194908142,0.93831467628479,0.0
28.0,-0.10801366716623306,0.9398132562637329,0.0
28.0,-0.11235762387514114,0.9393038749694824,0.0
28.0,-0.11669917404651642,0.9387743473052979,0.0
28.0,-0.12103822827339172,0.9382247924804688,0.0
28.0,-0.12563976645469666,0.9396375417709351,0.0
28.0,-0.12998270988464355,0.9390466213226318,0.0
28.0,-0.1343228816986084,0.9384356141090393,0.0
28.0,-0.13866019248962402,0.9378045797348022,0.0
28.0,-0.14299452304840088,0.9371534585952759,0.0
28.0,-0.14794743061065674,0.9404337406158447,0.0
28.0,-0.1522938311100006,0.9397396445274353,0.0
28.0,-0.15696603059768677,0.9409981966018677,0.0
28.0,-0.16097676753997803,0.9382912516593933,0.0
28.0,-0.16531310975551605,0.9375370144844055,0.0
28.0,-0.16964592039585114,0.9367626905441284,0.0
28.0,-0.1739751100540161,0.9359683394432068,0.0
28.0,-0.17904974520206451,0.9390831589698792,0.0
28.0,-0.1833895593881607,0.9382452964782715,0.0
28.0,-0.18772545456886292,0.9373874068260193,0.0
28.0,-0.1924591362476349,0.9384686946868896,0.0
28.0,-0.1967959702014923,0.9375688433647156,0.0
28.0,-0.20112860202789307,0.936648964881897,0.0
28.0,-0.2058858424425125,0.9376624822616577,0.0
28.0,-0.21021881699562073,0.9367005825042725,0.0
28.0,-0.21499426662921906,0.9376680850982666,0.0
28.0,-0.2193271517753601,0.9366641044616699,0.0
28.0,-0.22458532452583313,0.9395304322242737,0.0
28.0,-0.22892671823501587,0.9384820461273193,0.0
28.0,-0.23374615609645844,0.939354419708252,0.0
28.0,-0.23857857286930084,0.9402022957801819,0.0
28.0,-0.24292293190956116,0.9390891790390015,0.0
28.0,-0.24777190387248993,0.9398899078369141,0.0
28.0,-0.2521147131919861,0.9387343525886536,0.0
28.0,-0.2569798231124878,0.9394878149032593,0.0
28.0,-0.261857271194458,0.9402163624763489,0.0
28.0,-0.2662014365196228,0.9389956593513489,0.0
28.0,-0.27109429240226746,0.9396764636039734,0.0
28.0,-0.2754358649253845,0.9384130239486694,0.0
28.0,-0.2803437113761902,0.9390460252761841,0.0
28.0,-0.2846822738647461,0.9377398490905762,0.0
28.0,-0.2896045744419098,0.9383246898651123,0.0
28.0,-0.2939396798610687,0.9369757175445557,0.0
28.0,-0.29826852679252625,0.9356066584587097,0.0
28.0,-0.3038235604763031,0.938023030757904,0.0
28.0,-0.30815714597702026,0.9366083145141602,0.0
28.0,-0.31311798095703125,0.9370704889297485,0.0
28.0,-0.31744706630706787,0.9356127977371216,0.0
28.0,-0.32242071628570557,0.9360260963439941,0.0
28.0,-0.3274049460887909,0.9364133477210999,0.0
28.0,-0.33173084259033203,0.9348896145820618,0.0
28.0,-0.33672717213630676,0.9352276921272278,0.0
28.0,-0.341047465801239,0.9336608648300171,0.0
28.0,-0.34605535864830017,0.9339494705200195,0.0
28.0,-0.35177677869796753,0.9360839128494263,0.0
28.0,-0.3561008870601654,0.9344475269317627,0.0
28.0,-0.3611381947994232,0.9346566796302795,0.0
28.0,-0.36545559763908386,0.932977020740509,0.0
28.0,-0.37124133110046387,0.934995174407959,0.0
28.0,-0.3778000771999359,0.9388349056243896,0.0
28.0,-0.38213664293289185,0.9370781779289246,0.0
28.0,-0.3879925608634949,0.9389983415603638,0.0
28.0,-0.39232975244522095,0.9371944665908813,0.0
28.0,-0.3974393904209137,0.937211811542511,0.0
28.0,-0.40176820755004883,0.9353642463684082,0.0
28.0,-0.4068862497806549,0.9353306889533997,0.0
28.0,-0.41281890869140625,0.9371001124382019,0.0
28.0,-0.41714704036712646,0.9351814985275269,0.0
28.0,-0.4222894310951233,0.9350655674934387,0.0
28.0,-0.4266080856323242,0.9331032037734985,0.0
28.0,-0.4317575991153717,0.932935893535614,0.0
28.0,-0.43606629967689514,0.9309297204017639,0.0
28.0,-0.4420791268348694,0.9325180649757385,0.0
28.0,-0.4481160044670105,0.9340707063674927,0.0
28.0,-0.45242977142333984,0.9319888949394226,0.0
28.0,-0.45937904715538025,0.9352726936340332,0.0
28.0,-0.46369826793670654,0.9331387877464294,0.0
28.0,-0.4698041081428528,0.9345588088035583,0.0
28.0,-0.4759329557418823,0.9359421730041504,0.0
28.0,-0.4802550673484802,0.933731734752655,0.0
28.0,-0.486412912607193,0.9350500106811523,0.0
28.0,-0.49073082208633423,0.9327911138534546,0.0
28.0,-0.49691689014434814,0.9340436458587646,0.0
28.0,-0.501230001449585,0.9317362308502197,0.0
28.0,-0.506488025188446,0.9311658143997192,0.0
28.0,-1.0962384939193726,1.9717497825622559,0.0
28.0,-1.1053428649902344,1.966660499572754,0.0
28.0,-1.1144236326217651,1.961529016494751,0.0
28.0,-1.1234806776046753,1.9563556909561157,0.0
28.0,-1.136529564857483,1.958059310913086,0.0
28.0,-1.1455702781677246,1.9527838230133057,0.0
28.0,-1.1545864343643188,1.947466492652893,0.0
28.0,-1.167689561843872,1.9489703178405762,0.0
28.0,-1.1766879558563232,1.9435508251190186,0.0
28.0,-1.1919233798980713,1.9483259916305542,0.0
28.0,-1.200918436050415,1.9427945613861084,0.0
28.0,-1.2141257524490356,1.9440069198608398,0.0
28.0,-1.2295042276382446,1.9485212564468384,0.0
28.0,-1.2384997606277466,1.942815899848938,0.0
28.0,-1.253966212272644,1.9471580982208252,0.0
28.0,-1.2629551887512207,1.9413397312164307,0.0
28.0,-1.276310682296753,1.9421653747558594,0.0
28.0,-1.2919130325317383,1.9462416172027588,0.0
28.0,-1.3008973598480225,1.940247893333435,0.0
28.0,-1.3165827989578247,1.9441486597061157,0.0
28.0,-1.3255572319030762,1.938040852546692,0.0
28.0,-1.3413234949111938,1.9417648315429688,0.0
28.0,-1.3571525812149048,1.9453845024108887,0.0
28.0,-1.366132378578186,1.939089059829712,0.0
28.0,-1.3820394277572632,1.9425301551818848,0.0
28.0,-1.3910057544708252,1.9361196756362915,0.0
28.0,-1.4069888591766357,1.9393807649612427,0.0
28.0,-1.415940284729004,1.9328550100326538,0.0
28.0,-1.4319977760314941,1.9359354972839355,0.0
28.0,-1.4481137990951538,1.9389086961746216,0.0
28.0,-1.4570626020431519,1.9321928024291992,0.0
28.0,-1.475672721862793,1.9381657838821411,0.0
28.0,-1.484617829322815,1.931322455406189,0.0
28.0,-1.5008883476257324,1.933917760848999,0.0
28.0,-1.5172146558761597,1.9364038705825806,0.0
28.0,-1.526151180267334,1.929368495941162,0.0
28.0,-1.527566909790039,1.9129148721694946,0.0
28.0,-1.536394715309143,1.9058318138122559,0.0
28.0,-1.5300407409667969,1.8800934553146362,0.0
28.0,-1.5234819650650024,1.8544548749923706,0.0
28.0,-1.5320395231246948,1.8473914861679077,0.0
28.0,-1.5225909948349,1.81881844997406,0.0
28.0,-1.530983805656433,1.8117594718933105,0.0
28.0,-1.5237687826156616,1.7864022254943848,0.0
28.0,-1.5320117473602295,1.7793381214141846,0.0
28.0,-1.5244784355163574,1.7541210651397705,0.0
28.0,-1.5167453289031982,1.7290122509002686,0.0
28.0,-1.524722933769226,1.721981406211853,0.0
28.0,-1.5193405151367188,1.7000013589859009,0.0
28.0,-1.527184009552002,1.6929587125778198,0.0
28.0,-1.5215299129486084,1.6710914373397827,0.0
28.0,-1.5130001306533813,1.6463677883148193,0.0
28.0,-1.520595669746399,1.6393550634384155,0.0
28.0,-1.5144901275634766,1.6177070140838623,0.0
28.0,-1.5219532251358032,1.6106876134872437,0.0
28.0,-1.515580654144287,1.589160680770874,0.0
28.0,-1.5090419054031372,1.5677273273468018,0.0
28.0,-1.5162739753723145,1.5607337951660156,0.0
28.0,-1.5094709396362305,1.5394262075424194,0.0
28.0,-1.516572117805481,1.53243088722229,0.0
28.0,-1.5095069408416748,1.511252522468567,0.0
28.0,-1.5022786855697632,1.4901726245880127,0.0
28.0,-1.5091522932052612,1.4832110404968262,0.0
28.0,-1.504530429840088,1.4650554656982422,0.0
28.0,-1.5112879276275635,1.4580838680267334,0.0
28.0,-1.5035557746887207,1.4372612237930298,0.0
28.0,-1.498567819595337,1.4192920923233032,0.0
28.0,-1.5051137208938599,1.4123485088348389,0.0
28.0,-1.4984447956085205,1.3931186199188232,0.0
28.0,-1.5048696994781494,1.3861757516860962,0.0
28.0,-1.500921368598938,1.369766116142273,0.0
28.0,-1.4953702688217163,1.352081298828125,0.0
28.0,-1.50160551071167,1.3451532125473022,0.0
28.0,-1.498833417892456,1.3302308320999146,0.0
28.0,-1.5049675703048706,1.323287010192871,0.0
28.0,-1.5005131959915161,1.3071190118789673,0.0
28.0,-1.4913994073867798,1.2871006727218628,0.0
28.0,-1.4973342418670654,1.2801915407180786,0.0
28.0,-1.4940801858901978,1.265499234199524,0.0
28.0,-1.4999150037765503,1.2585780620574951,0.0
28.0,-1.494951844215393,1.242680549621582,0.0
28.0,-1.5006812810897827,1.2357555627822876,0.0
28.0,-1.495530128479004,1.2199547290802002,0.0
28.0,-1.4887096881866455,1.20297110080719,0.0
28.0,-1.494255542755127,1.196075439453125,0.0
28.0,-1.4887993335723877,1.1804560422897339,0.0
28.0,-1.4942411184310913,1.1735601425170898,0.0
28.0,-1.4901795387268066,1.1592708826065063,0.0
28.0,-1.4860179424285889,1.1450445652008057,0.0
28.0,-1.4912959337234497,1.1381618976593018,0.0
28.0,-1.4869693517684937,1.124018669128418,0.0
28.0,-1.4921501874923706,1.1171318292617798,0.0
28.0,-1.486053466796875,1.1018825769424438,0.0
28.0,-1.4798476696014404,1.0867136716842651,0.0
28.0,-1.484856128692627,1.0798602104187012,0.0
28.0,-1.4817183017730713,1.0671395063400269,0.0
28.0,-1.4866362810134888,1.0602775812149048,0.0
28.0,-1.4833542108535767,1.047624111175537,0.0
28.0,-1.4783481359481812,1.0338776111602783,0.0
28.0,-1.4831123352050781,1.027031660079956,0.0
28.0,-1.4795973300933838,1.014508605003357,0.0
28.0,-1.4842720031738281,1.0076570510864258,0.0
28.0,-1.4772956371307373,0.992974042892456,0.0
28.0,-1.4735456705093384,0.9805932641029358,0.0
28.0,-1.4780635833740234,0.973770022392273,0.0
28.0,-1.4758490324020386,0.9625556468963623,0.0
28.0,-1.480283498764038,0.9557219743728638,0.0
28.0,-1.4779454469680786,0.9445596933364868,0.0
28.0,-1.4738457202911377,0.9323703646659851,0.0
28.0,-1.4781407117843628,0.9255462884902954,0.0
28.0,-1.4722040891647339,0.9123810529708862,0.0
28.0,-1.4764065742492676,0.9055647850036621,0.0
28.0,-1.472029209136963,0.8935401439666748,0.0
28.0,-1.4675724506378174,0.8815754652023315,0.0
28.0,-1.4716325998306274,0.8747808933258057,0.0
28.0,-1.4687656164169312,0.8639117479324341,0.0
28.0,-1.472744107246399,0.8571118712425232,0.0
28.0,-1.4697582721710205,0.8463016152381897,0.0
28.0,-1.473655343055725,0.8394973278045654,0.0
28.0,-1.4705514907836914,0.8287473917007446,0.0
28.0,-1.4673798084259033,0.8180441856384277,0.0
28.0,-1.4711462259292603,0.8112512230873108,0.0
28.0,-1.467858076095581,0.8006102442741394,0.0
28.0,-1.4715439081192017,0.7938152551651001,0.0
28.0,-1.468139886856079,0.7832376956939697,0.0
28.0,-1.4629008769989014,0.7717754244804382,0.0
28.0,-1.4664534330368042,0.7650036811828613,0.0
28.0,-1.4646421670913696,0.755465030670166,0.0
28.0,-1.4681192636489868,0.748685359954834,0.0
28.0,-1.4644215106964111,0.7382882833480835,0.0
28.0,-1.460659146308899,0.7279414534568787,0.0
28.0,-1.4640090465545654,0.7211805582046509,0.0
28.0,-1.4619331359863281,0.7117776870727539,0.0
28.0,-1.4652084112167358,0.7050110697746277,0.0
28.0,-1.4612274169921875,0.6947939991950989,0.0
28.0,-1.4571833610534668,0.6846288442611694,0.0
28.0,-1.4603331089019775,0.6778844594955444,0.0
28.0,-1.4579976797103882,0.6686244010925293,0.0
28.0,-1.461073398590088,0.6618764400482178,0.0
28.0,-1.4586411714553833,0.6526637077331543,0.0
28.0,-1.4561550617218018,0.6434876918792725,0.0
28.0,-1.4591145515441895,0.6367484927177429,0.0
28.0,-1.4546959400177002,0.6268298029899597,0.0
28.0,-1.4575785398483276,0.6200975179672241,0.0
28.0,-1.4567419290542603,0.6118031144142151,0.0
28.0,-1.45955491065979,0.6050615310668945,0.0
28.0,-1.4567835330963135,0.5960349440574646,0.0
28.0,-1.4539600610733032,0.5870469212532043,0.0
28.0,-1.4566586017608643,0.5803184509277344,0.0
28.0,-1.4537420272827148,0.5713827610015869,0.0
28.0,-1.4563682079315186,0.5646554827690125,0.0
28.0,-1.4533590078353882,0.5557730197906494,0.0
28.0,-1.4502989053726196,0.5469304919242859,0.0
28.0,-1.4528120756149292,0.5402193665504456,0.0
28.0,-1.4496608972549438,0.5314316153526306,0.0
28.0,-1.4521023035049438,0.5247235894203186,0.0
28.0,-1.45074462890625,0.5166623592376709,0.0
28.0,-1.4493435621261597,0.5086249709129333,0.0
28.0,-1.4516795873641968,0.5019186735153198,0.0
28.0,-1.4483050107955933,0.493267297744751,0.0
28.0,-1.4505701065063477,0.4865659475326538,0.0
28.0,-1.447106957435608,0.47797247767448425,0.0
28.0,-1.4454972743988037,0.47003987431526184,0.0
28.0,-1.4476549625396729,0.4633517861366272,0.0
28.0,-1.4459666013717651,0.4554520845413208,0.0
28.0,-1.448056936264038,0.4487619698047638,0.0
28.0,-1.4462900161743164,0.44089585542678833,0.0
28.0,-1.4425657987594604,0.43248140811920166,0.0
28.0,-1.4445499181747437,0.42580726742744446,0.0
28.0,-1.4445819854736328,0.41856738924980164,0.0
28.0,-1.4465017318725586,0.411884069442749,0.0
28.0,-1.4445385932922363,0.40411433577537537,0.0
28.0,-1.4425344467163086,0.3963715732097626,0.0
28.0,-1.4443516731262207,0.38969796895980835,0.0
28.0,-1.440337896347046,0.38147982954978943,0.0
28.0,-1.4420862197875977,0.37481653690338135,0.0
28.0,-1.4399276971817017,0.3671569228172302,0.0
28.0,-1.4416097402572632,0.3604956567287445,0.0
28.0,-1.4413186311721802,0.35335052013397217,0.0
28.0,-1.4390475749969482,0.34574854373931885,0.0
28.0,-1.4406307935714722,0.33909159898757935,0.0
28.0,-1.4402341842651367,0.3319781720638275,0.0
28.0,-1.4417537450790405,0.3253158926963806,0.0
28.0,-1.4393362998962402,0.31778424978256226,0.0
28.0,-1.436880350112915,0.31028199195861816,0.0
28.0,-1.438299536705017,0.3036354184150696,0.0
28.0,-1.4357703924179077,0.2961742579936981,0.0
28.0,-1.4371243715286255,0.28953298926353455,0.0
28.0,-1.4384477138519287,0.2828855514526367,0.0
28.0,-1.4358118772506714,0.275478333234787,0.0
28.0,-1.4370701313018799,0.2688370943069458,0.0
28.0,-1.434362530708313,0.26147276163101196,0.0
28.0,-1.4355560541152954,0.25483837723731995,0.0
28.0,-1.4347481727600098,0.24785807728767395,0.0
28.0,-1.4358787536621094,0.2412220537662506,0.0
28.0,-1.4350048303604126,0.23425865173339844,0.0
28.0,-1.4321218729019165,0.22699540853500366,0.0
28.0,-1.433156132698059,0.22037173807621002,0.0
28.0,-1.4321813583374023,0.21344853937625885,0.0
28.0,-1.4331529140472412,0.20682474970817566,0.0
28.0,-1.4321130514144897,0.19992002844810486,0.0
28.0,-1.4310400485992432,0.19302935898303986,0.0
28.0,-1.4319171905517578,0.186411052942276,0.0
28.0,-1.4307793378829956,0.1795397698879242,0.0
28.0,-1.4315941333770752,0.17292281985282898,0.0
28.0,-1.4303916692733765,0.16607153415679932,0.0
28.0,-1.4291564226150513,0.15923504531383514,0.0
28.0,-1.4298774003982544,0.15262581408023834,0.0
28.0,-1.4285781383514404,0.14581026136875153,0.0
28.0,-1.4292370080947876,0.13920384645462036,0.0
28.0,-1.4298652410507202,0.13259446620941162,0.0
28.0,-1.4284707307815552,0.1258067935705185,0.0
28.0,-1.429037094116211,0.11920109391212463,0.0
28.0,-1.4255852699279785,0.1122787743806839,0.0
28.0,-1.4260891675949097,0.10568656772375107,0.0
28.0,-1.4265625476837158,0.09909209609031677,0.0
28.0,-1.427005410194397,0.09249550849199295,0.0
28.0,-1.4274177551269531,0.08589693903923035,0.0
28.0,-1.4277997016906738,0.0792965367436409,0.0
28.0,-1.42815101146698,0.07269444316625595,0.0
28.0,-1.4264739751815796,0.06599835306406021,0.0
28.0,-1.426763892173767,0.059402529150247574,0.0
28.0,-1.4250247478485107,0.0527314767241478,0.0
28.0,-1.423254370689392,0.04607778042554855,0.0
28.0,-1.4234521389007568,0.039497051388025284,0.0
28.0,-1.4236195087432861,0.03291548043489456,0.0
28.0,-1.42375648021698,0.02633320540189743,0.0
28.0,-1.421863317489624,0.019722629338502884,0.0
28.0,-1.4219392538070679,0.013148615136742592,0.0
28.0,-1.4219849109649658,0.006574319209903479,0.0
29.0,-1.4199999570846558,1.2414034245011862e-07,0.0
29.0,-1.4199848175048828,-0.006565064657479525,0.0
29.0,-1.4199392795562744,-0.013130112551152706,0.0
29.0,-1.4198633432388306,-0.01969487965106964,0.0
29.0,-1.4217568635940552,-0.026296213269233704,0.0
29.0,-1.4216201305389404,-0.03286924585700035,0.0
29.0,-1.4214529991149902,-0.03944157063961029,0.0
29.0,-1.4312502145767212,-0.04633663594722748,0.0
29.0,-1.4310206174850464,-0.05295334383845329,0.0
29.0,-1.4287621974945068,-0.05948571860790253,0.0
29.0,-1.420480489730835,-0.0657210499048233,0.0
29.0,-1.420161485671997,-0.07228775322437286,0.0
29.0,-1.4218089580535889,-0.07896382361650467,0.0
29.0,-1.4214286804199219,-0.08553653210401535,0.0
29.0,-1.4190223217010498,-0.0919780507683754,0.0
29.0,-1.4185818433761597,-0.09853773564100266,0.0
29.0,-1.4181110858917236,-0.10509531199932098,0.0
29.0,-1.4176100492477417,-0.11165064573287964,0.0
29.0,-1.4170787334442139,-0.11820358783006668,0.0
29.0,-1.4185093641281128,-0.12492947280406952,0.0
29.0,-1.4179165363311768,-0.1314864307641983,0.0
29.0,-1.4172935485839844,-0.13804058730602264,0.0
29.0,-1.4166401624679565,-0.1445917785167694,0.0
29.0,-1.4159564971923828,-0.15113988518714905,0.0
29.0,-1.4152425527572632,-0.15768477320671082,0.0
29.0,-1.4144984483718872,-0.16422627866268158,0.0
29.0,-1.417695164680481,-0.17124395072460175,0.0
29.0,-1.4168882369995117,-0.1777966469526291,0.0
29.0,-1.4160510301589966,-0.184345543384552,0.0
29.0,-1.415183663368225,-0.19089050590991974,0.0
29.0,-1.4142858982086182,-0.19743138551712036,0.0
29.0,-1.4153375625610352,-0.20425371825695038,0.0
29.0,-1.4163563251495361,-0.21108999848365784,0.0
29.0,-1.415365219116211,-0.2176360934972763,0.0
29.0,-1.4143438339233398,-0.2241775244474411,0.0
29.0,-1.4132922887802124,-0.23071415722370148,0.0
29.0,-1.4141827821731567,-0.23757721483707428,0.0
29.0,-1.4130693674087524,-0.24411296844482422,0.0
29.0,-1.413894772529602,-0.2509930729866028,0.0
29.0,-1.4127192497253418,-0.25752735137939453,0.0
29.0,-1.4115134477615356,-0.26405614614486694,0.0
29.0,-1.4122416973114014,-0.2709560990333557,0.0
29.0,-1.4109739065170288,-0.2774825394153595,0.0
29.0,-1.4116365909576416,-0.28439804911613464,0.0
29.0,-1.412265419960022,-0.29132556915283203,0.0
29.0,-1.4109033346176147,-0.29785189032554626,0.0
29.0,-1.411466121673584,-0.30479398369789124,0.0
29.0,-1.4100419282913208,-0.31131646037101746,0.0
29.0,-1.4105384349822998,-0.31827250123023987,0.0
29.0,-1.4110007286071777,-0.32523974776268005,0.0
29.0,-1.4094818830490112,-0.33175987005233765,0.0
29.0,-1.4118224382400513,-0.33920735120773315,0.0
29.0,-1.4102389812469482,-0.34573110938072205,0.0
29.0,-1.410565733909607,-0.35273265838623047,0.0
29.0,-1.4089198112487793,-0.3592504560947418,0.0
29.0,-1.4072438478469849,-0.36576056480407715,0.0
29.0,-1.4094043970108032,-0.3732869625091553,0.0
29.0,-1.4076634645462036,-0.3797991871833801,0.0
29.0,-1.4078210592269897,-0.38683319091796875,0.0
29.0,-1.406017541885376,-0.3933379352092743,0.0
29.0,-1.4061075448989868,-0.40038201212882996,0.0
29.0,-1.4042413234710693,-0.40687867999076843,0.0
29.0,-1.4061819314956665,-0.41449761390686035,0.0
29.0,-1.408082127571106,-0.42214319109916687,0.0
29.0,-1.4061152935028076,-0.42864876985549927,0.0
29.0,-1.4060288667678833,-0.4357371926307678,0.0
29.0,-1.4039992094039917,-0.442233145236969,0.0
29.0,-1.4057492017745972,-0.44993895292282104,0.0
29.0,-1.4055559635162354,-0.45705196261405945,0.0
29.0,-1.4034278392791748,-0.46354547142982483,0.0
29.0,-1.405061960220337,-0.4713011384010315,0.0
29.0,-1.4028680324554443,-0.47779223322868347,0.0
29.0,-1.4044243097305298,-0.485580176115036,0.0
29.0,-1.4040515422821045,-0.4927304685115814,0.0
29.0,-1.4017584323883057,-0.49921664595603943,0.0
29.0,-1.4031972885131836,-0.5070515275001526,0.0
29.0,-1.400838017463684,-0.5135335922241211,0.0
29.0,-1.402198076248169,-0.5213988423347473,0.0
29.0,-1.3997724056243896,-0.5278761982917786,0.0
29.0,-1.4010529518127441,-0.5357708930969238,0.0
29.0,-1.4041552543640137,-0.5444117784500122,0.0
29.0,-1.401623249053955,-0.5508978962898254,0.0
29.0,-1.4009191989898682,-0.558112382888794,0.0
29.0,-1.398323893547058,-0.564583420753479,0.0
29.0,-1.4012519121170044,-0.5733144283294678,0.0
29.0,-1.4022812843322754,-0.5813185572624207,0.0
29.0,-1.39957857131958,-0.587795615196228,0.0
29.0,-1.400526762008667,-0.5958260297775269,0.0
29.0,-1.3977570533752441,-0.6022948026657104,0.0
29.0,-1.4004566669464111,-0.6111505031585693,0.0
29.0,-1.4012748003005981,-0.619235634803772,0.0
29.0,-1.3983968496322632,-0.6257076263427734,0.0
29.0,-1.3991327285766602,-0.6338168382644653,0.0
29.0,-1.3961873054504395,-0.6402787566184998,0.0
29.0,-1.3986544609069824,-0.6492533087730408,0.0
29.0,-1.3956377506256104,-0.6557128429412842,0.0
29.0,-1.3980097770690918,-0.6647348999977112,0.0
29.0,-1.400328278541565,-0.673792839050293,0.0
29.0,-1.3971980810165405,-0.6802598834037781,0.0
29.0,-1.3994203805923462,-0.6893637180328369,0.0
29.0,-1.3962182998657227,-0.6958264112472534,0.0
29.0,-1.3983439207077026,-0.7049752473831177,0.0
29.0,-1.3950695991516113,-0.7114328145980835,0.0
29.0,-1.3953205347061157,-0.7197088003158569,0.0
29.0,-1.397297739982605,-0.7289272546768188,0.0
29.0,-1.393912672996521,-0.735379695892334,0.0
29.0,-1.397556185722351,-0.7455819845199585,0.0
29.0,-1.3940942287445068,-0.7520354390144348,0.0
29.0,-1.3958698511123657,-0.7613458633422852,0.0
29.0,-1.3993403911590576,-0.7716544270515442,0.0
29.0,-1.395757794380188,-0.7781158685684204,0.0
29.0,-1.3956300020217896,-0.7865244746208191,0.0
29.0,-1.3919787406921387,-0.7929686307907104,0.0
29.0,-1.393497347831726,-0.8023898005485535,0.0
29.0,-1.3966870307922363,-0.8128478527069092,0.0
29.0,-1.3929139375686646,-0.8192965984344482,0.0
29.0,-1.3942686319351196,-0.8287935853004456,0.0
29.0,-1.390421986579895,-0.8352309465408325,0.0
29.0,-1.3933842182159424,-0.8458016514778137,0.0
29.0,-1.3894588947296143,-0.8522347211837769,0.0
29.0,-1.3923038244247437,-0.8628638386726379,0.0
29.0,-1.3950800895690918,-0.8735374212265015,0.0
29.0,-1.391026496887207,-0.8799780607223511,0.0
29.0,-1.3919987678527832,-0.889630913734436,0.0
29.0,-1.3878707885742188,-0.89605712890625,0.0
29.0,-1.3904139995574951,-0.9068344831466675,0.0
29.0,-1.3862065076828003,-0.9132532477378845,0.0
29.0,-1.3902944326400757,-0.9251924753189087,0.0
29.0,-1.3926416635513306,-0.9360732436180115,0.0
29.0,-1.3882989883422852,-0.942501962184906,0.0
29.0,-1.3905246257781982,-0.9534345269203186,0.0
29.0,-1.3861016035079956,-0.9598532319068909,0.0
29.0,-1.3882049322128296,-0.9708362817764282,0.0
29.0,-1.3902361392974854,-0.9818592071533203,0.0
29.0,-1.3856818675994873,-0.9882762432098389,0.0
29.0,-1.3892123699188232,-1.000516414642334,0.0
29.0,-1.3845717906951904,-1.006928563117981,0.0
29.0,-1.3863496780395508,-1.0180542469024658,0.0
29.0,-1.3816280364990234,-1.024453043937683,0.0
29.0,-1.3752758502960205,-1.02963125705719,0.0
29.0,-1.3625234365463257,-1.0299484729766846,0.0
29.0,-1.357746958732605,-1.0362368822097778,0.0
29.0,-1.3450204133987427,-1.036399483680725,0.0
29.0,-1.3402143716812134,-1.0426069498062134,0.0
29.0,-1.3212237358093262,-1.0376741886138916,0.0
29.0,-1.3038748502731323,-1.033831000328064,0.0
29.0,-1.2990810871124268,-1.0398482084274292,0.0
29.0,-1.2818148136138916,-1.0357871055603027,0.0
29.0,-1.2770122289657593,-1.0417022705078125,0.0
29.0,-1.259831190109253,-1.0374244451522827,0.0
29.0,-1.2427172660827637,-1.0330102443695068,0.0
29.0,-1.2379279136657715,-1.0387446880340576,0.0
29.0,-1.2209031581878662,-1.0341157913208008,0.0
29.0,-1.216109037399292,-1.0397495031356812,0.0
29.0,-1.2006900310516357,-1.036213994026184,0.0
29.0,-1.186838150024414,-1.0338720083236694,0.0
29.0,-1.1820454597473145,-1.0393481254577637,0.0
29.0,-1.1652607917785645,-1.0341814756393433,0.0
29.0,-1.1604669094085693,-1.0395578145980835,0.0
29.0,-1.1452637910842896,-1.0355225801467896,0.0
29.0,-1.1316001415252686,-1.032717227935791,0.0
29.0,-1.1268134117126465,-1.0379379987716675,0.0
29.0,-1.111749291419983,-1.0336041450500488,0.0
29.0,-1.1069587469100952,-1.0387331247329712,0.0
29.0,-1.091979742050171,-1.0342128276824951,0.0
29.0,-1.078512191772461,-1.0309585332870483,0.0
29.0,-1.073734164237976,-1.0359338521957397,0.0
29.0,-1.0603358745574951,-1.0325154066085815,0.0
29.0,-1.0555508136749268,-1.0374066829681396,0.0
29.0,-1.0422236919403076,-1.0338249206542969,0.0
29.0,-1.0289523601531982,-1.0301421880722046,0.0
29.0,-1.0241786241531372,-1.0348883867263794,0.0
29.0,-1.010981559753418,-1.031044363975525,0.0
29.0,-1.0062037706375122,-1.0357074737548828,0.0
29.0,-0.9944696426391602,-1.0331437587738037,0.0
29.0,-0.9814006090164185,-1.029046654701233,0.0
29.0,-0.9766324162483215,-1.033573031425476,0.0
29.0,-0.9663759469985962,-1.03223717212677,0.0
29.0,-0.9615931510925293,-1.036694049835205,0.0
29.0,-0.950023353099823,-1.0337657928466797,0.0
29.0,-0.9371547102928162,-1.0292739868164062,0.0
29.0,-0.9323859810829163,-1.0335958003997803,0.0
29.0,-0.9196008443832397,-1.028948187828064,0.0
29.0,-0.9148337841033936,-1.033188819885254,0.0
29.0,-0.9047715663909912,-1.0313934087753296,0.0
29.0,-0.8934336304664612,-1.0280176401138306,0.0
29.0,-0.8886711597442627,-1.032137393951416,0.0
29.0,-0.8786979913711548,-1.0301483869552612,0.0
29.0,-0.8739258646965027,-1.0341999530792236,0.0
29.0,-0.8639997839927673,-1.0320950746536255,0.0
29.0,-0.8528352975845337,-1.0283812284469604,0.0
29.0,-0.8480715751647949,-1.0323131084442139,0.0
29.0,-0.8382401466369629,-1.0300180912017822,0.0
29.0,-0.833469033241272,-1.0338826179504395,0.0
29.0,-0.8224400281906128,-1.0299108028411865,0.0
29.0,-0.812706470489502,-1.0274279117584229,0.0
29.0,-0.80794757604599,-1.0311743021011353,0.0
29.0,-0.7982666492462158,-1.0285788774490356,0.0
29.0,-0.7935026288032532,-1.0322585105895996,0.0
29.0,-0.7838754057884216,-1.0295510292053223,0.0
29.0,-0.7730861306190491,-1.0251799821853638,0.0
29.0,-0.7683380842208862,-1.0287432670593262,0.0
29.0,-0.758816123008728,-1.025852918624878,0.0
29.0,-0.7540650963783264,-1.0293502807617188,0.0
29.0,-0.7457746267318726,-1.0279690027236938,0.0
29.0,-0.7375131249427795,-1.0265332460403442,0.0
29.0,-0.7327591776847839,-1.0299320220947266,0.0
29.0,-0.7245339155197144,-1.028403878211975,0.0
29.0,-0.7197715044021606,-1.0317426919937134,0.0
29.0,-0.710446834564209,-1.0284771919250488,0.0
29.0,-0.7056841850280762,-1.0317507982254028,0.0
29.0,-0.6964206695556641,-1.0283784866333008,0.0
29.0,-0.6883172988891602,-1.0266036987304688,0.0
29.0,-0.6835635304450989,-1.0297751426696777,0.0
29.0,-0.6744017601013184,-1.0262389183044434,0.0
29.0,-0.6663779616355896,-1.0243165493011475,0.0
29.0,-0.6616350412368774,-1.0273865461349487,0.0
29.0,-0.6536526679992676,-1.0253751277923584,0.0
29.0,-0.6489050388336182,-1.0283862352371216,0.0
29.0,-0.642024576663971,-1.0279827117919922,0.0
29.0,-0.6372649669647217,-1.030940055847168,0.0
29.0,-0.6304042935371399,-1.0304630994796753,0.0
29.0,-0.6214901208877563,-1.0265233516693115,0.0
29.0,-0.6167374849319458,-1.0293856859207153,0.0
29.0,-0.6089117527008057,-1.0270649194717407,0.0
29.0,-0.6041567921638489,-1.0298691987991333,0.0
29.0,-0.5963768362998962,-1.0274622440338135,0.0
29.0,-0.5886321663856506,-1.0250054597854614,0.0
29.0,-0.5838868618011475,-1.027716040611267,0.0
29.0,-0.5771692395210266,-1.0269174575805664,0.0
29.0,-0.572415292263031,-1.029574990272522,0.0
29.0,-0.5647578239440918,-1.026953101158142,0.0
29.0,-0.5580925345420837,-1.0260393619537354,0.0
29.0,-0.5533427596092224,-1.0286086797714233,0.0
29.0,-0.5457631349563599,-1.0258588790893555,0.0
29.0,-0.5410143733024597,-1.0283712148666382,0.0
29.0,-0.5334851741790771,-1.025538682937622,0.0
29.0,-0.5269083976745605,-1.0244370698928833,0.0
29.0,-0.5221664309501648,-1.0268622636795044,0.0
29.0,-0.5156167149543762,-1.0256916284561157,0.0
29.0,-0.5108690857887268,-1.0280646085739136,0.0
29.0,-0.5034652948379517,-1.0250300168991089,0.0
29.0,-0.49697399139404297,-1.0237483978271484,0.0
29.0,-0.4922355115413666,-1.026035189628601,0.0
29.0,-0.4857729971408844,-1.0246855020523071,0.0
29.0,-0.48103031516075134,-1.0269205570220947,0.0
29.0,-0.47375738620758057,-1.0236884355545044,0.0
29.0,-0.46735620498657227,-1.0222299098968506,0.0
29.0,-0.46262505650520325,-1.0243797302246094,0.0
29.0,-0.4562545716762543,-1.0228546857833862,0.0
29.0,-0.4515206515789032,-1.0249532461166382,0.0
29.0,-0.4459792673587799,-1.025195837020874,0.0
29.0,-0.44123464822769165,-1.0272468328475952,0.0
29.0,-0.43491891026496887,-1.0255931615829468,0.0
29.0,-0.42862799763679504,-1.0239033699035645,0.0
29.0,-0.42388951778411865,-1.025874137878418,0.0
29.0,-0.41687634587287903,-1.0222671031951904,0.0
29.0,-0.41139891743659973,-1.0223281383514404,0.0
29.0,-0.40666791796684265,-1.024219274520874,0.0
29.0,-0.4004693627357483,-1.0223641395568848,0.0
29.0,-0.39573830366134644,-1.0242047309875488,0.0
29.0,-0.3909987807273865,-1.0260233879089355,0.0
29.0,-0.38625091314315796,-1.0278202295303345,0.0
29.0,-0.38079988956451416,-1.027719497680664,0.0
29.0,-0.37604427337646484,-1.0294691324234009,0.0
29.0,-0.37128064036369324,-1.0311967134475708,0.0
29.0,-0.36584025621414185,-1.0310174226760864,0.0
29.0,-0.36106956005096436,-1.0326977968215942,0.0
29.0,-0.35563981533050537,-1.0324652194976807,0.0
29.0,-0.3495773673057556,-1.0303105115890503,0.0
29.0,-0.3448100984096527,-1.0319157838821411,0.0
29.0,-0.3387853503227234,-1.0296992063522339,0.0
29.0,-0.33402103185653687,-1.031254529953003,0.0
29.0,-0.3286421298980713,-1.0308823585510254,0.0
29.0,-0.3226751387119293,-1.0285741090774536,0.0
29.0,-0.31791621446609497,-1.0300549268722534,0.0
29.0,-0.3125694990158081,-1.0296000242233276,0.0
29.0,-0.3078059256076813,-1.0310341119766235,0.0
29.0,-0.30190926790237427,-1.0286082029342651,0.0
29.0,-0.2971504032611847,-1.0299930572509766,0.0
29.0,-0.29183971881866455,-1.029431700706482,0.0
29.0,-0.28654053807258606,-1.0288432836532593,0.0
29.0,-0.28178074955940247,-1.0301570892333984,0.0
29.0,-0.2759774327278137,-1.027585744857788,0.0
29.0,-0.270713746547699,-1.0269168615341187,0.0
29.0,-0.26596304774284363,-1.0281574726104736,0.0
29.0,-0.26071470975875854,-1.027437448501587,0.0
29.0,-0.25596168637275696,-1.0286318063735962,0.0
29.0,-0.2507292628288269,-1.02786123752594,0.0
29.0,-0.24597439169883728,-1.029009461402893,0.0
29.0,-0.2407582849264145,-1.0281884670257568,0.0
29.0,-0.23555505275726318,-1.0273411273956299,0.0
29.0,-0.2308027595281601,-1.0284192562103271,0.0
29.0,-0.22561660408973694,-1.0275218486785889,0.0
29.0,-0.22086356580257416,-1.028554081916809,0.0
29.0,-0.21569494903087616,-1.027606725692749,0.0
29.0,-0.21053984761238098,-1.0266337394714355,0.0
29.0,-0.20579108595848083,-1.0275962352752686,0.0
29.0,-0.2006542831659317,-1.026573896408081,0.0
29.0,-0.1959058940410614,-1.0274906158447266,0.0
29.0,-0.19042235612869263,-1.024452805519104,0.0
29.0,-0.18568389117717743,-1.0253221988677979,0.0
29.0,-0.18094146251678467,-1.026169776916504,0.0
29.0,-0.17585696280002594,-1.0250240564346313,0.0
29.0,-0.17111600935459137,-1.025826096534729,0.0
29.0,-0.1660514622926712,-1.0246320962905884,0.0
29.0,-0.16131243109703064,-1.0253888368606567,0.0
29.0,-0.15626828372478485,-1.024146556854248,0.0
29.0,-0.1512390822172165,-1.022879719734192,0.0
29.0,-0.14650830626487732,-1.0235679149627686,0.0
29.0,-0.14150016009807587,-1.022253155708313,0.0
29.0,-0.13677239418029785,-1.0228965282440186,0.0
29.0,-0.13204170763492584,-1.0235178470611572,0.0
29.0,-0.12706147134304047,-1.0221327543258667,0.0
29.0,-0.12233441323041916,-1.0227092504501343,0.0
29.0,-0.11760473996400833,-1.023263931274414,0.0
29.0,-0.11287254840135574,-1.0237966775894165,0.0
29.0,-0.10813795030117035,-1.0243076086044312,0.0
29.0,-0.10340104252099991,-1.0247966051101685,0.0
29.0,-0.09847034513950348,-1.02327299118042,0.0
29.0,-0.09373831748962402,-1.0237172842025757,0.0
29.0,-0.08900429308414459,-1.0241397619247437,0.0
29.0,-0.08410441875457764,-1.0225470066070557,0.0
29.0,-0.07937590032815933,-1.0229250192642212,0.0
29.0,-0.07464569061994553,-1.0232809782028198,0.0
29.0,-0.06991388648748398,-1.0236152410507202,0.0
29.0,-0.06518058478832245,-1.0239274501800537,0.0
29.0,-0.060445886105298996,-1.024217963218689,0.0
29.0,-0.055709902197122574,-1.0244864225387573,0.0
29.0,-0.05087336152791977,-1.022735595703125,0.0
29.0,-0.046144332736730576,-1.02295982837677,0.0
29.0,-0.04141431301832199,-1.0231622457504272,0.0
29.0,-0.03668341040611267,-1.0233427286148071,0.0
29.0,-0.031951725482940674,-1.0235013961791992,0.0
29.0,-0.02721935510635376,-1.0236382484436035,0.0
29.0,-0.02244248241186142,-1.0217535495758057,0.0
29.0,-0.017718294635415077,-1.0218462944030762,0.0
29.0,-0.013019159436225891,-1.023917317390442,0.0
29.0,-0.008285068906843662,-1.0239665508270264,0.0
29.0,-0.0035508018918335438,-1.0239938497543335,0.0
29.0,0.0011835411423817277,-1.0239993333816528,0.0
29.0,0.005917858798056841,-1.0239830017089844,0.0
29.0,0.010631244629621506,-1.0219446420669556,0.0
29.0,0.01535596139729023,-1.021884560585022,0.0
29.0,0.02008035033941269,-1.0218026638031006,0.0
29.0,0.024804310873150826,-1.0216989517211914,0.0
29.0,0.029527738690376282,-1.0215733051300049,0.0
29.0,0.03425053879618645,-1.0214258432388306,0.0
29.0,0.038972605019807816,-1.0212565660476685,0.0
29.0,0.04369383677840233,-1.0210654735565186,0.0
29.0,0.048414137214422226,-1.0208525657653809,0.0
29.0,0.05313339829444885,-1.0206178426742554,0.0
29.0,0.05785152688622475,-1.020361304283142,0.0
29.0,0.06256841868162155,-1.0200828313827515,0.0
29.0,0.06741565465927124,-1.0217784643173218,0.0
29.0,0.07213899493217468,-1.0214558839797974,0.0
29.0,0.07686079293489456,-1.0211113691329956,0.0
29.0,0.08158095180988312,-1.0207451581954956,0.0
29.0,0.0862993597984314,-1.0203570127487183,0.0
29.0,0.09101593494415283,-1.0199471712112427,0.0
29.0,0.09573055803775787,-1.0195153951644897,0.0
29.0,0.10044313222169876,-1.0190619230270386,0.0
29.0,0.10515356063842773,-1.0185866355895996,0.0
29.0,0.10986173897981644,-1.0180896520614624,0.0
29.0,0.11479133367538452,-1.0195581912994385,0.0
29.0,0.11950390785932541,-1.0190166234970093,0.0
29.0,0.12445605546236038,-1.0204384326934814,0.0
29.0,0.12917259335517883,-1.0198521614074707,0.0
29.0,0.13388636708259583,-1.0192440748214722,0.0
29.0,0.13832764327526093,-1.0166324377059937,0.0
29.0,0.1430264264345169,-1.0159820318222046,0.0
29.0,0.14801011979579926,-1.0172890424728394,0.0
29.0,0.15271183848381042,-1.0165938138961792,0.0
29.0,0.1577165424823761,-1.0178533792495728,0.0
29.0,0.16242077946662903,-1.0171133279800415,0.0
29.0,0.1671215295791626,-1.0163514614105225,0.0
29.0,0.1721523404121399,-1.0175398588180542,0.0
29.0,0.1768549680709839,-1.0167330503463745,0.0
29.0,0.18155381083488464,-1.0159045457839966,0.0
29.0,0.186248779296875,-1.0150543451309204,0.0
29.0,0.1909397542476654,-1.0141823291778564,0.0
29.0,0.19600580632686615,-1.0152525901794434,0.0
29.0,0.20069760084152222,-1.0143355131149292,0.0
29.0,0.20578236877918243,-1.0153568983078003,0.0
29.0,0.21047453582286835,-1.0143946409225464,0.0
29.0,0.21557757258415222,-1.015367031097412,0.0
29.0,0.2211185246706009,-1.0182684659957886,0.0
29.0,0.2258239984512329,-1.017235279083252,0.0
29.0,0.23096710443496704,-1.0181307792663574,0.0
29.0,0.23567183315753937,-1.0170520544052124,0.0
29.0,0.24083200097084045,-1.0178978443145752,0.0
29.0,0.24553555250167847,-1.0167734622955322,0.0
29.0,0.2507123053073883,-1.0175693035125732,0.0
29.0,0.25590163469314575,-1.018338918685913,0.0
29.0,0.2606070637702942,-1.0171449184417725,0.0
29.0,0.26530691981315613,-1.0159292221069336,0.0
29.0,0.2700011134147644,-1.014691710472107,0.0
29.0,0.27521276473999023,-1.0153629779815674,0.0
29.0,0.28043636679649353,-1.016007661819458,0.0
29.0,0.28513073921203613,-1.014700174331665,0.0
29.0,0.2903689742088318,-1.0152939558029175,0.0
29.0,0.2950599491596222,-1.013940691947937,0.0
29.0,0.3003123104572296,-1.0144833326339722,0.0
29.0,0.304999440908432,-1.013084053993225,0.0
29.0,0.3102654218673706,-1.0135754346847534,0.0
29.0,0.3155425190925598,-1.0140399932861328,0.0
29.0,0.3202274441719055,-1.0125702619552612,0.0
29.0,0.32551735639572144,-1.012982964515686,0.0
29.0,0.330197274684906,-1.0114670991897583,0.0
29.0,0.3361290395259857,-1.0137263536453247,0.0
29.0,0.3414505422115326,-1.0140570402145386,0.0
29.0,0.3461352586746216,-1.0124675035476685,0.0
29.0,0.35212400555610657,-1.0146352052688599,0.0
29.0,0.3568112850189209,-1.0129964351654053,0.0
29.0,0.36216408014297485,-1.0132192373275757,0.0
29.0,0.36684468388557434,-1.0115339756011963,0.0
29.0,0.3728986084461212,-1.0135811567306519,0.0
29.0,0.37827998399734497,-1.0137200355529785,0.0
29.0,0.38296276330947876,-1.0119602680206299,0.0
29.0,0.3883538544178009,-1.0120460987091064,0.0
29.0,0.39302876591682434,-1.0102397203445435,0.0
29.0,0.3984290063381195,-1.0102723836898804,0.0
29.0,0.40532270073890686,-1.013990879058838,0.0
29.0,0.41000640392303467,-1.0121060609817505,0.0
29.0,0.41620033979415894,-1.0139000415802002,0.0
29.0,0.42088353633880615,-1.0119649171829224,0.0
29.0,0.42633432149887085,-1.0118513107299805,0.0
29.0,0.43100792169570923,-1.0098694562911987,0.0
29.0,0.4372594654560089,-1.0115375518798828,0.0
29.0,0.44353556632995605,-1.013169288635254,0.0
29.0,0.4482150971889496,-1.0111078023910522,0.0
29.0,0.4545229971408844,-1.01267409324646,0.0
29.0,0.45920008420944214,-1.0105618238449097,0.0
29.0,0.46553897857666016,-1.0120619535446167,0.0
29.0,0.4702131152153015,-1.0098987817764282,0.0
29.0,0.4748772382736206,-1.007714033126831,0.0
29.0,0.4821139872074127,-1.0109233856201172,0.0
29.0,0.4867826998233795,-1.0086835622787476,0.0
29.0,0.4949513077735901,-1.0136109590530396,0.0
29.0,0.499632328748703,-1.0113117694854736,0.0
29.0,0.5060909390449524,-1.0125689506530762,0.0
29.0,0.5125718712806702,-1.0137879848480225,0.0
29.0,0.5172535181045532,-1.0114073753356934,0.0
29.0,0.5237618684768677,-1.012557864189148,0.0
29.0,0.5284376740455627,-1.0101255178451538,0.0
29.0,0.5349727869033813,-1.0112073421478271,0.0
29.0,0.5415290594100952,-1.0122500658035278,0.0
29.0,0.5462033152580261,-1.0097355842590332,0.0
29.0,0.5537449717521667,-1.0124636888504028,0.0
29.0,0.5584200620651245,-1.0098927021026611,0.0
29.0,0.5660107731819153,-1.0125372409820557,0.0
29.0,0.5706861019134521,-1.0099095106124878,0.0
29.0,0.5773331522941589,-1.0107336044311523,0.0
29.0,0.5859999656677246,-1.0149818658828735,0.0
29.0,0.5906863808631897,-1.0122617483139038,0.0
29.0,0.5963760614395142,-1.0112426280975342,0.0
29.0,0.6010450720787048,-1.008474588394165,0.0
29.0,0.6077648997306824,-1.0091114044189453,0.0
29.0,0.6124238967895508,-1.0062906742095947,0.0
29.0,0.6202127933502197,-1.0085594654083252,0.0
29.0,0.6259245872497559,-1.0073798894882202,0.0
29.0,0.63057541847229,-1.0044753551483154,0.0
29.0,0.6394974589347839,-1.0083049535751343,0.0
29.0,0.6441524028778076,-1.0053375959396362,0.0
29.0,0.6520538926124573,-1.0073856115341187,0.0
29.0,0.6599879264831543,-1.009381890296936,0.0
29.0,0.6646475791931152,-1.0063197612762451,0.0
29.0,0.6726229190826416,-1.0082273483276367,0.0
29.0,0.677277147769928,-1.005106806755066,0.0
29.0,0.6830421686172485,-1.0036181211471558,0.0
29.0,0.692206621170044,-1.0070421695709229,0.0
29.0,0.6968551278114319,-1.003831148147583,0.0
29.0,0.7072292566299438,-1.0087867975234985,0.0
29.0,0.7118856906890869,-1.005506157875061,0.0
29.0,0.7200165390968323,-1.0070850849151611,0.0
29.0,0.7246649265289307,-1.003745436668396,0.0
29.0,0.7328324317932129,-1.005232572555542,0.0
29.0,0.7422147393226624,-1.008276343345642,0.0
29.0,0.7468684315681458,-1.0048340559005737,0.0
29.0,0.7551077008247375,-1.0061691999435425,0.0
29.0,0.7597514986991882,-1.0026673078536987,0.0
29.0,0.7692400217056274,-1.0054978132247925,0.0
29.0,0.7738806009292603,-1.001930594444275,0.0
29.0,0.7834240794181824,-1.004650592803955,0.0
29.0,0.7930091023445129,-1.0073035955429077,0.0
29.0,0.7976577281951904,-1.0036264657974243,0.0
29.0,0.8072958588600159,-1.0061676502227783,0.0
29.0,0.8119391202926636,-1.0024244785308838,0.0
29.0,0.8228949904441833,-1.0064014196395874,0.0
29.0,0.8275391459465027,-1.002586007118225,0.0
29.0,0.837286651134491,-1.0048954486846924,0.0
29.0,0.8470731377601624,-1.0071361064910889,0.0
29.0,0.8517204523086548,-1.0032089948654175,0.0
29.0,0.8615553379058838,-1.0053349733352661,0.0
29.0,0.8661941289901733,-1.0013409852981567,0.0
29.0,0.8773915767669678,-1.004858136177063,0.0
29.0,0.8873175978660583,-1.006792664527893,0.0
29.0,0.8919628858566284,-1.002679467201233,0.0
29.0,0.9032701253890991,-1.0059856176376343,0.0
29.0,0.907911479473114,-1.0017987489700317,0.0
29.0,0.9192829728126526,-1.0049690008163452,0.0
29.0,0.9307030439376831,-1.0080554485321045,0.0
29.0,0.935353696346283,-1.00374174118042,0.0
29.0,0.9468355774879456,-1.0066907405853271,0.0
29.0,0.9514797925949097,-1.0023024082183838,0.0
29.0,0.9644055962562561,-1.0065574645996094,0.0
29.0,0.9690489768981934,-1.002087950706482,0.0
29.0,0.9862440824508667,-1.0104783773422241,0.0
29.0,1.0035372972488403,-1.0187309980392456,0.0
29.0,1.0082365274429321,-1.014080286026001,0.0
29.0,1.025664210319519,-1.0221139192581177,0.0
29.0,1.030378818511963,-1.0173609256744385,0.0
29.0,1.0507978200912476,-1.0279709100723267,0.0
29.0,1.0555392503738403,-1.0231016874313354,0.0
29.0,1.0761258602142334,-1.0334490537643433,0.0
29.0,1.0968306064605713,-1.0436277389526367,0.0
29.0,1.1016439199447632,-1.0385454893112183,0.0
29.0,1.122511386871338,-1.0484580993652344,0.0
29.0,1.1273467540740967,-1.0432571172714233,0.0
29.0,1.1498479843139648,-1.0542529821395874,0.0
29.0,1.1547099351882935,-1.048925518989563,0.0
29.0,1.1744132041931152,-1.0569549798965454,0.0
29.0,1.1972005367279053,-1.0674861669540405,0.0
29.0,1.2021231651306152,-1.0619397163391113,0.0
29.0,1.223575234413147,-1.070859432220459,0.0
29.0,1.2285131216049194,-1.0651909112930298,0.0
29.0,1.2546645402908325,-1.077744483947754,0.0
29.0,1.2596338987350464,-1.071932077407837,0.0
29.0,1.2844548225402832,-1.0828553438186646,0.0
29.0,1.289447546005249,-1.0769052505493164,0.0
29.0,1.1541846990585327,-0.9549145698547363,0.0
29.0,1.1585873365402222,-0.9495680928230286,0.0
29.0,1.1935460567474365,-0.9508543610572815,0.0
29.0,1.1979293823242188,-0.9453259706497192,0.0
29.0,1.202287197113037,-0.9397774338722229,0.0
29.0,1.2066192626953125,-0.9342087507247925,0.0
29.0,1.2347314357757568,-0.946876049041748,0.0
29.0,1.2629859447479248,-0.9593030214309692,0.0
29.0,1.267407774925232,-0.9534534811973572,0.0
29.0,1.2958592176437378,-0.9655076861381531,0.0
29.0,1.3003093004226685,-0.9595061540603638,0.0
29.0,1.330567717552185,-0.9723649024963379,0.0
29.0,1.3350491523742676,-0.9662027955055237,0.0
29.0,1.3671373128890991,-0.9798263311386108,0.0
29.0,1.3716528415679932,-0.9734950661659241,0.0
29.0,1.4006836414337158,-0.9843928217887878,0.0
29.0,1.4298441410064697,-0.995042622089386,0.0
29.0,1.4344292879104614,-0.9884212613105774,0.0
29.0,1.4637653827667236,-0.9986866116523743,0.0
29.0,1.4683669805526733,-0.9919083714485168,0.0
29.0,1.4928867816925049,-0.9984513521194458,0.0
29.0,1.5141627788543701,-1.002580165863037,0.0
29.0,1.5187819004058838,-0.9955688714981079,0.0
29.0,1.5435012578964233,-1.001600742340088,0.0
29.0,1.5481154918670654,-0.9944538474082947,0.0
29.0,1.5661983489990234,-0.9958707094192505,0.0
29.0,1.5707858800888062,-0.9886189699172974,0.0
29.0,1.5787349939346313,-0.9834610819816589,0.0
29.0,1.5764553546905518,-0.9719529747962952,0.0
29.0,1.5809321403503418,-0.9646540284156799,0.0
29.0,1.5751028060913086,-0.9511314630508423,0.0
29.0,1.5794835090637207,-0.9438390135765076,0.0
29.0,1.57694411277771,-0.932454526424408,0.0
29.0,1.5760595798492432,-0.9221237897872925,0.0
29.0,1.580306053161621,-0.9148272275924683,0.0
29.0,1.5827832221984863,-0.9065171480178833,0.0
29.0,1.5869574546813965,-0.8991896510124207,0.0
29.0,1.599820852279663,-0.8967323899269104,0.0
29.0,1.6196918487548828,-0.8980546593666077,0.0
29.0,1.6238266229629517,-0.8905566334724426,0.0
29.0,1.6437488794326782,-0.891622006893158,0.0
29.0,1.6478536128997803,-0.8840128183364868,0.0
29.0,1.6678239107131958,-0.8848205208778381,0.0
29.0,1.6718969345092773,-0.8771001100540161,0.0
29.0,1.688361644744873,-0.8758074045181274,0.0
29.0,1.6923928260803223,-0.8679921627044678,0.0
29.0,1.4587538242340088,-0.7227872014045715,0.0
29.0,1.4620800018310547,-0.7160351276397705,0.0
29.0,1.4653748273849487,-0.7092677354812622,0.0
29.0,1.4686384201049805,-0.7024851441383362,0.0
29.0,1.493192434310913,-0.6973379850387573,0.0
29.0,1.4964005947113037,-0.6904269456863403,0.0
29.0,1.4995766878128052,-0.683501124382019,0.0
29.0,1.5027207136154175,-0.6765607595443726,0.0
29.0,1.5204523801803589,-0.6761069297790527,0.0
29.0,1.5235620737075806,-0.6690700650215149,0.0
29.0,1.5394834280014038,-0.6675887703895569,0.0
29.0,1.5535849332809448,-0.6651872992515564,0.0
29.0,1.5566437244415283,-0.6579973697662354,0.0
29.0,1.5652064085006714,-0.6531038880348206,0.0
29.0,1.5682092905044556,-0.6458603739738464,0.0
29.0,1.56747305393219,-0.6370969414710999,0.0
29.0,1.566689133644104,-0.6283540725708008,0.0
29.0,1.5695775747299194,-0.6211040019989014,0.0
29.0,1.5668432712554932,-0.6116587519645691,0.0
29.0,1.5696544647216797,-0.6044080853462219,0.0
29.0,1.5649532079696655,-0.5943043828010559,0.0
29.0,1.5676841735839844,-0.587062656879425,0.0
29.0,1.5666290521621704,-0.5784229636192322,0.0
29.0,1.5636485815048218,-0.5691215395927429,0.0
29.0,1.5662630796432495,-0.5618861317634583,0.0
29.0,1.5650728940963745,-0.553305447101593,0.0
29.0,1.567614197731018,-0.5460636019706726,0.0
29.0,1.564447045326233,-0.5368626117706299,0.0
29.0,1.5631229877471924,-0.5283430218696594,0.0
29.0,1.5655490159988403,-0.521110475063324,0.0
29.0,1.5641405582427979,-0.5126210451126099,0.0
29.0,1.5664938688278198,-0.5053839683532715,0.0
29.0,1.5650012493133545,-0.4969255328178406,0.0
29.0,1.5634640455245972,-0.4884917438030243,0.0
29.0,1.5657057762145996,-0.4812580347061157,0.0
29.0,1.5621708631515503,-0.4722777307033539,0.0
29.0,1.5643376111984253,-0.46505019068717957,0.0
29.0,1.5626317262649536,-0.45669063925743103,0.0
29.0,1.5628042221069336,-0.4489089548587799,0.0
29.0,1.5648629665374756,-0.4416787326335907,0.0
29.0,1.5611063241958618,-0.43283596634864807,0.0
29.0,1.5630908012390137,-0.42561376094818115,0.0
29.0,1.5611776113510132,-0.4173494279384613,0.0
29.0,1.5592213869094849,-0.409111887216568,0.0
29.0,1.56109619140625,-0.40189865231513977,0.0
29.0,1.5551811456680298,-0.3927181363105774,0.0
29.0,1.5569802522659302,-0.3855237364768982,0.0
29.0,1.5490281581878662,-0.3759625256061554,0.0
29.0,1.5507497787475586,-0.36879676580429077,0.0
29.0,1.5368554592132568,-0.3579932749271393,0.0
29.0,1.5306944847106934,-0.3491051495075226,0.0
29.0,1.5322922468185425,-0.34202444553375244,0.0
29.0,1.5607424974441528,-0.17024452984333038,0.0
29.0,1.56151282787323,-0.163026824593544,0.0
29.0,1.5622498989105225,-0.15580561757087708,0.0
29.0,1.5629535913467407,-0.14858108758926392,0.0
29.0,1.5602751970291138,-0.13378094136714935,0.0
29.0,1.5608769655227661,-0.12656578421592712,0.0
29.0,1.5614454746246338,-0.11934790760278702,0.0
29.0,1.5619806051254272,-0.11212749034166336,0.0
29.0,1.5564957857131958,-0.10450273752212524,0.0
29.0,1.556962251663208,-0.09730536490678787,0.0
29.0,1.5553988218307495,-0.08999038487672806,0.0
29.0,1.5557982921600342,-0.08279823511838913,0.0
29.0,1.5601598024368286,-0.07579842954874039,0.0
29.0,1.570483922958374,-0.069023497402668,0.0
29.0,1.5707862377166748,-0.061761826276779175,0.0
29.0,1.5790503025054932,-0.054776184260845184,0.0
29.0,1.5792865753173828,-0.04747506231069565,0.0
29.0,1.5874866247177124,-0.04037633165717125,0.0
29.0,1.5976542234420776,-0.03324439749121666,0.0
29.0,1.5977908372879028,-0.02585749141871929,0.0
29.0,1.60989248752594,-0.018608730286359787,0.0
29.0,1.6099612712860107,-0.011165399104356766,0.0
29.0,1.6179957389831543,-0.0037403227761387825,0.0
29.0,1.6279957294464111,0.0037634307518601418,0.0
29.0,1.6279609203338623,0.01129022054374218,0.0
29.0,1.6378905773162842,0.01893235184252262,0.0
29.0,1.63778555393219,0.026504727080464363,0.0
29.0,1.6456438302993774,0.034242965281009674,0.0
29.0,1.6454678773880005,0.04185102507472038,0.0
29.0,1.6572513580322266,0.04981875792145729,0.0
29.0,1.6689960956573486,0.05789633467793465,0.0
29.0,1.6687105894088745,0.06561210751533508,0.0
29.0,1.4302313327789307,0.2504841983318329,0.0
29.0,1.4290579557418823,0.25709402561187744,0.0
29.0,1.427854061126709,0.2636983394622803,0.0
29.0,1.4266196489334106,0.27029702067375183,0.0
29.0,1.4371345043182373,0.279178261756897,0.0
29.0,1.4358283281326294,0.2858196794986725,0.0
29.0,1.4482094049453735,0.2952516973018646,0.0
29.0,1.460533618927002,0.3048042356967926,0.0
29.0,1.4591087102890015,0.31155356764793396,0.0
29.0,1.4693764448165894,0.3208562731742859,0.0
29.0,1.4678772687911987,0.32764631509780884,0.0
29.0,1.4780464172363281,0.337097704410553,0.0
29.0,1.49205482006073,0.3475574851036072,0.0
29.0,1.4904320240020752,0.35445207357406616,0.0
29.0,1.5082131624221802,0.366056352853775,0.0
29.0,1.5065046548843384,0.37302547693252563,0.0
29.0,1.5241551399230957,0.3848833441734314,0.0
29.0,1.5223593711853027,0.39192599058151245,0.0
29.0,1.5437452793121338,0.40505120158195496,0.0
29.0,1.5669740438461304,0.41889896988868713,0.0
29.0,1.5650205612182617,0.4261392056941986,0.0
29.0,1.5803792476654053,0.438179612159729,0.0
29.0,1.578336477279663,0.4454815983772278,0.0
29.0,1.5897159576416016,0.45663923025131226,0.0
29.0,1.5875877141952515,0.4639842212200165,0.0
29.0,1.59884512424469,0.4753086566925049,0.0
29.0,1.5966304540634155,0.482695609331131,0.0
29.0,1.6077638864517212,0.4941856265068054,0.0
29.0,1.6207337379455566,0.5063852071762085,0.0
29.0,1.6183751821517944,0.5138730406761169,0.0
29.0,1.6293059587478638,0.5256484150886536,0.0
29.0,1.6268582344055176,0.5331757068634033,0.0
29.0,1.6376591920852661,0.5451130867004395,0.0
29.0,1.6464896202087402,0.5565212965011597,0.0
29.0,1.6438990831375122,0.5641276836395264,0.0
29.0,1.654494047164917,0.576327383518219,0.0
29.0,1.6518118381500244,0.5839705467224121,0.0
29.0,1.436368703842163,0.5152873992919922,0.0
29.0,1.4339709281921387,0.521922767162323,0.0
29.0,1.4315426349639893,0.5285469889640808,0.0
29.0,1.4421944618225098,0.540069580078125,0.0
29.0,1.4396820068359375,0.5467315912246704,0.0
29.0,1.4371389150619507,0.5533819198608398,0.0
29.0,1.4494696855545044,0.5658388733863831,0.0
29.0,1.446838140487671,0.5725342631340027,0.0
29.0,1.4608820676803589,0.5859178900718689,0.0
29.0,1.4581575393676758,0.5926657915115356,0.0
29.0,1.47019624710083,0.6054940819740295,0.0
29.0,1.4839929342269897,0.6192164421081543,0.0
29.0,1.4811142683029175,0.6260708570480347,0.0
29.0,1.4965894222259521,0.640783965587616,0.0
29.0,1.4936108589172363,0.6476963758468628,0.0
29.0,1.5144060850143433,0.6650491952896118,0.0
29.0,1.511315107345581,0.6720437407493591,0.0
29.0,1.5246050357818604,0.686413586139679,0.0
29.0,1.5305145978927612,0.6976025104522705,0.0
29.0,1.5272729396820068,0.7046712040901184,0.0
29.0,1.5294349193572998,0.7142636179924011,0.0
29.0,1.5261163711547852,0.7213271260261536,0.0
29.0,1.5281777381896973,0.7309643030166626,0.0
29.0,1.5301826000213623,0.7406358122825623,0.0
29.0,1.5267419815063477,0.7477025389671326,0.0
29.0,1.5286449193954468,0.7574170231819153,0.0
29.0,1.5251268148422241,0.7644764184951782,0.0
29.0,1.5269274711608887,0.7742329239845276,0.0
29.0,1.5233315229415894,0.7812842130661011,0.0
29.0,1.525029182434082,0.7910816073417664,0.0
29.0,1.5266685485839844,0.8009113073348999,0.0
29.0,1.5229493379592896,0.807961106300354,0.0
29.0,1.526247262954712,0.818775475025177,0.0
29.0,1.5224454402923584,0.8258231282234192,0.0
29.0,1.523871898651123,0.8357383608818054,0.0
29.0,1.5217407941818237,0.8437446355819702,0.0
29.0,1.517823576927185,0.8507711887359619,0.0
29.0,1.5121338367462158,0.8567936420440674,0.0
29.0,1.508156418800354,0.8637756705284119,0.0
29.0,1.4851068258285522,0.8597171306610107,0.0
29.0,1.273240566253662,1.114326000213623,0.0
29.0,1.2680751085281372,1.120200753211975,0.0
29.0,1.2628823518753052,1.1260515451431274,0.0
29.0,1.2576627731323242,1.13187837600708,0.0
29.0,1.2368236780166626,1.1339977979660034,0.0
29.0,1.231567621231079,1.1397039890289307,0.0
29.0,1.2262850999832153,1.1453858613967896,0.0
29.0,1.22097647190094,1.151043176651001,0.0
29.0,1.2054994106292725,1.147025465965271,0.0
29.0,1.197298288345337,1.1498159170150757,0.0
29.0,1.191969394683838,1.155339241027832,0.0
29.0,1.183755874633789,1.1580406427383423,0.0
29.0,1.1783891916275024,1.163501262664795,0.0
29.0,1.1673306226730347,1.1632899045944214,0.0
29.0,1.1619397401809692,1.1686744689941406,0.0
29.0,1.14669930934906,1.164060354232788,0.0
29.0,1.1329234838485718,1.1607619524002075,0.0
29.0,1.1275447607040405,1.165987491607666,0.0
29.0,0.9687947034835815,1.2909038066864014,0.0
29.0,0.962816059589386,1.2953691482543945,0.0
29.0,0.9568167924880981,1.2998067140579224,0.0
29.0,0.9507970809936523,1.3042165040969849,0.0
29.0,0.9389035105705261,1.3004907369613647,0.0
29.0,0.9328808188438416,1.3048176765441895,0.0
29.0,0.926838219165802,1.3091168403625488,0.0
29.0,0.9207757711410522,1.3133879899978638,0.0
29.0,0.9112721085548401,1.3127022981643677,0.0
29.0,0.9029273986816406,1.3136049509048462,0.0
29.0,0.8968445062637329,1.317765474319458,0.0
29.0,0.8907423615455627,1.3218978643417358,0.0
29.0,0.8846212029457092,1.3260020017623901,0.0
29.0,0.8773789405822754,1.3284088373184204,0.0
29.0,0.8712278604507446,1.3324511051177979,0.0
29.0,0.8639713525772095,1.3347859382629395,0.0
29.0,0.8567119836807251,1.3370821475982666,0.0
29.0,0.8505209684371948,1.3410288095474243,0.0
29.0,0.8443118333816528,1.3449467420578003,0.0
29.0,0.8380845785140991,1.3488359451293945,0.0
29.0,0.8307917714118958,1.3509925603866577,0.0
29.0,0.8245367407798767,1.3548191785812378,0.0
29.0,0.8182640671730042,1.358616828918457,0.0
29.0,0.8129979372024536,1.3641035556793213,0.0
29.0,0.8066824674606323,1.3678478002548218,0.0
29.0,0.7993417382240295,1.3698352575302124,0.0
29.0,0.7929999232292175,1.373516321182251,0.0
29.0,0.7866411805152893,1.3771679401397705,0.0
29.0,0.7782977819442749,1.3773077726364136,0.0
29.0,0.7719216346740723,1.3808914422988892,0.0
29.0,0.7655290365219116,1.3844455480575562,0.0
29.0,0.7591200470924377,1.3879700899124146,0.0
29.0,0.7536463737487793,1.3932240009307861,0.0
29.0,0.7481403350830078,1.3984569311141968,0.0
29.0,0.7416667342185974,1.4019010066986084,0.0
29.0,0.7351773381233215,1.4053149223327637,0.0
29.0,0.7286721467971802,1.4086989164352417,0.0
29.0,0.48446983098983765,0.9473040699958801,0.0
29.0,0.4730072617530823,0.9463762640953064,0.0
29.0,0.4686267673969269,0.9485530257225037,0.0
29.0,0.46423622965812683,0.9507095813751221,0.0
29.0,0.45983579754829407,0.9528457522392273,0.0
29.0,0.45370370149612427,0.9513511657714844,0.0
29.0,0.4493004083633423,0.9534386396408081,0.0
29.0,0.443199098110199,0.9518794417381287,0.0
29.0,0.43879345059394836,0.9539183378219604,0.0
29.0,0.4318963289260864,0.9504744410514832,0.0
29.0,0.4274972975254059,0.9524610638618469,0.0
29.0,0.42227864265441895,0.9525989890098572,0.0
29.0,0.4162657856941223,0.9508768320083618,0.0
29.0,0.41186508536338806,0.9527912139892578,0.0
29.0,0.4058854281902313,0.9510063529014587,0.0
29.0,0.4014842212200165,0.9528727531433105,0.0
29.0,0.3963063955307007,0.9528720378875732,0.0
29.0,0.3903777003288269,0.9509938359260559,0.0
29.0,0.38597673177719116,0.9527885317802429,0.0
29.0,0.3800828456878662,0.9508486390113831,0.0
29.0,0.37568265199661255,0.9525957703590393,0.0
29.0,0.3705492615699768,0.9524585008621216,0.0
29.0,0.36470869183540344,0.9504270553588867,0.0
29.0,0.3603106141090393,0.9521030783653259,0.0
29.0,0.35380715131759644,0.9481373429298401,0.0
29.0,0.3494197726249695,0.9497630000114441,0.0
29.0,0.34434306621551514,0.9494881629943848,0.0
29.0,0.33927640318870544,0.9491868019104004,0.0
29.0,0.3348843455314636,0.9507452249526978,0.0
29.0,0.3298293948173523,0.9503939747810364,0.0
29.0,0.32543182373046875,0.9519087076187134,0.0
29.0,0.3197508454322815,0.9496122002601624,0.0
29.0,0.3153570294380188,0.9510803818702698,0.0
29.0,0.3097151219844818,0.9487257599830627,0.0
29.0,0.304713636636734,0.9482434391975403,0.0
29.0,0.30032628774642944,0.9496421217918396,0.0
29.0,0.29533830285072327,0.9491108059883118,0.0
29.0,0.2909470498561859,0.9504660964012146,0.0
29.0,0.2859730124473572,0.9498860239982605,0.0
29.0,0.28044286370277405,0.9473625421524048,0.0
29.0,0.2760598659515381,0.948648989200592,0.0
29.0,0.2711210250854492,0.9479922652244568,0.0
29.0,0.2667351961135864,0.9492356777191162,0.0
29.0,0.2618115544319153,0.9485308527946472,0.0
29.0,0.2569001317024231,0.9478007555007935,0.0
29.0,0.25251534581184387,0.9489783644676208,0.0
29.0,0.24761982262134552,0.9482006430625916,0.0
29.0,0.24323329329490662,0.9493353366851807,0.0
29.0,0.23835411667823792,0.9485100507736206,0.0
29.0,0.23300933837890625,0.9457180500030518,0.0
29.0,0.22863443195819855,0.9467852115631104,0.0
29.0,0.22379417717456818,0.9458858966827393,0.0
29.0,0.21941860020160675,0.9469105005264282,0.0
29.0,0.21459588408470154,0.9459643959999084,0.0
29.0,0.21022003889083862,0.9469464421272278,0.0
29.0,0.2054152935743332,0.9459537863731384,0.0
29.0,0.20103959739208221,0.9468933939933777,0.0
29.0,0.1966596096754074,0.9478127360343933,0.0
29.0,0.19187815487384796,0.9467517137527466,0.0
29.0,0.18749891221523285,0.9476287364959717,0.0
29.0,0.18273654580116272,0.9465216994285583,0.0
29.0,0.1779884397983551,0.9453909993171692,0.0
29.0,0.17361563444137573,0.9462038278579712,0.0
29.0,0.16888727247714996,0.9450275301933289,0.0
29.0,0.16451625525951385,0.9457982778549194,0.0
29.0,0.15980809926986694,0.9445767998695374,0.0
29.0,0.15543925762176514,0.945305585861206,0.0
29.0,0.1510670930147171,0.9460141062736511,0.0
29.0,0.14638546109199524,0.9447259902954102,0.0
29.0,0.14201606810092926,0.9453927278518677,0.0
29.0,0.13764365017414093,0.9460391998291016,0.0
29.0,0.1332682967185974,0.9466654658317566,0.0
29.0,0.1286204308271408,0.9452897906303406,0.0
29.0,0.12398815900087357,0.9438914060592651,0.0
29.0,0.11962287127971649,0.944454550743103,0.0
29.0,0.11525502800941467,0.9449975490570068,0.0
29.0,0.11088472604751587,0.945520281791687,0.0
29.0,0.10628827661275864,0.9440353512763977,0.0
29.0,0.10192251205444336,0.9445167183876038,0.0
29.0,0.09755457192659378,0.9449778199195862,0.0
29.0,0.09298837184906006,0.9434283971786499,0.0
29.0,0.08862555772066116,0.9438482522964478,0.0
29.0,0.08408308029174805,0.9422557950019836,0.0
29.0,0.07972577959299088,0.9426344633102417,0.0
29.0,0.0753667801618576,0.9429929852485657,0.0
29.0,0.0710061639547348,0.9433313608169556,0.0
29.0,0.06664403527975082,0.9436495900154114,0.0
29.0,0.062280476093292236,0.9439476132392883,0.0
29.0,0.057915590703487396,0.9442254900932312,0.0
29.0,0.05343625321984291,0.9424864053726196,0.0
29.0,0.049078214913606644,0.9427233338356018,0.0
29.0,0.04471912980079651,0.9429401755332947,0.0
29.0,0.04035909101366997,0.9431368708610535,0.0
29.0,0.035998184233903885,0.9433133602142334,0.0
29.0,0.03163651004433632,0.943469762802124,0.0
29.0,0.02721637673676014,0.9416067004203796,0.0
29.0,0.022862685844302177,0.9417225122451782,0.0
29.0,0.018508508801460266,0.941818118095398,0.0
29.0,0.014153935015201569,0.9418936371803284,0.0
29.0,0.009799058549106121,0.9419490098953247,0.0
29.0,0.005443972535431385,0.941984236240387,0.0
29.0,0.0010887705720961094,0.9419993162155151,0.0
29.0,-0.0032664549071341753,0.941994309425354,0.0
29.0,-0.007621610537171364,0.9419691562652588,0.0
29.0,-0.011976603418588638,0.9419238567352295,0.0
29.0,-0.01633133925497532,0.9418584108352661,0.0
29.0,-0.020685726776719093,0.9417728185653687,0.0
29.0,-0.0250396728515625,0.9416671395301819,0.0
29.0,-0.029393082484602928,0.941541314125061,0.0
29.0,-0.033745866268873215,0.9413953423500061,0.0
29.0,-0.03809792548418045,0.9412292242050171,0.0
29.0,-0.04244917258620262,0.9410430192947388,0.0
29.0,-0.04679951071739197,0.9408367276191711,0.0
29.0,-0.05114884674549103,0.9406102895736694,0.0
29.0,-0.05549709498882294,0.9403637647628784,0.0
29.0,-0.05984415113925934,0.9400971531867981,0.0
29.0,-0.06418993324041367,0.9398103952407837,0.0
29.0,-0.06853433698415756,0.9395036101341248,0.0
29.0,-0.07287728041410446,0.9391766786575317,0.0
29.0,-0.07738261669874191,0.9408230185508728,0.0
29.0,-0.08173156529664993,0.9404551982879639,0.0
29.0,-0.08607876300811768,0.9400672912597656,0.0
29.0,-0.09042412787675858,0.9396592378616333,0.0
29.0,-0.09476755559444427,0.9392311573028564,0.0
29.0,-0.09910895675420761,0.9387829303741455,0.0
29.0,-0.10344824194908142,0.93831467628479,0.0
29.0,-0.10801366716623306,0.9398132562637329,0.0
29.0,-0.11235762387514114,0.9393038749694824,0.0
29.0,-0.11669917404651642,0.9387743473052979,0.0
29.0,-0.12129412591457367,0.940208375453949,0.0
29.0,-0.12563976645469666,0.9396375417709351,0.0
29.0,-0.12998270988464355,0.9390466213226318,0.0
29.0,-0.1343228816986084,0.9384356141090393,0.0
29.0,-0.13866019248962402,0.9378045797348022,0.0
29.0,-0.14299452304840088,0.9371534585952759,0.0
29.0,-0.14763662219047546,0.9384579658508301,0.0
29.0,-0.1519738882780075,0.93776535987854,0.0
29.0,-0.1563078910112381,0.9370527267456055,0.0
29.0,-0.16097676753997803,0.9382912516593933,0.0
29.0,-0.16531310975551605,0.9375370144844055,0.0
29.0,-0.17000232636928558,0.9387306571006775,0.0
29.0,-0.1743406057357788,0.9379346370697021,0.0
29.0,-0.17867515981197357,0.9371185302734375,0.0
29.0,-0.1833895593881607,0.9382452964782715,0.0
29.0,-0.18772545456886292,0.9373874068260193,0.0
29.0,-0.1924591362476349,0.9384686946868896,0.0
29.0,-0.1967959702014923,0.9375688433647156,0.0
29.0,-0.2015484869480133,0.9386043548583984,0.0
29.0,-0.2063147872686386,0.9396160244941711,0.0
29.0,-0.2106567770242691,0.9386520981788635,0.0
29.0,-0.21499426662921906,0.9376680850982666,0.0
29.0,-0.2193271517753601,0.9366641044616699,0.0
29.0,-0.22458532452583313,0.9395304322242737,0.0
29.0,-0.22940067946910858,0.9404250979423523,0.0
29.0,-0.23374615609645844,0.939354419708252,0.0
29.0,-0.23808665573596954,0.9382636547088623,0.0
29.0,-0.24242204427719116,0.9371528625488281,0.0
29.0,-0.24726209044456482,0.9379560351371765,0.0
29.0,-0.2521147131919861,0.9387343525886536,0.0
29.0,-0.25645214319229126,0.9375587105751038,0.0
29.0,-0.26132068037986755,0.9382896423339844,0.0
29.0,-0.2656559348106384,0.9370714426040649,0.0
29.0,-0.27053990960121155,0.9377548694610596,0.0
29.0,-0.27487263083457947,0.9364940524101257,0.0
29.0,-0.2803437113761902,0.9390460252761841,0.0
29.0,-0.2846822738647461,0.9377398490905762,0.0
29.0,-0.2890147566795349,0.9364136457443237,0.0
29.0,-0.2939396798610687,0.9369757175445557,0.0
29.0,-0.29826852679252625,0.9356066584587097,0.0
29.0,-0.30320730805397034,0.9361203908920288,0.0
29.0,-0.30753210186958313,0.9347085356712341,0.0
29.0,-0.31248414516448975,0.9351736307144165,0.0
29.0,-0.31808966398239136,0.9375067949295044,0.0
29.0,-0.32242071628570557,0.9360260963439941,0.0
29.0,-0.3274049460887909,0.9364133477210999,0.0
29.0,-0.33173084259033203,0.9348896145820618,0.0
29.0,-0.33672717213630676,0.9352276921272278,0.0
29.0,-0.3417336642742157,0.9355394840240479,0.0
29.0,-0.34605535864830017,0.9339494705200195,0.0
29.0,-0.35177677869796753,0.9360839128494263,0.0
29.0,-0.3561008870601654,0.9344475269317627,0.0
29.0,-0.3611381947994232,0.9346566796302795,0.0
29.0,-0.3669145405292511,0.9367015361785889,0.0
29.0,-0.37124133110046387,0.934995174407959,0.0
29.0,-0.3778000771999359,0.9388349056243896,0.0
29.0,-0.38213664293289185,0.9370781779289246,0.0
29.0,-0.3872288167476654,0.9371499419212341,0.0
29.0,-0.3931020498275757,0.9390392899513245,0.0
29.0,-0.3974393904209137,0.937211811542511,0.0
29.0,-0.40255752205848694,0.9372019171714783,0.0
29.0,-0.4068862497806549,0.9353306889533997,0.0
29.0,-0.41201257705688477,0.9352697730064392,0.0
29.0,-0.41633227467536926,0.933354914188385,0.0
29.0,-0.4222894310951233,0.9350655674934387,0.0
29.0,-0.4266080856323242,0.9331032037734985,0.0
29.0,-0.4317575991153717,0.932935893535614,0.0
29.0,-0.4377630352973938,0.934552013874054,0.0
29.0,-0.4420791268348694,0.9325180649757385,0.0
29.0,-0.4472509026527405,0.9322674870491028,0.0
29.0,-0.45155635476112366,0.9301897287368774,0.0
29.0,-0.45761555433273315,0.9316823482513428,0.0
29.0,-0.4645882546901703,0.9349298477172852,0.0
29.0,-0.46890580654144287,0.9327718615531921,0.0
29.0,-0.4750264286994934,0.9341594576835632,0.0
29.0,-0.4793403148651123,0.9319532513618469,0.0
29.0,-0.48548996448516846,0.9332757592201233,0.0
29.0,-0.4916619658470154,0.9345611333847046,0.0
29.0,-0.4959775507450104,0.9322779774665833,0.0
29.0,-0.5021774768829346,0.9334975481033325,0.0
29.0,-0.506488025188446,0.9311658143997192,0.0
29.0,-1.1033830642700195,1.963173508644104,0.0
29.0,-1.112447738647461,1.9580512046813965,0.0
29.0,-1.1214886903762817,1.952886939048767,0.0
29.0,-1.1305055618286133,1.9476810693740845,0.0
29.0,-1.143546223640442,1.949333667755127,0.0
29.0,-1.1525465250015259,1.9440258741378784,0.0
29.0,-1.1656336784362793,1.945538878440857,0.0
29.0,-1.1808311939239502,1.9503942728042603,0.0
29.0,-1.1898359060287476,1.9449139833450317,0.0
29.0,-1.205124855041504,1.9495995044708252,0.0
29.0,-1.2141257524490356,1.9440069198608398,0.0
29.0,-1.2273696660995483,1.9451384544372559,0.0
29.0,-1.242800235748291,1.9495619535446167,0.0
29.0,-1.251800537109375,1.9437952041625977,0.0
29.0,-1.267317771911621,1.9480454921722412,0.0
29.0,-1.276310682296753,1.9421653747558594,0.0
29.0,-1.2919130325317383,1.9462416172027588,0.0
29.0,-1.3008973598480225,1.940247893333435,0.0
29.0,-1.3165827989578247,1.9441486597061157,0.0
29.0,-1.332331657409668,1.947945475578308,0.0
29.0,-1.3413234949111938,1.9417648315429688,0.0
29.0,-1.3571525812149048,1.9453845024108887,0.0
29.0,-1.366132378578186,1.939089059829712,0.0
29.0,-1.3820394277572632,1.9425301551818848,0.0
29.0,-1.3980073928833008,1.9458651542663574,0.0
29.0,-1.4069888591766357,1.9393807649612427,0.0
29.0,-1.4230319261550903,1.9425355195999146,0.0
29.0,-1.4319977760314941,1.9359354972839355,0.0
29.0,-1.4481137990951538,1.9389086961746216,0.0
29.0,-1.4642876386642456,1.941773772239685,0.0
29.0,-1.4732495546340942,1.9349831342697144,0.0
29.0,-1.4919310808181763,1.9408363103866577,0.0
29.0,-1.5008883476257324,1.933917760848999,0.0
29.0,-1.5147476196289062,1.9332553148269653,0.0
29.0,-1.5236696004867554,1.9262313842773438,0.0
29.0,-1.5325590372085571,1.9191663265228271,0.0
29.0,-1.526352882385254,1.8933753967285156,0.0
29.0,-1.5350903272628784,1.8862982988357544,0.0
29.0,-1.526021122932434,1.8575456142425537,0.0
29.0,-1.5345929861068726,1.8504704236984253,0.0
29.0,-1.5277262926101685,1.8249528408050537,0.0
29.0,-1.5206568241119385,1.799538493156433,0.0
29.0,-1.5289604663848877,1.792488694190979,0.0
29.0,-1.5215721130371094,1.767213225364685,0.0
29.0,-1.5297263860702515,1.7601594924926758,0.0
29.0,-1.522020936012268,1.7350263595581055,0.0
29.0,-1.516767978668213,1.7129971981048584,0.0
29.0,-1.5246715545654297,1.7059663534164429,0.0
29.0,-1.5164668560028076,1.6810781955718994,0.0
29.0,-1.5242228507995605,1.6740490198135376,0.0
29.0,-1.5157066583633423,1.649312973022461,0.0
29.0,-1.5097148418426514,1.6276243925094604,0.0
29.0,-1.517223834991455,1.6206270456314087,0.0
29.0,-1.5109643936157227,1.5990581512451172,0.0
29.0,-1.518341302871704,1.592055320739746,0.0
29.0,-1.5118157863616943,1.570609211921692,0.0
29.0,-1.5023374557495117,1.5463886260986328,0.0
29.0,-1.5094709396362305,1.5394262075424194,0.0
29.0,-1.5053175687789917,1.5210586786270142,0.0
29.0,-1.512333869934082,1.5140827894210815,0.0
29.0,-1.5079585313796997,1.4958065748214722,0.0
29.0,-1.500593900680542,1.4747997522354126,0.0
29.0,-1.5073963403701782,1.4678462743759155,0.0
29.0,-1.5026520490646362,1.4497520923614502,0.0
29.0,-1.5093387365341187,1.4427891969680786,0.0
29.0,-1.5014722347259521,1.422042727470398,0.0
29.0,-1.5080307722091675,1.4150856733322144,0.0
29.0,-1.5028390884399414,1.397204041481018,0.0
29.0,-1.4975144863128662,1.3794007301330566,0.0
29.0,-1.503875970840454,1.3724623918533325,0.0
29.0,-1.4998208284378052,1.3561054468154907,0.0
29.0,-1.495646595954895,1.3398152589797974,0.0
29.0,-1.5018250942230225,1.332885980606079,0.0
29.0,-1.4944539070129395,1.3140424489974976,0.0
29.0,-1.5005131959915161,1.3071190118789673,0.0
29.0,-1.4944275617599487,1.289713978767395,0.0
29.0,-1.4927737712860107,1.2762924432754517,0.0
29.0,-1.498658537864685,1.2693772315979004,0.0
29.0,-1.492254614830017,1.2521501779556274,0.0
29.0,-1.4980278015136719,1.2452374696731567,0.0
29.0,-1.4929616451263428,1.2293988466262817,0.0
29.0,-1.4986296892166138,1.2224831581115723,0.0
29.0,-1.49337637424469,1.2067421674728394,0.0
29.0,-1.4895713329315186,1.1923259496688843,0.0
29.0,-1.4950679540634155,1.1854263544082642,0.0
29.0,-1.4926682710647583,1.172324776649475,0.0
29.0,-1.4980723857879639,1.165411114692688,0.0
29.0,-1.4923547506332397,1.1499273777008057,0.0
29.0,-1.483346700668335,1.1320949792861938,0.0
29.0,-1.4885648488998413,1.1252247095108032,0.0
29.0,-1.484145164489746,1.1111387014389038,0.0
29.0,-1.4892665147781372,1.1042649745941162,0.0
29.0,-1.484683871269226,1.090265154838562,0.0
29.0,-1.4816211462020874,1.0775076150894165,0.0
29.0,-1.4865870475769043,1.070646047592163,0.0
29.0,-1.4817514419555664,1.0567936897277832,0.0
29.0,-1.4866214990615845,1.0499316453933716,0.0
29.0,-1.481626033782959,1.0361700057983398,0.0
29.0,-1.4781795740127563,1.0236157178878784,0.0
29.0,-1.482896327972412,1.016770601272583,0.0
29.0,-1.4793078899383545,1.0042870044708252,0.0
29.0,-1.4839352369308472,0.9974368214607239,0.0
29.0,-1.4785407781600952,0.9839172959327698,0.0
29.0,-1.473053216934204,0.9704691171646118,0.0
29.0,-1.4775242805480957,0.9636483192443848,0.0
29.0,-1.4752428531646729,0.9524675607681274,0.0
29.0,-1.479630708694458,0.9456368088722229,0.0
29.0,-1.4738457202911377,0.9323703646659851,0.0
29.0,-1.4696651697158813,0.920239269733429,0.0
29.0,-1.473904013633728,0.913434624671936,0.0
29.0,-1.4712920188903809,0.9024276733398438,0.0
29.0,-1.475448489189148,0.8956156969070435,0.0
29.0,-1.4710012674331665,0.8836352229118347,0.0
29.0,-1.4681941270828247,0.8727369904518127,0.0
29.0,-1.4722133874893188,0.8659396767616272,0.0
29.0,-1.4675583839416504,0.8540938496589661,0.0
29.0,-1.4714914560317993,0.8472996354103088,0.0
29.0,-1.470179796218872,0.8375174403190613,0.0
29.0,-1.4740362167358398,0.830711305141449,0.0
29.0,-1.4708735942840576,0.819991946220398,0.0
29.0,-1.4676436185836792,0.8093196749687195,0.0
29.0,-1.4713696241378784,0.8025255799293518,0.0
29.0,-1.4662631750106812,0.7909665703773499,0.0
29.0,-1.4699045419692993,0.7841790914535522,0.0
29.0,-1.4664386510849,0.7736418843269348,0.0
29.0,-1.462906837463379,0.7631535530090332,0.0
29.0,-1.4664195775985718,0.7563818097114563,0.0
29.0,-1.4645559787750244,0.7468681931495667,0.0
29.0,-1.4679933786392212,0.7400889992713928,0.0
29.0,-1.464239239692688,0.7297256588935852,0.0
29.0,-1.460420846939087,0.7194129824638367,0.0
29.0,-1.4637314081192017,0.7126532196998596,0.0
29.0,-1.4579994678497314,0.701542317867279,0.0
29.0,-1.4612274169921875,0.6947939991950989,0.0
29.0,-1.4608036279678345,0.6863297820091248,0.0
29.0,-1.4585189819335938,0.6770423650741577,0.0
29.0,-1.4616336822509766,0.6702918410301208,0.0
29.0,-1.4592516422271729,0.6610511541366577,0.0
29.0,-1.4622923135757446,0.654297411441803,0.0
29.0,-1.4598137140274048,0.6451044678688049,0.0
29.0,-1.4554485082626343,0.6351486444473267,0.0
29.0,-1.458369493484497,0.6284127235412598,0.0
29.0,-1.4557381868362427,0.6193145513534546,0.0
29.0,-1.4585858583450317,0.6125775575637817,0.0
29.0,-1.4558597803115845,0.603529691696167,0.0
29.0,-1.453081488609314,0.5945202112197876,0.0
29.0,-1.4558147192001343,0.5877957344055176,0.0
29.0,-1.4529427289962769,0.578838050365448,0.0
29.0,-1.4556033611297607,0.5721144080162048,0.0
29.0,-1.4526386260986328,0.5632094740867615,0.0
29.0,-1.455227017402649,0.5564873814582825,0.0
29.0,-1.4540417194366455,0.5483419299125671,0.0
29.0,-1.4509375095367432,0.5395223498344421,0.0
29.0,-1.453416347503662,0.5328083634376526,0.0
29.0,-1.4521023035049438,0.5247235894203186,0.0
29.0,-1.4545128345489502,0.5180043578147888,0.0
29.0,-1.4512306451797485,0.5092872381210327,0.0
29.0,-1.4478991031646729,0.5006116032600403,0.0
29.0,-1.4501981735229492,0.49391207098960876,0.0
29.0,-1.448673963546753,0.485929936170578,0.0
29.0,-1.4509050846099854,0.4792269766330719,0.0
29.0,-1.4473992586135864,0.4706583619117737,0.0
29.0,-1.4457502365112305,0.4627421200275421,0.0
29.0,-1.4478741884231567,0.4560529291629791,0.0
29.0,-1.444236159324646,0.44757789373397827,0.0
29.0,-1.4462900161743164,0.44089585542678833,0.0
29.0,-1.4444814920425415,0.43305572867393494,0.0
29.0,-1.4426313638687134,0.42524173855781555,0.0
29.0,-1.4445819854736328,0.41856738924980164,0.0
29.0,-1.4426547288894653,0.4107886552810669,0.0
29.0,-1.4445385932922363,0.40411433577537537,0.0
29.0,-1.4425344467163086,0.3963715732097626,0.0
29.0,-1.4443516731262207,0.38969796895980835,0.0
29.0,-1.4422712326049805,0.3819918930530548,0.0
29.0,-1.440150499343872,0.37431344389915466,0.0
29.0,-1.4418656826019287,0.367651104927063,0.0
29.0,-1.4396694898605347,0.3600104749202728,0.0
29.0,-1.4413186311721802,0.35335052013397217,0.0
29.0,-1.4409922361373901,0.34621575474739075,0.0
29.0,-1.4406307935714722,0.33909159898757935,0.0
29.0,-1.4421831369400024,0.33242738246917725,0.0
29.0,-1.4378516674041748,0.32443544268608093,0.0
29.0,-1.4393362998962402,0.31778424978256226,0.0
29.0,-1.436880350112915,0.31028199195861816,0.0
29.0,-1.436342716217041,0.30322232842445374,0.0
29.0,-1.4377292394638062,0.2965783476829529,0.0
29.0,-1.4371243715286255,0.28953298926353455,0.0
29.0,-1.4384477138519287,0.2828855514526367,0.0
29.0,-1.4358118772506714,0.275478333234787,0.0
29.0,-1.4370701313018799,0.2688370943069458,0.0
29.0,-1.4363301992416382,0.26183146238327026,0.0
29.0,-1.433586835861206,0.2544887959957123,0.0
29.0,-1.4347481727600098,0.24785807728767395,0.0
29.0,-1.4339064359664917,0.2408907115459442,0.0
29.0,-1.4350048303604126,0.23425865173339844,0.0
29.0,-1.4340972900390625,0.2273084968328476,0.0
29.0,-1.4311792850494385,0.22006776928901672,0.0
29.0,-1.4321813583374023,0.21344853937625885,0.0
29.0,-1.4311734437942505,0.2065390944480896,0.0
29.0,-1.4321130514144897,0.19992002844810486,0.0
29.0,-1.4310400485992432,0.19302935898303986,0.0
29.0,-1.429934024810791,0.1861528754234314,0.0
29.0,-1.4307793378829956,0.1795397698879242,0.0
29.0,-1.4296085834503174,0.172682985663414,0.0
29.0,-1.4303916692733765,0.16607153415679932,0.0
29.0,-1.4291564226150513,0.15923504531383514,0.0
29.0,-1.4278886318206787,0.15241354703903198,0.0
29.0,-1.4285781383514404,0.14581026136875153,0.0
29.0,-1.4292370080947876,0.13920384645462036,0.0
29.0,-1.4298652410507202,0.13259446620941162,0.0
29.0,-1.4284707307815552,0.1258067935705185,0.0
29.0,-1.429037094116211,0.11920109391212463,0.0
29.0,-1.4275791645050049,0.11243581771850586,0.0
29.0,-1.4280837774276733,0.10583438724279404,0.0
29.0,-1.4285577535629272,0.09923069179058075,0.0
29.0,-1.427005410194397,0.09249550849199295,0.0
29.0,-1.4274177551269531,0.08589693903923035,0.0
29.0,-1.4258028268814087,0.07918563485145569,0.0
29.0,-1.4241563081741333,0.0724911019206047,0.0
29.0,-1.424476146697998,0.06590592116117477,0.0
29.0,-1.424765706062317,0.05931933596730232,0.0
29.0,-1.4250247478485107,0.0527314767241478,0.0
29.0,-1.423254370689392,0.04607778042554855,0.0
29.0,-1.4234521389007568,0.039497051388025284,0.0
29.0,-1.4236195087432861,0.03291548043489456,0.0
29.0,-1.4217568635940552,0.0262962207198143,0.0
29.0,-1.421863317489624,0.019722629338502884,0.0
29.0,-1.4239391088485718,0.013167107477784157,0.0
29.0,-1.4239847660064697,0.006583565846085548,0.0
29.0,-1.4220000505447388,-1.1636915075996512e-07,0.0
30.0,-1.4199999570846558,1.2414034245011862e-07,0.0
30.0,-1.4199848175048828,-0.006565064657479525,0.0
30.0,-1.4199392795562744,-0.013130112551152706,0.0
30.0,-1.421863317489624,-0.019722620025277138,0.0
30.0,-1.4217568635940552,-0.026296213269233704,0.0
30.0,-1.4216201305389404,-0.03286924585700035,0.0
30.0,-1.4214529991149902,-0.03944157063961029,0.0
30.0,-1.423254370689392,-0.04607777297496796,0.0
30.0,-1.4230260848999023,-0.052657514810562134,0.0
30.0,-1.4227674007415771,-0.059236131608486176,0.0
30.0,-1.4184825420379639,-0.06562861055135727,0.0
30.0,-1.4181640148162842,-0.07218608260154724,0.0
30.0,-1.4198120832443237,-0.07885292172431946,0.0
30.0,-1.4194324016571045,-0.08541639894247055,0.0
30.0,-1.4190223217010498,-0.0919780507683754,0.0
30.0,-1.4185818433761597,-0.09853773564100266,0.0
30.0,-1.4181110858917236,-0.10509531199932098,0.0
30.0,-1.4176100492477417,-0.11165064573287964,0.0
30.0,-1.4170787334442139,-0.11820358783006668,0.0
30.0,-1.4185093641281128,-0.12492947280406952,0.0
30.0,-1.4179165363311768,-0.1314864307641983,0.0
30.0,-1.4172935485839844,-0.13804058730602264,0.0
30.0,-1.4166401624679565,-0.1445917785167694,0.0
30.0,-1.4159564971923828,-0.15113988518714905,0.0
30.0,-1.4152425527572632,-0.15768477320671082,0.0
30.0,-1.4144984483718872,-0.16422627866268158,0.0
30.0,-1.4157096147537231,-0.17100411653518677,0.0
30.0,-1.418872594833374,-0.17804566025733948,0.0
30.0,-1.418034315109253,-0.1846037358045578,0.0
30.0,-1.4171656370162964,-0.19115786254405975,0.0
30.0,-1.416266679763794,-0.1977079063653946,0.0
30.0,-1.4153375625610352,-0.20425371825695038,0.0
30.0,-1.414378046989441,-0.21079516410827637,0.0
30.0,-1.415365219116211,-0.2176360934972763,0.0
30.0,-1.4143438339233398,-0.2241775244474411,0.0
30.0,-1.4132922887802124,-0.23071415722370148,0.0
30.0,-1.4141827821731567,-0.23757721483707428,0.0
30.0,-1.4130693674087524,-0.24411296844482422,0.0
30.0,-1.413894772529602,-0.2509930729866028,0.0
30.0,-1.4127192497253418,-0.25752735137939453,0.0
30.0,-1.4115134477615356,-0.26405614614486694,0.0
30.0,-1.4122416973114014,-0.2709560990333557,0.0
30.0,-1.4109739065170288,-0.2774825394153595,0.0
30.0,-1.4116365909576416,-0.28439804911613464,0.0
30.0,-1.410306692123413,-0.29092150926589966,0.0
30.0,-1.4109033346176147,-0.29785189032554626,0.0
30.0,-1.411466121673584,-0.30479398369789124,0.0
30.0,-1.4100419282913208,-0.31131646037101746,0.0
30.0,-1.4105384349822998,-0.31827250123023987,0.0
30.0,-1.409051775932312,-0.3247905373573303,0.0
30.0,-1.4094818830490112,-0.33175987005233765,0.0
30.0,-1.407932996749878,-0.3382728695869446,0.0
30.0,-1.4082965850830078,-0.34525489807128906,0.0
30.0,-1.410565733909607,-0.35273265838623047,0.0
30.0,-1.4089198112487793,-0.3592504560947418,0.0
30.0,-1.409179449081421,-0.36626365780830383,0.0
30.0,-1.4074710607528687,-0.3727749288082123,0.0
30.0,-1.4076634645462036,-0.3797991871833801,0.0
30.0,-1.4078210592269897,-0.38683319091796875,0.0
30.0,-1.406017541885376,-0.3933379352092743,0.0
30.0,-1.4080309867858887,-0.400929719209671,0.0
30.0,-1.4061622619628906,-0.40743526816368103,0.0
30.0,-1.4061819314956665,-0.41449761390686035,0.0
30.0,-1.408082127571106,-0.42214319109916687,0.0
30.0,-1.4061152935028076,-0.42864876985549927,0.0
30.0,-1.4060288667678833,-0.4357371926307678,0.0
30.0,-1.4039992094039917,-0.442233145236969,0.0
30.0,-1.4057492017745972,-0.44993895292282104,0.0
30.0,-1.4036539793014526,-0.4564334452152252,0.0
30.0,-1.4053269624710083,-0.46417272090911865,0.0
30.0,-1.405061960220337,-0.4713011384010315,0.0
30.0,-1.4028680324554443,-0.47779223322868347,0.0
30.0,-1.4044243097305298,-0.485580176115036,0.0
30.0,-1.402164340019226,-0.49206817150115967,0.0
30.0,-1.4017584323883057,-0.49921664595603943,0.0
30.0,-1.4031972885131836,-0.5070515275001526,0.0
30.0,-1.400838017463684,-0.5135335922241211,0.0
30.0,-1.402198076248169,-0.5213988423347473,0.0
30.0,-1.3997724056243896,-0.5278761982917786,0.0
30.0,-1.4029210805892944,-0.5364852547645569,0.0
30.0,-1.4041552543640137,-0.5444117784500122,0.0
30.0,-1.401623249053955,-0.5508978962898254,0.0
30.0,-1.4027771949768066,-0.5588526129722595,0.0
30.0,-1.4001784324645996,-0.5653321743011475,0.0
30.0,-1.4012519121170044,-0.5733144283294678,0.0
30.0,-1.3985862731933594,-0.5797867774963379,0.0
30.0,-1.39957857131958,-0.587795615196228,0.0
30.0,-1.400526762008667,-0.5958260297775269,0.0
30.0,-1.3977570533752441,-0.6022948026657104,0.0
30.0,-1.4004566669464111,-0.6111505031585693,0.0
30.0,-1.3976161479949951,-0.6176188588142395,0.0
30.0,-1.4002225399017334,-0.6265245079994202,0.0
30.0,-1.4027762413024902,-0.6354673504829407,0.0
30.0,-1.3998231887817383,-0.6419461369514465,0.0
30.0,-1.4004684686660767,-0.6500954031944275,0.0
30.0,-1.397447943687439,-0.6565633416175842,0.0
30.0,-1.3980097770690918,-0.6647348999977112,0.0
30.0,-1.3949215412139893,-0.6711912751197815,0.0
30.0,-1.3989962339401245,-0.681135356426239,0.0
30.0,-1.401214599609375,-0.6902475357055664,0.0
30.0,-1.3980083465576172,-0.6967185139656067,0.0
30.0,-1.3983439207077026,-0.7049752473831177,0.0
30.0,-1.3950695991516113,-0.7114328145980835,0.0
30.0,-1.3970979452133179,-0.720625638961792,0.0
30.0,-1.3937513828277588,-0.7270772457122803,0.0
30.0,-1.395681619644165,-0.7363129258155823,0.0
30.0,-1.397556185722351,-0.7455819845199585,0.0
30.0,-1.3940942287445068,-0.7520354390144348,0.0
30.0,-1.3958698511123657,-0.7613458633422852,0.0
30.0,-1.3923349380493164,-0.7677913308143616,0.0
30.0,-1.3940107822418213,-0.7771419882774353,0.0
30.0,-1.3973723649978638,-0.7875064015388489,0.0
30.0,-1.3937164545059204,-0.7939585447311401,0.0
30.0,-1.3952305316925049,-0.8033877611160278,0.0
30.0,-1.3915011882781982,-0.809829831123352,0.0
30.0,-1.3929139375686646,-0.8192965984344482,0.0
30.0,-1.395987868309021,-0.8298155069351196,0.0
30.0,-1.3921363353729248,-0.8362607955932617,0.0
30.0,-1.3933842182159424,-0.8458016514778137,0.0
30.0,-1.3894588947296143,-0.8522347211837769,0.0
30.0,-1.3923038244247437,-0.8628638386726379,0.0
30.0,-1.388299584388733,-0.8692917823791504,0.0
30.0,-1.391026496887207,-0.8799780607223511,0.0
30.0,-1.3919987678527832,-0.889630913734436,0.0
30.0,-1.3878707885742188,-0.89605712890625,0.0
30.0,-1.3920891284942627,-0.9079270958900452,0.0
30.0,-1.3878766298294067,-0.9143534898757935,0.0
30.0,-1.391959547996521,-0.9263005256652832,0.0
30.0,-1.3876620531082153,-0.9327262043952942,0.0
30.0,-1.3882989883422852,-0.942501962184906,0.0
30.0,-1.3905246257781982,-0.9534345269203186,0.0
30.0,-1.3861016035079956,-0.9598532319068909,0.0
30.0,-1.3882049322128296,-0.9708362817764282,0.0
30.0,-1.3837015628814697,-0.9772440791130066,0.0
30.0,-1.3873101472854614,-0.9894375801086426,0.0
30.0,-1.3892123699188232,-1.000516414642334,0.0
30.0,-1.3845717906951904,-1.006928563117981,0.0
30.0,-1.387961745262146,-1.019237995147705,0.0
30.0,-1.3832346200942993,-1.0256441831588745,0.0
30.0,-1.380078911781311,-1.0332270860671997,0.0
30.0,-1.3752871751785278,-1.039596676826477,0.0
30.0,-1.360926866531372,-1.0386637449264526,0.0
30.0,-1.3418519496917725,-1.033958077430725,0.0
30.0,-1.3370572328567505,-1.0401508808135986,0.0
30.0,-1.3196508884429932,-1.0364389419555664,0.0
30.0,-1.3148448467254639,-1.0425291061401367,0.0
30.0,-1.2959582805633545,-1.0373485088348389,0.0
30.0,-1.2771480083465576,-1.0320159196853638,0.0
30.0,-1.2723629474639893,-1.0379096269607544,0.0
30.0,-1.2536554336547852,-1.0323389768600464,0.0
30.0,-1.2381031513214111,-1.0291748046875,0.0
30.0,-1.2333316802978516,-1.0348880290985107,0.0
30.0,-1.2178508043289185,-1.031530499458313,0.0
30.0,-1.2130687236785889,-1.0371500253677368,0.0
30.0,-1.1961477994918823,-1.0322939157485962,0.0
30.0,-1.1913622617721558,-1.0378130674362183,0.0
30.0,-1.1790415048599243,-1.0367069244384766,0.0
30.0,-1.1637649536132812,-1.0328538417816162,0.0
30.0,-1.1589772701263428,-1.038223385810852,0.0
30.0,-1.1422966718673706,-1.0328398942947388,0.0
30.0,-1.1375092267990112,-1.0381100177764893,0.0
30.0,-1.1224004030227661,-1.0338730812072754,0.0
30.0,-1.108819842338562,-1.0308805704116821,0.0
30.0,-1.1040418148040771,-1.0359959602355957,0.0
30.0,-1.0890755653381348,-1.03146231174469,0.0
30.0,-1.0842950344085693,-1.0364865064620972,0.0
30.0,-1.0694161653518677,-1.0317678451538086,0.0
30.0,-1.056037187576294,-1.0283294916152954,0.0
30.0,-1.0512715578079224,-1.033200979232788,0.0
30.0,-1.0379638671875,-1.0295994281768799,0.0
30.0,-1.03319251537323,-1.0343873500823975,0.0
30.0,-1.0199581384658813,-1.0306237936019897,0.0
30.0,-1.008181095123291,-1.0281882286071777,0.0
30.0,-1.0034165382385254,-1.0328384637832642,0.0
30.0,-0.9916956424713135,-1.0302618741989136,0.0
30.0,-0.9869217872619629,-1.0348358154296875,0.0
30.0,-0.973885178565979,-1.030665636062622,0.0
30.0,-0.9636421203613281,-1.0293171405792236,0.0
30.0,-0.95887291431427,-1.0337613821029663,0.0
30.0,-0.9459633827209473,-1.0293480157852173,0.0
30.0,-0.9411942362785339,-1.0337104797363281,0.0
30.0,-0.9297067523002625,-1.0306257009506226,0.0
30.0,-0.918268084526062,-1.0274569988250732,0.0
30.0,-0.9135079383850098,-1.0316914319992065,0.0
30.0,-0.9034526348114014,-1.0298899412155151,0.0
30.0,-0.8986814022064209,-1.0340559482574463,0.0
30.0,-0.8873662352561951,-1.0306217670440674,0.0
30.0,-0.8761021494865417,-1.0271052122116089,0.0
30.0,-0.8713441491127014,-1.0311447381973267,0.0
30.0,-0.8614321947097778,-1.0290279388427734,0.0
30.0,-0.8566654324531555,-1.0329996347427368,0.0
30.0,-0.8468020558357239,-1.030767798423767,0.0
30.0,-0.8369777202606201,-1.0284669399261475,0.0
30.0,-0.832213819026947,-1.0323256254196167,0.0
30.0,-0.8211920261383057,-1.0283479690551758,0.0
30.0,-0.8164287805557251,-1.03213369846344,0.0
30.0,-0.8054805994033813,-1.02802574634552,0.0
30.0,-0.7970404028892517,-1.02699875831604,0.0
30.0,-0.7922836542129517,-1.0306727886199951,0.0
30.0,-0.782663881778717,-1.0279598236083984,0.0
30.0,-0.7779028415679932,-1.0315674543380737,0.0
30.0,-0.7683380842208862,-1.0287432670593262,0.0
30.0,-0.7600054740905762,-1.0274608135223389,0.0
30.0,-0.7552469968795776,-1.030963659286499,0.0
30.0,-0.7457746267318726,-1.0279690027236938,0.0
30.0,-0.7410139441490173,-1.0314059257507324,0.0
30.0,-0.731599748134613,-1.0283023118972778,0.0
30.0,-0.7233820557594299,-1.0267689228057861,0.0
30.0,-0.7186272144317627,-1.0301024913787842,0.0
30.0,-0.710446834564209,-1.0284771919250488,0.0
30.0,-0.7056841850280762,-1.0317507982254028,0.0
30.0,-0.6964206695556641,-1.0283784866333008,0.0
30.0,-0.6916586756706238,-1.0315872430801392,0.0
30.0,-0.682457447052002,-1.028108835220337,0.0
30.0,-0.6744017601013184,-1.0262389183044434,0.0
30.0,-0.6696498990058899,-1.029345989227295,0.0
30.0,-0.6616350412368774,-1.0273865461349487,0.0
30.0,-0.6536526679992676,-1.0253751277923584,0.0
30.0,-0.6489050388336182,-1.0283862352371216,0.0
30.0,-0.6409651637077332,-1.0262863636016846,0.0
30.0,-0.6362134218215942,-1.0292388200759888,0.0
30.0,-0.6283168792724609,-1.0270510911941528,0.0
30.0,-0.6235617399215698,-1.0299450159072876,0.0
30.0,-0.6157095432281494,-1.0276700258255005,0.0
30.0,-0.6089117527008057,-1.0270649194717407,0.0
30.0,-0.6041567921638489,-1.0298691987991333,0.0
30.0,-0.5963768362998962,-1.0274622440338135,0.0
30.0,-0.5916200876235962,-1.0302084684371948,0.0
30.0,-0.5828988552093506,-1.0259770154953003,0.0
30.0,-0.5761893391609192,-1.0251740217208862,0.0
30.0,-0.5714434385299683,-1.0278270244598389,0.0
30.0,-0.5647578239440918,-1.026953101158142,0.0
30.0,-0.5600038170814514,-1.0295531749725342,0.0
30.0,-0.5523952841758728,-1.0268473625183105,0.0
30.0,-0.5457631349563599,-1.0258588790893555,0.0
30.0,-0.5410143733024597,-1.0283712148666382,0.0
30.0,-0.5334851741790771,-1.025538682937622,0.0
30.0,-0.5287380218505859,-1.0279942750930786,0.0
30.0,-0.5221664309501648,-1.0268622636795044,0.0
30.0,-0.5156167149543762,-1.0256916284561157,0.0
30.0,-0.5108690857887268,-1.0280646085739136,0.0
30.0,-0.5034652948379517,-1.0250300168991089,0.0
30.0,-0.49872082471847534,-1.0273468494415283,0.0
30.0,-0.4922355115413666,-1.026035189628601,0.0
30.0,-0.4857729971408844,-1.0246855020523071,0.0
30.0,-0.48103031516075134,-1.0269205570220947,0.0
30.0,-0.47375738620758057,-1.0236884355545044,0.0
30.0,-0.46901941299438477,-1.0258678197860718,0.0
30.0,-0.46262505650520325,-1.0243797302246094,0.0
30.0,-0.4562545716762543,-1.0228546857833862,0.0
30.0,-0.4515206515789032,-1.0249532461166382,0.0
30.0,-0.4459792673587799,-1.025195837020874,0.0
30.0,-0.44123464822769165,-1.0272468328475952,0.0
30.0,-0.43491891026496887,-1.0255931615829468,0.0
30.0,-0.4278557002544403,-1.0220584869384766,0.0
30.0,-0.4231257736682892,-1.0240256786346436,0.0
30.0,-0.41687634587287903,-1.0222671031951904,0.0
30.0,-0.41214555501937866,-1.0241835117340088,0.0
30.0,-0.40666791796684265,-1.024219274520874,0.0
30.0,-0.4004693627357483,-1.0223641395568848,0.0
30.0,-0.39573830366134644,-1.0242047309875488,0.0
30.0,-0.39028656482696533,-1.0241544246673584,0.0
30.0,-0.38554733991622925,-1.02594792842865,0.0
30.0,-0.38010498881340027,-1.0258440971374512,0.0
30.0,-0.37535807490348816,-1.0275905132293701,0.0
30.0,-0.37128064036369324,-1.0311967134475708,0.0
30.0,-0.36584025621414185,-1.0310174226760864,0.0
30.0,-0.36106956005096436,-1.0326977968215942,0.0
30.0,-0.3549884855747223,-1.0305742025375366,0.0
30.0,-0.3502199649810791,-1.032204508781433,0.0
30.0,-0.3448100984096527,-1.0319157838821411,0.0
30.0,-0.3387853503227234,-1.0296992063522339,0.0
30.0,-0.33402103185653687,-1.031254529953003,0.0
30.0,-0.3286421298980713,-1.0308823585510254,0.0
30.0,-0.32387247681617737,-1.0323907136917114,0.0
30.0,-0.31791621446609497,-1.0300549268722534,0.0
30.0,-0.3119885325431824,-1.027686357498169,0.0
30.0,-0.3072338104248047,-1.0291178226470947,0.0
30.0,-0.30190926790237427,-1.0286082029342651,0.0
30.0,-0.2971504032611847,-1.0299930572509766,0.0
30.0,-0.29183971881866455,-1.029431700706482,0.0
30.0,-0.2870771586894989,-1.0307700634002686,0.0
30.0,-0.28178074955940247,-1.0301570892333984,0.0
30.0,-0.2759774327278137,-1.027585744857788,0.0
30.0,-0.2712235748767853,-1.0288506746292114,0.0
30.0,-0.26596304774284363,-1.0281574726104736,0.0
30.0,-0.26071470975875854,-1.027437448501587,0.0
30.0,-0.25596168637275696,-1.0286318063735962,0.0
30.0,-0.2507292628288269,-1.02786123752594,0.0
30.0,-0.24597439169883728,-1.029009461402893,0.0
30.0,-0.2407582849264145,-1.0281884670257568,0.0
30.0,-0.23600201308727264,-1.0292905569076538,0.0
30.0,-0.2308027595281601,-1.0284192562103271,0.0
30.0,-0.22561660408973694,-1.0275218486785889,0.0
30.0,-0.22086356580257416,-1.028554081916809,0.0
30.0,-0.21569494903087616,-1.027606725692749,0.0
30.0,-0.2109416425228119,-1.0285929441452026,0.0
30.0,-0.20579108595848083,-1.0275962352752686,0.0
30.0,-0.2010379284620285,-1.0285366773605347,0.0
30.0,-0.19628047943115234,-1.0294551849365234,0.0
30.0,-0.19115333259105682,-1.0283854007720947,0.0
30.0,-0.18639668822288513,-1.029258131980896,0.0
30.0,-0.18128874897956848,-1.028139352798462,0.0
30.0,-0.1761951595544815,-1.026995301246643,0.0
30.0,-0.1714451014995575,-1.0277990102767944,0.0
30.0,-0.1663714051246643,-1.0266063213348389,0.0
30.0,-0.1616232544183731,-1.0273644924163818,0.0
30.0,-0.15626828372478485,-1.024146556854248,0.0
30.0,-0.15153160691261292,-1.0248581171035767,0.0
30.0,-0.14650830626487732,-1.0235679149627686,0.0
30.0,-0.14150016009807587,-1.022253155708313,0.0
30.0,-0.13677239418029785,-1.0228965282440186,0.0
30.0,-0.13204170763492584,-1.0235178470611572,0.0
30.0,-0.127308189868927,-1.0241174697875977,0.0
30.0,-0.12233441323041916,-1.0227092504501343,0.0
30.0,-0.11737637966871262,-1.0212770700454712,0.0
30.0,-0.11265338212251663,-1.0218087434768677,0.0
30.0,-0.10792797803878784,-1.022318720817566,0.0
30.0,-0.103200264275074,-1.0228067636489868,0.0
30.0,-0.09847034513950348,-1.02327299118042,0.0
30.0,-0.09392068535089493,-1.0257089138031006,0.0
30.0,-0.0891774520277977,-1.0261322259902954,0.0
30.0,-0.08426836133003235,-1.0245403051376343,0.0
30.0,-0.07953062653541565,-1.0249189138412476,0.0
30.0,-0.07464569061994553,-1.0232809782028198,0.0
30.0,-0.06991388648748398,-1.0236152410507202,0.0
30.0,-0.0650535300374031,-1.021931529045105,0.0
30.0,-0.06032806262373924,-1.0222214460372925,0.0
30.0,-0.05560130625963211,-1.0224894285202026,0.0
30.0,-0.05087336152791977,-1.022735595703125,0.0
30.0,-0.046144332736730576,-1.02295982837677,0.0
30.0,-0.04141431301832199,-1.0231622457504272,0.0
30.0,-0.03668341040611267,-1.0233427286148071,0.0
30.0,-0.031951725482940674,-1.0235013961791992,0.0
30.0,-0.02721935510635376,-1.0236382484436035,0.0
30.0,-0.02244248241186142,-1.0217535495758057,0.0
30.0,-0.017718294635415077,-1.0218462944030762,0.0
30.0,-0.012993729673326015,-1.0219173431396484,0.0
30.0,-0.008268886245787144,-1.0219664573669434,0.0
30.0,-0.0035438663326203823,-1.0219937562942505,0.0
30.0,0.0011812294833362103,-1.0219992399215698,0.0
30.0,0.005906300153583288,-1.0219829082489014,0.0
30.0,0.010631244629621506,-1.0219446420669556,0.0
30.0,0.01535596139729023,-1.021884560585022,0.0
30.0,0.02008035033941269,-1.0218026638031006,0.0
30.0,0.024804310873150826,-1.0216989517211914,0.0
30.0,0.029527738690376282,-1.0215733051300049,0.0
30.0,0.03425053879618645,-1.0214258432388306,0.0
30.0,0.038972605019807816,-1.0212565660476685,0.0
30.0,0.04369383677840233,-1.0210654735565186,0.0
30.0,0.048414137214422226,-1.0208525657653809,0.0
30.0,0.05313339829444885,-1.0206178426742554,0.0
30.0,0.05785152688622475,-1.020361304283142,0.0
30.0,0.06256841868162155,-1.0200828313827515,0.0
30.0,0.06741565465927124,-1.0217784643173218,0.0
30.0,0.07213899493217468,-1.0214558839797974,0.0
30.0,0.07686079293489456,-1.0211113691329956,0.0
30.0,0.08158095180988312,-1.0207451581954956,0.0
30.0,0.0862993597984314,-1.0203570127487183,0.0
30.0,0.09101593494415283,-1.0199471712112427,0.0
30.0,0.09573055803775787,-1.0195153951644897,0.0
30.0,0.10044313222169876,-1.0190619230270386,0.0
30.0,0.10515356063842773,-1.0185866355895996,0.0
30.0,0.10986173897981644,-1.0180896520614624,0.0
30.0,0.1145675778388977,-1.0175708532333374,0.0
30.0,0.11927095800638199,-1.0170302391052246,0.0
30.0,0.12421392649412155,-1.0184532403945923,0.0
30.0,0.1289212852716446,-1.0178680419921875,0.0
30.0,0.13362589478492737,-1.0172611474990845,0.0
30.0,0.13832764327526093,-1.0166324377059937,0.0
30.0,0.1430264264345169,-1.0159820318222046,0.0
30.0,0.14801011979579926,-1.0172890424728394,0.0
30.0,0.15271183848381042,-1.0165938138961792,0.0
30.0,0.15741030871868134,-1.0158770084381104,0.0
30.0,0.16210539638996124,-1.0151383876800537,0.0
30.0,0.1671215295791626,-1.0163514614105225,0.0
30.0,0.17181871831417084,-1.0155678987503052,0.0
30.0,0.1768549680709839,-1.0167330503463745,0.0
30.0,0.18155381083488464,-1.0159045457839966,0.0
30.0,0.186248779296875,-1.0150543451309204,0.0
30.0,0.1909397542476654,-1.0141823291778564,0.0
30.0,0.1956266611814499,-1.0132887363433838,0.0
30.0,0.20069760084152222,-1.0143355131149292,0.0
30.0,0.20578236877918243,-1.0153568983078003,0.0
30.0,0.21047453582286835,-1.0143946409225464,0.0
30.0,0.21557757258415222,-1.015367031097412,0.0
30.0,0.22026969492435455,-1.014359474182129,0.0
30.0,0.22539053857326508,-1.0152827501296997,0.0
30.0,0.23096710443496704,-1.0181307792663574,0.0
30.0,0.23567183315753937,-1.0170520544052124,0.0
30.0,0.24083200097084045,-1.0178978443145752,0.0
30.0,0.24553555250167847,-1.0167734622955322,0.0
30.0,0.2507123053073883,-1.0175693035125732,0.0
30.0,0.255414217710495,-1.0163992643356323,0.0
30.0,0.2606070637702942,-1.0171449184417725,0.0
30.0,0.26581230759620667,-1.0178643465042114,0.0
30.0,0.27051541209220886,-1.0166245698928833,0.0
30.0,0.2757359743118286,-1.0172933340072632,0.0
30.0,0.28043636679649353,-1.016007661819458,0.0
30.0,0.28567177057266235,-1.0166256427764893,0.0
30.0,0.2903689742088318,-1.0152939558029175,0.0
30.0,0.2950599491596222,-1.013940691947937,0.0
30.0,0.3003123104572296,-1.0144833326339722,0.0
30.0,0.304999440908432,-1.013084053993225,0.0
30.0,0.3102654218673706,-1.0135754346847534,0.0
30.0,0.3155425190925598,-1.0140399932861328,0.0
30.0,0.3202274441719055,-1.0125702619552612,0.0
30.0,0.32551735639572144,-1.012982964515686,0.0
30.0,0.330197274684906,-1.0114670991897583,0.0
30.0,0.3367585241794586,-1.0156248807907104,0.0
30.0,0.3414505422115326,-1.0140570402145386,0.0
30.0,0.34678223729133606,-1.014359951019287,0.0
30.0,0.3514682948589325,-1.0127458572387695,0.0
30.0,0.35614684224128723,-1.0111100673675537,0.0
30.0,0.3614909052848816,-1.011335849761963,0.0
30.0,0.36616283655166626,-1.0096538066864014,0.0
30.0,0.3728986084461212,-1.0135811567306519,0.0
30.0,0.37758079171180725,-1.0118463039398193,0.0
30.0,0.38296276330947876,-1.0119602680206299,0.0
30.0,0.3883538544178009,-1.0120460987091064,0.0
30.0,0.39302876591682434,-1.0102397203445435,0.0
30.0,0.3984290063381195,-1.0102723836898804,0.0
30.0,0.40309563279151917,-1.0084195137023926,0.0
30.0,0.41000640392303467,-1.0121060609817505,0.0
30.0,0.41620033979415894,-1.0139000415802002,0.0
30.0,0.42088353633880615,-1.0119649171829224,0.0
30.0,0.427110880613327,-1.013694405555725,0.0
30.0,0.4317930042743683,-1.0117088556289673,0.0
30.0,0.4380530118942261,-1.0133733749389648,0.0
30.0,0.4427335262298584,-1.011337161064148,0.0
30.0,0.4498361647129059,-1.0147647857666016,0.0
30.0,0.45616087317466736,-1.0163233280181885,0.0
30.0,0.4608548581600189,-1.0142035484313965,0.0
30.0,0.46553897857666016,-1.0120619535446167,0.0
30.0,0.4702131152153015,-1.0098987817764282,0.0
30.0,0.4774349331855774,-1.0131416320800781,0.0
30.0,0.4821139872074127,-1.0109233856201172,0.0
30.0,0.4876519441604614,-1.0104848146438599,0.0
30.0,0.494073748588562,-1.0118138790130615,0.0
30.0,0.49874645471572876,-1.0095187425613403,0.0
30.0,0.5060909390449524,-1.0125689506530762,0.0
30.0,0.5107670426368713,-1.0102182626724243,0.0
30.0,0.5172535181045532,-1.0114073753356934,0.0
30.0,0.5246807336807251,-1.0143343210220337,0.0
30.0,0.5293647646903992,-1.0118976831436157,0.0
30.0,0.5349727869033813,-1.0112073421478271,0.0
30.0,0.5396422743797302,-1.0087231397628784,0.0
30.0,0.5462033152580261,-1.0097355842590332,0.0
30.0,0.5537449717521667,-1.0124636888504028,0.0
30.0,0.5584200620651245,-1.0098927021026611,0.0
30.0,0.5660107731819153,-1.0125372409820557,0.0
30.0,0.5706861019134521,-1.0099095106124878,0.0
30.0,0.5773331522941589,-1.0107336044311523,0.0
30.0,0.5819999575614929,-1.0080536603927612,0.0
30.0,0.5896783471107483,-1.0105341672897339,0.0
30.0,0.5953601002693176,-1.0095199346542358,0.0
30.0,0.6000211238861084,-1.0067565441131592,0.0
30.0,0.6067330241203308,-1.0073981285095215,0.0
30.0,0.6113840937614441,-1.0045822858810425,0.0
30.0,0.6191651225090027,-1.006855845451355,0.0
30.0,0.6238135695457458,-1.003982424736023,0.0
30.0,0.63057541847229,-1.0044753551483154,0.0
30.0,0.6394974589347839,-1.0083049535751343,0.0
30.0,0.6441524028778076,-1.0053375959396362,0.0
30.0,0.6531406044960022,-1.0090645551681519,0.0
30.0,0.6577989459037781,-1.0060341358184814,0.0
30.0,0.6646475791931152,-1.0063197612762451,0.0
30.0,0.6726229190826416,-1.0082273483276367,0.0
30.0,0.677277147769928,-1.005106806755066,0.0
30.0,0.6852927207946777,-1.0069249868392944,0.0
30.0,0.6899408102035522,-1.0037459135055542,0.0
30.0,0.6979956030845642,-1.0054740905761719,0.0
30.0,0.7026368379592896,-1.002236247062683,0.0
30.0,0.7118856906890869,-1.005506157875061,0.0
30.0,0.7200165390968323,-1.0070850849151611,0.0
30.0,0.7246649265289307,-1.003745436668396,0.0
30.0,0.7328324317932129,-1.005232572555542,0.0
30.0,0.7374721169471741,-1.0018336772918701,0.0
30.0,0.7468684315681458,-1.0048340559005737,0.0
30.0,0.7563081383705139,-1.0077687501907349,0.0
30.0,0.7609593868255615,-1.0042613744735718,0.0
30.0,0.7704552412033081,-1.0070862770080566,0.0
30.0,0.7751031517982483,-1.0035134553909302,0.0
30.0,0.784653902053833,-1.006227731704712,0.0
30.0,0.7892976999282837,-1.002589225769043,0.0
30.0,0.7989022135734558,-1.0051921606063843,0.0
30.0,0.8085475564002991,-1.0077276229858398,0.0
30.0,0.8131980299949646,-1.0039786100387573,0.0
30.0,0.8228949904441833,-1.0064014196395874,0.0
30.0,0.8275391459465027,-1.002586007118225,0.0
30.0,0.8385668992996216,-1.006432056427002,0.0
30.0,0.8432110548019409,-1.0025442838668823,0.0
30.0,0.8517204523086548,-1.0032089948654175,0.0
30.0,0.8615553379058838,-1.0053349733352661,0.0
30.0,0.8661941289901733,-1.0013409852981567,0.0
30.0,0.8773915767669678,-1.004858136177063,0.0
30.0,0.8820280432701111,-1.0007909536361694,0.0
30.0,0.8932921886444092,-1.004173755645752,0.0
30.0,0.904606282711029,-1.0074738264083862,0.0
30.0,0.9092545509338379,-1.0032806396484375,0.0
30.0,0.9206328392028809,-1.0064446926116943,0.0
30.0,0.9252762198448181,-1.0021775960922241,0.0
30.0,0.9367172122001648,-1.0052047967910767,0.0
30.0,0.9413546323776245,-1.0008633136749268,0.0
30.0,0.952856719493866,-1.0037529468536377,0.0
30.0,0.9671728610992432,-1.0094456672668457,0.0
30.0,0.9718295335769653,-1.0049632787704468,0.0
30.0,0.9890379905700684,-1.013340950012207,0.0
30.0,0.9937124848365784,-1.0087573528289795,0.0
30.0,1.0096467733383179,-1.0154986381530762,0.0
30.0,1.028497576713562,-1.024937391281128,0.0
30.0,1.0332252979278564,-1.0201714038848877,0.0
30.0,1.0522273778915405,-1.0293694734573364,0.0
30.0,1.0569753646850586,-1.0244935750961304,0.0
30.0,1.0775684118270874,-1.034834384918213,0.0
30.0,1.0823413133621216,-1.0298413038253784,0.0
30.0,1.1045544147491455,-1.0412893295288086,0.0
30.0,1.1254345178604126,-1.051188349723816,0.0
30.0,1.1302825212478638,-1.0459738969802856,0.0
30.0,1.1527963876724243,-1.0569562911987305,0.0
30.0,1.1576707363128662,-1.0516151189804077,0.0
30.0,1.1788729429244995,-1.0609686374664307,0.0
30.0,1.1837656497955322,-1.055506944656372,0.0
30.0,1.2051209211349487,-1.064587950706482,0.0
30.0,1.2100300788879395,-1.0590049028396606,0.0
30.0,1.2315351963043213,-1.0678112506866455,0.0
30.0,1.2561815977096558,-1.0790475606918335,0.0
30.0,1.2611570358276367,-1.0732282400131226,0.0
30.0,1.2859840393066406,-1.0841444730758667,0.0
30.0,1.2909826040267944,-1.078187346458435,0.0
30.0,1.1660704612731934,-0.9467225670814514,0.0
30.0,1.1704350709915161,-0.9413212537765503,0.0
30.0,1.1747746467590332,-0.9358998537063599,0.0
30.0,1.179089069366455,-0.9304584264755249,0.0
30.0,1.2054386138916016,-0.9422407746315002,0.0
30.0,1.2097821235656738,-0.9366574883460999,0.0
30.0,1.237905502319336,-0.9493101239204407,0.0
30.0,1.2422813177108765,-0.9435766935348511,0.0
30.0,1.2706042528152466,-0.9558582305908203,0.0
30.0,1.2750099897384644,-0.9499735236167908,0.0
30.0,1.30352783203125,-0.9618811011314392,0.0
30.0,1.3337972164154053,-0.9747249484062195,0.0
30.0,1.338289499282837,-0.9685479402542114,0.0
30.0,1.3687629699707031,-0.9809913635253906,0.0
30.0,1.373283863067627,-0.9746525883674622,0.0
30.0,1.4039562940597534,-0.9866927862167358,0.0
30.0,1.4364105463027954,-0.9996122717857361,0.0
30.0,1.4410167932510376,-0.9929605722427368,0.0
30.0,1.468721628189087,-1.0020681619644165,0.0
30.0,1.4733389616012573,-0.9952670335769653,0.0
30.0,1.4962116479873657,-1.000675082206726,0.0
30.0,1.5008221864700317,-0.993746817111969,0.0
30.0,1.523800015449524,-0.9988582134246826,0.0
30.0,1.5468566417694092,-1.003778100013733,0.0
30.0,1.551481008529663,-0.9966156482696533,0.0
30.0,1.5661983489990234,-0.9958707094192505,0.0
30.0,1.5707858800888062,-0.9886189699172974,0.0
30.0,1.5787349939346313,-0.9834610819816589,0.0
30.0,1.5832650661468506,-0.9761514663696289,0.0
30.0,1.5809321403503418,-0.9646540284156799,0.0
30.0,1.5751028060913086,-0.9511314630508423,0.0
30.0,1.5794835090637207,-0.9438390135765076,0.0
30.0,1.57694411277771,-0.932454526424408,0.0
30.0,1.5812382698059082,-0.9251537919044495,0.0
30.0,1.5785751342773438,-0.9138252139091492,0.0
30.0,1.5845186710357666,-0.9075111150741577,0.0
30.0,1.5886975526809692,-0.9001755714416504,0.0
30.0,1.603310227394104,-0.8986882567405701,0.0
30.0,1.6074481010437012,-0.8912659287452698,0.0
30.0,1.6273337602615356,-0.8924800753593445,0.0
30.0,1.6490229368209839,-0.8944828510284424,0.0
30.0,1.6531407833099365,-0.8868492245674133,0.0
30.0,1.6713573932647705,-0.886695146560669,0.0
30.0,1.6754391193389893,-0.8789583444595337,0.0
30.0,1.6901371479034424,-0.8767284154891968,0.0
30.0,1.6941725015640259,-0.8689048886299133,0.0
30.0,1.44130539894104,-0.7308180332183838,0.0
30.0,1.4446687698364258,-0.7241465449333191,0.0
30.0,1.4480013847351074,-0.7174595594406128,0.0
30.0,1.4513030052185059,-0.7107572555541992,0.0
30.0,1.472246766090393,-0.7042111754417419,0.0
30.0,1.4754868745803833,-0.6973968744277954,0.0
30.0,1.4786953926086426,-0.690567672252655,0.0
30.0,1.481872320175171,-0.6837237477302551,0.0
30.0,1.4995766878128052,-0.683501124382019,0.0
30.0,1.5027207136154175,-0.6765607595443726,0.0
30.0,1.5204523801803589,-0.6761069297790527,0.0
30.0,1.5235620737075806,-0.6690700650215149,0.0
30.0,1.5394834280014038,-0.6675887703895569,0.0
30.0,1.542553424835205,-0.6604640483856201,0.0
30.0,1.5584858655929565,-0.658776044845581,0.0
30.0,1.5652064085006714,-0.6531038880348206,0.0
30.0,1.5682092905044556,-0.6458603739738464,0.0
30.0,1.56747305393219,-0.6370969414710999,0.0
30.0,1.5704017877578735,-0.6298431158065796,0.0
30.0,1.5677179098129272,-0.6203681230545044,0.0
30.0,1.5649800300598145,-0.610931396484375,0.0
30.0,1.5677878856658936,-0.6036893725395203,0.0
30.0,1.5649532079696655,-0.5943043828010559,0.0
30.0,1.5676841735839844,-0.587062656879425,0.0
30.0,1.5647529363632202,-0.5777302384376526,0.0
30.0,1.567407250404358,-0.5704895853996277,0.0
30.0,1.5643805265426636,-0.5612107515335083,0.0
30.0,1.5650728940963745,-0.553305447101593,0.0
30.0,1.567614197731018,-0.5460636019706726,0.0
30.0,1.564447045326233,-0.5368626117706299,0.0
30.0,1.5669125318527222,-0.5296238660812378,0.0
30.0,1.5655490159988403,-0.521110475063324,0.0
30.0,1.5641405582427979,-0.5126210451126099,0.0
30.0,1.5664938688278198,-0.5053839683532715,0.0
30.0,1.5630950927734375,-0.4963202476501465,0.0
30.0,1.5653730630874634,-0.48908817768096924,0.0
30.0,1.5637941360473633,-0.4806704521179199,0.0
30.0,1.5621708631515503,-0.4722777307033539,0.0
30.0,1.5643376111984253,-0.46505019068717957,0.0
30.0,1.5607119798660278,-0.4561295807361603,0.0
30.0,1.5628042221069336,-0.4489089548587799,0.0
30.0,1.5629380941390991,-0.441135436296463,0.0
30.0,1.5611063241958618,-0.43283596634864807,0.0
30.0,1.5630908012390137,-0.42561376094818115,0.0
30.0,1.5611776113510132,-0.4173494279384613,0.0
30.0,1.5630905628204346,-0.41012707352638245,0.0
30.0,1.56109619140625,-0.40189865231513977,0.0
30.0,1.5551811456680298,-0.3927181363105774,0.0
30.0,1.5569802522659302,-0.3855237364768982,0.0
30.0,1.5470845699310303,-0.37549081444740295,0.0
30.0,1.5488040447235107,-0.3683340549468994,0.0
30.0,1.5388033390045166,-0.35844704508781433,0.0
30.0,1.5365442037582397,-0.35043928027153015,0.0
30.0,1.538148045539856,-0.343331515789032,0.0
30.0,1.5676075220108032,-0.14171351492404938,0.0
30.0,1.5682458877563477,-0.13446436822414398,0.0
30.0,1.5688508749008179,-0.12721234560012817,0.0
30.0,1.5694222450256348,-0.11995761096477509,0.0
30.0,1.5599857568740845,-0.11198429018259048,0.0
30.0,1.5545002222061157,-0.10436876118183136,0.0
30.0,1.5549662113189697,-0.09718061238527298,0.0
30.0,1.5553988218307495,-0.08999038487672806,0.0
30.0,1.5557982921600342,-0.08279823511838913,0.0
30.0,1.5601598024368286,-0.07579842954874039,0.0
30.0,1.5604935884475708,-0.06858441978693008,0.0
30.0,1.5707862377166748,-0.061761826276779175,0.0
30.0,1.5790503025054932,-0.054776184260845184,0.0
30.0,1.5792865753173828,-0.04747506231069565,0.0
30.0,1.589486002922058,-0.04042718559503555,0.0
30.0,1.589655876159668,-0.033077966421842575,0.0
30.0,1.5997905731201172,-0.02588985301554203,0.0
30.0,1.6118923425674438,-0.018631847575306892,0.0
30.0,1.6119612455368042,-0.011179269291460514,0.0
30.0,1.6219956874847412,-0.0037495694123208523,0.0
30.0,1.6219956874847412,0.0037495605647563934,0.0
30.0,1.6299607753753662,0.011304090730845928,0.0
30.0,1.639890432357788,0.018955467268824577,0.0
30.0,1.6397852897644043,0.026537088677287102,0.0
30.0,1.649642825126648,0.034326180815696716,0.0
30.0,1.6494665145874023,0.04195272549986839,0.0
30.0,1.6612495183944702,0.04993894696235657,0.0
30.0,1.6610008478164673,0.05761898681521416,0.0
30.0,1.6727075576782227,0.065769262611866,0.0
30.0,1.4333456754684448,0.24420493841171265,0.0
30.0,1.4322013854980469,0.25082921981811523,0.0
30.0,1.4310263395309448,0.25744813680648804,0.0
30.0,1.4298207759857178,0.2640615403652191,0.0
30.0,1.4403748512268066,0.272903174161911,0.0
30.0,1.4390977621078491,0.2795596420764923,0.0
30.0,1.437789797782898,0.28621014952659607,0.0
30.0,1.4501690864562988,0.29565122723579407,0.0
30.0,1.448786735534668,0.30235275626182556,0.0
30.0,1.4610645771026611,0.3119712173938751,0.0
30.0,1.4713305234909058,0.3212829530239105,0.0
30.0,1.4698293209075928,0.32808202505111694,0.0
30.0,1.4799963235855103,0.33754241466522217,0.0
30.0,1.4784198999404907,0.3443813621997833,0.0
30.0,1.4904320240020752,0.35445207357406616,0.0
30.0,1.4887772798538208,0.36133912205696106,0.0
30.0,1.5084459781646729,0.37350618839263916,0.0
30.0,1.5299724340438843,0.3863523602485657,0.0
30.0,1.528169870376587,0.39342185854911804,0.0
30.0,1.549548864364624,0.40657395124435425,0.0
30.0,1.5476524829864502,0.41373375058174133,0.0
30.0,1.5669503211975098,0.42666465044021606,0.0
30.0,1.5649608373641968,0.4339046776294708,0.0
30.0,1.58026123046875,0.4460248649120331,0.0
30.0,1.5935604572296143,0.4577435553073883,0.0
30.0,1.5914270877838135,0.4651062786579132,0.0
30.0,1.6026793718338013,0.47644850611686707,0.0
30.0,1.600459337234497,0.48385319113731384,0.0
30.0,1.6115872859954834,0.4953608214855194,0.0
30.0,1.624551773071289,0.5075781345367432,0.0
30.0,1.6221877336502075,0.5150836110115051,0.0
30.0,1.6312092542648315,0.5262625217437744,0.0
30.0,1.6287587881088257,0.5337985754013062,0.0
30.0,1.639556884765625,0.545744776725769,0.0
30.0,1.6370161771774292,0.5533192157745361,0.0
30.0,1.6476824283599854,0.5654259920120239,0.0
30.0,1.6563827991485596,0.576985239982605,0.0
30.0,1.6536974906921387,0.5846371650695801,0.0
30.0,1.6622719764709473,0.5963286757469177,0.0
30.0,1.6594971418380737,0.6040076017379761,0.0
30.0,1.4334187507629395,0.5292396545410156,0.0
30.0,1.4309566020965576,0.5358612537384033,0.0
30.0,1.4284638166427612,0.5424713492393494,0.0
30.0,1.4390053749084473,0.5541006326675415,0.0
30.0,1.436428189277649,0.5607478022575378,0.0
30.0,1.4505574703216553,0.5740060210227966,0.0
30.0,1.4645944833755493,0.5874068140983582,0.0
30.0,1.4618630409240723,0.594171941280365,0.0
30.0,1.4738948345184326,0.6070173382759094,0.0
30.0,1.4710725545883179,0.6138252019882202,0.0
30.0,1.484798550605774,0.6276282072067261,0.0
30.0,1.5021051168441772,0.6431455016136169,0.0
30.0,1.4991154670715332,0.6500834226608276,0.0
30.0,1.5144060850143433,0.6650491952896118,0.0
30.0,1.511315107345581,0.6720437407493591,0.0
30.0,1.5264286994934082,0.68723464012146,0.0
30.0,1.5232350826263428,0.6942845582962036,0.0
30.0,1.5290889739990234,0.7055090665817261,0.0
30.0,1.5294349193572998,0.7142636179924011,0.0
30.0,1.5261163711547852,0.7213271260261536,0.0
30.0,1.5281777381896973,0.7309643030166626,0.0
30.0,1.5247819423675537,0.7380217909812927,0.0
30.0,1.5267419815063477,0.7477025389671326,0.0
30.0,1.5232688188552856,0.7547532320022583,0.0
30.0,1.5251268148422241,0.7644764184951782,0.0
30.0,1.528711199760437,0.7751374244689941,0.0
30.0,1.5251110792160034,0.7821969389915466,0.0
30.0,1.525029182434082,0.7910816073417664,0.0
30.0,1.521355390548706,0.7981239557266235,0.0
30.0,1.5247161388397217,0.808898389339447,0.0
30.0,1.526247262954712,0.818775475025177,0.0
30.0,1.5224454402923584,0.8258231282234192,0.0
30.0,1.523871898651123,0.8357383608818054,0.0
30.0,1.5199916362762451,0.8427748680114746,0.0
30.0,1.517823576927185,0.8507711887359619,0.0
30.0,1.5121338367462158,0.8567936420440674,0.0
30.0,1.508156418800354,0.8637756705284119,0.0
30.0,1.4851068258285522,0.8597171306610107,0.0
30.0,1.4811161756515503,0.8665741682052612,0.0
30.0,1.2576627731323242,1.13187837600708,0.0
30.0,1.2524162530899048,1.1376808881759644,0.0
30.0,1.2471429109573364,1.1434590816497803,0.0
30.0,1.2418429851531982,1.1492128372192383,0.0
30.0,1.2248235940933228,1.144020676612854,0.0
30.0,1.2195212841033936,1.149671196937561,0.0
30.0,1.2054994106292725,1.147025465965271,0.0
30.0,1.200183391571045,1.1525866985321045,0.0
30.0,1.191969394683838,1.155339241027832,0.0
30.0,1.183755874633789,1.1580406427383423,0.0
30.0,1.1783891916275024,1.163501262664795,0.0
30.0,1.1659139394760132,1.1618781089782715,0.0
30.0,1.1605297327041626,1.1672561168670654,0.0
30.0,1.14669930934906,1.164060354232788,0.0
30.0,1.1343203783035278,1.1621931791305542,0.0
30.0,1.1289349794387817,1.1674251556396484,0.0
30.0,0.97475266456604,1.286410927772522,0.0
30.0,0.9687947034835815,1.2909038066864014,0.0
30.0,0.962816059589386,1.2953691482543945,0.0
30.0,0.9568167924880981,1.2998067140579224,0.0
30.0,0.9389035105705261,1.3004907369613647,0.0
30.0,0.9328808188438416,1.3048176765441895,0.0
30.0,0.926838219165802,1.3091168403625488,0.0
30.0,0.9207757711410522,1.3133879899978638,0.0
30.0,0.9112721085548401,1.3127022981643677,0.0
30.0,0.9051932692527771,1.316901445388794,0.0
30.0,0.8968445062637329,1.317765474319458,0.0
30.0,0.8896247744560242,1.3202393054962158,0.0
30.0,0.8835113048553467,1.3243381977081299,0.0
30.0,0.8762767314910889,1.326740026473999,0.0
30.0,0.8701333403587341,1.3307772874832153,0.0
30.0,0.8628846406936646,1.3331069946289062,0.0
30.0,0.8567119836807251,1.3370821475982666,0.0
30.0,0.8505209684371948,1.3410288095474243,0.0
30.0,0.8443118333816528,1.3449467420578003,0.0
30.0,0.8380845785140991,1.3488359451293945,0.0
30.0,0.8307917714118958,1.3509925603866577,0.0
30.0,0.8245367407798767,1.3548191785812378,0.0
30.0,0.8182640671730042,1.358616828918457,0.0
30.0,0.8119739294052124,1.3623855113983154,0.0
30.0,0.805666446685791,1.3661249876022339,0.0
30.0,0.7993417382240295,1.3698352575302124,0.0
30.0,0.7929999232292175,1.373516321182251,0.0
30.0,0.7856492400169373,1.3754312992095947,0.0
30.0,0.7792816758155823,1.3790489435195923,0.0
30.0,0.7728975415229797,1.3826371431350708,0.0
30.0,0.7664967775344849,1.3861957788467407,0.0
30.0,0.7600797414779663,1.3897247314453125,0.0
30.0,0.7536463737487793,1.3932240009307861,0.0
30.0,0.7481403350830078,1.3984569311141968,0.0
30.0,0.7416667342185974,1.4019010066986084,0.0
30.0,0.7351773381233215,1.4053149223327637,0.0
30.0,0.7286721467971802,1.4086989164352417,0.0
30.0,0.7239727973937988,1.415614128112793,0.0
30.0,0.47918251156806946,0.9477490186691284,0.0
30.0,0.4747956097126007,0.9499543309211731,0.0
30.0,0.47039854526519775,0.9521393179893494,0.0
30.0,0.46599140763282776,0.9543039798736572,0.0
30.0,0.45983579754829407,0.9528457522392273,0.0
30.0,0.4528428018093109,0.9495459198951721,0.0
30.0,0.4484478533267975,0.9516294598579407,0.0
30.0,0.4423549175262451,0.9500663876533508,0.0
30.0,0.43795767426490784,0.9521013498306274,0.0
30.0,0.4327237010002136,0.9522952437400818,0.0
30.0,0.42831626534461975,0.9542856812477112,0.0
30.0,0.42227864265441895,0.9525989890098572,0.0
30.0,0.4162657856941223,0.9508768320083618,0.0
30.0,0.41186508536338806,0.9527912139892578,0.0
30.0,0.4058854281902313,0.9510063529014587,0.0
30.0,0.4014842212200165,0.9528727531433105,0.0
30.0,0.3963063955307007,0.9528720378875732,0.0
30.0,0.3896182179450989,0.949143648147583,0.0
30.0,0.3852258324623108,0.950934886932373,0.0
30.0,0.3800828456878662,0.9508486390113831,0.0
30.0,0.37568265199661255,0.9525957703590393,0.0
30.0,0.3705492615699768,0.9524585008621216,0.0
30.0,0.36470869183540344,0.9504270553588867,0.0
30.0,0.3603106141090393,0.9521030783653259,0.0
30.0,0.35380715131759644,0.9481373429298401,0.0
30.0,0.3494197726249695,0.9497630000114441,0.0
30.0,0.34434306621551514,0.9494881629943848,0.0
30.0,0.33927640318870544,0.9491868019104004,0.0
30.0,0.3348843455314636,0.9507452249526978,0.0
30.0,0.32917362451553345,0.9485043883323669,0.0
30.0,0.3247848153114319,0.9500161409378052,0.0
30.0,0.319112628698349,0.9477167725563049,0.0
30.0,0.31409814953804016,0.9472836852073669,0.0
30.0,0.3097151219844818,0.9487257599830627,0.0
30.0,0.304713636636734,0.9482434391975403,0.0
30.0,0.30032628774642944,0.9496421217918396,0.0
30.0,0.29533830285072327,0.9491108059883118,0.0
30.0,0.2897762358188629,0.9466413259506226,0.0
30.0,0.2853964567184448,0.9479709267616272,0.0
30.0,0.28044286370277405,0.9473625421524048,0.0
30.0,0.2760598659515381,0.948648989200592,0.0
30.0,0.2711210250854492,0.9479922652244568,0.0
30.0,0.2667351961135864,0.9492356777191162,0.0
30.0,0.2618115544319153,0.9485308527946472,0.0
30.0,0.2563769221305847,0.9458704590797424,0.0
30.0,0.2520010471343994,0.9470456838607788,0.0
30.0,0.24711446464061737,0.9462655186653137,0.0
30.0,0.24273689091205597,0.9473978877067566,0.0
30.0,0.23835411667823792,0.9485100507736206,0.0
30.0,0.23300933837890625,0.9457180500030518,0.0
30.0,0.22863443195819855,0.9467852115631104,0.0
30.0,0.22379417717456818,0.9458858966827393,0.0
30.0,0.21941860020160675,0.9469105005264282,0.0
30.0,0.21459588408470154,0.9459643959999084,0.0
30.0,0.20978659391403198,0.9449939727783203,0.0
30.0,0.2054152935743332,0.9459537863731384,0.0
30.0,0.20103959739208221,0.9468933939933777,0.0
30.0,0.1966596096754074,0.9478127360343933,0.0
30.0,0.19187815487384796,0.9467517137527466,0.0
30.0,0.18711072206497192,0.9456667304039001,0.0
30.0,0.18273654580116272,0.9465216994285583,0.0
30.0,0.1779884397983551,0.9453909993171692,0.0
30.0,0.17361563444137573,0.9462038278579712,0.0
30.0,0.16888727247714996,0.9450275301933289,0.0
30.0,0.16451625525951385,0.9457982778549194,0.0
30.0,0.160141721367836,0.9465487599372864,0.0
30.0,0.15543925762176514,0.945305585861206,0.0
30.0,0.1510670930147171,0.9460141062736511,0.0
30.0,0.1466917097568512,0.9467024803161621,0.0
30.0,0.1423131823539734,0.9473705291748047,0.0
30.0,0.13764365017414093,0.9460391998291016,0.0
30.0,0.13298949599266052,0.9446850419044495,0.0
30.0,0.1286204308271408,0.9452897906303406,0.0
30.0,0.12398815900087357,0.9438914060592651,0.0
30.0,0.11962287127971649,0.944454550743103,0.0
30.0,0.11525502800941467,0.9449975490570068,0.0
30.0,0.11065176874399185,0.9435338973999023,0.0
30.0,0.10628827661275864,0.9440353512763977,0.0
30.0,0.10170794278383255,0.942528247833252,0.0
30.0,0.09734919667243958,0.942988395690918,0.0
30.0,0.09298837184906006,0.9434283971786499,0.0
30.0,0.08862555772066116,0.9438482522964478,0.0
30.0,0.08408308029174805,0.9422557950019836,0.0
30.0,0.07972577959299088,0.9426344633102417,0.0
30.0,0.0753667801618576,0.9429929852485657,0.0
30.0,0.0710061639547348,0.9433313608169556,0.0
30.0,0.06664403527975082,0.9436495900154114,0.0
30.0,0.062280476093292236,0.9439476132392883,0.0
30.0,0.05779314786195755,0.9422292709350586,0.0
30.0,0.05343625321984291,0.9424864053726196,0.0
30.0,0.049078214913606644,0.9427233338356018,0.0
30.0,0.04471912980079651,0.9429401755332947,0.0
30.0,0.04027358070015907,0.9411386847496033,0.0
30.0,0.035921916365623474,0.9413148164749146,0.0
30.0,0.03156948462128639,0.9414708018302917,0.0
30.0,0.02721637673676014,0.9416067004203796,0.0
30.0,0.022862685844302177,0.9417225122451782,0.0
30.0,0.018508508801460266,0.941818118095398,0.0
30.0,0.014153935015201569,0.9418936371803284,0.0
30.0,0.009799058549106121,0.9419490098953247,0.0
30.0,0.005443972535431385,0.941984236240387,0.0
30.0,0.0010887705720961094,0.9419993162155151,0.0
30.0,-0.0032664549071341753,0.941994309425354,0.0
30.0,-0.007637792266905308,0.9439691305160522,0.0
30.0,-0.012002031318843365,0.9439237117767334,0.0
30.0,-0.016366014257073402,0.9438581466674805,0.0
30.0,-0.02072964608669281,0.9437723755836487,0.0
30.0,-0.0250396728515625,0.9416671395301819,0.0
30.0,-0.029393082484602928,0.941541314125061,0.0
30.0,-0.033745866268873215,0.9413953423500061,0.0
30.0,-0.03809792548418045,0.9412292242050171,0.0
30.0,-0.04244917258620262,0.9410430192947388,0.0
30.0,-0.04679951071739197,0.9408367276191711,0.0
30.0,-0.05114884674549103,0.9406102895736694,0.0
30.0,-0.05549709498882294,0.9403637647628784,0.0
30.0,-0.05984415113925934,0.9400971531867981,0.0
30.0,-0.06418993324041367,0.9398103952407837,0.0
30.0,-0.06853433698415756,0.9395036101341248,0.0
30.0,-0.07287728041410446,0.9391766786575317,0.0
30.0,-0.07738261669874191,0.9408230185508728,0.0
30.0,-0.08173156529664993,0.9404551982879639,0.0
30.0,-0.08607876300811768,0.9400672912597656,0.0
30.0,-0.09042412787675858,0.9396592378616333,0.0
30.0,-0.09476755559444427,0.9392311573028564,0.0
30.0,-0.09910895675420761,0.9387829303741455,0.0
30.0,-0.10344824194908142,0.93831467628479,0.0
30.0,-0.10801366716623306,0.9398132562637329,0.0
30.0,-0.11235762387514114,0.9393038749694824,0.0
30.0,-0.11669917404651642,0.9387743473052979,0.0
30.0,-0.12129412591457367,0.940208375453949,0.0
30.0,-0.12563976645469666,0.9396375417709351,0.0
30.0,-0.12998270988464355,0.9390466213226318,0.0
30.0,-0.1343228816986084,0.9384356141090393,0.0
30.0,-0.13866019248962402,0.9378045797348022,0.0
30.0,-0.14329619705677032,0.9391305446624756,0.0
30.0,-0.14763662219047546,0.9384579658508301,0.0
30.0,-0.1519738882780075,0.93776535987854,0.0
30.0,-0.1563078910112381,0.9370527267456055,0.0
30.0,-0.16097676753997803,0.9382912516593933,0.0
30.0,-0.16566039621829987,0.9395065903663635,0.0
30.0,-0.17000232636928558,0.9387306571006775,0.0
30.0,-0.1743406057357788,0.9379346370697021,0.0
30.0,-0.17867515981197357,0.9371185302734375,0.0
30.0,-0.1833895593881607,0.9382452964782715,0.0
30.0,-0.18772545456886292,0.9373874068260193,0.0
30.0,-0.1924591362476349,0.9384686946868896,0.0
30.0,-0.19720681011676788,0.9395262002944946,0.0
30.0,-0.2015484869480133,0.9386043548583984,0.0
30.0,-0.2058858424425125,0.9376624822616577,0.0
30.0,-0.21021881699562073,0.9367005825042725,0.0
30.0,-0.21499426662921906,0.9376680850982666,0.0
30.0,-0.22023911774158478,0.9405587315559387,0.0
30.0,-0.22458532452583313,0.9395304322242737,0.0
30.0,-0.22940067946910858,0.9404250979423523,0.0
30.0,-0.23374615609645844,0.939354419708252,0.0
30.0,-0.23808665573596954,0.9382636547088623,0.0
30.0,-0.24242204427719116,0.9371528625488281,0.0
30.0,-0.24726209044456482,0.9379560351371765,0.0
30.0,-0.2521147131919861,0.9387343525886536,0.0
30.0,-0.25645214319229126,0.9375587105751038,0.0
30.0,-0.26132068037986755,0.9382896423339844,0.0
30.0,-0.2656559348106384,0.9370714426040649,0.0
30.0,-0.27053990960121155,0.9377548694610596,0.0
30.0,-0.2754358649253845,0.9384130239486694,0.0
30.0,-0.2797715663909912,0.937129557132721,0.0
30.0,-0.2846822738647461,0.9377398490905762,0.0
30.0,-0.2890147566795349,0.9364136457443237,0.0
30.0,-0.2939396798610687,0.9369757175445557,0.0
30.0,-0.298876017332077,0.937512218952179,0.0
30.0,-0.30320730805397034,0.9361203908920288,0.0
30.0,-0.30815714597702026,0.9366083145141602,0.0
30.0,-0.31248414516448975,0.9351736307144165,0.0
30.0,-0.31808966398239136,0.9375067949295044,0.0
30.0,-0.32242071628570557,0.9360260963439941,0.0
30.0,-0.3274049460887909,0.9364133477210999,0.0
30.0,-0.3323996663093567,0.936774492263794,0.0
30.0,-0.33672717213630676,0.9352276921272278,0.0
30.0,-0.3417336642742157,0.9355394840240479,0.0
30.0,-0.34605535864830017,0.9339494705200195,0.0
30.0,-0.3510732352733612,0.934211790561676,0.0
30.0,-0.35538870096206665,0.9325786232948303,0.0
30.0,-0.3611381947994232,0.9346566796302795,0.0
30.0,-0.3669145405292511,0.9367015361785889,0.0
30.0,-0.37124133110046387,0.934995174407959,0.0
30.0,-0.37705346941947937,0.9369795322418213,0.0
30.0,-0.38138142228126526,0.9352262616157532,0.0
30.0,-0.3872288167476654,0.9371499419212341,0.0
30.0,-0.39232975244522095,0.9371944665908813,0.0
30.0,-0.3966585695743561,0.9353705644607544,0.0
30.0,-0.40176820755004883,0.9353642463684082,0.0
30.0,-0.4060884416103363,0.9334967732429504,0.0
30.0,-0.41201257705688477,0.9352697730064392,0.0
30.0,-0.41633227467536926,0.933354914188385,0.0
30.0,-0.42146629095077515,0.9332428574562073,0.0
30.0,-0.4274396598339081,0.9349220991134644,0.0
30.0,-0.4317575991153717,0.932935893535614,0.0
30.0,-0.4377630352973938,0.934552013874054,0.0
30.0,-0.4420791268348694,0.9325180649757385,0.0
30.0,-0.4481160044670105,0.9340707063674927,0.0
30.0,-0.45242977142333984,0.9319888949394226,0.0
30.0,-0.45761555433273315,0.9316823482513428,0.0
30.0,-0.4645882546901703,0.9349298477172852,0.0
30.0,-0.46890580654144287,0.9327718615531921,0.0
30.0,-0.4750264286994934,0.9341594576835632,0.0
30.0,-0.4793403148651123,0.9319532513618469,0.0
30.0,-0.48548996448516846,0.9332757592201233,0.0
30.0,-0.4916619658470154,0.9345611333847046,0.0
30.0,-0.4959775507450104,0.9322779774665833,0.0
30.0,-0.5021774768829346,0.9334975481033325,0.0
30.0,-0.506488025188446,0.9311658143997192,0.0
30.0,-1.1033830642700195,1.963173508644104,0.0
30.0,-1.112447738647461,1.9580512046813965,0.0
30.0,-1.1214886903762817,1.952886939048767,0.0
30.0,-1.1305055618286133,1.9476810693740845,0.0
30.0,-1.143546223640442,1.949333667755127,0.0
30.0,-1.1525465250015259,1.9440258741378784,0.0
30.0,-1.167689561843872,1.9489703178405762,0.0
30.0,-1.1808311939239502,1.9503942728042603,0.0
30.0,-1.1898359060287476,1.9449139833450317,0.0
30.0,-1.205124855041504,1.9495995044708252,0.0
30.0,-1.2141257524490356,1.9440069198608398,0.0
30.0,-1.2273696660995483,1.9451384544372559,0.0
30.0,-1.242800235748291,1.9495619535446167,0.0
30.0,-1.251800537109375,1.9437952041625977,0.0
30.0,-1.265136480331421,1.944692611694336,0.0
30.0,-1.2741140127182007,1.938822627067566,0.0
30.0,-1.2919130325317383,1.9462416172027588,0.0
30.0,-1.3008973598480225,1.940247893333435,0.0
30.0,-1.3165827989578247,1.9441486597061157,0.0
30.0,-1.3300734758377075,1.9446439743041992,0.0
30.0,-1.3390501737594604,1.9384738206863403,0.0
30.0,-1.3548640012741089,1.9421039819717407,0.0
30.0,-1.3638285398483276,1.935819149017334,0.0
30.0,-1.379720687866211,1.9392708539962769,0.0
30.0,-1.3980073928833008,1.9458651542663574,0.0
30.0,-1.4069888591766357,1.9393807649612427,0.0
30.0,-1.4230319261550903,1.9425355195999146,0.0
30.0,-1.4319977760314941,1.9359354972839355,0.0
30.0,-1.4481137990951538,1.9389086961746216,0.0
30.0,-1.4642876386642456,1.941773772239685,0.0
30.0,-1.4732495546340942,1.9349831342697144,0.0
30.0,-1.4894933700561523,1.9376649856567383,0.0
30.0,-1.4984359741210938,1.930757761001587,0.0
30.0,-1.5147476196289062,1.9332553148269653,0.0
30.0,-1.5236696004867554,1.9262313842773438,0.0
30.0,-1.5325590372085571,1.9191663265228271,0.0
30.0,-1.526352882385254,1.8933753967285156,0.0
30.0,-1.5350903272628784,1.8862982988357544,0.0
30.0,-1.5285601615905762,1.8606363534927368,0.0
30.0,-1.5371463298797607,1.8535493612289429,0.0
30.0,-1.5277262926101685,1.8249528408050537,0.0
30.0,-1.5206568241119385,1.799538493156433,0.0
30.0,-1.5289604663848877,1.792488694190979,0.0
30.0,-1.5215721130371094,1.767213225364685,0.0
30.0,-1.5297263860702515,1.7601594924926758,0.0
30.0,-1.522020936012268,1.7350263595581055,0.0
30.0,-1.516767978668213,1.7129971981048584,0.0
30.0,-1.5246715545654297,1.7059663534164429,0.0
30.0,-1.5164668560028076,1.6810781955718994,0.0
30.0,-1.5242228507995605,1.6740490198135376,0.0
30.0,-1.5184133052825928,1.6522581577301025,0.0
30.0,-1.5124350786209106,1.6305570602416992,0.0
30.0,-1.5199575424194336,1.623547077178955,0.0
30.0,-1.5137115716934204,1.6019654273986816,0.0
30.0,-1.5211018323898315,1.5949499607086182,0.0
30.0,-1.514589786529541,1.5734909772872925,0.0
30.0,-1.505124807357788,1.549257755279541,0.0
30.0,-1.512271523475647,1.5422824621200562,0.0
30.0,-1.5053175687789917,1.5210586786270142,0.0
30.0,-1.512333869934082,1.5140827894210815,0.0
30.0,-1.5079585313796997,1.4958065748214722,0.0
30.0,-1.500593900680542,1.4747997522354126,0.0
30.0,-1.5073963403701782,1.4678462743759155,0.0
30.0,-1.5026520490646362,1.4497520923614502,0.0
30.0,-1.5093387365341187,1.4427891969680786,0.0
30.0,-1.5014722347259521,1.422042727470398,0.0
30.0,-1.5080307722091675,1.4150856733322144,0.0
30.0,-1.5043036937713623,1.398565649986267,0.0
30.0,-1.4975144863128662,1.3794007301330566,0.0
30.0,-1.503875970840454,1.3724623918533325,0.0
30.0,-1.4998208284378052,1.3561054468154907,0.0
30.0,-1.494157075881958,1.338480830192566,0.0
30.0,-1.5003293752670288,1.3315584659576416,0.0
30.0,-1.4944539070129395,1.3140424489974976,0.0
30.0,-1.5005131959915161,1.3071190118789673,0.0
30.0,-1.4944275617599487,1.289713978767395,0.0
30.0,-1.4912536144256592,1.274992823600769,0.0
30.0,-1.497132420539856,1.2680845260620117,0.0
30.0,-1.492254614830017,1.2521501779556274,0.0
30.0,-1.4980278015136719,1.2452374696731567,0.0
30.0,-1.4929616451263428,1.2293988466262817,0.0
30.0,-1.4986296892166138,1.2224831581115723,0.0
30.0,-1.4949320554733276,1.2079992294311523,0.0
30.0,-1.4895713329315186,1.1923259496688843,0.0
30.0,-1.4950679540634155,1.1854263544082642,0.0
30.0,-1.4910954236984253,1.17108952999115,0.0
30.0,-1.4964938163757324,1.1641831398010254,0.0
30.0,-1.4907705783843994,1.1487066745758057,0.0
30.0,-1.483346700668335,1.1320949792861938,0.0
30.0,-1.4885648488998413,1.1252247095108032,0.0
30.0,-1.484145164489746,1.1111387014389038,0.0
30.0,-1.4892665147781372,1.1042649745941162,0.0
30.0,-1.484683871269226,1.090265154838562,0.0
30.0,-1.4816211462020874,1.0775076150894165,0.0
30.0,-1.4865870475769043,1.070646047592163,0.0
30.0,-1.4817514419555664,1.0567936897277832,0.0
30.0,-1.4866214990615845,1.0499316453933716,0.0
30.0,-1.481626033782959,1.0361700057983398,0.0
30.0,-1.4781795740127563,1.0236157178878784,0.0
30.0,-1.482896327972412,1.016770601272583,0.0
30.0,-1.4793078899383545,1.0042870044708252,0.0
30.0,-1.4839352369308472,0.9974368214607239,0.0
30.0,-1.480205774307251,0.9850252866744995,0.0
30.0,-1.4747233390808105,0.9715694189071655,0.0
30.0,-1.4791995286941528,0.9647408723831177,0.0
30.0,-1.4752428531646729,0.9524675607681274,0.0
30.0,-1.479630708694458,0.9456368088722229,0.0
30.0,-1.4755359888076782,0.9334396719932556,0.0
30.0,-1.4696651697158813,0.920239269733429,0.0
30.0,-1.473904013633728,0.913434624671936,0.0
30.0,-1.4712920188903809,0.9024276733398438,0.0
30.0,-1.475448489189148,0.8956156969070435,0.0
30.0,-1.4727157354354858,0.8846651315689087,0.0
30.0,-1.4681941270828247,0.8727369904518127,0.0
30.0,-1.4722133874893188,0.8659396767616272,0.0
30.0,-1.4692870378494263,0.8550998568534851,0.0
30.0,-1.4732247591018677,0.848297655582428,0.0
30.0,-1.4719176292419434,0.8385074138641357,0.0
30.0,-1.467066764831543,0.8267835974693298,0.0
30.0,-1.4708735942840576,0.819991946220398,0.0
30.0,-1.4693949222564697,0.8102854490280151,0.0
30.0,-1.4731254577636719,0.8034831881523132,0.0
30.0,-1.4697836637496948,0.7928656339645386,0.0
30.0,-1.4734336137771606,0.7860618233680725,0.0
30.0,-1.4682074785232544,0.7745750546455383,0.0
30.0,-1.4646800756454468,0.7640785574913025,0.0
30.0,-1.4681971073150635,0.7572986483573914,0.0
30.0,-1.4645559787750244,0.7468681931495667,0.0
30.0,-1.4679933786392212,0.7400889992713928,0.0
30.0,-1.464239239692688,0.7297256588935852,0.0
30.0,-1.460420846939087,0.7194129824638367,0.0
30.0,-1.4637314081192017,0.7126532196998596,0.0
30.0,-1.4598016738891602,0.7024095058441162,0.0
30.0,-1.4630335569381714,0.6956527829170227,0.0
30.0,-1.4608036279678345,0.6863297820091248,0.0
30.0,-1.4585189819335938,0.6770423650741577,0.0
30.0,-1.4616336822509766,0.6702918410301208,0.0
30.0,-1.461073398590088,0.6618764400482178,0.0
30.0,-1.4641178846359253,0.6551142334938049,0.0
30.0,-1.461643099784851,0.6459129452705383,0.0
30.0,-1.4572815895080566,0.6359485387802124,0.0
30.0,-1.4602062702178955,0.6292042136192322,0.0
30.0,-1.4557381868362427,0.6193145513534546,0.0
30.0,-1.4585858583450317,0.6125775575637817,0.0
30.0,-1.4558597803115845,0.603529691696167,0.0
30.0,-1.4549325704574585,0.5952775478363037,0.0
30.0,-1.4576691389083862,0.5885445475578308,0.0
30.0,-1.4548007249832153,0.5795782804489136,0.0
30.0,-1.4574646949768066,0.572845995426178,0.0
30.0,-1.4545032978057861,0.563932478427887,0.0
30.0,-1.4570950269699097,0.5572017431259155,0.0
30.0,-1.4540417194366455,0.5483419299125671,0.0
30.0,-1.4528120756149292,0.5402193665504456,0.0
30.0,-1.455294132232666,0.5334967374801636,0.0
30.0,-1.4521023035049438,0.5247235894203186,0.0
30.0,-1.4545128345489502,0.5180043578147888,0.0
30.0,-1.4512306451797485,0.5092872381210327,0.0
30.0,-1.4478991031646729,0.5006116032600403,0.0
30.0,-1.4501981735229492,0.49391207098960876,0.0
30.0,-1.448673963546753,0.485929936170578,0.0
30.0,-1.4509050846099854,0.4792269766330719,0.0
30.0,-1.4493013620376587,0.4712768495082855,0.0
30.0,-1.4457502365112305,0.4627421200275421,0.0
30.0,-1.4478741884231567,0.4560529291629791,0.0
30.0,-1.4461466073989868,0.4481699466705322,0.0
30.0,-1.448203206062317,0.4414790868759155,0.0
30.0,-1.4463971853256226,0.4336300790309906,0.0
30.0,-1.4445499181747437,0.42580726742744446,0.0
30.0,-1.4465030431747437,0.4191240072250366,0.0
30.0,-1.4445782899856567,0.41133636236190796,0.0
30.0,-1.4464645385742188,0.4046531319618225,0.0
30.0,-1.4425344467163086,0.3963715732097626,0.0
30.0,-1.440489649772644,0.38865596055984497,0.0
30.0,-1.4422712326049805,0.3819918930530548,0.0
30.0,-1.440150499343872,0.37431344389915466,0.0
30.0,-1.4418656826019287,0.367651104927063,0.0
30.0,-1.4416097402572632,0.3604956567287445,0.0
30.0,-1.4393761157989502,0.3528743088245392,0.0
30.0,-1.4409922361373901,0.34621575474739075,0.0
30.0,-1.4406307935714722,0.33909159898757935,0.0
30.0,-1.4421831369400024,0.33242738246917725,0.0
30.0,-1.439802646636963,0.3248756527900696,0.0
30.0,-1.4412893056869507,0.31821542978286743,0.0
30.0,-1.4388352632522583,0.3107041120529175,0.0
30.0,-1.436342716217041,0.30322232842445374,0.0
30.0,-1.4377292394638062,0.2965783476829529,0.0
30.0,-1.4371243715286255,0.28953298926353455,0.0
30.0,-1.4384477138519287,0.2828855514526367,0.0
30.0,-1.4358118772506714,0.275478333234787,0.0
30.0,-1.435104250907898,0.26846933364868164,0.0
30.0,-1.4363301992416382,0.26183146238327026,0.0
30.0,-1.4355560541152954,0.25483837723731995,0.0
30.0,-1.4367189407348633,0.24819853901863098,0.0
30.0,-1.4358787536621094,0.2412220537662506,0.0
30.0,-1.4330309629440308,0.23393642902374268,0.0
30.0,-1.4340972900390625,0.2273084968328476,0.0
30.0,-1.4311792850494385,0.22006776928901672,0.0
30.0,-1.4321813583374023,0.21344853937625885,0.0
30.0,-1.4311734437942505,0.2065390944480896,0.0
30.0,-1.4301323890686035,0.19964352250099182,0.0
30.0,-1.4310400485992432,0.19302935898303986,0.0
30.0,-1.429934024810791,0.1861528754234314,0.0
30.0,-1.4307793378829956,0.1795397698879242,0.0
30.0,-1.4296085834503174,0.172682985663414,0.0
30.0,-1.4303916692733765,0.16607153415679932,0.0
30.0,-1.4291564226150513,0.15923504531383514,0.0
30.0,-1.4298774003982544,0.15262581408023834,0.0
30.0,-1.430567741394043,0.14601333439350128,0.0
30.0,-1.4292370080947876,0.13920384645462036,0.0
30.0,-1.4298652410507202,0.13259446620941162,0.0
30.0,-1.4284707307815552,0.1258067935705185,0.0
30.0,-1.4270440340042114,0.11903484910726547,0.0
30.0,-1.4275791645050049,0.11243581771850586,0.0
30.0,-1.4280837774276733,0.10583438724279404,0.0
30.0,-1.4285577535629272,0.09923069179058075,0.0
30.0,-1.427005410194397,0.09249550849199295,0.0
30.0,-1.4274177551269531,0.08589693903923035,0.0
30.0,-1.4277997016906738,0.0792965367436409,0.0
30.0,-1.4261536598205566,0.07259277254343033,0.0
30.0,-1.4264739751815796,0.06599835306406021,0.0
30.0,-1.424765706062317,0.05931933596730232,0.0
30.0,-1.4250247478485107,0.0527314767241478,0.0
30.0,-1.423254370689392,0.04607778042554855,0.0
30.0,-1.4234521389007568,0.039497051388025284,0.0
30.0,-1.4236195087432861,0.03291548043489456,0.0
30.0,-1.42375648021698,0.02633320540189743,0.0
30.0,-1.4238630533218384,0.01975036785006523,0.0
30.0,-1.4239391088485718,0.013167107477784157,0.0
30.0,-1.4219849109649658,0.006574319209903479,0.0
30.0,-1.4220000505447388,-1.1636915075996512e-07,0.0
31.0,-1.4199999570846558,1.2414034245011862e-07,0.0
31.0,-1.4199848175048828,-0.006565064657479525,0.0
31.0,-1.4199392795562744,-0.013130112551152706,0.0
31.0,-1.4198633432388306,-0.01969487965106964,0.0
31.0,-1.4217568635940552,-0.026296213269233704,0.0
31.0,-1.4196205139160156,-0.03282301127910614,0.0
31.0,-1.4194536209106445,-0.039386097341775894,0.0
31.0,-1.427252173423767,-0.04620720073580742,0.0
31.0,-1.4270232915878296,-0.052805427461862564,0.0
31.0,-1.424765706062317,-0.059319328516721725,0.0
31.0,-1.420480489730835,-0.0657210499048233,0.0
31.0,-1.420161485671997,-0.07228775322437286,0.0
31.0,-1.4218089580535889,-0.07896382361650467,0.0
31.0,-1.4214286804199219,-0.08553653210401535,0.0
31.0,-1.4190223217010498,-0.0919780507683754,0.0
31.0,-1.4185818433761597,-0.09853773564100266,0.0
31.0,-1.4181110858917236,-0.10509531199932098,0.0
31.0,-1.4176100492477417,-0.11165064573287964,0.0
31.0,-1.4170787334442139,-0.11820358783006668,0.0
31.0,-1.4165170192718506,-0.12475401163101196,0.0
31.0,-1.415925145149231,-0.13130176067352295,0.0
31.0,-1.4172935485839844,-0.13804058730602264,0.0
31.0,-1.4166401624679565,-0.1445917785167694,0.0
31.0,-1.4159564971923828,-0.15113988518714905,0.0
31.0,-1.417230248451233,-0.15790623426437378,0.0
31.0,-1.416485071182251,-0.16445693373680115,0.0
31.0,-1.417695164680481,-0.17124395072460175,0.0
31.0,-1.4168882369995117,-0.1777966469526291,0.0
31.0,-1.4160510301589966,-0.184345543384552,0.0
31.0,-1.415183663368225,-0.19089050590991974,0.0
31.0,-1.416266679763794,-0.1977079063653946,0.0
31.0,-1.4153375625610352,-0.20425371825695038,0.0
31.0,-1.4163563251495361,-0.21108999848365784,0.0
31.0,-1.415365219116211,-0.2176360934972763,0.0
31.0,-1.4143438339233398,-0.2241775244474411,0.0
31.0,-1.4132922887802124,-0.23071415722370148,0.0
31.0,-1.4141827821731567,-0.23757721483707428,0.0
31.0,-1.4130693674087524,-0.24411296844482422,0.0
31.0,-1.4119255542755127,-0.2506435215473175,0.0
31.0,-1.4127192497253418,-0.25752735137939453,0.0
31.0,-1.4115134477615356,-0.26405614614486694,0.0
31.0,-1.4122416973114014,-0.2709560990333557,0.0
31.0,-1.4129364490509033,-0.27786847949028015,0.0
31.0,-1.4116365909576416,-0.28439804911613464,0.0
31.0,-1.410306692123413,-0.29092150926589966,0.0
31.0,-1.4089465141296387,-0.2974388003349304,0.0
31.0,-1.4095112085342407,-0.30437183380126953,0.0
31.0,-1.4080889225006104,-0.3108852803707123,0.0
31.0,-1.4105384349822998,-0.31827250123023987,0.0
31.0,-1.4110007286071777,-0.32523974776268005,0.0
31.0,-1.4094818830490112,-0.33175987005233765,0.0
31.0,-1.4098777770996094,-0.33874011039733887,0.0
31.0,-1.4082965850830078,-0.34525489807128906,0.0
31.0,-1.410565733909607,-0.35273265838623047,0.0
31.0,-1.4089198112487793,-0.3592504560947418,0.0
31.0,-1.409179449081421,-0.36626365780830383,0.0
31.0,-1.4094043970108032,-0.3732869625091553,0.0
31.0,-1.4076634645462036,-0.3797991871833801,0.0
31.0,-1.4078210592269897,-0.38683319091796875,0.0
31.0,-1.406017541885376,-0.3933379352092743,0.0
31.0,-1.4061075448989868,-0.40038201212882996,0.0
31.0,-1.4061622619628906,-0.40743526816368103,0.0
31.0,-1.4042636156082153,-0.4139321446418762,0.0
31.0,-1.4061663150787354,-0.4215688407421112,0.0
31.0,-1.4042022228240967,-0.42806556820869446,0.0
31.0,-1.4060288667678833,-0.4357371926307678,0.0
31.0,-1.4059067964553833,-0.4428339898586273,0.0
31.0,-1.4038443565368652,-0.44932928681373596,0.0
31.0,-1.4055559635162354,-0.45705196261405945,0.0
31.0,-1.4034278392791748,-0.46354547142982483,0.0
31.0,-1.4031658172607422,-0.4706651270389557,0.0
31.0,-1.4009747505187988,-0.4771474599838257,0.0
31.0,-1.4044243097305298,-0.485580176115036,0.0
31.0,-1.4040515422821045,-0.4927304685115814,0.0
31.0,-1.4017584323883057,-0.49921664595603943,0.0
31.0,-1.4031972885131836,-0.5070515275001526,0.0
31.0,-1.400838017463684,-0.5135335922241211,0.0
31.0,-1.4003233909606934,-0.5207017660140991,0.0
31.0,-1.403515100479126,-0.529287576675415,0.0
31.0,-1.4010529518127441,-0.5357708930969238,0.0
31.0,-1.4022904634475708,-0.5436887145042419,0.0
31.0,-1.3997617959976196,-0.5501662492752075,0.0
31.0,-1.4009191989898682,-0.558112382888794,0.0
31.0,-1.398323893547058,-0.564583420753479,0.0
31.0,-1.3994007110595703,-0.5725570321083069,0.0
31.0,-1.4022812843322754,-0.5813185572624207,0.0
31.0,-1.39957857131958,-0.587795615196228,0.0
31.0,-1.400526762008667,-0.5958260297775269,0.0
31.0,-1.3977570533752441,-0.6022948026657104,0.0
31.0,-1.3986237049102783,-0.6103506088256836,0.0
31.0,-1.4012748003005981,-0.619235634803772,0.0
31.0,-1.3983968496322632,-0.6257076263427734,0.0
31.0,-1.4009544849395752,-0.6346421241760254,0.0
31.0,-1.3980052471160889,-0.6411124467849731,0.0
31.0,-1.3986544609069824,-0.6492533087730408,0.0
31.0,-1.3956377506256104,-0.6557128429412842,0.0
31.0,-1.3980097770690918,-0.6647348999977112,0.0
31.0,-1.3985260725021362,-0.6729256510734558,0.0
31.0,-1.3953999280929565,-0.6793843507766724,0.0
31.0,-1.397626280784607,-0.6884799599647522,0.0
31.0,-1.3944282531738281,-0.6949343085289001,0.0
31.0,-1.3965580463409424,-0.7040749192237854,0.0
31.0,-1.3986331224441528,-0.7132500410079956,0.0
31.0,-1.3953205347061157,-0.7197088003158569,0.0
31.0,-1.397297739982605,-0.7289272546768188,0.0
31.0,-1.393912672996521,-0.735379695892334,0.0
31.0,-1.3957916498184204,-0.7446406483650208,0.0
31.0,-1.392333984375,-0.7510859370231628,0.0
31.0,-1.3958698511123657,-0.7613458633422852,0.0
31.0,-1.3975889682769775,-0.7706886529922485,0.0
31.0,-1.3940107822418213,-0.7771419882774353,0.0
31.0,-1.3938877582550049,-0.7855426073074341,0.0
31.0,-1.3902409076690674,-0.791978657245636,0.0
31.0,-1.3917640447616577,-0.8013917207717896,0.0
31.0,-1.3949583768844604,-0.8118418455123901,0.0
31.0,-1.3911899328231812,-0.8182825446128845,0.0
31.0,-1.3942686319351196,-0.8287935853004456,0.0
31.0,-1.390421986579895,-0.8352309465408325,0.0
31.0,-1.391674518585205,-0.8447638750076294,0.0
31.0,-1.394573450088501,-0.8553718328475952,0.0
31.0,-1.3906038999557495,-0.8618103265762329,0.0
31.0,-1.3933850526809692,-0.8724759817123413,0.0
31.0,-1.389336347579956,-0.8789088129997253,0.0
31.0,-1.3903136253356934,-0.8885539174079895,0.0
31.0,-1.38619065284729,-0.8949723243713379,0.0
31.0,-1.3887388706207275,-0.9057419300079346,0.0
31.0,-1.392886996269226,-0.9176544547080994,0.0
31.0,-1.38862943649292,-0.924084484577179,0.0
31.0,-1.3909817934036255,-0.9349575638771057,0.0
31.0,-1.3866442441940308,-0.9413785934448242,0.0
31.0,-1.388875126838684,-0.9523035287857056,0.0
31.0,-1.3844573497772217,-0.9587146639823914,0.0
31.0,-1.3865660429000854,-0.9696900844573975,0.0
31.0,-1.3902361392974854,-0.9818592071533203,0.0
31.0,-1.3856818675994873,-0.9882762432098389,0.0
31.0,-1.387589454650879,-0.9993475675582886,0.0
31.0,-1.3829543590545654,-1.0057522058486938,0.0
31.0,-1.3847377300262451,-1.0168704986572266,0.0
31.0,-1.3768084049224854,-1.0208792686462402,0.0
31.0,-1.372073769569397,-1.0272339582443237,0.0
31.0,-1.360927939414978,-1.0287424325942993,0.0
31.0,-1.3561571836471558,-1.0350234508514404,0.0
31.0,-1.3434361219406128,-1.035178780555725,0.0
31.0,-1.3260071277618408,-1.0315545797348022,0.0
31.0,-1.3212237358093262,-1.0376741886138916,0.0
31.0,-1.3038748502731323,-1.033831000328064,0.0
31.0,-1.2990810871124268,-1.0398482084274292,0.0
31.0,-1.2802592515945435,-1.0345300436019897,0.0
31.0,-1.2754625082015991,-1.0404380559921265,0.0
31.0,-1.256743311882019,-1.0348817110061646,0.0
31.0,-1.24117910861969,-1.0317317247390747,0.0
31.0,-1.2363957166671753,-1.037459135055542,0.0
31.0,-1.219377040863037,-1.0328232049942017,0.0
31.0,-1.2145888805389404,-1.038449764251709,0.0
31.0,-1.1991759538650513,-1.0349072217941284,0.0
31.0,-1.1838220357894897,-1.0312446355819702,0.0
31.0,-1.1790415048599243,-1.0367069244384766,0.0
31.0,-1.1637649536132812,-1.0328538417816162,0.0
31.0,-1.1589772701263428,-1.038223385810852,0.0
31.0,-1.14378023147583,-1.0341812372207642,0.0
31.0,-1.1301229000091553,-1.0313690900802612,0.0
31.0,-1.1253423690795898,-1.0365830659866333,0.0
31.0,-1.1102845668792725,-1.0322422981262207,0.0
31.0,-1.0952911376953125,-1.0277845859527588,0.0
31.0,-1.0905276536941528,-1.0328376293182373,0.0
31.0,-1.0756207704544067,-1.0281946659088135,0.0
31.0,-1.0708554983139038,-1.0331566333770752,0.0
31.0,-1.0589029788970947,-1.0311200618743896,0.0
31.0,-1.054124355316162,-1.0360047817230225,0.0
31.0,-1.0408036708831787,-1.0324163436889648,0.0
31.0,-1.0275390148162842,-1.0287271738052368,0.0
31.0,-1.0227718353271484,-1.0334669351577759,0.0
31.0,-1.0095813274383545,-1.029616355895996,0.0
31.0,-1.0048102140426636,-1.0342729091644287,0.0
31.0,-0.9916956424713135,-1.0302618741989136,0.0
31.0,-0.9800202250480652,-1.0275992155075073,0.0
31.0,-0.9752587676048279,-1.0321192741394043,0.0
31.0,-0.9636421203613281,-1.0293171405792236,0.0
31.0,-0.95887291431427,-1.0337613821029663,0.0
31.0,-0.9473166465759277,-1.030820608139038,0.0
31.0,-0.9358082413673401,-1.0277951955795288,0.0
31.0,-0.9310463666915894,-1.0321108102798462,0.0
31.0,-0.9196008443832397,-1.028948187828064,0.0
31.0,-0.9148337841033936,-1.033188819885254,0.0
31.0,-0.9034526348114014,-1.0298899412155151,0.0
31.0,-0.8934336304664612,-1.0280176401138306,0.0
31.0,-0.8886711597442627,-1.032137393951416,0.0
31.0,-0.8774001002311707,-1.028626799583435,0.0
31.0,-0.872635006904602,-1.03267240524292,0.0
31.0,-0.862716019153595,-1.0305615663528442,0.0
31.0,-0.8528352975845337,-1.0283812284469604,0.0
31.0,-0.8480715751647949,-1.0323131084442139,0.0
31.0,-0.8369777202606201,-1.0284669399261475,0.0
31.0,-0.832213819026947,-1.0323256254196167,0.0
31.0,-0.8224400281906128,-1.0299108028411865,0.0
31.0,-0.8114656805992126,-1.0258593559265137,0.0
31.0,-0.8067141175270081,-1.0296000242233276,0.0
31.0,-0.7982666492462158,-1.0285788774490356,0.0
31.0,-0.7935026288032532,-1.0322585105895996,0.0
31.0,-0.7838754057884216,-1.0295510292053223,0.0
31.0,-0.7742902636528015,-1.0267767906188965,0.0
31.0,-0.7695348262786865,-1.0303456783294678,0.0
31.0,-0.758816123008728,-1.025852918624878,0.0
31.0,-0.7540650963783264,-1.0293502807617188,0.0
31.0,-0.7457746267318726,-1.0279690027236938,0.0
31.0,-0.7375131249427795,-1.0265332460403442,0.0
31.0,-0.7327591776847839,-1.0299320220947266,0.0
31.0,-0.7245339155197144,-1.028403878211975,0.0
31.0,-0.7197715044021606,-1.0317426919937134,0.0
31.0,-0.710446834564209,-1.0284771919250488,0.0
31.0,-0.7056841850280762,-1.0317507982254028,0.0
31.0,-0.6964206695556641,-1.0283784866333008,0.0
31.0,-0.6883172988891602,-1.0266036987304688,0.0
31.0,-0.6835635304450989,-1.0297751426696777,0.0
31.0,-0.6744017601013184,-1.0262389183044434,0.0
31.0,-0.6663779616355896,-1.0243165493011475,0.0
31.0,-0.6616350412368774,-1.0273865461349487,0.0
31.0,-0.6536526679992676,-1.0253751277923584,0.0
31.0,-0.6489050388336182,-1.0283862352371216,0.0
31.0,-0.6409651637077332,-1.0262863636016846,0.0
31.0,-0.6362134218215942,-1.0292388200759888,0.0
31.0,-0.6283168792724609,-1.0270510911941528,0.0
31.0,-0.6214901208877563,-1.0265233516693115,0.0
31.0,-0.6167374849319458,-1.0293856859207153,0.0
31.0,-0.6089117527008057,-1.0270649194717407,0.0
31.0,-0.6041567921638489,-1.0298691987991333,0.0
31.0,-0.5963768362998962,-1.0274622440338135,0.0
31.0,-0.5886321663856506,-1.0250054597854614,0.0
31.0,-0.5838868618011475,-1.027716040611267,0.0
31.0,-0.5761893391609192,-1.0251740217208862,0.0
31.0,-0.5714434385299683,-1.0278270244598389,0.0
31.0,-0.5647578239440918,-1.026953101158142,0.0
31.0,-0.5580925345420837,-1.0260393619537354,0.0
31.0,-0.5533427596092224,-1.0286086797714233,0.0
31.0,-0.5457631349563599,-1.0258588790893555,0.0
31.0,-0.5410143733024597,-1.0283712148666382,0.0
31.0,-0.5334851741790771,-1.025538682937622,0.0
31.0,-0.5269083976745605,-1.0244370698928833,0.0
31.0,-0.5221664309501648,-1.0268622636795044,0.0
31.0,-0.5156167149543762,-1.0256916284561157,0.0
31.0,-0.5108690857887268,-1.0280646085739136,0.0
31.0,-0.5034652948379517,-1.0250300168991089,0.0
31.0,-0.49697399139404297,-1.0237483978271484,0.0
31.0,-0.4922355115413666,-1.026035189628601,0.0
31.0,-0.4857729971408844,-1.0246855020523071,0.0
31.0,-0.48103031516075134,-1.0269205570220947,0.0
31.0,-0.47375738620758057,-1.0236884355545044,0.0
31.0,-0.46901941299438477,-1.0258678197860718,0.0
31.0,-0.46262505650520325,-1.0243797302246094,0.0
31.0,-0.4562545716762543,-1.0228546857833862,0.0
31.0,-0.4515206515789032,-1.0249532461166382,0.0
31.0,-0.4459792673587799,-1.025195837020874,0.0
31.0,-0.44123464822769165,-1.0272468328475952,0.0
31.0,-0.43491891026496887,-1.0255931615829468,0.0
31.0,-0.42862799763679504,-1.0239033699035645,0.0
31.0,-0.42388951778411865,-1.025874137878418,0.0
31.0,-0.4176315367221832,-1.0241190195083618,0.0
31.0,-0.4128921926021576,-1.0260390043258667,0.0
31.0,-0.40666791796684265,-1.024219274520874,0.0
31.0,-0.4004693627357483,-1.0223641395568848,0.0
31.0,-0.39573830366134644,-1.0242047309875488,0.0
31.0,-0.39028656482696533,-1.0241544246673584,0.0
31.0,-0.38554733991622925,-1.02594792842865,0.0
31.0,-0.38079988956451416,-1.027719497680664,0.0
31.0,-0.37604427337646484,-1.0294691324234009,0.0
31.0,-0.37128064036369324,-1.0311967134475708,0.0
31.0,-0.36584025621414185,-1.0310174226760864,0.0
31.0,-0.36106956005096436,-1.0326977968215942,0.0
31.0,-0.3549884855747223,-1.0305742025375366,0.0
31.0,-0.3495773673057556,-1.0303105115890503,0.0
31.0,-0.3448100984096527,-1.0319157838821411,0.0
31.0,-0.3387853503227234,-1.0296992063522339,0.0
31.0,-0.33402103185653687,-1.031254529953003,0.0
31.0,-0.3280346691608429,-1.0289767980575562,0.0
31.0,-0.32327380776405334,-1.030482530593872,0.0
31.0,-0.31791621446609497,-1.0300549268722534,0.0
31.0,-0.3125694990158081,-1.0296000242233276,0.0
31.0,-0.3078059256076813,-1.0310341119766235,0.0
31.0,-0.30190926790237427,-1.0286082029342651,0.0
31.0,-0.2971504032611847,-1.0299930572509766,0.0
31.0,-0.29183971881866455,-1.029431700706482,0.0
31.0,-0.28654053807258606,-1.0288432836532593,0.0
31.0,-0.28178074955940247,-1.0301570892333984,0.0
31.0,-0.2759774327278137,-1.027585744857788,0.0
31.0,-0.2712235748767853,-1.0288506746292114,0.0
31.0,-0.26596304774284363,-1.0281574726104736,0.0
31.0,-0.26071470975875854,-1.027437448501587,0.0
31.0,-0.25596168637275696,-1.0286318063735962,0.0
31.0,-0.2507292628288269,-1.02786123752594,0.0
31.0,-0.24597439169883728,-1.029009461402893,0.0
31.0,-0.2407582849264145,-1.0281884670257568,0.0
31.0,-0.23555505275726318,-1.0273411273956299,0.0
31.0,-0.2308027595281601,-1.0284192562103271,0.0
31.0,-0.22561660408973694,-1.0275218486785889,0.0
31.0,-0.22086356580257416,-1.028554081916809,0.0
31.0,-0.21569494903087616,-1.027606725692749,0.0
31.0,-0.21053984761238098,-1.0266337394714355,0.0
31.0,-0.20579108595848083,-1.0275962352752686,0.0
31.0,-0.2010379284620285,-1.0285366773605347,0.0
31.0,-0.19628047943115234,-1.0294551849365234,0.0
31.0,-0.19078783690929413,-1.0264190435409546,0.0
31.0,-0.18604028224945068,-1.0272901058197021,0.0
31.0,-0.18094146251678467,-1.026169776916504,0.0
31.0,-0.17585696280002594,-1.0250240564346313,0.0
31.0,-0.17111600935459137,-1.025826096534729,0.0
31.0,-0.1660514622926712,-1.0246320962905884,0.0
31.0,-0.16131243109703064,-1.0253888368606567,0.0
31.0,-0.15626828372478485,-1.024146556854248,0.0
31.0,-0.1512390822172165,-1.022879719734192,0.0
31.0,-0.14650830626487732,-1.0235679149627686,0.0
31.0,-0.14150016009807587,-1.022253155708313,0.0
31.0,-0.13677239418029785,-1.0228965282440186,0.0
31.0,-0.13204170763492584,-1.0235178470611572,0.0
31.0,-0.12706147134304047,-1.0221327543258667,0.0
31.0,-0.12233441323041916,-1.0227092504501343,0.0
31.0,-0.11760473996400833,-1.023263931274414,0.0
31.0,-0.11287254840135574,-1.0237966775894165,0.0
31.0,-0.10813795030117035,-1.0243076086044312,0.0
31.0,-0.10340104252099991,-1.0247966051101685,0.0
31.0,-0.09847034513950348,-1.02327299118042,0.0
31.0,-0.09373831748962402,-1.0237172842025757,0.0
31.0,-0.08900429308414459,-1.0241397619247437,0.0
31.0,-0.08410441875457764,-1.0225470066070557,0.0
31.0,-0.07937590032815933,-1.0229250192642212,0.0
31.0,-0.07464569061994553,-1.0232809782028198,0.0
31.0,-0.06991388648748398,-1.0236152410507202,0.0
31.0,-0.06518058478832245,-1.0239274501800537,0.0
31.0,-0.06032806262373924,-1.0222214460372925,0.0
31.0,-0.05560130625963211,-1.0224894285202026,0.0
31.0,-0.05087336152791977,-1.022735595703125,0.0
31.0,-0.046144332736730576,-1.02295982837677,0.0
31.0,-0.04141431301832199,-1.0231622457504272,0.0
31.0,-0.03668341040611267,-1.0233427286148071,0.0
31.0,-0.031951725482940674,-1.0235013961791992,0.0
31.0,-0.02721935510635376,-1.0236382484436035,0.0
31.0,-0.022486403584480286,-1.0237531661987305,0.0
31.0,-0.01775297150015831,-1.02384614944458,0.0
31.0,-0.013019159436225891,-1.023917317390442,0.0
31.0,-0.008285068906843662,-1.0239665508270264,0.0
31.0,-0.0035508018918335438,-1.0239938497543335,0.0
31.0,0.0011835411423817277,-1.0239993333816528,0.0
31.0,0.005917858798056841,-1.0239830017089844,0.0
31.0,0.010631244629621506,-1.0219446420669556,0.0
31.0,0.01535596139729023,-1.021884560585022,0.0
31.0,0.02008035033941269,-1.0218026638031006,0.0
31.0,0.024804310873150826,-1.0216989517211914,0.0
31.0,0.029527738690376282,-1.0215733051300049,0.0
31.0,0.03425053879618645,-1.0214258432388306,0.0
31.0,0.038972605019807816,-1.0212565660476685,0.0
31.0,0.04369383677840233,-1.0210654735565186,0.0
31.0,0.048414137214422226,-1.0208525657653809,0.0
31.0,0.05313339829444885,-1.0206178426742554,0.0
31.0,0.05785152688622475,-1.020361304283142,0.0
31.0,0.06256841868162155,-1.0200828313827515,0.0
31.0,0.06741565465927124,-1.0217784643173218,0.0
31.0,0.07213899493217468,-1.0214558839797974,0.0
31.0,0.07686079293489456,-1.0211113691329956,0.0
31.0,0.08158095180988312,-1.0207451581954956,0.0
31.0,0.0862993597984314,-1.0203570127487183,0.0
31.0,0.09101593494415283,-1.0199471712112427,0.0
31.0,0.09573055803775787,-1.0195153951644897,0.0
31.0,0.10044313222169876,-1.0190619230270386,0.0
31.0,0.10515356063842773,-1.0185866355895996,0.0
31.0,0.10986173897981644,-1.0180896520614624,0.0
31.0,0.1145675778388977,-1.0175708532333374,0.0
31.0,0.11927095800638199,-1.0170302391052246,0.0
31.0,0.12421392649412155,-1.0184532403945923,0.0
31.0,0.1289212852716446,-1.0178680419921875,0.0
31.0,0.13336540758609772,-1.0152782201766968,0.0
31.0,0.13832764327526093,-1.0166324377059937,0.0
31.0,0.1430264264345169,-1.0159820318222046,0.0
31.0,0.14801011979579926,-1.0172890424728394,0.0
31.0,0.15271183848381042,-1.0165938138961792,0.0
31.0,0.1577165424823761,-1.0178533792495728,0.0
31.0,0.16242077946662903,-1.0171133279800415,0.0
31.0,0.1671215295791626,-1.0163514614105225,0.0
31.0,0.17181871831417084,-1.0155678987503052,0.0
31.0,0.1765122264623642,-1.0147627592086792,0.0
31.0,0.18155381083488464,-1.0159045457839966,0.0
31.0,0.186248779296875,-1.0150543451309204,0.0
31.0,0.1909397542476654,-1.0141823291778564,0.0
31.0,0.1956266611814499,-1.0132887363433838,0.0
31.0,0.20069760084152222,-1.0143355131149292,0.0
31.0,0.20578236877918243,-1.0153568983078003,0.0
31.0,0.21047453582286835,-1.0143946409225464,0.0
31.0,0.21557757258415222,-1.015367031097412,0.0
31.0,0.22026969492435455,-1.014359474182129,0.0
31.0,0.22539053857326508,-1.0152827501296997,0.0
31.0,0.23008215427398682,-1.0142297744750977,0.0
31.0,0.23476886749267578,-1.013155221939087,0.0
31.0,0.24037152528762817,-1.0159515142440796,0.0
31.0,0.2450660765171051,-1.014829397201538,0.0
31.0,0.2507123053073883,-1.0175693035125732,0.0
31.0,0.25590163469314575,-1.018338918685913,0.0
31.0,0.2606070637702942,-1.0171449184417725,0.0
31.0,0.26530691981315613,-1.0159292221069336,0.0
31.0,0.2700011134147644,-1.014691710472107,0.0
31.0,0.27521276473999023,-1.0153629779815674,0.0
31.0,0.27990421652793884,-1.0140796899795532,0.0
31.0,0.28513073921203613,-1.014700174331665,0.0
31.0,0.2903689742088318,-1.0152939558029175,0.0
31.0,0.2950599491596222,-1.013940691947937,0.0
31.0,0.3003123104572296,-1.0144833326339722,0.0
31.0,0.304999440908432,-1.013084053993225,0.0
31.0,0.3102654218673706,-1.0135754346847534,0.0
31.0,0.3155425190925598,-1.0140399932861328,0.0
31.0,0.3202274441719055,-1.0125702619552612,0.0
31.0,0.32551735639572144,-1.012982964515686,0.0
31.0,0.330197274684906,-1.0114670991897583,0.0
31.0,0.3367585241794586,-1.0156248807907104,0.0
31.0,0.3414505422115326,-1.0140570402145386,0.0
31.0,0.34678223729133606,-1.014359951019287,0.0
31.0,0.35277971625328064,-1.0165246725082397,0.0
31.0,0.35747572779655457,-1.0148828029632568,0.0
31.0,0.3628372251987457,-1.015102505683899,0.0
31.0,0.3675265610218048,-1.0134141445159912,0.0
31.0,0.3728986084461212,-1.0135811567306519,0.0
31.0,0.37827998399734497,-1.0137200355529785,0.0
31.0,0.38296276330947876,-1.0119602680206299,0.0
31.0,0.3883538544178009,-1.0120460987091064,0.0
31.0,0.39302876591682434,-1.0102397203445435,0.0
31.0,0.3984290063381195,-1.0102723836898804,0.0
31.0,0.40309563279151917,-1.0084195137023926,0.0
31.0,0.41000640392303467,-1.0121060609817505,0.0
31.0,0.41620033979415894,-1.0139000415802002,0.0
31.0,0.42088353633880615,-1.0119649171829224,0.0
31.0,0.427110880613327,-1.013694405555725,0.0
31.0,0.4317930042743683,-1.0117088556289673,0.0
31.0,0.4380530118942261,-1.0133733749389648,0.0
31.0,0.4443376660346985,-1.0150015354156494,0.0
31.0,0.4490256607532501,-1.0129363536834717,0.0
31.0,0.45616087317466736,-1.0163233280181885,0.0
31.0,0.4608548581600189,-1.0142035484313965,0.0
31.0,0.46553897857666016,-1.0120619535446167,0.0
31.0,0.47105735540390015,-1.0117119550704956,0.0
31.0,0.4757298529148102,-1.0095232725143433,0.0
31.0,0.4821139872074127,-1.0109233856201172,0.0
31.0,0.4867826998233795,-1.0086835622787476,0.0
31.0,0.494073748588562,-1.0118138790130615,0.0
31.0,0.49874645471572876,-1.0095187425613403,0.0
31.0,0.5060909390449524,-1.0125689506530762,0.0
31.0,0.5125718712806702,-1.0137879848480225,0.0
31.0,0.5172535181045532,-1.0114073753356934,0.0
31.0,0.5246807336807251,-1.0143343210220337,0.0
31.0,0.5293647646903992,-1.0118976831436157,0.0
31.0,0.5349727869033813,-1.0112073421478271,0.0
31.0,0.5396422743797302,-1.0087231397628784,0.0
31.0,0.5462033152580261,-1.0097355842590332,0.0
31.0,0.5537449717521667,-1.0124636888504028,0.0
31.0,0.5584200620651245,-1.0098927021026611,0.0
31.0,0.5660107731819153,-1.0125372409820557,0.0
31.0,0.5706861019134521,-1.0099095106124878,0.0
31.0,0.5773331522941589,-1.0107336044311523,0.0
31.0,0.5849999189376831,-1.0132497549057007,0.0
31.0,0.5896783471107483,-1.0105341672897339,0.0
31.0,0.5953601002693176,-1.0095199346542358,0.0
31.0,0.6000211238861084,-1.0067565441131592,0.0
31.0,0.6067330241203308,-1.0073981285095215,0.0
31.0,0.6113840937614441,-1.0045822858810425,0.0
31.0,0.6191651225090027,-1.006855845451355,0.0
31.0,0.6259245872497559,-1.0073798894882202,0.0
31.0,0.63057541847229,-1.0044753551483154,0.0
31.0,0.6394974589347839,-1.0083049535751343,0.0
31.0,0.6441524028778076,-1.0053375959396362,0.0
31.0,0.6531406044960022,-1.0090645551681519,0.0
31.0,0.6577989459037781,-1.0060341358184814,0.0
31.0,0.6646475791931152,-1.0063197612762451,0.0
31.0,0.6726229190826416,-1.0082273483276367,0.0
31.0,0.677277147769928,-1.005106806755066,0.0
31.0,0.6841674447059631,-1.005271553993225,0.0
31.0,0.6888078451156616,-1.0020976066589355,0.0
31.0,0.6979956030845642,-1.0054740905761719,0.0
31.0,0.7072292566299438,-1.0087867975234985,0.0
31.0,0.7118856906890869,-1.005506157875061,0.0
31.0,0.7188532948493958,-1.0054579973220825,0.0
31.0,0.7234941720962524,-1.0021237134933472,0.0
31.0,0.7328324317932129,-1.005232572555542,0.0
31.0,0.7374721169471741,-1.0018336772918701,0.0
31.0,0.7468684315681458,-1.0048340559005737,0.0
31.0,0.7563081383705139,-1.0077687501907349,0.0
31.0,0.7609593868255615,-1.0042613744735718,0.0
31.0,0.7704552412033081,-1.0070862770080566,0.0
31.0,0.7751031517982483,-1.0035134553909302,0.0
31.0,0.784653902053833,-1.006227731704712,0.0
31.0,0.7942463159561157,-1.0088751316070557,0.0
31.0,0.7989022135734558,-1.0051921606063843,0.0
31.0,0.8085475564002991,-1.0077276229858398,0.0
31.0,0.8131980299949646,-1.0039786100387573,0.0
31.0,0.8228949904441833,-1.0064014196395874,0.0
31.0,0.8275391459465027,-1.002586007118225,0.0
31.0,0.8385668992996216,-1.006432056427002,0.0
31.0,0.8432110548019409,-1.0025442838668823,0.0
31.0,0.8530148267745972,-1.0047335624694824,0.0
31.0,0.8628567457199097,-1.0068535804748535,0.0
31.0,0.8675025701522827,-1.002853512763977,0.0
31.0,0.8773915767669678,-1.004858136177063,0.0
31.0,0.8820280432701111,-1.0007909536361694,0.0
31.0,0.8919628858566284,-1.002679467201233,0.0
31.0,0.9032701253890991,-1.0059856176376343,0.0
31.0,0.907911479473114,-1.0017987489700317,0.0
31.0,0.9192829728126526,-1.0049690008163452,0.0
31.0,0.9239194989204407,-1.0007081031799316,0.0
31.0,0.935353696346283,-1.00374174118042,0.0
31.0,0.9399843811988831,-0.9994064569473267,0.0
31.0,0.9514797925949097,-1.0023024082183838,0.0
31.0,0.9644055962562561,-1.0065574645996094,0.0
31.0,0.9690489768981934,-1.002087950706482,0.0
31.0,0.9862440824508667,-1.0104783773422241,0.0
31.0,0.9909053444862366,-1.0059077739715576,0.0
31.0,1.0082365274429321,-1.014080286026001,0.0
31.0,1.0270808935165405,-1.0235257148742676,0.0
31.0,1.0318020582199097,-1.018766164779663,0.0
31.0,1.0522273778915405,-1.0293694734573364,0.0
31.0,1.0569753646850586,-1.0244935750961304,0.0
31.0,1.0761258602142334,-1.0334490537643433,0.0
31.0,1.0808924436569214,-1.0284626483917236,0.0
31.0,1.1045544147491455,-1.0412893295288086,0.0
31.0,1.1254345178604126,-1.051188349723816,0.0
31.0,1.1302825212478638,-1.0459738969802856,0.0
31.0,1.1527963876724243,-1.0569562911987305,0.0
31.0,1.1576707363128662,-1.0516151189804077,0.0
31.0,1.1788729429244995,-1.0609686374664307,0.0
31.0,1.1837656497955322,-1.055506944656372,0.0
31.0,1.2021231651306152,-1.0619397163391113,0.0
31.0,1.2070200443267822,-1.056370496749878,0.0
31.0,1.2300242185592651,-1.0665011405944824,0.0
31.0,1.2561815977096558,-1.0790475606918335,0.0
31.0,1.2611570358276367,-1.0732282400131226,0.0
31.0,1.2859840393066406,-1.0841444730758667,0.0
31.0,1.2909826040267944,-1.078187346458435,0.0
31.0,1.157266616821289,-0.957464337348938,0.0
31.0,1.1616809368133545,-0.9521036148071289,0.0
31.0,1.1660704612731934,-0.9467225670814514,0.0
31.0,1.1704350709915161,-0.9413212537765503,0.0
31.0,1.1966744661331177,-0.9533467292785645,0.0
31.0,1.2010693550109863,-0.9478038549423218,0.0
31.0,1.2054386138916016,-0.9422407746315002,0.0
31.0,1.2097821235656738,-0.9366574883460999,0.0
31.0,1.2363184690475464,-0.9480931162834167,0.0
31.0,1.240688681602478,-0.9423670172691345,0.0
31.0,1.267407774925232,-0.9534534811973572,0.0
31.0,1.271802306175232,-0.9475836157798767,0.0
31.0,1.3003093004226685,-0.9595061540603638,0.0
31.0,1.330567717552185,-0.9723649024963379,0.0
31.0,1.3350491523742676,-0.9662027955055237,0.0
31.0,1.3671373128890991,-0.9798263311386108,0.0
31.0,1.3716528415679932,-0.9734950661659241,0.0
31.0,1.4006836414337158,-0.9843928217887878,0.0
31.0,1.4052199125289917,-0.9779064059257507,0.0
31.0,1.4377230405807495,-0.9906909465789795,0.0
31.0,1.465417504310608,-0.9998138546943665,0.0
31.0,1.4700243473052979,-0.9930279850959778,0.0
31.0,1.4928867816925049,-0.9984513521194458,0.0
31.0,1.4974870681762695,-0.9915385246276855,0.0
31.0,1.5204545259475708,-0.9966652989387512,0.0
31.0,1.5250462293624878,-0.9896250367164612,0.0
31.0,1.5481154918670654,-0.9944538474082947,0.0
31.0,1.5661983489990234,-0.9958707094192505,0.0
31.0,1.5707858800888062,-0.9886189699172974,0.0
31.0,1.5770374536514282,-0.9824036359786987,0.0
31.0,1.5815626382827759,-0.975101888179779,0.0
31.0,1.579224944114685,-0.9636123180389404,0.0
31.0,1.5733908414840698,-0.9500976800918579,0.0
31.0,1.5777666568756104,-0.9428131580352783,0.0
31.0,1.5752224922180176,-0.9314365983009338,0.0
31.0,1.579512119293213,-0.9241437911987305,0.0
31.0,1.5785751342773438,-0.9138252139091492,0.0
31.0,1.581047773361206,-0.9055231213569641,0.0
31.0,1.5852173566818237,-0.8982036709785461,0.0
31.0,1.599820852279663,-0.8967323899269104,0.0
31.0,1.603949785232544,-0.889326274394989,0.0
31.0,1.6238266229629517,-0.8905566334724426,0.0
31.0,1.6279265880584717,-0.8830395340919495,0.0
31.0,1.649616003036499,-0.8849582672119141,0.0
31.0,1.669590711593628,-0.8857578039169312,0.0
31.0,1.6736680269241333,-0.8780292272567749,0.0
31.0,1.688361644744873,-0.8758074045181274,0.0
31.0,1.6923928260803223,-0.8679921627044678,0.0
31.0,1.467175006866455,-0.7101390361785889,0.0
31.0,1.470442533493042,-0.7033481597900391,0.0
31.0,1.473678708076477,-0.6965422630310059,0.0
31.0,1.4768832921981812,-0.689721405506134,0.0
31.0,1.4964005947113037,-0.6904269456863403,0.0
31.0,1.4995766878128052,-0.683501124382019,0.0
31.0,1.5027207136154175,-0.6765607595443726,0.0
31.0,1.5222798585891724,-0.6769195199012756,0.0
31.0,1.5253932476043701,-0.6698742508888245,0.0
31.0,1.5394834280014038,-0.6675887703895569,0.0
31.0,1.542553424835205,-0.6604640483856201,0.0
31.0,1.5584858655929565,-0.658776044845581,0.0
31.0,1.5652064085006714,-0.6531038880348206,0.0
31.0,1.5682092905044556,-0.6458603739738464,0.0
31.0,1.56747305393219,-0.6370969414710999,0.0
31.0,1.5704017877578735,-0.6298431158065796,0.0
31.0,1.5677179098129272,-0.6203681230545044,0.0
31.0,1.5705692768096924,-0.6131133437156677,0.0
31.0,1.5677878856658936,-0.6036893725395203,0.0
31.0,1.5649532079696655,-0.5943043828010559,0.0
31.0,1.5676841735839844,-0.587062656879425,0.0
31.0,1.5666290521621704,-0.5784229636192322,0.0
31.0,1.569286584854126,-0.5711736679077148,0.0
31.0,1.5662630796432495,-0.5618861317634583,0.0
31.0,1.5650728940963745,-0.553305447101593,0.0
31.0,1.567614197731018,-0.5460636019706726,0.0
31.0,1.564447045326233,-0.5368626117706299,0.0
31.0,1.5669125318527222,-0.5296238660812378,0.0
31.0,1.5655490159988403,-0.521110475063324,0.0
31.0,1.5641405582427979,-0.5126210451126099,0.0
31.0,1.5664938688278198,-0.5053839683532715,0.0
31.0,1.5650012493133545,-0.4969255328178406,0.0
31.0,1.56728196144104,-0.4896846413612366,0.0
31.0,1.5637941360473633,-0.4806704521179199,0.0
31.0,1.5621708631515503,-0.4722777307033539,0.0
31.0,1.5643376111984253,-0.46505019068717957,0.0
31.0,1.5626317262649536,-0.45669063925743103,0.0
31.0,1.56472647190094,-0.4494611322879791,0.0
31.0,1.5629380941390991,-0.441135436296463,0.0
31.0,1.5611063241958618,-0.43283596634864807,0.0
31.0,1.5630908012390137,-0.42561376094818115,0.0
31.0,1.5611776113510132,-0.4173494279384613,0.0
31.0,1.5630905628204346,-0.41012707352638245,0.0
31.0,1.56109619140625,-0.40189865231513977,0.0
31.0,1.562937617301941,-0.3946768343448639,0.0
31.0,1.5569802522659302,-0.3855237364768982,0.0
31.0,1.5470845699310303,-0.37549081444740295,0.0
31.0,1.5488040447235107,-0.3683340549468994,0.0
31.0,1.5407512187957764,-0.3589007556438446,0.0
31.0,1.5423940420150757,-0.3517734706401825,0.0
31.0,1.566230058670044,-0.15620256960391998,0.0
31.0,1.5669355392456055,-0.14895963668823242,0.0
31.0,1.5676075220108032,-0.14171351492404938,0.0
31.0,1.5682458877563477,-0.13446436822414398,0.0
31.0,1.558883547782898,-0.12640413641929626,0.0
31.0,1.5594513416290283,-0.11919549107551575,0.0
31.0,1.5599857568740845,-0.11198429018259048,0.0
31.0,1.5604867935180664,-0.10477069765329361,0.0
31.0,1.5549662113189697,-0.09718061238527298,0.0
31.0,1.5553988218307495,-0.08999038487672806,0.0
31.0,1.5557982921600342,-0.08279823511838913,0.0
31.0,1.5601598024368286,-0.07579842954874039,0.0
31.0,1.5604935884475708,-0.06858441978693008,0.0
31.0,1.5707862377166748,-0.061761826276779175,0.0
31.0,1.5790503025054932,-0.054776184260845184,0.0
31.0,1.5792865753173828,-0.04747506231069565,0.0
31.0,1.589486002922058,-0.04042718559503555,0.0
31.0,1.589655876159668,-0.033077966421842575,0.0
31.0,1.5997905731201172,-0.02588985301554203,0.0
31.0,1.6118923425674438,-0.018631847575306892,0.0
31.0,1.6119612455368042,-0.011179269291460514,0.0
31.0,1.6219956874847412,-0.0037495694123208523,0.0
31.0,1.6219956874847412,0.0037495605647563934,0.0
31.0,1.6299607753753662,0.011304090730845928,0.0
31.0,1.6298911571502686,0.018839886412024498,0.0
31.0,1.6397852897644043,0.026537088677287102,0.0
31.0,1.6396450996398926,0.03411814197897911,0.0
31.0,1.6494665145874023,0.04195272549986839,0.0
31.0,1.6632486581802368,0.049999043345451355,0.0
31.0,1.6629997491836548,0.05768832564353943,0.0
31.0,1.6727075576782227,0.065769262611866,0.0
31.0,1.672385573387146,0.07350210845470428,0.0
31.0,1.4355424642562866,0.23094084858894348,0.0
31.0,1.4344594478607178,0.23757542669773102,0.0
31.0,1.4333456754684448,0.24420493841171265,0.0
31.0,1.4322013854980469,0.25082921981811523,0.0
31.0,1.44162118434906,0.2662408649921417,0.0
31.0,1.4403748512268066,0.272903174161911,0.0
31.0,1.4390977621078491,0.2795596420764923,0.0
31.0,1.437789797782898,0.28621014952659607,0.0
31.0,1.4501690864562988,0.29565122723579407,0.0
31.0,1.448786735534668,0.30235275626182556,0.0
31.0,1.4610645771026611,0.3119712173938751,0.0
31.0,1.459606647491455,0.3187229335308075,0.0
31.0,1.4698293209075928,0.32808202505111694,0.0
31.0,1.4799963235855103,0.33754241466522217,0.0
31.0,1.4784198999404907,0.3443813621997833,0.0
31.0,1.4904320240020752,0.35445207357406616,0.0
31.0,1.4887772798538208,0.36133912205696106,0.0
31.0,1.5065046548843384,0.37302547693252563,0.0
31.0,1.5047638416290283,0.37998661398887634,0.0
31.0,1.528169870376587,0.39342185854911804,0.0
31.0,1.547614336013794,0.4060663878917694,0.0
31.0,1.5457204580307007,0.4132172465324402,0.0
31.0,1.5669503211975098,0.42666465044021606,0.0
31.0,1.5649608373641968,0.4339046776294708,0.0
31.0,1.58026123046875,0.4460248649120331,0.0
31.0,1.5781822204589844,0.4533262252807617,0.0
31.0,1.5914270877838135,0.4651062786579132,0.0
31.0,1.6026793718338013,0.47644850611686707,0.0
31.0,1.600459337234497,0.48385319113731384,0.0
31.0,1.6115872859954834,0.4953608214855194,0.0
31.0,1.6092798709869385,0.5028064846992493,0.0
31.0,1.6202815771102905,0.514478325843811,0.0
31.0,1.6312092542648315,0.5262625217437744,0.0
31.0,1.6287587881088257,0.5337985754013062,0.0
31.0,1.639556884765625,0.545744776725769,0.0
31.0,1.6370161771774292,0.5533192157745361,0.0
31.0,1.6476824283599854,0.5654259920120239,0.0
31.0,1.6563827991485596,0.576985239982605,0.0
31.0,1.6536974906921387,0.5846371650695801,0.0
31.0,1.4358502626419067,0.5226067900657654,0.0
31.0,1.4334187507629395,0.5292396545410156,0.0
31.0,1.4309566020965576,0.5358612537384033,0.0
31.0,1.4284638166427612,0.5424713492393494,0.0
31.0,1.4408718347549438,0.5548193454742432,0.0
31.0,1.438291311264038,0.5614750981330872,0.0
31.0,1.4505574703216553,0.5740060210227966,0.0
31.0,1.4645944833755493,0.5874068140983582,0.0
31.0,1.4618630409240723,0.594171941280365,0.0
31.0,1.4738948345184326,0.6070173382759094,0.0
31.0,1.4710725545883179,0.6138252019882202,0.0
31.0,1.484798550605774,0.6276282072067261,0.0
31.0,1.4818809032440186,0.6344863176345825,0.0
31.0,1.4991154670715332,0.6500834226608276,0.0
31.0,1.5144060850143433,0.6650491952896118,0.0
31.0,1.511315107345581,0.6720437407493591,0.0
31.0,1.5246050357818604,0.686413586139679,0.0
31.0,1.5214152336120605,0.6934550404548645,0.0
31.0,1.5272729396820068,0.7046712040901184,0.0
31.0,1.5239986181259155,0.7117248177528381,0.0
31.0,1.5261163711547852,0.7213271260261536,0.0
31.0,1.5281777381896973,0.7309643030166626,0.0
31.0,1.5247819423675537,0.7380217909812927,0.0
31.0,1.5267419815063477,0.7477025389671326,0.0
31.0,1.5232688188552856,0.7547532320022583,0.0
31.0,1.5251268148422241,0.7644764184951782,0.0
31.0,1.528711199760437,0.7751374244689941,0.0
31.0,1.5251110792160034,0.7821969389915466,0.0
31.0,1.525029182434082,0.7910816073417664,0.0
31.0,1.521355390548706,0.7981239557266235,0.0
31.0,1.5247161388397217,0.808898389339447,0.0
31.0,1.526247262954712,0.818775475025177,0.0
31.0,1.5224454402923584,0.8258231282234192,0.0
31.0,1.523871898651123,0.8357383608818054,0.0
31.0,1.5199916362762451,0.8427748680114746,0.0
31.0,1.517823576927185,0.8507711887359619,0.0
31.0,1.5138739347457886,0.8577795624732971,0.0
31.0,1.508156418800354,0.8637756705284119,0.0
31.0,1.4851068258285522,0.8597171306610107,0.0
31.0,1.4811161756515503,0.8665741682052612,0.0
31.0,1.2628823518753052,1.1260515451431274,0.0
31.0,1.2576627731323242,1.13187837600708,0.0
31.0,1.2524162530899048,1.1376808881759644,0.0
31.0,1.2471429109573364,1.1434590816497803,0.0
31.0,1.2300996780395508,1.1383455991744995,0.0
31.0,1.2248235940933228,1.144020676612854,0.0
31.0,1.2195212841033936,1.149671196937561,0.0
31.0,1.2054994106292725,1.147025465965271,0.0
31.0,1.200183391571045,1.1525866985321045,0.0
31.0,1.191969394683838,1.155339241027832,0.0
31.0,1.1866151094436646,1.1608377695083618,0.0
31.0,1.1783891916275024,1.163501262664795,0.0
31.0,1.1659139394760132,1.1618781089782715,0.0
31.0,1.1605297327041626,1.1672561168670654,0.0
31.0,1.14669930934906,1.164060354232788,0.0
31.0,1.1413050889968872,1.1693495512008667,0.0
31.0,1.1289349794387817,1.1674251556396484,0.0
31.0,0.9568167924880981,1.2998067140579224,0.0
31.0,0.9507970809936523,1.3042165040969849,0.0
31.0,0.9447569847106934,1.308598518371582,0.0
31.0,0.9386968016624451,1.3129525184631348,0.0
31.0,0.926838219165802,1.3091168403625488,0.0
31.0,0.9207757711410522,1.3133879899978638,0.0
31.0,0.9112721085548401,1.3127022981643677,0.0
31.0,0.9051932692527771,1.316901445388794,0.0
31.0,0.8968445062637329,1.317765474319458,0.0
31.0,0.8907423615455627,1.3218978643417358,0.0
31.0,0.8835113048553467,1.3243381977081299,0.0
31.0,0.8762767314910889,1.326740026473999,0.0
31.0,0.8701333403587341,1.3307772874832153,0.0
31.0,0.8628846406936646,1.3331069946289062,0.0
31.0,0.8567119836807251,1.3370821475982666,0.0
31.0,0.8505209684371948,1.3410288095474243,0.0
31.0,0.8443118333816528,1.3449467420578003,0.0
31.0,0.8380845785140991,1.3488359451293945,0.0
31.0,0.8307917714118958,1.3509925603866577,0.0
31.0,0.8245367407798767,1.3548191785812378,0.0
31.0,0.8182640671730042,1.358616828918457,0.0
31.0,0.8119739294052124,1.3623855113983154,0.0
31.0,0.805666446685791,1.3661249876022339,0.0
31.0,0.7993417382240295,1.3698352575302124,0.0
31.0,0.7929999232292175,1.373516321182251,0.0
31.0,0.7866411805152893,1.3771679401397705,0.0
31.0,0.7802656292915344,1.380790114402771,0.0
31.0,0.7728975415229797,1.3826371431350708,0.0
31.0,0.7664967775344849,1.3861957788467407,0.0
31.0,0.7600797414779663,1.3897247314453125,0.0
31.0,0.7536463737487793,1.3932240009307861,0.0
31.0,0.7471969127655029,1.396693468093872,0.0
31.0,0.7416667342185974,1.4019010066986084,0.0
31.0,0.7351773381233215,1.4053149223327637,0.0
31.0,0.7286721467971802,1.4086989164352417,0.0
31.0,0.7294366955757141,1.4262980222702026,0.0
31.0,0.7228346467018127,1.4296551942825317,0.0
31.0,0.4747956097126007,0.9499543309211731,0.0
31.0,0.4686267673969269,0.9485530257225037,0.0
31.0,0.46423622965812683,0.9507095813751221,0.0
31.0,0.45983579754829407,0.9528457522392273,0.0
31.0,0.455425500869751,0.9549615383148193,0.0
31.0,0.4484478533267975,0.9516294598579407,0.0
31.0,0.4440433084964752,0.953692615032196,0.0
31.0,0.43795767426490784,0.9521013498306274,0.0
31.0,0.4318963289260864,0.9504744410514832,0.0
31.0,0.4274972975254059,0.9524610638618469,0.0
31.0,0.4214681088924408,0.9507704973220825,0.0
31.0,0.41706782579421997,0.9527089595794678,0.0
31.0,0.41186508536338806,0.9527912139892578,0.0
31.0,0.4058854281902313,0.9510063529014587,0.0
31.0,0.4014842212200165,0.9528727531433105,0.0
31.0,0.3955383598804474,0.9510254263877869,0.0
31.0,0.39113718271255493,0.952843964099884,0.0
31.0,0.3852258324623108,0.950934886932373,0.0
31.0,0.3800828456878662,0.9508486390113831,0.0
31.0,0.37568265199661255,0.9525957703590393,0.0
31.0,0.3705492615699768,0.9524585008621216,0.0
31.0,0.3661417067050934,0.9541614651679993,0.0
31.0,0.3603106141090393,0.9521030783653259,0.0
31.0,0.35380715131759644,0.9481373429298401,0.0
31.0,0.3494197726249695,0.9497630000114441,0.0
31.0,0.3450249433517456,0.9513683319091797,0.0
31.0,0.3406227231025696,0.9529533386230469,0.0
31.0,0.3355487883090973,0.9526315927505493,0.0
31.0,0.32917362451553345,0.9485043883323669,0.0
31.0,0.3247848153114319,0.9500161409378052,0.0
31.0,0.319112628698349,0.9477167725563049,0.0
31.0,0.3147275745868683,0.9491820335388184,0.0
31.0,0.3097151219844818,0.9487257599830627,0.0
31.0,0.304713636636734,0.9482434391975403,0.0
31.0,0.30032628774642944,0.9496421217918396,0.0
31.0,0.2947440445423126,0.9472010731697083,0.0
31.0,0.2903616428375244,0.9485536813735962,0.0
31.0,0.2853964567184448,0.9479709267616272,0.0
31.0,0.28101059794425964,0.9492802619934082,0.0
31.0,0.2760598659515381,0.948648989200592,0.0
31.0,0.2711210250854492,0.9479922652244568,0.0
31.0,0.2667351961135864,0.9492356777191162,0.0
31.0,0.2618115544319153,0.9485308527946472,0.0
31.0,0.2574233412742615,0.949731171131134,0.0
31.0,0.2520010471343994,0.9470456838607788,0.0
31.0,0.24711446464061737,0.9462655186653137,0.0
31.0,0.24273689091205597,0.9473978877067566,0.0
31.0,0.23786669969558716,0.9465703368186951,0.0
31.0,0.2334877997636795,0.947659969329834,0.0
31.0,0.22863443195819855,0.9467852115631104,0.0
31.0,0.22379417717456818,0.9458858966827393,0.0
31.0,0.21941860020160675,0.9469105005264282,0.0
31.0,0.21459588408470154,0.9459643959999084,0.0
31.0,0.21022003889083862,0.9469464421272278,0.0
31.0,0.2054152935743332,0.9459537863731384,0.0
31.0,0.2006242275238037,0.944936990737915,0.0
31.0,0.19625328481197357,0.9458544850349426,0.0
31.0,0.19148088991641998,0.9447915554046631,0.0
31.0,0.18711072206497192,0.9456667304039001,0.0
31.0,0.18273654580116272,0.9465216994285583,0.0
31.0,0.17761839926242828,0.9434254765510559,0.0
31.0,0.17325468361377716,0.9442366361618042,0.0
31.0,0.16853544116020203,0.9430587291717529,0.0
31.0,0.16417351365089417,0.9438278675079346,0.0
31.0,0.15980809926986694,0.9445767998695374,0.0
31.0,0.15543925762176514,0.945305585861206,0.0
31.0,0.1510670930147171,0.9460141062736511,0.0
31.0,0.14638546109199524,0.9447259902954102,0.0
31.0,0.14201606810092926,0.9453927278518677,0.0
31.0,0.13735570013523102,0.9440600872039795,0.0
31.0,0.13298949599266052,0.9446850419044495,0.0
31.0,0.12835079431533813,0.9433080554008484,0.0
31.0,0.12398815900087357,0.9438914060592651,0.0
31.0,0.11962287127971649,0.944454550743103,0.0
31.0,0.11525502800941467,0.9449975490570068,0.0
31.0,0.11088472604751587,0.945520281791687,0.0
31.0,0.10651204735040665,0.9460228681564331,0.0
31.0,0.10170794278383255,0.942528247833252,0.0
31.0,0.09734919667243958,0.942988395690918,0.0
31.0,0.09298837184906006,0.9434283971786499,0.0
31.0,0.08862555772066116,0.9438482522964478,0.0
31.0,0.08426084369421005,0.9442479014396667,0.0
31.0,0.07989433407783508,0.9446274042129517,0.0
31.0,0.0753667801618576,0.9429929852485657,0.0
31.0,0.07085604965686798,0.9413370490074158,0.0
31.0,0.0665031373500824,0.9416545629501343,0.0
31.0,0.0621488057076931,0.9419519901275635,0.0
31.0,0.05779314786195755,0.9422292709350586,0.0
31.0,0.05343625321984291,0.9424864053726196,0.0
31.0,0.048974234610795975,0.9407260417938232,0.0
31.0,0.04462438449263573,0.9409424066543579,0.0
31.0,0.04027358070015907,0.9411386847496033,0.0
31.0,0.035921916365623474,0.9413148164749146,0.0
31.0,0.03156948462128639,0.9414708018302917,0.0
31.0,0.02721637673676014,0.9416067004203796,0.0
31.0,0.022862685844302177,0.9417225122451782,0.0
31.0,0.018508508801460266,0.941818118095398,0.0
31.0,0.014153935015201569,0.9418936371803284,0.0
31.0,0.009799058549106121,0.9419490098953247,0.0
31.0,0.005443972535431385,0.941984236240387,0.0
31.0,0.0010887705720961094,0.9419993162155151,0.0
31.0,-0.0032664549071341753,0.941994309425354,0.0
31.0,-0.007621610537171364,0.9419691562652588,0.0
31.0,-0.011976603418588638,0.9419238567352295,0.0
31.0,-0.016296666115522385,0.9398587346076965,0.0
31.0,-0.020641809329390526,0.9397733211517334,0.0
31.0,-0.0250396728515625,0.9416671395301819,0.0
31.0,-0.029393082484602928,0.941541314125061,0.0
31.0,-0.033745866268873215,0.9413953423500061,0.0
31.0,-0.03809792548418045,0.9412292242050171,0.0
31.0,-0.04244917258620262,0.9410430192947388,0.0
31.0,-0.04679951071739197,0.9408367276191711,0.0
31.0,-0.05114884674549103,0.9406102895736694,0.0
31.0,-0.05549709498882294,0.9403637647628784,0.0
31.0,-0.05984415113925934,0.9400971531867981,0.0
31.0,-0.06418993324041367,0.9398103952407837,0.0
31.0,-0.06853433698415756,0.9395036101341248,0.0
31.0,-0.07287728041410446,0.9391766786575317,0.0
31.0,-0.07738261669874191,0.9408230185508728,0.0
31.0,-0.08173156529664993,0.9404551982879639,0.0
31.0,-0.08607876300811768,0.9400672912597656,0.0
31.0,-0.09061569720506668,0.9416500329971313,0.0
31.0,-0.09496832638978958,0.9412209987640381,0.0
31.0,-0.09931892901659012,0.9407718777656555,0.0
31.0,-0.10366740822792053,0.9403026103973389,0.0
31.0,-0.10801366716623306,0.9398132562637329,0.0
31.0,-0.11235762387514114,0.9393038749694824,0.0
31.0,-0.11669917404651642,0.9387743473052979,0.0
31.0,-0.12129412591457367,0.940208375453949,0.0
31.0,-0.12563976645469666,0.9396375417709351,0.0
31.0,-0.12998270988464355,0.9390466213226318,0.0
31.0,-0.1343228816986084,0.9384356141090393,0.0
31.0,-0.13866019248962402,0.9378045797348022,0.0
31.0,-0.14299452304840088,0.9371534585952759,0.0
31.0,-0.14763662219047546,0.9384579658508301,0.0
31.0,-0.1519738882780075,0.93776535987854,0.0
31.0,-0.1563078910112381,0.9370527267456055,0.0
31.0,-0.16097676753997803,0.9382912516593933,0.0
31.0,-0.16531310975551605,0.9375370144844055,0.0
31.0,-0.17000232636928558,0.9387306571006775,0.0
31.0,-0.1747061014175415,0.9399009346961975,0.0
31.0,-0.17904974520206451,0.9390831589698792,0.0
31.0,-0.1833895593881607,0.9382452964782715,0.0
31.0,-0.18772545456886292,0.9373874068260193,0.0
31.0,-0.1924591362476349,0.9384686946868896,0.0
31.0,-0.19720681011676788,0.9395262002944946,0.0
31.0,-0.2015484869480133,0.9386043548583984,0.0
31.0,-0.2058858424425125,0.9376624822616577,0.0
31.0,-0.21021881699562073,0.9367005825042725,0.0
31.0,-0.21499426662921906,0.9376680850982666,0.0
31.0,-0.2193271517753601,0.9366641044616699,0.0
31.0,-0.22458532452583313,0.9395304322242737,0.0
31.0,-0.22940067946910858,0.9404250979423523,0.0
31.0,-0.23374615609645844,0.939354419708252,0.0
31.0,-0.23808665573596954,0.9382636547088623,0.0
31.0,-0.24242204427719116,0.9371528625488281,0.0
31.0,-0.24726209044456482,0.9379560351371765,0.0
31.0,-0.2521147131919861,0.9387343525886536,0.0
31.0,-0.25645214319229126,0.9375587105751038,0.0
31.0,-0.26132068037986755,0.9382896423339844,0.0
31.0,-0.2656559348106384,0.9370714426040649,0.0
31.0,-0.27053990960121155,0.9377548694610596,0.0
31.0,-0.27487263083457947,0.9364940524101257,0.0
31.0,-0.2803437113761902,0.9390460252761841,0.0
31.0,-0.2852632403373718,0.9396535754203796,0.0
31.0,-0.2896045744419098,0.9383246898651123,0.0
31.0,-0.2939396798610687,0.9369757175445557,0.0
31.0,-0.29826852679252625,0.9356066584587097,0.0
31.0,-0.30320730805397034,0.9361203908920288,0.0
31.0,-0.30753210186958313,0.9347085356712341,0.0
31.0,-0.31248414516448975,0.9351736307144165,0.0
31.0,-0.31808966398239136,0.9375067949295044,0.0
31.0,-0.32242071628570557,0.9360260963439941,0.0
31.0,-0.3274049460887909,0.9364133477210999,0.0
31.0,-0.33173084259033203,0.9348896145820618,0.0
31.0,-0.33672717213630676,0.9352276921272278,0.0
31.0,-0.3417336642742157,0.9355394840240479,0.0
31.0,-0.34605535864830017,0.9339494705200195,0.0
31.0,-0.35177677869796753,0.9360839128494263,0.0
31.0,-0.3561008870601654,0.9344475269317627,0.0
31.0,-0.3618590235710144,0.9365222454071045,0.0
31.0,-0.36764398217201233,0.9385637640953064,0.0
31.0,-0.37197938561439514,0.9368540048599243,0.0
31.0,-0.37705346941947937,0.9369795322418213,0.0
31.0,-0.38138142228126526,0.9352262616157532,0.0
31.0,-0.3872288167476654,0.9371499419212341,0.0
31.0,-0.3915574550628662,0.9353495836257935,0.0
31.0,-0.3974393904209137,0.937211811542511,0.0
31.0,-0.40255752205848694,0.9372019171714783,0.0
31.0,-0.4068862497806549,0.9353306889533997,0.0
31.0,-0.41201257705688477,0.9352697730064392,0.0
31.0,-0.41633227467536926,0.933354914188385,0.0
31.0,-0.42146629095077515,0.9332428574562073,0.0
31.0,-0.4274396598339081,0.9349220991134644,0.0
31.0,-0.4317575991153717,0.932935893535614,0.0
31.0,-0.4377630352973938,0.934552013874054,0.0
31.0,-0.4420791268348694,0.9325180649757385,0.0
31.0,-0.4472509026527405,0.9322674870491028,0.0
31.0,-0.45155635476112366,0.9301897287368774,0.0
31.0,-0.45761555433273315,0.9316823482513428,0.0
31.0,-0.4645882546901703,0.9349298477172852,0.0
31.0,-0.46890580654144287,0.9327718615531921,0.0
31.0,-0.4759329557418823,0.9359421730041504,0.0
31.0,-0.4802550673484802,0.933731734752655,0.0
31.0,-0.486412912607193,0.9350500106811523,0.0
31.0,-0.49073082208633423,0.9327911138534546,0.0
31.0,-0.4959775507450104,0.9322779774665833,0.0
31.0,-0.5021774768829346,0.9334975481033325,0.0
31.0,-0.506488025188446,0.9311658143997192,0.0
31.0,-1.0851831436157227,1.9732921123504639,0.0
31.0,-1.094294786453247,1.9682538509368896,0.0
31.0,-1.1033830642700195,1.963173508644104,0.0
31.0,-1.112447738647461,1.9580512046813965,0.0
31.0,-1.1254725456237793,1.9598243236541748,0.0
31.0,-1.1345216035842896,1.9545998573303223,0.0
31.0,-1.143546223640442,1.949333667755127,0.0
31.0,-1.1525465250015259,1.9440258741378784,0.0
31.0,-1.167689561843872,1.9489703178405762,0.0
31.0,-1.1829028129577637,1.9538159370422363,0.0
31.0,-1.1919233798980713,1.9483259916305542,0.0
31.0,-1.205124855041504,1.9495995044708252,0.0
31.0,-1.2141257524490356,1.9440069198608398,0.0
31.0,-1.2295042276382446,1.9485212564468384,0.0
31.0,-1.2384997606277466,1.942815899848938,0.0
31.0,-1.251800537109375,1.9437952041625977,0.0
31.0,-1.267317771911621,1.9480454921722412,0.0
31.0,-1.276310682296753,1.9421653747558594,0.0
31.0,-1.2919130325317383,1.9462416172027588,0.0
31.0,-1.3008973598480225,1.940247893333435,0.0
31.0,-1.3165827989578247,1.9441486597061157,0.0
31.0,-1.332331657409668,1.947945475578308,0.0
31.0,-1.3413234949111938,1.9417648315429688,0.0
31.0,-1.3548640012741089,1.9421039819717407,0.0
31.0,-1.3638285398483276,1.935819149017334,0.0
31.0,-1.379720687866211,1.9392708539962769,0.0
31.0,-1.388671875,1.9328712224960327,0.0
31.0,-1.4069888591766357,1.9393807649612427,0.0
31.0,-1.4230319261550903,1.9425355195999146,0.0
31.0,-1.4319977760314941,1.9359354972839355,0.0
31.0,-1.4481137990951538,1.9389086961746216,0.0
31.0,-1.4570626020431519,1.9321928024291992,0.0
31.0,-1.4732495546340942,1.9349831342697144,0.0
31.0,-1.4894933700561523,1.9376649856567383,0.0
31.0,-1.4984359741210938,1.930757761001587,0.0
31.0,-1.5172146558761597,1.9364038705825806,0.0
31.0,-1.526151180267334,1.929368495941162,0.0
31.0,-1.5325590372085571,1.9191663265228271,0.0
31.0,-1.526352882385254,1.8933753967285156,0.0
31.0,-1.5350903272628784,1.8862982988357544,0.0
31.0,-1.526021122932434,1.8575456142425537,0.0
31.0,-1.5345929861068726,1.8504704236984253,0.0
31.0,-1.5277262926101685,1.8249528408050537,0.0
31.0,-1.5361474752426147,1.817870020866394,0.0
31.0,-1.5289604663848877,1.792488694190979,0.0
31.0,-1.5215721130371094,1.767213225364685,0.0
31.0,-1.5297263860702515,1.7601594924926758,0.0
31.0,-1.522020936012268,1.7350263595581055,0.0
31.0,-1.5300264358520508,1.7279709577560425,0.0
31.0,-1.5220059156417847,1.7029837369918823,0.0
31.0,-1.5164668560028076,1.6810781955718994,0.0
31.0,-1.5242228507995605,1.6740490198135376,0.0
31.0,-1.5157066583633423,1.649312973022461,0.0
31.0,-1.5233159065246582,1.6422876119613647,0.0
31.0,-1.517223834991455,1.6206270456314087,0.0
31.0,-1.5109643936157227,1.5990581512451172,0.0
31.0,-1.518341302871704,1.592055320739746,0.0
31.0,-1.5118157863616943,1.570609211921692,0.0
31.0,-1.5190612077713013,1.5636026859283447,0.0
31.0,-1.5094709396362305,1.5394262075424194,0.0
31.0,-1.502503752708435,1.5182154178619385,0.0
31.0,-1.5095069408416748,1.511252522468567,0.0
31.0,-1.505118489265442,1.4929895401000977,0.0
31.0,-1.512005090713501,1.4860148429870605,0.0
31.0,-1.504530429840088,1.4650554656982422,0.0
31.0,-1.5112879276275635,1.4580838680267334,0.0
31.0,-1.5064473152160645,1.4400253295898438,0.0
31.0,-1.5014722347259521,1.422042727470398,0.0
31.0,-1.5080307722091675,1.4150856733322144,0.0
31.0,-1.499909520149231,1.3944804668426514,0.0
31.0,-1.494572401046753,1.3766907453536987,0.0
31.0,-1.500921368598938,1.369766116142273,0.0
31.0,-1.4983372688293457,1.3547639846801758,0.0
31.0,-1.504584789276123,1.3478220701217651,0.0
31.0,-1.498833417892456,1.3302308320999146,0.0
31.0,-1.4929519891738892,1.312721848487854,0.0
31.0,-1.4990051984786987,1.3058053255081177,0.0
31.0,-1.4944275617599487,1.289713978767395,0.0
31.0,-1.500374436378479,1.2827908992767334,0.0
31.0,-1.4956063032150269,1.2667919397354126,0.0
31.0,-1.5014472007751465,1.2598636150360107,0.0
31.0,-1.4964898824691772,1.2439590692520142,0.0
31.0,-1.4914177656173706,1.2281274795532227,0.0
31.0,-1.4970799684524536,1.2212189435958862,0.0
31.0,-1.4918208122253418,1.205485224723816,0.0
31.0,-1.4973783493041992,1.1985750198364258,0.0
31.0,-1.4919337034225464,1.182941198348999,0.0
31.0,-1.4895225763320923,1.1698541641235352,0.0
31.0,-1.494915246963501,1.1629550457000732,0.0
31.0,-1.4907705783843994,1.1487066745758057,0.0
31.0,-1.4960654973983765,1.1418019533157349,0.0
31.0,-1.4885648488998413,1.1252247095108032,0.0
31.0,-1.482544183731079,1.1099400520324707,0.0
31.0,-1.4876599311828613,1.1030738353729248,0.0
31.0,-1.4830718040466309,1.0890812873840332,0.0
31.0,-1.488091230392456,1.0822129249572754,0.0
31.0,-1.4849642515182495,1.0694772005081177,0.0
31.0,-1.4801230430603027,1.0556323528289795,0.0
31.0,-1.4849878549575806,1.0487778186798096,0.0
31.0,-1.4799870252609253,1.035023808479309,0.0
31.0,-1.484756588935852,1.0281702280044556,0.0
31.0,-1.481246829032898,1.0156396627426147,0.0
31.0,-1.4793078899383545,1.0042870044708252,0.0
31.0,-1.4839352369308472,0.9974368214607239,0.0
31.0,-1.4785407781600952,0.9839172959327698,0.0
31.0,-1.4830739498138428,0.9770709276199341,0.0
31.0,-1.4775242805480957,0.9636483192443848,0.0
31.0,-1.481963872909546,0.9568068385124207,0.0
31.0,-1.4779454469680786,0.9445596933364868,0.0
31.0,-1.4738457202911377,0.9323703646659851,0.0
31.0,-1.4781407117843628,0.9255462884902954,0.0
31.0,-1.473904013633728,0.913434624671936,0.0
31.0,-1.4695872068405151,0.9013820290565491,0.0
31.0,-1.4737389087677002,0.8945779204368591,0.0
31.0,-1.4692867994308472,0.8826053142547607,0.0
31.0,-1.4733517169952393,0.8758028149604797,0.0
31.0,-1.470489501953125,0.8649256825447083,0.0
31.0,-1.4744726419448853,0.8581178188323975,0.0
31.0,-1.4714914560317993,0.8472996354103088,0.0
31.0,-1.4684420824050903,0.8365274667739868,0.0
31.0,-1.4722938537597656,0.8297293782234192,0.0
31.0,-1.46912682056427,0.8190180659294128,0.0
31.0,-1.4728976488113403,0.8122169971466064,0.0
31.0,-1.4696139097213745,0.8015679121017456,0.0
31.0,-1.4662631750106812,0.7909665703773499,0.0
31.0,-1.4699045419692993,0.7841790914535522,0.0
31.0,-1.4646697044372559,0.7727086544036865,0.0
31.0,-1.4682265520095825,0.7659286856651306,0.0
31.0,-1.4646421670913696,0.755465030670166,0.0
31.0,-1.4627741575241089,0.7459595203399658,0.0
31.0,-1.4662073850631714,0.7391886115074158,0.0
31.0,-1.462449073791504,0.7288335561752319,0.0
31.0,-1.4658031463623047,0.7220643162727356,0.0
31.0,-1.4637314081192017,0.7126532196998596,0.0
31.0,-1.4598016738891602,0.7024095058441162,0.0
31.0,-1.4630335569381714,0.6956527829170227,0.0
31.0,-1.4589935541152954,0.6854793429374695,0.0
31.0,-1.4621471166610718,0.6787264943122864,0.0
31.0,-1.4598156213760376,0.6694580912590027,0.0
31.0,-1.4574298858642578,0.6602258682250977,0.0
31.0,-1.460466742515564,0.653480589389801,0.0
31.0,-1.457984447479248,0.6442961096763611,0.0
31.0,-1.4609476327896118,0.6375483870506287,0.0
31.0,-1.458369493484497,0.6284127235412598,0.0
31.0,-1.4538978338241577,0.6185316443443298,0.0
31.0,-1.4567419290542603,0.6118031144142151,0.0
31.0,-1.4558597803115845,0.603529691696167,0.0
31.0,-1.458634614944458,0.5967922806739807,0.0
31.0,-1.4558147192001343,0.5877957344055176,0.0
31.0,-1.4585167169570923,0.5810586810112,0.0
31.0,-1.4556033611297607,0.5721144080162048,0.0
31.0,-1.4526386260986328,0.5632094740867615,0.0
31.0,-1.455227017402649,0.5564873814582825,0.0
31.0,-1.4521703720092773,0.5476362705230713,0.0
31.0,-1.4546867609024048,0.5409165024757385,0.0
31.0,-1.4515385627746582,0.5321199893951416,0.0
31.0,-1.4502214193344116,0.5240439176559448,0.0
31.0,-1.4526287317276,0.5173333883285522,0.0
31.0,-1.4493435621261597,0.5086249709129333,0.0
31.0,-1.4478991031646729,0.5006116032600403,0.0
31.0,-1.4501981735229492,0.49391207098960876,0.0
31.0,-1.4467778205871582,0.4852938950061798,0.0
31.0,-1.4490059614181519,0.4785997271537781,0.0
31.0,-1.4473992586135864,0.4706583619117737,0.0
31.0,-1.4495598077774048,0.4639614522457123,0.0
31.0,-1.4478741884231567,0.4560529291629791,0.0
31.0,-1.444236159324646,0.44757789373397827,0.0
31.0,-1.4462900161743164,0.44089585542678833,0.0
31.0,-1.4444814920425415,0.43305572867393494,0.0
31.0,-1.4464682340621948,0.4263727366924286,0.0
31.0,-1.4445819854736328,0.41856738924980164,0.0
31.0,-1.4426547288894653,0.4107886552810669,0.0
31.0,-1.4445385932922363,0.40411433577537537,0.0
31.0,-1.4425344467163086,0.3963715732097626,0.0
31.0,-1.4443516731262207,0.38969796895980835,0.0
31.0,-1.4422712326049805,0.3819918930530548,0.0
31.0,-1.440150499343872,0.37431344389915466,0.0
31.0,-1.4418656826019287,0.367651104927063,0.0
31.0,-1.4396694898605347,0.3600104749202728,0.0
31.0,-1.4413186311721802,0.35335052013397217,0.0
31.0,-1.4409922361373901,0.34621575474739075,0.0
31.0,-1.4425774812698364,0.33954980969429016,0.0
31.0,-1.4402341842651367,0.3319781720638275,0.0
31.0,-1.439802646636963,0.3248756527900696,0.0
31.0,-1.4412893056869507,0.31821542978286743,0.0
31.0,-1.436880350112915,0.31028199195861816,0.0
31.0,-1.438299536705017,0.3036354184150696,0.0
31.0,-1.4377292394638062,0.2965783476829529,0.0
31.0,-1.4371243715286255,0.28953298926353455,0.0
31.0,-1.4384477138519287,0.2828855514526367,0.0
31.0,-1.4358118772506714,0.275478333234787,0.0
31.0,-1.4370701313018799,0.2688370943069458,0.0
31.0,-1.4363301992416382,0.26183146238327026,0.0
31.0,-1.4355560541152954,0.25483837723731995,0.0
31.0,-1.4367189407348633,0.24819853901863098,0.0
31.0,-1.4339064359664917,0.2408907115459442,0.0
31.0,-1.4350048303604126,0.23425865173339844,0.0
31.0,-1.4340972900390625,0.2273084968328476,0.0
31.0,-1.4351328611373901,0.22067570686340332,0.0
31.0,-1.4341596364974976,0.21374337375164032,0.0
31.0,-1.4311734437942505,0.2065390944480896,0.0
31.0,-1.4321130514144897,0.19992002844810486,0.0
31.0,-1.4310400485992432,0.19302935898303986,0.0
31.0,-1.4319171905517578,0.186411052942276,0.0
31.0,-1.4327638149261475,0.17978878319263458,0.0
31.0,-1.4296085834503174,0.172682985663414,0.0
31.0,-1.4303916692733765,0.16607153415679932,0.0
31.0,-1.4291564226150513,0.15923504531383514,0.0
31.0,-1.4298774003982544,0.15262581408023834,0.0
31.0,-1.430567741394043,0.14601333439350128,0.0
31.0,-1.4292370080947876,0.13920384645462036,0.0
31.0,-1.4298652410507202,0.13259446620941162,0.0
31.0,-1.4284707307815552,0.1258067935705185,0.0
31.0,-1.429037094116211,0.11920109391212463,0.0
31.0,-1.4295729398727417,0.11259284615516663,0.0
31.0,-1.4280837774276733,0.10583438724279404,0.0
31.0,-1.4285577535629272,0.09923069179058075,0.0
31.0,-1.427005410194397,0.09249550849199295,0.0
31.0,-1.4274177551269531,0.08589693903923035,0.0
31.0,-1.4258028268814087,0.07918563485145569,0.0
31.0,-1.4241563081741333,0.0724911019206047,0.0
31.0,-1.424476146697998,0.06590592116117477,0.0
31.0,-1.424765706062317,0.05931933596730232,0.0
31.0,-1.4250247478485107,0.0527314767241478,0.0
31.0,-1.423254370689392,0.04607778042554855,0.0
31.0,-1.4234521389007568,0.039497051388025284,0.0
31.0,-1.4236195087432861,0.03291548043489456,0.0
31.0,-1.42375648021698,0.02633320540189743,0.0
31.0,-1.4238630533218384,0.01975036785006523,0.0
31.0,-1.4239391088485718,0.013167107477784157,0.0
31.0,-1.4239847660064697,0.006583565846085548,0.0
31.0,-1.4220000505447388,-1.1636915075996512e-07,0.0
32.0,-1.4199999570846558,1.2414034245011862e-07,0.0
32.0,-1.4199848175048828,-0.006565064657479525,0.0
32.0,-1.4199392795562744,-0.013130112551152706,0.0
32.0,-1.4198633432388306,-0.01969487965106964,0.0
32.0,-1.4197571277618408,-0.026259226724505424,0.0
32.0,-1.4196205139160156,-0.03282301127910614,0.0
32.0,-1.4194536209106445,-0.039386097341775894,0.0
32.0,-1.419256329536438,-0.0459483377635479,0.0
32.0,-1.4190287590026855,-0.052509598433971405,0.0
32.0,-1.4187707901000977,-0.05906973406672478,0.0
32.0,-1.4184825420379639,-0.06562861055135727,0.0
32.0,-1.4181640148162842,-0.07218608260154724,0.0
32.0,-1.4198120832443237,-0.07885292172431946,0.0
32.0,-1.4214286804199219,-0.08553653210401535,0.0
32.0,-1.4210180044174194,-0.09210740774869919,0.0
32.0,-1.4185818433761597,-0.09853773564100266,0.0
32.0,-1.4181110858917236,-0.10509531199932098,0.0
32.0,-1.4176100492477417,-0.11165064573287964,0.0
32.0,-1.4170787334442139,-0.11820358783006668,0.0
32.0,-1.4185093641281128,-0.12492947280406952,0.0
32.0,-1.415925145149231,-0.13130176067352295,0.0
32.0,-1.4153029918670654,-0.1378467082977295,0.0
32.0,-1.4166401624679565,-0.1445917785167694,0.0
32.0,-1.4159564971923828,-0.15113988518714905,0.0
32.0,-1.4152425527572632,-0.15768477320671082,0.0
32.0,-1.416485071182251,-0.16445693373680115,0.0
32.0,-1.4157096147537231,-0.17100411653518677,0.0
32.0,-1.4168882369995117,-0.1777966469526291,0.0
32.0,-1.4160510301589966,-0.184345543384552,0.0
32.0,-1.4171656370162964,-0.19115786254405975,0.0
32.0,-1.416266679763794,-0.1977079063653946,0.0
32.0,-1.4153375625610352,-0.20425371825695038,0.0
32.0,-1.414378046989441,-0.21079516410827637,0.0
32.0,-1.4133883714675903,-0.21733210980892181,0.0
32.0,-1.4143438339233398,-0.2241775244474411,0.0
32.0,-1.4132922887802124,-0.23071415722370148,0.0
32.0,-1.4141827821731567,-0.23757721483707428,0.0
32.0,-1.4130693674087524,-0.24411296844482422,0.0
32.0,-1.413894772529602,-0.2509930729866028,0.0
32.0,-1.4127192497253418,-0.25752735137939453,0.0
32.0,-1.4134793281555176,-0.2644239068031311,0.0
32.0,-1.4122416973114014,-0.2709560990333557,0.0
32.0,-1.4109739065170288,-0.2774825394153595,0.0
32.0,-1.4116365909576416,-0.28439804911613464,0.0
32.0,-1.410306692123413,-0.29092150926589966,0.0
32.0,-1.4109033346176147,-0.29785189032554626,0.0
32.0,-1.411466121673584,-0.30479398369789124,0.0
32.0,-1.4100419282913208,-0.31131646037101746,0.0
32.0,-1.4105384349822998,-0.31827250123023987,0.0
32.0,-1.409051775932312,-0.3247905373573303,0.0
32.0,-1.4094818830490112,-0.33175987005233765,0.0
32.0,-1.407932996749878,-0.3382728695869446,0.0
32.0,-1.4082965850830078,-0.34525489807128906,0.0
32.0,-1.410565733909607,-0.35273265838623047,0.0
32.0,-1.4089198112487793,-0.3592504560947418,0.0
32.0,-1.409179449081421,-0.36626365780830383,0.0
32.0,-1.4074710607528687,-0.3727749288082123,0.0
32.0,-1.4076634645462036,-0.3797991871833801,0.0
32.0,-1.4078210592269897,-0.38683319091796875,0.0
32.0,-1.406017541885376,-0.3933379352092743,0.0
32.0,-1.4061075448989868,-0.40038201212882996,0.0
32.0,-1.4042413234710693,-0.40687867999076843,0.0
32.0,-1.4061819314956665,-0.41449761390686035,0.0
32.0,-1.4042505025863647,-0.42099449038505554,0.0
32.0,-1.4061152935028076,-0.42864876985549927,0.0
32.0,-1.4060288667678833,-0.4357371926307678,0.0
32.0,-1.4039992094039917,-0.442233145236969,0.0
32.0,-1.4057492017745972,-0.44993895292282104,0.0
32.0,-1.4036539793014526,-0.4564334452152252,0.0
32.0,-1.4053269624710083,-0.46417272090911865,0.0
32.0,-1.405061960220337,-0.4713011384010315,0.0
32.0,-1.4028680324554443,-0.47779223322868347,0.0
32.0,-1.4044243097305298,-0.485580176115036,0.0
32.0,-1.402164340019226,-0.49206817150115967,0.0
32.0,-1.4017584323883057,-0.49921664595603943,0.0
32.0,-1.4031972885131836,-0.5070515275001526,0.0
32.0,-1.400838017463684,-0.5135335922241211,0.0
32.0,-1.402198076248169,-0.5213988423347473,0.0
32.0,-1.3997724056243896,-0.5278761982917786,0.0
32.0,-1.4029210805892944,-0.5364852547645569,0.0
32.0,-1.400425672531128,-0.5429657697677612,0.0
32.0,-1.401623249053955,-0.5508978962898254,0.0
32.0,-1.4009191989898682,-0.558112382888794,0.0
32.0,-1.398323893547058,-0.564583420753479,0.0
32.0,-1.4012519121170044,-0.5733144283294678,0.0
32.0,-1.3985862731933594,-0.5797867774963379,0.0
32.0,-1.39957857131958,-0.587795615196228,0.0
32.0,-1.400526762008667,-0.5958260297775269,0.0
32.0,-1.3977570533752441,-0.6022948026657104,0.0
32.0,-1.4004566669464111,-0.6111505031585693,0.0
32.0,-1.3976161479949951,-0.6176188588142395,0.0
32.0,-1.4002225399017334,-0.6265245079994202,0.0
32.0,-1.3973109722137451,-0.6329915523529053,0.0
32.0,-1.3980052471160889,-0.6411124467849731,0.0
32.0,-1.4004684686660767,-0.6500954031944275,0.0
32.0,-1.397447943687439,-0.6565633416175842,0.0
32.0,-1.3980097770690918,-0.6647348999977112,0.0
32.0,-1.3949215412139893,-0.6711912751197815,0.0
32.0,-1.3989962339401245,-0.681135356426239,0.0
32.0,-1.3958321809768677,-0.6875961422920227,0.0
32.0,-1.3980083465576172,-0.6967185139656067,0.0
32.0,-1.400129795074463,-0.7058756351470947,0.0
32.0,-1.3968513011932373,-0.7123413681983948,0.0
32.0,-1.3970979452133179,-0.720625638961792,0.0
32.0,-1.3937513828277588,-0.7270772457122803,0.0
32.0,-1.395681619644165,-0.7363129258155823,0.0
32.0,-1.397556185722351,-0.7455819845199585,0.0
32.0,-1.3940942287445068,-0.7520354390144348,0.0
32.0,-1.3958698511123657,-0.7613458633422852,0.0
32.0,-1.3923349380493164,-0.7677913308143616,0.0
32.0,-1.395757794380188,-0.7781158685684204,0.0
32.0,-1.3973723649978638,-0.7875064015388489,0.0
32.0,-1.3937164545059204,-0.7939585447311401,0.0
32.0,-1.3952305316925049,-0.8033877611160278,0.0
32.0,-1.3915011882781982,-0.809829831123352,0.0
32.0,-1.3929139375686646,-0.8192965984344482,0.0
32.0,-1.3891111612319946,-0.8257278203964233,0.0
32.0,-1.3921363353729248,-0.8362607955932617,0.0
32.0,-1.3933842182159424,-0.8458016514778137,0.0
32.0,-1.3894588947296143,-0.8522347211837769,0.0
32.0,-1.3940038681030273,-0.8639174103736877,0.0
32.0,-1.389994740486145,-0.8703531622886658,0.0
32.0,-1.391026496887207,-0.8799780607223511,0.0
32.0,-1.3869432210922241,-0.8863998651504517,0.0
32.0,-1.3878707885742188,-0.89605712890625,0.0
32.0,-1.3920891284942627,-0.9079270958900452,0.0
32.0,-1.3878766298294067,-0.9143534898757935,0.0
32.0,-1.3902944326400757,-0.9251924753189087,0.0
32.0,-1.3860020637512207,-0.9316104650497437,0.0
32.0,-1.3882989883422852,-0.942501962184906,0.0
32.0,-1.3905246257781982,-0.9534345269203186,0.0
32.0,-1.3861016035079956,-0.9598532319068909,0.0
32.0,-1.3882049322128296,-0.9708362817764282,0.0
32.0,-1.3837015628814697,-0.9772440791130066,0.0
32.0,-1.3873101472854614,-0.9894375801086426,0.0
32.0,-1.382720708847046,-0.9958410263061523,0.0
32.0,-1.3845717906951904,-1.006928563117981,0.0
32.0,-1.392797827720642,-1.022789478302002,0.0
32.0,-1.3880542516708374,-1.0292179584503174,0.0
32.0,-1.3848819732666016,-1.036823034286499,0.0
32.0,-1.3800735473632812,-1.0432147979736328,0.0
32.0,-1.360926866531372,-1.0386637449264526,0.0
32.0,-1.3418519496917725,-1.033958077430725,0.0
32.0,-1.3370572328567505,-1.0401508808135986,0.0
32.0,-1.3196508884429932,-1.0364389419555664,0.0
32.0,-1.3148448467254639,-1.0425291061401367,0.0
32.0,-1.2959582805633545,-1.0373485088348389,0.0
32.0,-1.2771480083465576,-1.0320159196853638,0.0
32.0,-1.2723629474639893,-1.0379096269607544,0.0
32.0,-1.2536554336547852,-1.0323389768600464,0.0
32.0,-1.2488691806793213,-1.0381240844726562,0.0
32.0,-1.2333316802978516,-1.0348880290985107,0.0
32.0,-1.2178508043289185,-1.031530499458313,0.0
32.0,-1.2130687236785889,-1.0371500253677368,0.0
32.0,-1.1976618766784668,-1.0336005687713623,0.0
32.0,-1.1928703784942627,-1.0391267538070679,0.0
32.0,-1.1790415048599243,-1.0367069244384766,0.0
32.0,-1.162269115447998,-1.0315263271331787,0.0
32.0,-1.1574875116348267,-1.0368889570236206,0.0
32.0,-1.1408132314682007,-1.0314985513687134,0.0
32.0,-1.136031985282898,-1.0367618799209595,0.0
32.0,-1.1224004030227661,-1.0338730812072754,0.0
32.0,-1.108819842338562,-1.0308805704116821,0.0
32.0,-1.1040418148040771,-1.0359959602355957,0.0
32.0,-1.0890755653381348,-1.03146231174469,0.0
32.0,-1.0842950344085693,-1.0364865064620972,0.0
32.0,-1.0694161653518677,-1.0317678451538086,0.0
32.0,-1.056037187576294,-1.0283294916152954,0.0
32.0,-1.0512715578079224,-1.033200979232788,0.0
32.0,-1.0379638671875,-1.0295994281768799,0.0
32.0,-1.03319251537323,-1.0343873500823975,0.0
32.0,-1.0199581384658813,-1.0306237936019897,0.0
32.0,-1.0151822566986084,-1.0353285074234009,0.0
32.0,-1.0034165382385254,-1.0328384637832642,0.0
32.0,-0.9916956424713135,-1.0302618741989136,0.0
32.0,-0.9869217872619629,-1.0348358154296875,0.0
32.0,-0.973885178565979,-1.030665636062622,0.0
32.0,-0.9636421203613281,-1.0293171405792236,0.0
32.0,-0.95887291431427,-1.0337613821029663,0.0
32.0,-0.9459633827209473,-1.0293480157852173,0.0
32.0,-0.9411942362785339,-1.0337104797363281,0.0
32.0,-0.9297067523002625,-1.0306257009506226,0.0
32.0,-0.9249318242073059,-1.0349130630493164,0.0
32.0,-0.9135079383850098,-1.0316914319992065,0.0
32.0,-0.9034526348114014,-1.0298899412155151,0.0
32.0,-0.8986814022064209,-1.0340559482574463,0.0
32.0,-0.8873662352561951,-1.0306217670440674,0.0
32.0,-0.8825918436050415,-1.0347133874893188,0.0
32.0,-0.8713441491127014,-1.0311447381973267,0.0
32.0,-0.8614321947097778,-1.0290279388427734,0.0
32.0,-0.8566654324531555,-1.0329996347427368,0.0
32.0,-0.8468020558357239,-1.030767798423767,0.0
32.0,-0.8420273661613464,-1.0346719026565552,0.0
32.0,-0.832213819026947,-1.0323256254196167,0.0
32.0,-0.8211920261383057,-1.0283479690551758,0.0
32.0,-0.8164287805557251,-1.03213369846344,0.0
32.0,-0.8054805994033813,-1.02802574634552,0.0
32.0,-0.8007190823554993,-1.0317387580871582,0.0
32.0,-0.7922836542129517,-1.0306727886199951,0.0
32.0,-0.782663881778717,-1.0279598236083984,0.0
32.0,-0.7779028415679932,-1.0315674543380737,0.0
32.0,-0.7683380842208862,-1.0287432670593262,0.0
32.0,-0.7635735869407654,-1.0322846174240112,0.0
32.0,-0.7552469968795776,-1.030963659286499,0.0
32.0,-0.7457746267318726,-1.0279690027236938,0.0
32.0,-0.7410139441490173,-1.0314059257507324,0.0
32.0,-0.731599748134613,-1.0283023118972778,0.0
32.0,-0.726837694644928,-1.031673789024353,0.0
32.0,-0.71748286485672,-1.0284620523452759,0.0
32.0,-0.7093101143836975,-1.0268316268920898,0.0
32.0,-0.704555094242096,-1.0301001071929932,0.0
32.0,-0.6952992081642151,-1.0267224311828613,0.0
32.0,-0.6905449032783508,-1.029926061630249,0.0
32.0,-0.6813514232635498,-1.026442527770996,0.0
32.0,-0.6765984892845154,-1.0295816659927368,0.0
32.0,-0.6696498990058899,-1.029345989227295,0.0
32.0,-0.6616350412368774,-1.0273865461349487,0.0
32.0,-0.6568779945373535,-1.030434489250183,0.0
32.0,-0.6489050388336182,-1.0283862352371216,0.0
32.0,-0.6409651637077332,-1.0262863636016846,0.0
32.0,-0.6362134218215942,-1.0292388200759888,0.0
32.0,-0.6283168792724609,-1.0270510911941528,0.0
32.0,-0.6235617399215698,-1.0299450159072876,0.0
32.0,-0.6157095432281494,-1.0276700258255005,0.0
32.0,-0.6109516620635986,-1.030505657196045,0.0
32.0,-0.6031447649002075,-1.028144121170044,0.0
32.0,-0.5953727960586548,-1.0257325172424316,0.0
32.0,-0.5906240940093994,-1.02847421169281,0.0
32.0,-0.5838868618011475,-1.027716040611267,0.0
32.0,-0.5791290998458862,-1.0304045677185059,0.0
32.0,-0.5714434385299683,-1.0278270244598389,0.0
32.0,-0.5637940168380737,-1.025200605392456,0.0
32.0,-0.5590481162071228,-1.0277962684631348,0.0
32.0,-0.5523952841758728,-1.0268473625183105,0.0
32.0,-0.5476418733596802,-1.0293903350830078,0.0
32.0,-0.5400832295417786,-1.0266011953353882,0.0
32.0,-0.5334851741790771,-1.025538682937622,0.0
32.0,-0.5287380218505859,-1.0279942750930786,0.0
32.0,-0.5221664309501648,-1.0268622636795044,0.0
32.0,-0.517413318157196,-1.0292654037475586,0.0
32.0,-0.5099790692329407,-1.0262736082077026,0.0
32.0,-0.5034652948379517,-1.0250300168991089,0.0
32.0,-0.49872082471847534,-1.0273468494415283,0.0
32.0,-0.49137043952941895,-1.024232029914856,0.0
32.0,-0.48662978410720825,-1.0264928340911865,0.0
32.0,-0.48103031516075134,-1.0269205570220947,0.0
32.0,-0.47375738620758057,-1.0236884355545044,0.0
32.0,-0.46901941299438477,-1.0258678197860718,0.0
32.0,-0.4618018865585327,-1.022557020187378,0.0
32.0,-0.4570693075656891,-1.0246812105178833,0.0
32.0,-0.4515206515789032,-1.0249532461166382,0.0
32.0,-0.4467770755290985,-1.0270298719406128,0.0
32.0,-0.44044533371925354,-1.02540922164917,0.0
32.0,-0.43413808941841125,-1.023751974105835,0.0
32.0,-0.4294002652168274,-1.0257482528686523,0.0
32.0,-0.42388951778411865,-1.025874137878418,0.0
32.0,-0.4191419780254364,-1.0278229713439941,0.0
32.0,-0.4128921926021576,-1.0260390043258667,0.0
32.0,-0.40592989325523376,-1.0223604440689087,0.0
32.0,-0.4011988043785095,-1.0242263078689575,0.0
32.0,-0.39501744508743286,-1.022339105606079,0.0
32.0,-0.39028656482696533,-1.0241544246673584,0.0
32.0,-0.3848437964916229,-1.0240757465362549,0.0
32.0,-0.38149479031562805,-1.0295950174331665,0.0
32.0,-0.3767305314540863,-1.0313477516174316,0.0
32.0,-0.37128064036369324,-1.0311967134475708,0.0
32.0,-0.3665090799331665,-1.0329022407531738,0.0
32.0,-0.36106956005096436,-1.0326977968215942,0.0
32.0,-0.3549884855747223,-1.0305742025375366,0.0
32.0,-0.3502199649810791,-1.032204508781433,0.0
32.0,-0.3441762328147888,-1.0300188064575195,0.0
32.0,-0.3394103944301605,-1.0315990447998047,0.0
32.0,-0.3334047794342041,-1.029351830482483,0.0
32.0,-0.3286421298980713,-1.0308823585510254,0.0
32.0,-0.32387247681617737,-1.0323907136917114,0.0
32.0,-0.31791621446609497,-1.0300549268722534,0.0
32.0,-0.3131504952907562,-1.0315138101577759,0.0
32.0,-0.3072338104248047,-1.0291178226470947,0.0
32.0,-0.3024725317955017,-1.0305272340774536,0.0
32.0,-0.2971504032611847,-1.0299930572509766,0.0
32.0,-0.29183971881866455,-1.029431700706482,0.0
32.0,-0.2870771586894989,-1.0307700634002686,0.0
32.0,-0.28125306963920593,-1.0282279253005981,0.0
32.0,-0.27649617195129395,-1.0295172929763794,0.0
32.0,-0.270713746547699,-1.0269168615341187,0.0
32.0,-0.26596304774284363,-1.0281574726104736,0.0
32.0,-0.26120665669441223,-1.0293761491775513,0.0
32.0,-0.25596168637275696,-1.0286318063735962,0.0
32.0,-0.2512032091617584,-1.0298042297363281,0.0
32.0,-0.24597439169883728,-1.029009461402893,0.0
32.0,-0.2407582849264145,-1.0281884670257568,0.0
32.0,-0.23600201308727264,-1.0292905569076538,0.0
32.0,-0.2308027595281601,-1.0284192562103271,0.0
32.0,-0.22604551911354065,-1.0294753313064575,0.0
32.0,-0.22086356580257416,-1.028554081916809,0.0
32.0,-0.21569494903087616,-1.027606725692749,0.0
32.0,-0.2109416425228119,-1.0285929441452026,0.0
32.0,-0.20579108595848083,-1.0275962352752686,0.0
32.0,-0.2010379284620285,-1.0285366773605347,0.0
32.0,-0.1959058940410614,-1.0274906158447266,0.0
32.0,-0.19115333259105682,-1.0283854007720947,0.0
32.0,-0.18639668822288513,-1.029258131980896,0.0
32.0,-0.18094146251678467,-1.026169776916504,0.0
32.0,-0.1761951595544815,-1.026995301246643,0.0
32.0,-0.17078694701194763,-1.0238534212112427,0.0
32.0,-0.1660514622926712,-1.0246320962905884,0.0
32.0,-0.16131243109703064,-1.0253888368606567,0.0
32.0,-0.15626828372478485,-1.024146556854248,0.0
32.0,-0.15153160691261292,-1.0248581171035767,0.0
32.0,-0.14650830626487732,-1.0235679149627686,0.0
32.0,-0.14177440106868744,-1.024234414100647,0.0
32.0,-0.1370374709367752,-1.024878978729248,0.0
32.0,-0.13204170763492584,-1.0235178470611572,0.0
32.0,-0.127308189868927,-1.0241174697875977,0.0
32.0,-0.12233441323041916,-1.0227092504501343,0.0
32.0,-0.11760473996400833,-1.023263931274414,0.0
32.0,-0.11265338212251663,-1.0218087434768677,0.0
32.0,-0.10792797803878784,-1.022318720817566,0.0
32.0,-0.103200264275074,-1.0228067636489868,0.0
32.0,-0.09847034513950348,-1.02327299118042,0.0
32.0,-0.09373831748962402,-1.0237172842025757,0.0
32.0,-0.08900429308414459,-1.0241397619247437,0.0
32.0,-0.08426836133003235,-1.0245403051376343,0.0
32.0,-0.07953062653541565,-1.0249189138412476,0.0
32.0,-0.0745001882314682,-1.0212863683700562,0.0
32.0,-0.06977760046720505,-1.0216199159622192,0.0
32.0,-0.0650535300374031,-1.021931529045105,0.0
32.0,-0.06032806262373924,-1.0222214460372925,0.0
32.0,-0.05560130625963211,-1.0224894285202026,0.0
32.0,-0.05087336152791977,-1.022735595703125,0.0
32.0,-0.046144332736730576,-1.02295982837677,0.0
32.0,-0.04141431301832199,-1.0231622457504272,0.0
32.0,-0.03668341040611267,-1.0233427286148071,0.0
32.0,-0.031951725482940674,-1.0235013961791992,0.0
32.0,-0.02716618962585926,-1.0216388702392578,0.0
32.0,-0.02244248241186142,-1.0217535495758057,0.0
32.0,-0.017718294635415077,-1.0218462944030762,0.0
32.0,-0.012993729673326015,-1.0219173431396484,0.0
32.0,-0.008285068906843662,-1.0239665508270264,0.0
32.0,-0.0035508018918335438,-1.0239938497543335,0.0
32.0,0.0011812294833362103,-1.0219992399215698,0.0
32.0,0.005906300153583288,-1.0219829082489014,0.0
32.0,0.010631244629621506,-1.0219446420669556,0.0
32.0,0.01535596139729023,-1.021884560585022,0.0
32.0,0.02008035033941269,-1.0218026638031006,0.0
32.0,0.024804310873150826,-1.0216989517211914,0.0
32.0,0.029527738690376282,-1.0215733051300049,0.0
32.0,0.03425053879618645,-1.0214258432388306,0.0
32.0,0.038972605019807816,-1.0212565660476685,0.0
32.0,0.04369383677840233,-1.0210654735565186,0.0
32.0,0.04850888252258301,-1.0228503942489624,0.0
32.0,0.05323738232254982,-1.0226151943206787,0.0
32.0,0.0579647459089756,-1.0223581790924072,0.0
32.0,0.06256841868162155,-1.0200828313827515,0.0
32.0,0.06728397309780121,-1.0197826623916626,0.0
32.0,0.07213899493217468,-1.0214558839797974,0.0
32.0,0.07686079293489456,-1.0211113691329956,0.0
32.0,0.08142160624265671,-1.0187513828277588,0.0
32.0,0.08613080531358719,-1.0183640718460083,0.0
32.0,0.09083815664052963,-1.01795494556427,0.0
32.0,0.09573055803775787,-1.0195153951644897,0.0
32.0,0.10044313222169876,-1.0190619230270386,0.0
32.0,0.10515356063842773,-1.0185866355895996,0.0
32.0,0.10986173897981644,-1.0180896520614624,0.0
32.0,0.1145675778388977,-1.0175708532333374,0.0
32.0,0.11950390785932541,-1.0190166234970093,0.0
32.0,0.12421392649412155,-1.0184532403945923,0.0
32.0,0.1289212852716446,-1.0178680419921875,0.0
32.0,0.13362589478492737,-1.0172611474990845,0.0
32.0,0.13832764327526093,-1.0166324377059937,0.0
32.0,0.1430264264345169,-1.0159820318222046,0.0
32.0,0.14772216975688934,-1.0153099298477173,0.0
32.0,0.15271183848381042,-1.0165938138961792,0.0
32.0,0.15741030871868134,-1.0158770084381104,0.0
32.0,0.16210539638996124,-1.0151383876800537,0.0
32.0,0.1671215295791626,-1.0163514614105225,0.0
32.0,0.17181871831417084,-1.0155678987503052,0.0
32.0,0.1765122264623642,-1.0147627592086792,0.0
32.0,0.1812019646167755,-1.0139358043670654,0.0
32.0,0.186248779296875,-1.0150543451309204,0.0
32.0,0.1909397542476654,-1.0141823291778564,0.0
32.0,0.1956266611814499,-1.0132887363433838,0.0
32.0,0.20108579099178314,-1.016297459602356,0.0
32.0,0.20578236877918243,-1.0153568983078003,0.0
32.0,0.21047453582286835,-1.0143946409225464,0.0
32.0,0.2151622176170349,-1.0134106874465942,0.0
32.0,0.22069409489631653,-1.016313910484314,0.0
32.0,0.22625744342803955,-1.0191876888275146,0.0
32.0,0.23096710443496704,-1.0181307792663574,0.0
32.0,0.23567183315753937,-1.0170520544052124,0.0
32.0,0.24037152528762817,-1.0159515142440796,0.0
32.0,0.24600501358509064,-1.0187175273895264,0.0
32.0,0.2507123053073883,-1.0175693035125732,0.0
32.0,0.25590163469314575,-1.018338918685913,0.0
32.0,0.26110348105430603,-1.0190824270248413,0.0
32.0,0.26581230759620667,-1.0178643465042114,0.0
32.0,0.27051541209220886,-1.0166245698928833,0.0
32.0,0.27521276473999023,-1.0153629779815674,0.0
32.0,0.28043636679649353,-1.016007661819458,0.0
32.0,0.28567177057266235,-1.0166256427764893,0.0
32.0,0.2903689742088318,-1.0152939558029175,0.0
32.0,0.2950599491596222,-1.013940691947937,0.0
32.0,0.2997446060180664,-1.0125656127929688,0.0
32.0,0.304999440908432,-1.013084053993225,0.0
32.0,0.3102654218673706,-1.0135754346847534,0.0
32.0,0.31494826078414917,-1.0121301412582397,0.0
32.0,0.3202274441719055,-1.0125702619552612,0.0
32.0,0.32490551471710205,-1.0110788345336914,0.0
32.0,0.330197274684906,-1.0114670991897583,0.0
32.0,0.3348701596260071,-1.0099296569824219,0.0
32.0,0.3414505422115326,-1.0140570402145386,0.0
32.0,0.34742918610572815,-1.0162523984909058,0.0
32.0,0.35212400555610657,-1.0146352052688599,0.0
32.0,0.35747572779655457,-1.0148828029632568,0.0
32.0,0.36216408014297485,-1.0132192373275757,0.0
32.0,0.3675265610218048,-1.0134141445159912,0.0
32.0,0.37220802903175354,-1.0117040872573853,0.0
32.0,0.37758079171180725,-1.0118463039398193,0.0
32.0,0.38296276330947876,-1.0119602680206299,0.0
32.0,0.38763734698295593,-1.010178804397583,0.0
32.0,0.39302876591682434,-1.0102397203445435,0.0
32.0,0.39769527316093445,-1.0084118843078613,0.0
32.0,0.40383800864219666,-1.0102766752243042,0.0
32.0,0.41000640392303467,-1.0121060609817505,0.0
32.0,0.4146813750267029,-1.0101996660232544,0.0
32.0,0.42165160179138184,-1.0138115882873535,0.0
32.0,0.42633432149887085,-1.0118513107299805,0.0
32.0,0.43257805705070496,-1.0135483741760254,0.0
32.0,0.4380530118942261,-1.0133733749389648,0.0
32.0,0.4427335262298584,-1.011337161064148,0.0
32.0,0.4498361647129059,-1.0147647857666016,0.0
32.0,0.4545229971408844,-1.01267409324646,0.0
32.0,0.4608548581600189,-1.0142035484313965,0.0
32.0,0.46553897857666016,-1.0120619535446167,0.0
32.0,0.47105735540390015,-1.0117119550704956,0.0
32.0,0.4774349331855774,-1.0131416320800781,0.0
32.0,0.4821139872074127,-1.0109233856201172,0.0
32.0,0.49025973677635193,-1.0158884525299072,0.0
32.0,0.4949513077735901,-1.0136109590530396,0.0
32.0,0.5005182027816772,-1.0131049156188965,0.0
32.0,0.5051968097686768,-1.0107799768447876,0.0
32.0,0.511669397354126,-1.0120030641555786,0.0
32.0,0.5181641578674316,-1.0131880044937134,0.0
32.0,0.5228429436683655,-1.0107815265655518,0.0
32.0,0.5293647646903992,-1.0118976831436157,0.0
32.0,0.5340374708175659,-1.0094393491744995,0.0
32.0,0.5396422743797302,-1.0087231397628784,0.0
32.0,0.5471548438072205,-1.0114946365356445,0.0
32.0,0.5518255233764648,-1.0089541673660278,0.0
32.0,0.5593878030776978,-1.0116428136825562,0.0
32.0,0.5640590786933899,-1.0090458393096924,0.0
32.0,0.5706861019134521,-1.0099095106124878,0.0
32.0,0.5783251523971558,-1.0124702453613281,0.0
32.0,0.5829999446868896,-1.0097856521606445,0.0
32.0,0.5896783471107483,-1.0105341672897339,0.0
32.0,0.5943440794944763,-1.007797122001648,0.0
32.0,0.6020689606666565,-1.0101925134658813,0.0
32.0,0.6067330241203308,-1.0073981285095215,0.0
32.0,0.6124238967895508,-1.0062906742095947,0.0
32.0,0.6170697808265686,-1.003448486328125,0.0
32.0,0.6248691082000732,-1.0056811571121216,0.0
32.0,0.6337655186653137,-1.0095570087432861,0.0
32.0,0.6384263038635254,-1.0066161155700684,0.0
32.0,0.6463103294372559,-1.008705496788025,0.0
32.0,0.6509670615196228,-1.005706548690796,0.0
32.0,0.6577989459037781,-1.0060341358184814,0.0
32.0,0.6646475791931152,-1.0063197612762451,0.0
32.0,0.6692931056022644,-1.0032360553741455,0.0
32.0,0.6783947348594666,-1.006765365600586,0.0
32.0,0.6830421686172485,-1.0036181211471558,0.0
32.0,0.6899408102035522,-1.0037459135055542,0.0
32.0,0.6991361379623413,-1.0071169137954712,0.0
32.0,0.7037849426269531,-1.0038738250732422,0.0
32.0,0.713041365146637,-1.0071384906768799,0.0
32.0,0.717690110206604,-1.0038310289382935,0.0
32.0,0.7258356213569641,-1.0053669214248657,0.0
32.0,0.7304760813713074,-1.002000331878662,0.0
32.0,0.739843487739563,-1.0050550699234009,0.0
32.0,0.7492546439170837,-1.0080444812774658,0.0
32.0,0.7539072036743164,-1.0045695304870605,0.0
32.0,0.76216721534729,-1.0058553218841553,0.0
32.0,0.7668095231056213,-1.0023208856582642,0.0
32.0,0.7763256430625916,-1.005096197128296,0.0
32.0,0.784653902053833,-1.006227731704712,0.0
32.0,0.7892976999282837,-1.002589225769043,0.0
32.0,0.8001465797424316,-1.0067578554153442,0.0
32.0,0.8047926425933838,-1.0030478239059448,0.0
32.0,0.8144568204879761,-1.0055327415466309,0.0
32.0,0.8190970420837402,-1.0017565488815308,0.0
32.0,0.8288123607635498,-1.0041285753250122,0.0
32.0,0.839847207069397,-1.0079686641693115,0.0
32.0,0.8444984555244446,-1.0040749311447144,0.0
32.0,0.8543092608451843,-1.006258249282837,0.0
32.0,0.8589524626731873,-1.0022977590560913,0.0
32.0,0.8688110113143921,-1.004366159439087,0.0
32.0,0.8734452724456787,-1.0003385543823242,0.0
32.0,0.8833504319190979,-1.0022913217544556,0.0
32.0,0.8946214914321899,-1.005668044090271,0.0
32.0,0.899261474609375,-1.0015212297439575,0.0
32.0,0.9092545509338379,-1.0032806396484375,0.0
32.0,0.91388338804245,-0.9990661144256592,0.0
32.0,0.9252762198448181,-1.0021775960922241,0.0
32.0,0.9394441843032837,-1.0081312656402588,0.0
32.0,0.9440951347351074,-1.003777027130127,0.0
32.0,0.9556106925010681,-1.0066540241241455,0.0
32.0,0.9602546095848083,-1.0022250413894653,0.0
32.0,0.9746101498603821,-1.0078387260437012,0.0
32.0,0.9792593717575073,-1.0033220052719116,0.0
32.0,0.9965195655822754,-1.0116069316864014,0.0
32.0,1.0152872800827026,-1.0211719274520874,0.0
32.0,1.0199975967407227,-1.0164669752120972,0.0
32.0,1.0389180183410645,-1.025792121887207,0.0
32.0,1.043649435043335,-1.0209778547286987,0.0
32.0,1.0641558170318604,-1.0314534902572632,0.0
32.0,1.068913221359253,-1.0265225172042847,0.0
32.0,1.0895859003067017,-1.0367344617843628,0.0
32.0,1.1089203357696533,-1.0454051494598389,0.0
32.0,1.1137417554855347,-1.040266990661621,0.0
32.0,1.1346862316131592,-1.050049066543579,0.0
32.0,1.1395288705825806,-1.0447918176651,0.0
32.0,1.1635923385620117,-1.0569943189620972,0.0
32.0,1.1684668064117432,-1.0516033172607422,0.0
32.0,1.1897367238998413,-1.060831069946289,0.0
32.0,1.2096176147460938,-1.068560242652893,0.0
32.0,1.2145450115203857,-1.0629563331604004,0.0
32.0,1.237579584121704,-1.0730520486831665,0.0
32.0,1.2425274848937988,-1.0673187971115112,0.0
32.0,1.2687727212905884,-1.0797091722488403,0.0
32.0,1.2737510204315186,-1.073831558227539,0.0
32.0,1.297122836112976,-1.0833154916763306,0.0
32.0,1.1797860860824585,-0.9488418698310852,0.0
32.0,1.1841603517532349,-0.9433771371841431,0.0
32.0,1.188509225845337,-0.9378922581672668,0.0
32.0,1.1928328275680542,-0.9323872923851013,0.0
32.0,1.2192705869674683,-0.9440038800239563,0.0
32.0,1.2236220836639404,-0.9383566379547119,0.0
32.0,1.2502447366714478,-0.9496253132820129,0.0
32.0,1.2785954475402832,-0.9618698954582214,0.0
32.0,1.2830288410186768,-0.9559481739997864,0.0
32.0,1.3131835460662842,-0.9690061211585999,0.0
32.0,1.3176496028900146,-0.9629244208335876,0.0
32.0,1.3496309518814087,-0.9767559766769409,0.0
32.0,1.3541324138641357,-0.9705057144165039,0.0
32.0,1.3847006559371948,-0.9827553629875183,0.0
32.0,1.4154105186462402,-0.994742751121521,0.0
32.0,1.4199944734573364,-0.9881881475448608,0.0
32.0,1.4492511749267578,-0.9986345767974854,0.0
32.0,1.4538527727127075,-0.9919235110282898,0.0
32.0,1.4799680709838867,-0.9997451901435852,0.0
32.0,1.484574556350708,-0.9928920269012451,0.0
32.0,1.5058249235153198,-0.9970592856407166,0.0
32.0,1.527145266532898,-1.0010510683059692,0.0
32.0,1.5317572355270386,-0.993979811668396,0.0
32.0,1.5598946809768677,-1.002020239830017,0.0
32.0,1.564510703086853,-0.9947975873947144,0.0
32.0,1.5792492628097534,-0.9939456582069397,0.0
32.0,1.575339913368225,-0.981346070766449,0.0
32.0,1.5798602104187012,-0.9740521907806396,0.0
32.0,1.5758103132247925,-0.9615287780761719,0.0
32.0,1.580238938331604,-0.9542329907417297,0.0
32.0,1.5760496854782104,-0.9417871832847595,0.0
32.0,1.5803871154785156,-0.934490442276001,0.0
32.0,1.579512119293213,-0.9241437911987305,0.0
32.0,1.5768442153930664,-0.9128232598304749,0.0
32.0,1.581047773361206,-0.9055231213569641,0.0
32.0,1.5886975526809692,-0.9001755714416504,0.0
32.0,1.5928423404693604,-0.8928208351135254,0.0
32.0,1.612695336341858,-0.8941753506660461,0.0
32.0,1.6325945854187012,-0.8953652381896973,0.0
32.0,1.6367167234420776,-0.8878075480461121,0.0
32.0,1.6549031734466553,-0.8877946734428406,0.0
32.0,1.6589901447296143,-0.8801339864730835,0.0
32.0,1.6772102117538452,-0.8798875212669373,0.0
32.0,1.681260347366333,-0.8721237182617188,0.0
32.0,1.69595205783844,-0.8698176145553589,0.0
32.0,1.4500325918197632,-0.7268351316452026,0.0
32.0,1.453377604484558,-0.7201233506202698,0.0
32.0,1.4566913843154907,-0.7133961319923401,0.0
32.0,1.4599741697311401,-0.7066537141799927,0.0
32.0,1.4809114933013916,-0.6999608278274536,0.0
32.0,1.4841318130493164,-0.6931065917015076,0.0
32.0,1.4873204231262207,-0.6862374544143677,0.0
32.0,1.4904773235321045,-0.6793537139892578,0.0
32.0,1.5063680410385132,-0.6782028675079346,0.0
32.0,1.509487509727478,-0.6712310910224915,0.0
32.0,1.5272244215011597,-0.6706783771514893,0.0
32.0,1.5303088426589966,-0.6636102795600891,0.0
32.0,1.5480692386627197,-0.6628256440162659,0.0
32.0,1.5603280067443848,-0.6595547199249268,0.0
32.0,1.5633606910705566,-0.6523337364196777,0.0
32.0,1.5682092905044556,-0.6458603739738464,0.0
32.0,1.5711785554885864,-0.6386030316352844,0.0
32.0,1.5685455799102783,-0.629098653793335,0.0
32.0,1.565858244895935,-0.6196321845054626,0.0
32.0,1.5687062740325928,-0.6123860478401184,0.0
32.0,1.5659215450286865,-0.6029707193374634,0.0
32.0,1.5686925649642944,-0.5957244634628296,0.0
32.0,1.5676841735839844,-0.587062656879425,0.0
32.0,1.57038152217865,-0.5798084139823914,0.0
32.0,1.567407250404358,-0.5704895853996277,0.0
32.0,1.5643805265426636,-0.5612107515335083,0.0
32.0,1.5669584274291992,-0.553972065448761,0.0
32.0,1.567614197731018,-0.5460636019706726,0.0
32.0,1.5701221227645874,-0.5388100743293762,0.0
32.0,1.5669125318527222,-0.5296238660812378,0.0
32.0,1.563651442527771,-0.5204788446426392,0.0
32.0,1.566041111946106,-0.5132439136505127,0.0
32.0,1.564590573310852,-0.5047699213027954,0.0
32.0,1.566907525062561,-0.49753081798553467,0.0
32.0,1.5653730630874634,-0.48908817768096924,0.0
32.0,1.5618822574615479,-0.48008278012275696,0.0
32.0,1.5640852451324463,-0.4728564918041229,0.0
32.0,1.5624206066131592,-0.46448028087615967,0.0
32.0,1.5645513534545898,-0.4572516679763794,0.0
32.0,1.5628042221069336,-0.4489089548587799,0.0
32.0,1.5629380941390991,-0.441135436296463,0.0
32.0,1.5649608373641968,-0.4339046776294708,0.0
32.0,1.5630908012390137,-0.42561376094818115,0.0
32.0,1.5650418996810913,-0.418382465839386,0.0
32.0,1.5630905628204346,-0.41012707352638245,0.0
32.0,1.5591593980789185,-0.40140002965927124,0.0
32.0,1.560998558998108,-0.39418715238571167,0.0
32.0,1.5550388097763062,-0.38504305481910706,0.0
32.0,1.5568023920059204,-0.37784940004348755,0.0
32.0,1.5429668426513672,-0.3669458329677582,0.0
32.0,1.5446468591690063,-0.35980820655822754,0.0
32.0,1.5365442037582397,-0.35043928027153015,0.0
32.0,1.5636237859725952,-0.14135338366031647,0.0
32.0,1.5642606019973755,-0.13412266969680786,0.0
32.0,1.5648640394210815,-0.12688906490802765,0.0
32.0,1.5654339790344238,-0.11965276300907135,0.0
32.0,1.5579909086227417,-0.11184109002351761,0.0
32.0,1.5584913492202759,-0.10463672131299973,0.0
32.0,1.552970051765442,-0.09705586731433868,0.0
32.0,1.5534021854400635,-0.08987487107515335,0.0
32.0,1.5577954053878784,-0.08290452510118484,0.0
32.0,1.5581620931625366,-0.07570137083530426,0.0
32.0,1.564489722251892,-0.06876004487276077,0.0
32.0,1.572784662246704,-0.06184040382504463,0.0
32.0,1.5730538368225098,-0.05456817150115967,0.0
32.0,1.5832847356796265,-0.047595251351594925,0.0
32.0,1.583487868309021,-0.04027462750673294,0.0
32.0,1.593654990196228,-0.03316117823123932,0.0
32.0,1.6057896614074707,-0.025986937806010246,0.0
32.0,1.6058926582336426,-0.018562497571110725,0.0
32.0,1.6159611940383911,-0.01120700966566801,0.0
32.0,1.6159957647323608,-0.0037356994580477476,0.0
32.0,1.6259957551956177,0.003758807433769107,0.0
32.0,1.6339606046676636,0.01133183017373085,0.0
32.0,1.6338907480239868,0.01888611726462841,0.0
32.0,1.643784761428833,0.026601815596222878,0.0
32.0,1.6436442136764526,0.03420136123895645,0.0
32.0,1.6554646492004395,0.042105283588171005,0.0
32.0,1.6552523374557495,0.0497586615383625,0.0
32.0,1.6669973134994507,0.05782699957489967,0.0
32.0,1.674705982208252,0.06584784388542175,0.0
32.0,1.6743836402893066,0.07358992844820023,0.0
32.0,1.439260482788086,0.24521265923976898,0.0
32.0,1.438111424446106,0.2518642842769623,0.0
32.0,1.4369316101074219,0.2585105001926422,0.0
32.0,1.4357210397720337,0.2651512324810028,0.0
32.0,1.4462699890136719,0.27402010560035706,0.0
32.0,1.4449876546859741,0.2807038426399231,0.0
32.0,1.4436744451522827,0.28738152980804443,0.0
32.0,1.4423303604125977,0.2940531075000763,0.0
32.0,1.452702283859253,0.3031699061393738,0.0
32.0,1.4649765491485596,0.31280648708343506,0.0
32.0,1.4635146856307983,0.3195762634277344,0.0
32.0,1.4756851196289062,0.32938912510871887,0.0
32.0,1.4741464853286743,0.3362082540988922,0.0
32.0,1.4862112998962402,0.3461962938308716,0.0
32.0,1.4845948219299316,0.3530639111995697,0.0
32.0,1.4965516328811646,0.3632260262966156,0.0
32.0,1.5142699480056763,0.37494826316833496,0.0
32.0,1.5125203132629395,0.38194528222084045,0.0
32.0,1.533980369567871,0.3949177861213684,0.0
32.0,1.5321382284164429,0.40200570225715637,0.0
32.0,1.555381178855896,0.4157998561859131,0.0
32.0,1.553442120552063,0.4229865074157715,0.0
32.0,1.5726701021194458,0.4360421299934387,0.0
32.0,1.5860357284545898,0.44765469431877136,0.0
32.0,1.583949089050293,0.454982727766037,0.0
32.0,1.5952664613723755,0.4662283658981323,0.0
32.0,1.5930938720703125,0.4735988974571228,0.0
32.0,1.6062026023864746,0.48558947443962097,0.0
32.0,1.6039403676986694,0.49301037192344666,0.0
32.0,1.6150068044662476,0.5045958757400513,0.0
32.0,1.6260000467300415,0.5162941217422485,0.0
32.0,1.6235957145690918,0.5238062143325806,0.0
32.0,1.6363608837127686,0.5362900495529175,0.0
32.0,1.633863925933838,0.5438498258590698,0.0
32.0,1.6445949077606201,0.5558808445930481,0.0
32.0,1.6552492380142212,0.5680226683616638,0.0
32.0,1.652605414390564,0.5756694674491882,0.0
32.0,1.6612399816513062,0.5873036980628967,0.0
32.0,1.6585068702697754,0.5949779748916626,0.0
32.0,1.443367838859558,0.5253429412841797,0.0
32.0,1.453432321548462,0.5442779064178467,0.0
32.0,1.4509004354476929,0.5509918928146362,0.0
32.0,1.4483375549316406,0.5576940178871155,0.0
32.0,1.4457435607910156,0.5643842816352844,0.0
32.0,1.4579962491989136,0.5769496560096741,0.0
32.0,1.4553132057189941,0.5836843848228455,0.0
32.0,1.4692742824554443,0.5971841812133789,0.0
32.0,1.466497540473938,0.6039708256721497,0.0
32.0,1.4803013801574707,0.6176760792732239,0.0
32.0,1.4958516359329224,0.6323003768920898,0.0
32.0,1.4929122924804688,0.639209508895874,0.0
32.0,1.50829017162323,0.6540619730949402,0.0
32.0,1.505250096321106,0.6610283851623535,0.0
32.0,1.5186249017715454,0.6752942204475403,0.0
32.0,1.515486478805542,0.6823081970214844,0.0
32.0,1.5268747806549072,0.6959435343742371,0.0
32.0,1.5309048891067505,0.7063469886779785,0.0
32.0,1.5276228189468384,0.7134173512458801,0.0
32.0,1.5297328233718872,0.7230364680290222,0.0
32.0,1.5263735055923462,0.7301012873649597,0.0
32.0,1.5283823013305664,0.7397644519805908,0.0
32.0,1.5249457359313965,0.7468228340148926,0.0
32.0,1.5268528461456299,0.7565290927886963,0.0
32.0,1.528702735900879,0.7662689089775085,0.0
32.0,1.5251436233520508,0.7733284831047058,0.0
32.0,1.5268906354904175,0.7831096053123474,0.0
32.0,1.5232537984848022,0.7901606559753418,0.0
32.0,1.523126482963562,0.7990530729293823,0.0
32.0,1.5264829397201538,0.8098357319831848,0.0
32.0,1.5227224826812744,0.8168845772743225,0.0
32.0,1.5242034196853638,0.8267767429351807,0.0
32.0,1.5203646421432495,0.8338148593902588,0.0
32.0,1.5217407941818237,0.8437446355819702,0.0
32.0,1.517823576927185,0.8507711887359619,0.0
32.0,1.5138739347457886,0.8577795624732971,0.0
32.0,1.5046852827072144,0.8617876172065735,0.0
32.0,1.5006848573684692,0.868735134601593,0.0
32.0,1.4759374856948853,0.863544225692749,0.0
32.0,1.4719293117523193,0.8703587651252747,0.0
32.0,1.2450141906738281,1.130957007408142,0.0
32.0,1.239772081375122,1.1367011070251465,0.0
32.0,1.2345033884048462,1.1424208879470825,0.0
32.0,1.2292083501815796,1.1481162309646606,0.0
32.0,1.2166106700897217,1.1469274759292603,0.0
32.0,1.2112950086593628,1.1525399684906006,0.0
32.0,1.1987407207489014,1.1512012481689453,0.0
32.0,1.1934055089950562,1.1567312479019165,0.0
32.0,1.185185432434082,1.159439206123352,0.0
32.0,1.1755427122116089,1.1606907844543457,0.0
32.0,1.170163869857788,1.1661133766174316,0.0
32.0,1.1534790992736816,1.160164713859558,0.0
32.0,1.135470986366272,1.1526620388031006,0.0
32.0,1.1301295757293701,1.1578994989395142,0.0
32.0,0.9651932716369629,1.2861050367355347,0.0
32.0,0.9592368602752686,1.2905536890029907,0.0
32.0,0.9532598853111267,1.2949748039245605,0.0
32.0,0.9472625255584717,1.2993682622909546,0.0
32.0,0.9305544495582581,1.3015638589859009,0.0
32.0,0.9245269298553467,1.3058522939682007,0.0
32.0,0.9184795618057251,1.310112714767456,0.0
32.0,0.9124126434326172,1.3143452405929565,0.0
32.0,0.9029273986816406,1.3136049509048462,0.0
32.0,0.8968445062637329,1.317765474319458,0.0
32.0,0.8907423615455627,1.3218978643417358,0.0
32.0,0.8835113048553467,1.3243381977081299,0.0
32.0,0.8773789405822754,1.3284088373184204,0.0
32.0,0.8701333403587341,1.3307772874832153,0.0
32.0,0.8639713525772095,1.3347859382629395,0.0
32.0,0.8567119836807251,1.3370821475982666,0.0
32.0,0.8505209684371948,1.3410288095474243,0.0
32.0,0.8443118333816528,1.3449467420578003,0.0
32.0,0.8380845785140991,1.3488359451293945,0.0
32.0,0.8318394422531128,1.3526962995529175,0.0
32.0,0.8245367407798767,1.3548191785812378,0.0
32.0,0.8182640671730042,1.358616828918457,0.0
32.0,0.8119739294052124,1.3623855113983154,0.0
32.0,0.805666446685791,1.3661249876022339,0.0
32.0,0.7993417382240295,1.3698352575302124,0.0
32.0,0.7929999232292175,1.373516321182251,0.0
32.0,0.7866411805152893,1.3771679401397705,0.0
32.0,0.7802656292915344,1.380790114402771,0.0
32.0,0.7738733887672424,1.3843828439712524,0.0
32.0,0.7674645781517029,1.3879460096359253,0.0
32.0,0.7610393762588501,1.3914793729782104,0.0
32.0,0.7545979619026184,1.3949830532073975,0.0
32.0,0.7481403350830078,1.3984569311141968,0.0
32.0,0.7407315373420715,1.4001331329345703,0.0
32.0,0.7342502474784851,1.4035428762435913,0.0
32.0,0.7277532815933228,1.4069225788116455,0.0
32.0,0.7212408185005188,1.410272240638733,0.0
32.0,0.4739013910293579,0.948165237903595,0.0
32.0,0.46951261162757874,0.9503461122512817,0.0
32.0,0.4651137888431549,0.9525067210197449,0.0
32.0,0.460705041885376,0.9546469449996948,0.0
32.0,0.45370370149612427,0.9513511657714844,0.0
32.0,0.4493004083633423,0.9534386396408081,0.0
32.0,0.443199098110199,0.9518794417381287,0.0
32.0,0.4371218979358673,0.9502844214439392,0.0
32.0,0.4327237010002136,0.9522952437400818,0.0
32.0,0.4274972975254059,0.9524610638618469,0.0
32.0,0.4230891466140747,0.9544273614883423,0.0
32.0,0.41706782579421997,0.9527089595794678,0.0
32.0,0.41027793288230896,0.9491196274757385,0.0
32.0,0.4058854281902313,0.9510063529014587,0.0
32.0,0.4007076323032379,0.9510295987129211,0.0
32.0,0.3963063955307007,0.9528720378875732,0.0
32.0,0.3903777003288269,0.9509938359260559,0.0
32.0,0.38597673177719116,0.9527885317802429,0.0
32.0,0.3800828456878662,0.9508486390113831,0.0
32.0,0.3749488592147827,0.9507350921630859,0.0
32.0,0.3705492615699768,0.9524585008621216,0.0
32.0,0.36470869183540344,0.9504270553588867,0.0
32.0,0.35889488458633423,0.9483620524406433,0.0
32.0,0.35450640320777893,0.9500111937522888,0.0
32.0,0.3494197726249695,0.9497630000114441,0.0
32.0,0.3450249433517456,0.9513683319091797,0.0
32.0,0.33860325813293457,0.9473034739494324,0.0
32.0,0.33421990275382996,0.9488588571548462,0.0
32.0,0.32917362451553345,0.9485043883323669,0.0
32.0,0.3241378664970398,0.9481237530708313,0.0
32.0,0.3197508454322815,0.9496122002601624,0.0
32.0,0.3147275745868683,0.9491820335388184,0.0
32.0,0.31033578515052795,0.9506270289421082,0.0
32.0,0.3053255081176758,0.9501475691795349,0.0
32.0,0.29972323775291443,0.9477351903915405,0.0
32.0,0.29533830285072327,0.9491108059883118,0.0
32.0,0.2903616428375244,0.9485536813735962,0.0
32.0,0.2859730124473572,0.9498860239982605,0.0
32.0,0.28101059794425964,0.9492802619934082,0.0
32.0,0.27661871910095215,0.9505693912506104,0.0
32.0,0.27167096734046936,0.9499151706695557,0.0
32.0,0.2661941647529602,0.9473102688789368,0.0
32.0,0.2618115544319153,0.9485308527946472,0.0
32.0,0.2569001317024231,0.9478007555007935,0.0
32.0,0.2520010471343994,0.9470456838607788,0.0
32.0,0.24761982262134552,0.9482006430625916,0.0
32.0,0.24273689091205597,0.9473978877067566,0.0
32.0,0.23835411667823792,0.9485100507736206,0.0
32.0,0.2334877997636795,0.947659969329834,0.0
32.0,0.2291039228439331,0.948729395866394,0.0
32.0,0.22425465285778046,0.9478321671485901,0.0
32.0,0.21941860020160675,0.9469105005264282,0.0
32.0,0.21503834426403046,0.9479148387908936,0.0
32.0,0.21022003889083862,0.9469464421272278,0.0
32.0,0.20583970844745636,0.9479082822799683,0.0
32.0,0.20103959739208221,0.9468933939933777,0.0
32.0,0.19625328481197357,0.9458544850349426,0.0
32.0,0.19187815487384796,0.9467517137527466,0.0
32.0,0.18711072206497192,0.9456667304039001,0.0
32.0,0.18273654580116272,0.9465216994285583,0.0
32.0,0.1779884397983551,0.9453909993171692,0.0
32.0,0.17325468361377716,0.9442366361618042,0.0
32.0,0.16888727247714996,0.9450275301933289,0.0
32.0,0.16417351365089417,0.9438278675079346,0.0
32.0,0.15980809926986694,0.9445767998695374,0.0
32.0,0.15576376020908356,0.9472790360450745,0.0
32.0,0.1513824760913849,0.9479891061782837,0.0
32.0,0.1466917097568512,0.9467024803161621,0.0
32.0,0.14171896874904633,0.9434149265289307,0.0
32.0,0.13735570013523102,0.9440600872039795,0.0
32.0,0.13298949599266052,0.9446850419044495,0.0
32.0,0.1286204308271408,0.9452897906303406,0.0
32.0,0.12424863874912262,0.9458743333816528,0.0
32.0,0.11962287127971649,0.944454550743103,0.0
32.0,0.11525502800941467,0.9449975490570068,0.0
32.0,0.11065176874399185,0.9435338973999023,0.0
32.0,0.10628827661275864,0.9440353512763977,0.0
32.0,0.10192251205444336,0.9445167183876038,0.0
32.0,0.09755457192659378,0.9449778199195862,0.0
32.0,0.09298837184906006,0.9434283971786499,0.0
32.0,0.08843857795000076,0.9418569803237915,0.0
32.0,0.08408308029174805,0.9422557950019836,0.0
32.0,0.07972577959299088,0.9426344633102417,0.0
32.0,0.0753667801618576,0.9429929852485657,0.0
32.0,0.0710061639547348,0.9433313608169556,0.0
32.0,0.06664403527975082,0.9436495900154114,0.0
32.0,0.062280476093292236,0.9439476132392883,0.0
32.0,0.05779314786195755,0.9422292709350586,0.0
32.0,0.05343625321984291,0.9424864053726196,0.0
32.0,0.049078214913606644,0.9427233338356018,0.0
32.0,0.04471912980079651,0.9429401755332947,0.0
32.0,0.04035909101366997,0.9431368708610535,0.0
32.0,0.035998184233903885,0.9433133602142334,0.0
32.0,0.03163651004433632,0.943469762802124,0.0
32.0,0.02721637673676014,0.9416067004203796,0.0
32.0,0.022862685844302177,0.9417225122451782,0.0
32.0,0.018508508801460266,0.941818118095398,0.0
32.0,0.014153935015201569,0.9418936371803284,0.0
32.0,0.009799058549106121,0.9419490098953247,0.0
32.0,0.005443972535431385,0.941984236240387,0.0
32.0,0.0010887705720961094,0.9419993162155151,0.0
32.0,-0.0032664549071341753,0.941994309425354,0.0
32.0,-0.007621610537171364,0.9419691562652588,0.0
32.0,-0.011976603418588638,0.9419238567352295,0.0
32.0,-0.01633133925497532,0.9418584108352661,0.0
32.0,-0.020685726776719093,0.9417728185653687,0.0
32.0,-0.0250396728515625,0.9416671395301819,0.0
32.0,-0.029330678284168243,0.939542293548584,0.0
32.0,-0.0336742177605629,0.9393966197967529,0.0
32.0,-0.03809792548418045,0.9412292242050171,0.0
32.0,-0.04244917258620262,0.9410430192947388,0.0
32.0,-0.04679951071739197,0.9408367276191711,0.0
32.0,-0.05114884674549103,0.9406102895736694,0.0
32.0,-0.05549709498882294,0.9403637647628784,0.0
32.0,-0.05984415113925934,0.9400971531867981,0.0
32.0,-0.06418993324041367,0.9398103952407837,0.0
32.0,-0.06853433698415756,0.9395036101341248,0.0
32.0,-0.07287728041410446,0.9391766786575317,0.0
32.0,-0.0772186666727066,0.9388297200202942,0.0
32.0,-0.08173156529664993,0.9404551982879639,0.0
32.0,-0.08607876300811768,0.9400672912597656,0.0
32.0,-0.09042412787675858,0.9396592378616333,0.0
32.0,-0.09476755559444427,0.9392311573028564,0.0
32.0,-0.09910895675420761,0.9387829303741455,0.0
32.0,-0.10366740822792053,0.9403026103973389,0.0
32.0,-0.10801366716623306,0.9398132562637329,0.0
32.0,-0.11235762387514114,0.9393038749694824,0.0
32.0,-0.11669917404651642,0.9387743473052979,0.0
32.0,-0.12129412591457367,0.940208375453949,0.0
32.0,-0.12563976645469666,0.9396375417709351,0.0
32.0,-0.12998270988464355,0.9390466213226318,0.0
32.0,-0.1343228816986084,0.9384356141090393,0.0
32.0,-0.13866019248962402,0.9378045797348022,0.0
32.0,-0.14329619705677032,0.9391305446624756,0.0
32.0,-0.14763662219047546,0.9384579658508301,0.0
32.0,-0.1519738882780075,0.93776535987854,0.0
32.0,-0.1563078910112381,0.9370527267456055,0.0
32.0,-0.16097676753997803,0.9382912516593933,0.0
32.0,-0.16566039621829987,0.9395065903663635,0.0
32.0,-0.17000232636928558,0.9387306571006775,0.0
32.0,-0.1743406057357788,0.9379346370697021,0.0
32.0,-0.17867515981197357,0.9371185302734375,0.0
32.0,-0.1833895593881607,0.9382452964782715,0.0
32.0,-0.18772545456886292,0.9373874068260193,0.0
32.0,-0.19205734133720398,0.9365094304084778,0.0
32.0,-0.1967959702014923,0.9375688433647156,0.0
32.0,-0.20112860202789307,0.936648964881897,0.0
32.0,-0.2058858424425125,0.9376624822616577,0.0
32.0,-0.2106567770242691,0.9386520981788635,0.0
32.0,-0.21499426662921906,0.9376680850982666,0.0
32.0,-0.2193271517753601,0.9366641044616699,0.0
32.0,-0.2236553579568863,0.9356400370597839,0.0
32.0,-0.22892671823501587,0.9384820461273193,0.0
32.0,-0.23326322436332703,0.9374136328697205,0.0
32.0,-0.23808665573596954,0.9382636547088623,0.0
32.0,-0.24292293190956116,0.9390891790390015,0.0
32.0,-0.24726209044456482,0.9379560351371765,0.0
32.0,-0.25159597396850586,0.9368028044700623,0.0
32.0,-0.2559244632720947,0.9356296062469482,0.0
32.0,-0.26132068037986755,0.9382896423339844,0.0
32.0,-0.2662014365196228,0.9389956593513489,0.0
32.0,-0.27053990960121155,0.9377548694610596,0.0
32.0,-0.2754358649253845,0.9384130239486694,0.0
32.0,-0.2797715663909912,0.937129557132721,0.0
32.0,-0.2846822738647461,0.9377398490905762,0.0
32.0,-0.2896045744419098,0.9383246898651123,0.0
32.0,-0.2939396798610687,0.9369757175445557,0.0
32.0,-0.298876017332077,0.937512218952179,0.0
32.0,-0.30320730805397034,0.9361203908920288,0.0
32.0,-0.30815714597702026,0.9366083145141602,0.0
32.0,-0.31248414516448975,0.9351736307144165,0.0
32.0,-0.31744706630706787,0.9356127977371216,0.0
32.0,-0.3217693567276001,0.9341351389884949,0.0
32.0,-0.3274049460887909,0.9364133477210999,0.0
32.0,-0.3323996663093567,0.936774492263794,0.0
32.0,-0.33672717213630676,0.9352276921272278,0.0
32.0,-0.3417336642742157,0.9355394840240479,0.0
32.0,-0.34605535864830017,0.9339494705200195,0.0
32.0,-0.3510732352733612,0.934211790561676,0.0
32.0,-0.35681307315826416,0.9363163709640503,0.0
32.0,-0.3611381947994232,0.9346566796302795,0.0
32.0,-0.3661850392818451,0.9348392486572266,0.0
32.0,-0.3705032467842102,0.9331362247467041,0.0
32.0,-0.37705346941947937,0.9369795322418213,0.0
32.0,-0.38213664293289185,0.9370781779289246,0.0
32.0,-0.38646501302719116,0.9353014230728149,0.0
32.0,-0.3915574550628662,0.9353495836257935,0.0
32.0,-0.39587774872779846,0.933529257774353,0.0
32.0,-0.40176820755004883,0.9353642463684082,0.0
32.0,-0.4060884416103363,0.9334967732429504,0.0
32.0,-0.41201257705688477,0.9352697730064392,0.0
32.0,-0.41714704036712646,0.9351814985275269,0.0
32.0,-0.42146629095077515,0.9332428574562073,0.0
32.0,-0.4266080856323242,0.9331032037734985,0.0
32.0,-0.4309176206588745,0.9311208724975586,0.0
32.0,-0.4369146525859833,0.9327408671379089,0.0
32.0,-0.44293591380119324,0.9343253374099731,0.0
32.0,-0.4472509026527405,0.9322674870491028,0.0
32.0,-0.45330315828323364,0.9337881207466125,0.0
32.0,-0.45761555433273315,0.9316823482513428,0.0
32.0,-0.46369826793670654,0.9331387877464294,0.0
32.0,-0.46800753474235535,0.9309849739074707,0.0
32.0,-0.4750264286994934,0.9341594576835632,0.0
32.0,-0.4811698794364929,0.9355103373527527,0.0
32.0,-0.48548996448516846,0.9332757592201233,0.0
32.0,-0.4916619658470154,0.9345611333847046,0.0
32.0,-0.4959775507450104,0.9322779774665833,0.0
32.0,-0.5021774768829346,0.9334975481033325,0.0
32.0,-1.1163995265960693,1.9650068283081055,0.0
32.0,-1.1254725456237793,1.9598243236541748,0.0
32.0,-1.1345216035842896,1.9545998573303223,0.0
32.0,-1.143546223640442,1.949333667755127,0.0
32.0,-1.1566263437271118,1.9509072303771973,0.0
32.0,-1.1656336784362793,1.945538878440857,0.0
32.0,-1.1787595748901367,1.9469724893569946,0.0
32.0,-1.1877485513687134,1.9415018558502197,0.0
32.0,-1.203021764755249,1.9461971521377563,0.0
32.0,-1.2162445783615112,1.947399616241455,0.0
32.0,-1.225235104560852,1.9417556524276733,0.0
32.0,-1.2406500577926636,1.946189045906067,0.0
32.0,-1.2496347427368164,1.9404323101043701,0.0
32.0,-1.2629551887512207,1.9413397312164307,0.0
32.0,-1.2785075902938843,1.945508360862732,0.0
32.0,-1.2874886989593506,1.939576506614685,0.0
32.0,-1.3031249046325684,1.9435701370239258,0.0
32.0,-1.3120968341827393,1.9375245571136475,0.0
32.0,-1.3278154134750366,1.9413424730300903,0.0
32.0,-1.3367767333984375,1.9351826906204224,0.0
32.0,-1.352575421333313,1.9388233423233032,0.0
32.0,-1.3684360980987549,1.9423589706420898,0.0
32.0,-1.3774017095565796,1.9360114336013794,0.0
32.0,-1.3956735134124756,1.942616581916809,0.0
32.0,-1.4046399593353271,1.936143159866333,0.0
32.0,-1.420668125152588,1.939308762550354,0.0
32.0,-1.4367551803588867,1.9423670768737793,0.0
32.0,-1.4457200765609741,1.9357037544250488,0.0
32.0,-1.4618792533874512,1.9385801553726196,0.0
32.0,-1.4708263874053955,1.9318006038665771,0.0
32.0,-1.4870555400848389,1.9344937801361084,0.0
32.0,-1.503340721130371,1.9370777606964111,0.0
32.0,-1.5122805833816528,1.930106520652771,0.0
32.0,-1.5236696004867554,1.9262313842773438,0.0
32.0,-1.5325590372085571,1.9191663265228271,0.0
32.0,-1.5313738584518433,1.8996037244796753,0.0
32.0,-1.5401400327682495,1.8925033807754517,0.0
32.0,-1.5336384773254395,1.866817831993103,0.0
32.0,-1.5243793725967407,1.8381544351577759,0.0
32.0,-1.5328614711761475,1.8310869932174683,0.0
32.0,-1.5258203744888306,1.8056490421295166,0.0
32.0,-1.5341522693634033,1.7985752820968628,0.0
32.0,-1.5267918109893799,1.77327561378479,0.0
32.0,-1.5192307233810425,1.7480828762054443,0.0
32.0,-1.527296543121338,1.7410402297973633,0.0
32.0,-1.5194196701049805,1.7159919738769531,0.0
32.0,-1.5273370742797852,1.7089487314224243,0.0
32.0,-1.5218254327774048,1.6870185136795044,0.0
32.0,-1.5134509801864624,1.6622183322906494,0.0
32.0,-1.5211198329925537,1.6552033424377441,0.0
32.0,-1.5151551961898804,1.6334896087646484,0.0
32.0,-1.522691249847412,1.626466989517212,0.0
32.0,-1.5137115716934204,1.6019654273986816,0.0
32.0,-1.5072987079620361,1.5804766416549683,0.0
32.0,-1.514589786529541,1.5734909772872925,0.0
32.0,-1.507912039756775,1.5521266460418701,0.0
32.0,-1.515071988105774,1.5451384782791138,0.0
32.0,-1.5081312656402588,1.5239017009735107,0.0
32.0,-1.503853440284729,1.5055924654006958,0.0
32.0,-1.5107983350753784,1.4986236095428467,0.0
32.0,-1.5034466981887817,1.477603554725647,0.0
32.0,-1.510262131690979,1.4706367254257202,0.0
32.0,-1.5026520490646362,1.4497520923614502,0.0
32.0,-1.5093387365341187,1.4427891969680786,0.0
32.0,-1.5043762922286987,1.4247932434082031,0.0
32.0,-1.4992800951004028,1.4068742990493774,0.0
32.0,-1.5057685375213623,1.3999274969100952,0.0
32.0,-1.4989855289459229,1.3807557821273804,0.0
32.0,-1.4950121641159058,1.3643732070922852,0.0
32.0,-1.5013041496276855,1.3574466705322266,0.0
32.0,-1.4971363544464111,1.3411496877670288,0.0
32.0,-1.5033210515975952,1.3342136144638062,0.0
32.0,-1.4959558248519897,1.3153630495071411,0.0
32.0,-1.5020211935043335,1.308432698249817,0.0
32.0,-1.4959416389465332,1.2910206317901611,0.0
32.0,-1.4942938089370728,1.2775921821594238,0.0
32.0,-1.5001846551895142,1.2706698179244995,0.0
32.0,-1.49531888961792,1.2547212839126587,0.0
32.0,-1.5011038780212402,1.247794508934021,0.0
32.0,-1.494505524635315,1.2306702136993408,0.0
32.0,-1.487781286239624,1.2136337757110596,0.0
32.0,-1.49337637424469,1.2067421674728394,0.0
32.0,-1.4895713329315186,1.1923259496688843,0.0
32.0,-1.4950679540634155,1.1854263544082642,0.0
32.0,-1.4926682710647583,1.172324776649475,0.0
32.0,-1.4870222806930542,1.1568148136138916,0.0
32.0,-1.4923547506332397,1.1499273777008057,0.0
32.0,-1.486526370048523,1.134521722793579,0.0
32.0,-1.491755723953247,1.1276367902755737,0.0
32.0,-1.485746145248413,1.1123372316360474,0.0
32.0,-1.4812337160110474,1.0983089208602905,0.0
32.0,-1.4862958192825317,1.0914489030838013,0.0
32.0,-1.483238697052002,1.0786839723587036,0.0
32.0,-1.4882099628448486,1.071814775466919,0.0
32.0,-1.4833797216415405,1.057955026626587,0.0
32.0,-1.4784531593322754,1.0441627502441406,0.0
32.0,-1.4832649230957031,1.0373162031173706,0.0
32.0,-1.4781795740127563,1.0236157178878784,0.0
32.0,-1.482896327972412,1.016770601272583,0.0
32.0,-1.4809625148773193,1.0054103136062622,0.0
32.0,-1.4756357669830322,0.9918583035469055,0.0
32.0,-1.480205774307251,0.9850252866744995,0.0
32.0,-1.476393461227417,0.9726697206497192,0.0
32.0,-1.4808746576309204,0.9658334255218506,0.0
32.0,-1.4769231081008911,0.9535523653030396,0.0
32.0,-1.4813159704208374,0.9467138051986694,0.0
32.0,-1.4755359888076782,0.9334396719932556,0.0
32.0,-1.4696651697158813,0.920239269733429,0.0
32.0,-1.473904013633728,0.913434624671936,0.0
32.0,-1.4712920188903809,0.9024276733398438,0.0
32.0,-1.4686099290847778,0.8914645910263062,0.0
32.0,-1.4727157354354858,0.8846651315689087,0.0
32.0,-1.469913363456726,0.8737589716911316,0.0
32.0,-1.4739373922348022,0.8669536709785461,0.0
32.0,-1.4710155725479126,0.8561058640480042,0.0
32.0,-1.4749579429626465,0.8492956757545471,0.0
32.0,-1.4719176292419434,0.8385074138641357,0.0
32.0,-1.4688091278076172,0.8277654647827148,0.0
32.0,-1.4726204872131348,0.8209657669067383,0.0
32.0,-1.4693949222564697,0.8102854490280151,0.0
32.0,-1.4731254577636719,0.8034831881523132,0.0
32.0,-1.4697836637496948,0.7928656339645386,0.0
32.0,-1.4646106958389282,0.7813548445701599,0.0
32.0,-1.4682074785232544,0.7745750546455383,0.0
32.0,-1.4664534330368042,0.7650036811828613,0.0
32.0,-1.4699746370315552,0.7582155466079712,0.0
32.0,-1.4663375616073608,0.7477768063545227,0.0
32.0,-1.4608497619628906,0.736487627029419,0.0
32.0,-1.464239239692688,0.7297256588935852,0.0
32.0,-1.460420846939087,0.7194129824638367,0.0
32.0,-1.4637314081192017,0.7126532196998596,0.0
32.0,-1.4598016738891602,0.7024095058441162,0.0
32.0,-1.4576148986816406,0.6930763125419617,0.0
32.0,-1.4608036279678345,0.6863297820091248,0.0
32.0,-1.4585189819335938,0.6770423650741577,0.0
32.0,-1.4616336822509766,0.6702918410301208,0.0
32.0,-1.461073398590088,0.6618764400482178,0.0
32.0,-1.4586411714553833,0.6526637077331543,0.0
32.0,-1.461643099784851,0.6459129452705383,0.0
32.0,-1.4572815895080566,0.6359485387802124,0.0
32.0,-1.4602062702178955,0.6292042136192322,0.0
32.0,-1.4557381868362427,0.6193145513534546,0.0
32.0,-1.4585858583450317,0.6125775575637817,0.0
32.0,-1.4558597803115845,0.603529691696167,0.0
32.0,-1.453081488609314,0.5945202112197876,0.0
32.0,-1.4558147192001343,0.5877957344055176,0.0
32.0,-1.4529427289962769,0.578838050365448,0.0
32.0,-1.4556033611297607,0.5721144080162048,0.0
32.0,-1.4545032978057861,0.563932478427887,0.0
32.0,-1.451490879058838,0.5550586581230164,0.0
32.0,-1.4540417194366455,0.5483419299125671,0.0
32.0,-1.4528120756149292,0.5402193665504456,0.0
32.0,-1.455294132232666,0.5334967374801636,0.0
32.0,-1.4521023035049438,0.5247235894203186,0.0
32.0,-1.4488605260849,0.5159913897514343,0.0
32.0,-1.4512306451797485,0.5092872381210327,0.0
32.0,-1.4497894048690796,0.5012651681900024,0.0
32.0,-1.4520914554595947,0.49455690383911133,0.0
32.0,-1.448673963546753,0.485929936170578,0.0
32.0,-1.4452077150344849,0.47734519839286804,0.0
32.0,-1.4473992586135864,0.4706583619117737,0.0
32.0,-1.4457502365112305,0.4627421200275421,0.0
32.0,-1.4478741884231567,0.4560529291629791,0.0
32.0,-1.4461466073989868,0.4481699466705322,0.0
32.0,-1.4443769454956055,0.4403126835823059,0.0
32.0,-1.4463971853256226,0.4336300790309906,0.0
32.0,-1.4426313638687134,0.42524173855781555,0.0
32.0,-1.4445819854736328,0.41856738924980164,0.0
32.0,-1.4426547288894653,0.4107886552810669,0.0
32.0,-1.4445385932922363,0.40411433577537537,0.0
32.0,-1.4425344467163086,0.3963715732097626,0.0
32.0,-1.440489649772644,0.38865596055984497,0.0
32.0,-1.4422712326049805,0.3819918930530548,0.0
32.0,-1.440150499343872,0.37431344389915466,0.0
32.0,-1.4418656826019287,0.367651104927063,0.0
32.0,-1.4416097402572632,0.3604956567287445,0.0
32.0,-1.4393761157989502,0.3528743088245392,0.0
32.0,-1.4409922361373901,0.34621575474739075,0.0
32.0,-1.4406307935714722,0.33909159898757935,0.0
32.0,-1.4421831369400024,0.33242738246917725,0.0
32.0,-1.439802646636963,0.3248756527900696,0.0
32.0,-1.4373834133148193,0.3173530697822571,0.0
32.0,-1.4388352632522583,0.3107041120529175,0.0
32.0,-1.436342716217041,0.30322232842445374,0.0
32.0,-1.4377292394638062,0.2965783476829529,0.0
32.0,-1.4371243715286255,0.28953298926353455,0.0
32.0,-1.4384477138519287,0.2828855514526367,0.0
32.0,-1.4358118772506714,0.275478333234787,0.0
32.0,-1.435104250907898,0.26846933364868164,0.0
32.0,-1.4363301992416382,0.26183146238327026,0.0
32.0,-1.4355560541152954,0.25483837723731995,0.0
32.0,-1.4367189407348633,0.24819853901863098,0.0
32.0,-1.4358787536621094,0.2412220537662506,0.0
32.0,-1.4330309629440308,0.23393642902374268,0.0
32.0,-1.4340972900390625,0.2273084968328476,0.0
32.0,-1.433156132698059,0.22037173807621002,0.0
32.0,-1.4341596364974976,0.21374337375164032,0.0
32.0,-1.4311734437942505,0.2065390944480896,0.0
32.0,-1.4301323890686035,0.19964352250099182,0.0
32.0,-1.4310400485992432,0.19302935898303986,0.0
32.0,-1.4319171905517578,0.186411052942276,0.0
32.0,-1.4327638149261475,0.17978878319263458,0.0
32.0,-1.4296085834503174,0.172682985663414,0.0
32.0,-1.4303916692733765,0.16607153415679932,0.0
32.0,-1.4311442375183105,0.1594565212726593,0.0
32.0,-1.4298774003982544,0.15262581408023834,0.0
32.0,-1.430567741394043,0.14601333439350128,0.0
32.0,-1.4292370080947876,0.13920384645462036,0.0
32.0,-1.4278738498687744,0.13240979611873627,0.0
32.0,-1.4284707307815552,0.1258067935705185,0.0
32.0,-1.429037094116211,0.11920109391212463,0.0
32.0,-1.4295729398727417,0.11259284615516663,0.0
32.0,-1.4280837774276733,0.10583438724279404,0.0
32.0,-1.4285577535629272,0.09923069179058075,0.0
32.0,-1.427005410194397,0.09249550849199295,0.0
32.0,-1.4254214763641357,0.08577680587768555,0.0
32.0,-1.4258028268814087,0.07918563485145569,0.0
32.0,-1.4261536598205566,0.07259277254343033,0.0
32.0,-1.4264739751815796,0.06599835306406021,0.0
32.0,-1.424765706062317,0.05931933596730232,0.0
32.0,-1.4230260848999023,0.05265752226114273,0.0
32.0,-1.423254370689392,0.04607778042554855,0.0
32.0,-1.4234521389007568,0.039497051388025284,0.0
32.0,-1.4236195087432861,0.03291548043489456,0.0
32.0,-1.42375648021698,0.02633320540189743,0.0
32.0,-1.421863317489624,0.019722629338502884,0.0
32.0,-1.4219392538070679,0.013148615136742592,0.0
32.0,-1.4219849109649658,0.006574319209903479,0.0
32.0,-1.4220000505447388,-1.1636915075996512e-07,0.0
33.0,-1.4199999570846558,1.2414034245011862e-07,0.0
33.0,-1.4199848175048828,-0.006565064657479525,0.0
33.0,-1.4199392795562744,-0.013130112551152706,0.0
33.0,-1.4198633432388306,-0.01969487965106964,0.0
33.0,-1.4197571277618408,-0.026259226724505424,0.0
33.0,-1.4196205139160156,-0.03282301127910614,0.0
33.0,-1.4194536209106445,-0.039386097341775894,0.0
33.0,-1.4252532720565796,-0.04614248871803284,0.0
33.0,-1.4250247478485107,-0.0527314692735672,0.0
33.0,-1.426763892173767,-0.05940252169966698,0.0
33.0,-1.4264739751815796,-0.06599834561347961,0.0
33.0,-1.420161485671997,-0.07228775322437286,0.0
33.0,-1.4198120832443237,-0.07885292172431946,0.0
33.0,-1.4194324016571045,-0.08541639894247055,0.0
33.0,-1.4190223217010498,-0.0919780507683754,0.0
33.0,-1.4185818433761597,-0.09853773564100266,0.0
33.0,-1.4201055765151978,-0.10524312406778336,0.0
33.0,-1.4196038246154785,-0.1118076741695404,0.0
33.0,-1.4190717935562134,-0.11836984008550644,0.0
33.0,-1.4185093641281128,-0.12492947280406952,0.0
33.0,-1.4179165363311768,-0.1314864307641983,0.0
33.0,-1.4172935485839844,-0.13804058730602264,0.0
33.0,-1.4166401624679565,-0.1445917785167694,0.0
33.0,-1.4159564971923828,-0.15113988518714905,0.0
33.0,-1.417230248451233,-0.15790623426437378,0.0
33.0,-1.416485071182251,-0.16445693373680115,0.0
33.0,-1.4157096147537231,-0.17100411653518677,0.0
33.0,-1.4149038791656494,-0.1775476336479187,0.0
33.0,-1.4160510301589966,-0.184345543384552,0.0
33.0,-1.415183663368225,-0.19089050590991974,0.0
33.0,-1.416266679763794,-0.1977079063653946,0.0
33.0,-1.4153375625610352,-0.20425371825695038,0.0
33.0,-1.414378046989441,-0.21079516410827637,0.0
33.0,-1.415365219116211,-0.2176360934972763,0.0
33.0,-1.4143438339233398,-0.2241775244474411,0.0
33.0,-1.4152661561965942,-0.23103637993335724,0.0
33.0,-1.4141827821731567,-0.23757721483707428,0.0
33.0,-1.4130693674087524,-0.24411296844482422,0.0
33.0,-1.413894772529602,-0.2509930729866028,0.0
33.0,-1.4127192497253418,-0.25752735137939453,0.0
33.0,-1.4134793281555176,-0.2644239068031311,0.0
33.0,-1.4122416973114014,-0.2709560990333557,0.0
33.0,-1.4129364490509033,-0.27786847949028015,0.0
33.0,-1.4116365909576416,-0.28439804911613464,0.0
33.0,-1.410306692123413,-0.29092150926589966,0.0
33.0,-1.4109033346176147,-0.29785189032554626,0.0
33.0,-1.4095112085342407,-0.30437183380126953,0.0
33.0,-1.4100419282913208,-0.31131646037101746,0.0
33.0,-1.4085874557495117,-0.3178322911262512,0.0
33.0,-1.4110007286071777,-0.32523974776268005,0.0
33.0,-1.4094818830490112,-0.33175987005233765,0.0
33.0,-1.4098777770996094,-0.33874011039733887,0.0
33.0,-1.4102389812469482,-0.34573110938072205,0.0
33.0,-1.4086254835128784,-0.3522474765777588,0.0
33.0,-1.4089198112487793,-0.3592504560947418,0.0
33.0,-1.4072438478469849,-0.36576056480407715,0.0
33.0,-1.4074710607528687,-0.3727749288082123,0.0
33.0,-1.4076634645462036,-0.3797991871833801,0.0
33.0,-1.4058924913406372,-0.38630327582359314,0.0
33.0,-1.406017541885376,-0.3933379352092743,0.0
33.0,-1.4041839838027954,-0.3998342752456665,0.0
33.0,-1.4061622619628906,-0.40743526816368103,0.0
33.0,-1.4081003665924072,-0.41506311297416687,0.0
33.0,-1.4061663150787354,-0.4215688407421112,0.0
33.0,-1.4080283641815186,-0.4292319416999817,0.0
33.0,-1.4060288667678833,-0.4357371926307678,0.0
33.0,-1.4059067964553833,-0.4428339898586273,0.0
33.0,-1.4038443565368652,-0.44932928681373596,0.0
33.0,-1.4055559635162354,-0.45705196261405945,0.0
33.0,-1.4053269624710083,-0.46417272090911865,0.0
33.0,-1.4031658172607422,-0.4706651270389557,0.0
33.0,-1.4047611951828003,-0.47843700647354126,0.0
33.0,-1.4025341272354126,-0.48492664098739624,0.0
33.0,-1.4040515422821045,-0.4927304685115814,0.0
33.0,-1.4036425352096558,-0.499887615442276,0.0
33.0,-1.4013164043426514,-0.5063718557357788,0.0
33.0,-1.402715802192688,-0.5142219662666321,0.0
33.0,-1.4003233909606934,-0.5207017660140991,0.0
33.0,-1.4016437530517578,-0.5285818576812744,0.0
33.0,-1.4066572189331055,-0.537913978099823,0.0
33.0,-1.4041552543640137,-0.5444117784500122,0.0
33.0,-1.4053459167480469,-0.5523610711097717,0.0
33.0,-1.4027771949768066,-0.5588526129722595,0.0
33.0,-1.4020328521728516,-0.5660809278488159,0.0
33.0,-1.3994007110595703,-0.5725570321083069,0.0
33.0,-1.4004337787628174,-0.5805526971817017,0.0
33.0,-1.4032665491104126,-0.5893445014953613,0.0
33.0,-1.400526762008667,-0.5958260297775269,0.0
33.0,-1.401430606842041,-0.6038777232170105,0.0
33.0,-1.3986237049102783,-0.6103506088256836,0.0
33.0,-1.3994455337524414,-0.6184272170066833,0.0
33.0,-1.402048110961914,-0.6273413300514221,0.0
33.0,-1.3991327285766602,-0.6338168382644653,0.0
33.0,-1.3998231887817383,-0.6419461369514465,0.0
33.0,-1.3968403339385986,-0.6484111547470093,0.0
33.0,-1.397447943687439,-0.6565633416175842,0.0
33.0,-1.394397497177124,-0.663017213344574,0.0
33.0,-1.3985260725021362,-0.6729256510734558,0.0
33.0,-1.3989962339401245,-0.681135356426239,0.0
33.0,-1.3958321809768677,-0.6875961422920227,0.0
33.0,-1.3980083465576172,-0.6967185139656067,0.0
33.0,-1.3947722911834717,-0.7031745910644531,0.0
33.0,-1.3968513011932373,-0.7123413681983948,0.0
33.0,-1.393543004989624,-0.7187919616699219,0.0
33.0,-1.395524501800537,-0.7280022501945496,0.0
33.0,-1.397450566291809,-0.7372461557388306,0.0
33.0,-1.3940271139144897,-0.7436992526054382,0.0
33.0,-1.3976147174835205,-0.7539345622062683,0.0
33.0,-1.3941140174865723,-0.760388195514679,0.0
33.0,-1.395837664604187,-0.7697228789329529,0.0
33.0,-1.3975046873092651,-0.7790897488594055,0.0
33.0,-1.3938877582550049,-0.7855426073074341,0.0
33.0,-1.3954542875289917,-0.7949485182762146,0.0
33.0,-1.3917640447616577,-0.8013917207717896,0.0
33.0,-1.3932297229766846,-0.8108358383178711,0.0
33.0,-1.3963617086410522,-0.8213245272636414,0.0
33.0,-1.3925495147705078,-0.8277716636657715,0.0
33.0,-1.3938509225845337,-0.8372907042503357,0.0
33.0,-1.3899649381637573,-0.8437260985374451,0.0
33.0,-1.39116370677948,-0.8532804250717163,0.0
33.0,-1.3872038125991821,-0.8597031235694885,0.0
33.0,-1.3916897773742676,-0.8714145421981812,0.0
33.0,-1.394406795501709,-0.8821164965629578,0.0
33.0,-1.3903136253356934,-0.8885539174079895,0.0
33.0,-1.3912312984466553,-0.898226797580719,0.0
33.0,-1.3870636224746704,-0.9046493768692017,0.0
33.0,-1.3912168741226196,-0.9165541529655457,0.0
33.0,-1.3869644403457642,-0.9229764938354492,0.0
33.0,-1.3893219232559204,-0.9338418841362,0.0
33.0,-1.391608476638794,-0.9447486996650696,0.0
33.0,-1.38722562789917,-0.9511725306510925,0.0
33.0,-1.389390230178833,-0.9621304869651794,0.0
33.0,-1.3849270343780518,-0.9685438871383667,0.0
33.0,-1.3886024951934814,-0.9807054400444031,0.0
33.0,-1.3889384269714355,-0.9905988574028015,0.0
33.0,-1.3843436241149902,-0.9970098733901978,0.0
33.0,-1.3861892223358154,-1.0081048011779785,0.0
33.0,-1.3815135955810547,-1.0145028829574585,0.0
33.0,-1.3832346200942993,-1.0256441831588745,0.0
33.0,-1.3752758502960205,-1.02963125705719,0.0
33.0,-1.3705008029937744,-1.0359786748886108,0.0
33.0,-1.3529775142669678,-1.0325967073440552,0.0
33.0,-1.3481889963150024,-1.0388410091400146,0.0
33.0,-1.3291643857955933,-1.0340107679367065,0.0
33.0,-1.3243695497512817,-1.040144920349121,0.0
33.0,-1.3070091009140015,-1.036316156387329,0.0
33.0,-1.28971266746521,-1.0323492288589478,0.0
33.0,-1.284925937652588,-1.0383011102676392,0.0
33.0,-1.2677136659622192,-1.0341171026229858,0.0
33.0,-1.2505676746368408,-1.0297963619232178,0.0
33.0,-1.2457932233810425,-1.0355671644210815,0.0
33.0,-1.228735327720642,-1.0310312509536743,0.0
33.0,-1.2239553928375244,-1.0367010831832886,0.0
33.0,-1.2085083723068237,-1.0332510471343994,0.0
33.0,-1.2037183046340942,-1.0388274192810059,0.0
33.0,-1.1883461475372314,-1.035185694694519,0.0
33.0,-1.1715316772460938,-1.0301035642623901,0.0
33.0,-1.1667566299438477,-1.0355089902877808,0.0
33.0,-1.1515288352966309,-1.0315510034561157,0.0
33.0,-1.1467472314834595,-1.036863923072815,0.0
33.0,-1.1330775022506714,-1.0340654850006104,0.0
33.0,-1.1179871559143066,-1.0298080444335938,0.0
33.0,-1.113214135169983,-1.0349658727645874,0.0
33.0,-1.0996664762496948,-1.0318902730941772,0.0
33.0,-1.094883918762207,-1.0369634628295898,0.0
33.0,-1.0799578428268433,-1.0323405265808105,0.0
33.0,-1.0665374994277954,-1.028990626335144,0.0
33.0,-1.061768651008606,-1.0339106321334839,0.0
33.0,-1.0484187602996826,-1.0303971767425537,0.0
33.0,-1.043643593788147,-1.0352333784103394,0.0
33.0,-1.0303657054901123,-1.0315572023391724,0.0
33.0,-1.018551230430603,-1.0292022228240967,0.0
33.0,-1.013782024383545,-1.0339003801345825,0.0
33.0,-1.0006293058395386,-1.0299694538116455,0.0
33.0,-0.9958566427230835,-1.0345847606658936,0.0
33.0,-0.9841611981391907,-1.031941294670105,0.0
33.0,-0.9725115895271301,-1.0292119979858398,0.0
33.0,-0.9677428007125854,-1.033697247505188,0.0
33.0,-0.9561527371406555,-1.030828833580017,0.0
33.0,-0.9513766169548035,-1.0352383852005005,0.0
33.0,-0.938501238822937,-1.0307528972625732,0.0
33.0,-0.9270274639129639,-1.0276556015014648,0.0
33.0,-0.9222663044929504,-1.0319305658340454,0.0
33.0,-0.9108561873435974,-1.0286966562271118,0.0
33.0,-0.9060904383659363,-1.032896876335144,0.0
33.0,-0.8947455883026123,-1.029527187347412,0.0
33.0,-0.884756326675415,-1.0275903940200806,0.0
33.0,-0.8799959421157837,-1.0316699743270874,0.0
33.0,-0.870053231716156,-1.029617190361023,0.0
33.0,-0.8652836680412292,-1.0336287021636963,0.0
33.0,-0.8541120886802673,-1.0299206972122192,0.0
33.0,-0.844262957572937,-1.027677059173584,0.0
33.0,-0.8395025730133057,-1.031569480895996,0.0
33.0,-0.8284481763839722,-1.0276545286178589,0.0
33.0,-0.8236880898475647,-1.0314737558364868,0.0
33.0,-0.813947319984436,-1.0289965867996216,0.0
33.0,-0.8091811537742615,-1.0327486991882324,0.0
33.0,-0.7994928359985352,-1.0301588773727417,0.0
33.0,-0.789845883846283,-1.0275015830993652,0.0
33.0,-0.7850869297981262,-1.0311423540115356,0.0
33.0,-0.7766985893249512,-1.0299705266952515,0.0
33.0,-0.7671412229537964,-1.0271408557891846,0.0
33.0,-0.7623841762542725,-1.0306766033172607,0.0
33.0,-0.7528831958770752,-1.0277369022369385,0.0
33.0,-0.7481235265731812,-1.031206727027893,0.0
33.0,-0.7386800646781921,-1.0281574726104736,0.0
33.0,-0.7339186072349548,-1.0315617322921753,0.0
33.0,-0.7256858348846436,-1.030038833618164,0.0
33.0,-0.716338574886322,-1.0268218517303467,0.0
33.0,-0.7115834951400757,-1.0301227569580078,0.0
33.0,-0.7022968530654907,-1.0267983675003052,0.0
33.0,-0.697542130947113,-1.0300344228744507,0.0
33.0,-0.6883172988891602,-1.0266036987304688,0.0
33.0,-0.6813514232635498,-1.026442527770996,0.0
33.0,-0.6765984892845154,-1.0295816659927368,0.0
33.0,-0.6674685478210449,-1.0259929895401,0.0
33.0,-0.662717878818512,-1.0290679931640625,0.0
33.0,-0.6547278165817261,-1.0270615816116333,0.0
33.0,-0.6467704772949219,-1.025003433227539,0.0
33.0,-0.642024576663971,-1.0279827117919922,0.0
33.0,-0.6341102123260498,-1.0258363485336304,0.0
33.0,-0.6293606162071228,-1.028757095336914,0.0
33.0,-0.6225259304046631,-1.0282341241836548,0.0
33.0,-0.6146816611289978,-1.0259543657302856,0.0
33.0,-0.6099317073822021,-1.0287853479385376,0.0
33.0,-0.6021327972412109,-1.0264191627502441,0.0
33.0,-0.5973808765411377,-1.0291920900344849,0.0
33.0,-0.5896281599998474,-1.0267398357391357,0.0
33.0,-0.5819109082221985,-1.024238109588623,0.0
33.0,-0.5771692395210266,-1.0269174575805664,0.0
33.0,-0.5704716444015503,-1.0260790586471558,0.0
33.0,-0.5657215714454651,-1.0287055969238281,0.0
33.0,-0.5590481162071228,-1.0277962684631348,0.0
33.0,-0.5514478087425232,-1.0250860452651978,0.0
33.0,-0.5467025637626648,-1.0276246070861816,0.0
33.0,-0.5391520857810974,-1.0248311758041382,0.0
33.0,-0.5344080924987793,-1.027312994003296,0.0
33.0,-0.5278232097625732,-1.0262157917022705,0.0
33.0,-0.5230730175971985,-1.0286450386047363,0.0
33.0,-0.5156167149543762,-1.0256916284561157,0.0
33.0,-0.5090890526771545,-1.0244824886322021,0.0
33.0,-0.5043470859527588,-1.0268253087997437,0.0
33.0,-0.49784740805625916,-1.0255476236343384,0.0
33.0,-0.4931006133556366,-1.0278383493423462,0.0
33.0,-0.4857729971408844,-1.0246855020523071,0.0
33.0,-0.4793335795402527,-1.0232982635498047,0.0
33.0,-0.47459736466407776,-1.025503396987915,0.0
33.0,-0.4681878387928009,-1.024048924446106,0.0
33.0,-0.46344828605651855,-1.0262025594711304,0.0
33.0,-0.4570693075656891,-1.0246812105178833,0.0
33.0,-0.4507143795490265,-1.023123025894165,0.0
33.0,-0.4459792673587799,-1.025195837020874,0.0
33.0,-0.43965595960617065,-1.023571491241455,0.0
33.0,-0.43491891026496887,-1.0255931615829468,0.0
33.0,-0.42862799763679504,-1.0239033699035645,0.0
33.0,-0.42236196994781494,-1.0221772193908691,0.0
33.0,-0.4176315367221832,-1.0241190195083618,0.0
33.0,-0.41139891743659973,-1.0223281383514404,0.0
33.0,-0.40666791796684265,-1.024219274520874,0.0
33.0,-0.4011988043785095,-1.0242263078689575,0.0
33.0,-0.39501744508743286,-1.022339105606079,0.0
33.0,-0.39028656482696533,-1.0241544246673584,0.0
33.0,-0.38554733991622925,-1.02594792842865,0.0
33.0,-0.38079988956451416,-1.027719497680664,0.0
33.0,-0.37604427337646484,-1.0294691324234009,0.0
33.0,-0.37128064036369324,-1.0311967134475708,0.0
33.0,-0.36584025621414185,-1.0310174226760864,0.0
33.0,-0.3604094982147217,-1.0308098793029785,0.0
33.0,-0.35563981533050537,-1.0324652194976807,0.0
33.0,-0.3495773673057556,-1.0303105115890503,0.0
33.0,-0.3448100984096527,-1.0319157838821411,0.0
33.0,-0.3387853503227234,-1.0296992063522339,0.0
33.0,-0.3334047794342041,-1.029351830482483,0.0
33.0,-0.3286421298980713,-1.0308823585510254,0.0
33.0,-0.3226751387119293,-1.0285741090774536,0.0
33.0,-0.31791621446609497,-1.0300549268722534,0.0
33.0,-0.3125694990158081,-1.0296000242233276,0.0
33.0,-0.3072338104248047,-1.0291178226470947,0.0
33.0,-0.3024725317955017,-1.0305272340774536,0.0
33.0,-0.2971504032611847,-1.0299930572509766,0.0
33.0,-0.29238519072532654,-1.031355857849121,0.0
33.0,-0.28654053807258606,-1.0288432836532593,0.0
33.0,-0.28125306963920593,-1.0282279253005981,0.0
33.0,-0.27649617195129395,-1.0295172929763794,0.0
33.0,-0.270713746547699,-1.0269168615341187,0.0
33.0,-0.26596304774284363,-1.0281574726104736,0.0
33.0,-0.26071470975875854,-1.027437448501587,0.0
33.0,-0.25547876954078674,-1.0266910791397095,0.0
33.0,-0.2507292628288269,-1.02786123752594,0.0
33.0,-0.24550941586494446,-1.027064323425293,0.0
33.0,-0.2407582849264145,-1.0281884670257568,0.0
33.0,-0.23555505275726318,-1.0273411273956299,0.0
33.0,-0.2308027595281601,-1.0284192562103271,0.0
33.0,-0.22561660408973694,-1.0275218486785889,0.0
33.0,-0.22044365108013153,-1.0265984535217285,0.0
33.0,-0.21569494903087616,-1.027606725692749,0.0
33.0,-0.21053984761238098,-1.0266337394714355,0.0
33.0,-0.20579108595848083,-1.0275962352752686,0.0
33.0,-0.2006542831659317,-1.026573896408081,0.0
33.0,-0.19553132355213165,-1.0255260467529297,0.0
33.0,-0.19078783690929413,-1.0264190435409546,0.0
33.0,-0.18568389117717743,-1.0253221988677979,0.0
33.0,-0.18094146251678467,-1.026169776916504,0.0
33.0,-0.1761951595544815,-1.026995301246643,0.0
33.0,-0.17078694701194763,-1.0238534212112427,0.0
33.0,-0.1660514622926712,-1.0246320962905884,0.0
33.0,-0.16100162267684937,-1.0234131813049316,0.0
33.0,-0.15626828372478485,-1.024146556854248,0.0
33.0,-0.1512390822172165,-1.022879719734192,0.0
33.0,-0.14650830626487732,-1.0235679149627686,0.0
33.0,-0.14177440106868744,-1.024234414100647,0.0
33.0,-0.13677239418029785,-1.0228965282440186,0.0
33.0,-0.13204170763492584,-1.0235178470611572,0.0
33.0,-0.12706147134304047,-1.0221327543258667,0.0
33.0,-0.12233441323041916,-1.0227092504501343,0.0
33.0,-0.11760473996400833,-1.023263931274414,0.0
33.0,-0.11265338212251663,-1.0218087434768677,0.0
33.0,-0.10792797803878784,-1.022318720817566,0.0
33.0,-0.103200264275074,-1.0228067636489868,0.0
33.0,-0.09847034513950348,-1.02327299118042,0.0
33.0,-0.09373831748962402,-1.0237172842025757,0.0
33.0,-0.08900429308414459,-1.0241397619247437,0.0
33.0,-0.08410441875457764,-1.0225470066070557,0.0
33.0,-0.07937590032815933,-1.0229250192642212,0.0
33.0,-0.07464569061994553,-1.0232809782028198,0.0
33.0,-0.06991388648748398,-1.0236152410507202,0.0
33.0,-0.06518058478832245,-1.0239274501800537,0.0
33.0,-0.06032806262373924,-1.0222214460372925,0.0
33.0,-0.05560130625963211,-1.0224894285202026,0.0
33.0,-0.05087336152791977,-1.022735595703125,0.0
33.0,-0.046144332736730576,-1.02295982837677,0.0
33.0,-0.04141431301832199,-1.0231622457504272,0.0
33.0,-0.03668341040611267,-1.0233427286148071,0.0
33.0,-0.03188931569457054,-1.0215022563934326,0.0
33.0,-0.02716618962585926,-1.0216388702392578,0.0
33.0,-0.02244248241186142,-1.0217535495758057,0.0
33.0,-0.017718294635415077,-1.0218462944030762,0.0
33.0,-0.012993729673326015,-1.0219173431396484,0.0
33.0,-0.008285068906843662,-1.0239665508270264,0.0
33.0,-0.0035508018918335438,-1.0239938497543335,0.0
33.0,0.0011835411423817277,-1.0239993333816528,0.0
33.0,0.005917858798056841,-1.0239830017089844,0.0
33.0,0.010631244629621506,-1.0219446420669556,0.0
33.0,0.01535596139729023,-1.021884560585022,0.0
33.0,0.02008035033941269,-1.0218026638031006,0.0
33.0,0.024804310873150826,-1.0216989517211914,0.0
33.0,0.029527738690376282,-1.0215733051300049,0.0
33.0,0.03425053879618645,-1.0214258432388306,0.0
33.0,0.038972605019807816,-1.0212565660476685,0.0
33.0,0.04369383677840233,-1.0210654735565186,0.0
33.0,0.048414137214422226,-1.0208525657653809,0.0
33.0,0.05313339829444885,-1.0206178426742554,0.0
33.0,0.05785152688622475,-1.020361304283142,0.0
33.0,0.06256841868162155,-1.0200828313827515,0.0
33.0,0.06728397309780121,-1.0197826623916626,0.0
33.0,0.07213899493217468,-1.0214558839797974,0.0
33.0,0.07686079293489456,-1.0211113691329956,0.0
33.0,0.08158095180988312,-1.0207451581954956,0.0
33.0,0.0862993597984314,-1.0203570127487183,0.0
33.0,0.09101593494415283,-1.0199471712112427,0.0
33.0,0.09573055803775787,-1.0195153951644897,0.0
33.0,0.10044313222169876,-1.0190619230270386,0.0
33.0,0.10515356063842773,-1.0185866355895996,0.0
33.0,0.10986173897981644,-1.0180896520614624,0.0
33.0,0.11479133367538452,-1.0195581912994385,0.0
33.0,0.11950390785932541,-1.0190166234970093,0.0
33.0,0.12397179752588272,-1.0164679288864136,0.0
33.0,0.12866997718811035,-1.0158839225769043,0.0
33.0,0.13336540758609772,-1.0152782201766968,0.0
33.0,0.13832764327526093,-1.0166324377059937,0.0
33.0,0.1430264264345169,-1.0159820318222046,0.0
33.0,0.14801011979579926,-1.0172890424728394,0.0
33.0,0.15271183848381042,-1.0165938138961792,0.0
33.0,0.15741030871868134,-1.0158770084381104,0.0
33.0,0.16210539638996124,-1.0151383876800537,0.0
33.0,0.16679702699184418,-1.0143779516220093,0.0
33.0,0.17181871831417084,-1.0155678987503052,0.0
33.0,0.1765122264623642,-1.0147627592086792,0.0
33.0,0.1812019646167755,-1.0139358043670654,0.0
33.0,0.186248779296875,-1.0150543451309204,0.0
33.0,0.1909397542476654,-1.0141823291778564,0.0
33.0,0.19600580632686615,-1.0152525901794434,0.0
33.0,0.20069760084152222,-1.0143355131149292,0.0
33.0,0.20578236877918243,-1.0153568983078003,0.0
33.0,0.210880845785141,-1.016352891921997,0.0
33.0,0.21557757258415222,-1.015367031097412,0.0
33.0,0.22069409489631653,-1.016313910484314,0.0
33.0,0.22539053857326508,-1.0152827501296997,0.0
33.0,0.23008215427398682,-1.0142297744750977,0.0
33.0,0.23476886749267578,-1.013155221939087,0.0
33.0,0.24037152528762817,-1.0159515142440796,0.0
33.0,0.24600501358509064,-1.0187175273895264,0.0
33.0,0.2507123053073883,-1.0175693035125732,0.0
33.0,0.255414217710495,-1.0163992643356323,0.0
33.0,0.26011067628860474,-1.0152075290679932,0.0
33.0,0.26530691981315613,-1.0159292221069336,0.0
33.0,0.27051541209220886,-1.0166245698928833,0.0
33.0,0.27521276473999023,-1.0153629779815674,0.0
33.0,0.28043636679649353,-1.016007661819458,0.0
33.0,0.28513073921203613,-1.014700174331665,0.0
33.0,0.2903689742088318,-1.0152939558029175,0.0
33.0,0.29561877250671387,-1.015860915184021,0.0
33.0,0.3003123104572296,-1.0144833326339722,0.0
33.0,0.305575966835022,-1.0149991512298584,0.0
33.0,0.3102654218673706,-1.0135754346847534,0.0
33.0,0.3155425190925598,-1.0140399932861328,0.0
33.0,0.3202274441719055,-1.0125702619552612,0.0
33.0,0.32551735639572144,-1.012982964515686,0.0
33.0,0.3314386010169983,-1.0152696371078491,0.0
33.0,0.3361290395259857,-1.0137263536453247,0.0
33.0,0.3414505422115326,-1.0140570402145386,0.0
33.0,0.3461352586746216,-1.0124675035476685,0.0
33.0,0.35212400555610657,-1.0146352052688599,0.0
33.0,0.3568112850189209,-1.0129964351654053,0.0
33.0,0.36216408014297485,-1.0132192373275757,0.0
33.0,0.3675265610218048,-1.0134141445159912,0.0
33.0,0.37220802903175354,-1.0117040872573853,0.0
33.0,0.37827998399734497,-1.0137200355529785,0.0
33.0,0.38296276330947876,-1.0119602680206299,0.0
33.0,0.3883538544178009,-1.0120460987091064,0.0
33.0,0.39375388622283936,-1.0121036767959595,0.0
33.0,0.3984290063381195,-1.0102723836898804,0.0
33.0,0.40458035469055176,-1.0121338367462158,0.0
33.0,0.4092555046081543,-1.0102524757385254,0.0
33.0,0.41620033979415894,-1.0139000415802002,0.0
33.0,0.42088353633880615,-1.0119649171829224,0.0
33.0,0.42633432149887085,-1.0118513107299805,0.0
33.0,0.43257805705070496,-1.0135483741760254,0.0
33.0,0.4372594654560089,-1.0115375518798828,0.0
33.0,0.44353556632995605,-1.013169288635254,0.0
33.0,0.4482150971889496,-1.0111078023910522,0.0
33.0,0.4545229971408844,-1.01267409324646,0.0
33.0,0.4600274860858917,-1.0123826265335083,0.0
33.0,0.46470317244529724,-1.0102449655532837,0.0
33.0,0.4702131152153015,-1.0098987817764282,0.0
33.0,0.4748772382736206,-1.007714033126831,0.0
33.0,0.4821139872074127,-1.0109233856201172,0.0
33.0,0.4867826998233795,-1.0086835622787476,0.0
33.0,0.4949513077735901,-1.0136109590530396,0.0
33.0,0.5014040470123291,-1.0148979425430298,0.0
33.0,0.5060909390449524,-1.0125689506530762,0.0
33.0,0.511669397354126,-1.0120030641555786,0.0
33.0,0.51634281873703,-1.0096266269683838,0.0
33.0,0.5228429436683655,-1.0107815265655518,0.0
33.0,0.5293647646903992,-1.0118976831436157,0.0
33.0,0.5340374708175659,-1.0094393491744995,0.0
33.0,0.5396422743797302,-1.0087231397628784,0.0
33.0,0.5443001985549927,-1.006217360496521,0.0
33.0,0.5518255233764648,-1.0089541673660278,0.0
33.0,0.5564844012260437,-1.0063921213150024,0.0
33.0,0.5650349259376526,-1.010791540145874,0.0
33.0,0.5726540088653564,-1.0133920907974243,0.0
33.0,0.5773331522941589,-1.0107336044311523,0.0
33.0,0.5849999189376831,-1.0132497549057007,0.0
33.0,0.5896783471107483,-1.0105341672897339,0.0
33.0,0.5953601002693176,-1.0095199346542358,0.0
33.0,0.6000211238861084,-1.0067565441131592,0.0
33.0,0.6077648997306824,-1.0091114044189453,0.0
33.0,0.6145034432411194,-1.0097076892852783,0.0
33.0,0.6191651225090027,-1.006855845451355,0.0
33.0,0.6248691082000732,-1.0056811571121216,0.0
33.0,0.6295120716094971,-1.0027813911437988,0.0
33.0,0.6384263038635254,-1.0066161155700684,0.0
33.0,0.6463103294372559,-1.008705496788025,0.0
33.0,0.6509670615196228,-1.005706548690796,0.0
33.0,0.6599879264831543,-1.009381890296936,0.0
33.0,0.6646475791931152,-1.0063197612762451,0.0
33.0,0.6726229190826416,-1.0082273483276367,0.0
33.0,0.677277147769928,-1.005106806755066,0.0
33.0,0.6841674447059631,-1.005271553993225,0.0
33.0,0.692206621170044,-1.0070421695709229,0.0
33.0,0.6968551278114319,-1.003831148147583,0.0
33.0,0.7060811519622803,-1.00714910030365,0.0
33.0,0.7107300758361816,-1.0038739442825317,0.0
33.0,0.7188532948493958,-1.0054579973220825,0.0
33.0,0.7234941720962524,-1.0021237134933472,0.0
33.0,0.7328324317932129,-1.005232572555542,0.0
33.0,0.7422147393226624,-1.008276343345642,0.0
33.0,0.7468684315681458,-1.0048340559005737,0.0
33.0,0.7551077008247375,-1.0061691999435425,0.0
33.0,0.7597514986991882,-1.0026673078536987,0.0
33.0,0.7680248022079468,-1.0039093494415283,0.0
33.0,0.7787708044052124,-1.0082619190216064,0.0
33.0,0.7834240794181824,-1.004650592803955,0.0
33.0,0.7942463159561157,-1.0088751316070557,0.0
33.0,0.7989022135734558,-1.0051921606063843,0.0
33.0,0.8072958588600159,-1.0061676502227783,0.0
33.0,0.816974401473999,-1.008641004562378,0.0
33.0,0.821628987789154,-1.0048531293869019,0.0
33.0,0.8326317071914673,-1.0087558031082153,0.0
33.0,0.837286651134491,-1.0048954486846924,0.0
33.0,0.8470731377601624,-1.0071361064910889,0.0
33.0,0.8517204523086548,-1.0032089948654175,0.0
33.0,0.8602538704872131,-1.0038163661956787,0.0
33.0,0.8714279532432556,-1.007391333580017,0.0
33.0,0.8760762214660645,-1.0033516883850098,0.0
33.0,0.8859952092170715,-1.005292296409607,0.0
33.0,0.8906335830688477,-1.0011851787567139,0.0
33.0,0.9019339084625244,-1.0044975280761719,0.0
33.0,0.9065684676170349,-1.000316858291626,0.0
33.0,0.9179331064224243,-1.003493309020996,0.0
33.0,0.9293463826179504,-1.006585955619812,0.0
33.0,0.9339902400970459,-1.0022785663604736,0.0
33.0,0.9468355774879456,-1.0066907405853271,0.0
33.0,0.9514797925949097,-1.0023024082183838,0.0
33.0,0.9644055962562561,-1.0065574645996094,0.0
33.0,0.9690489768981934,-1.002087950706482,0.0
33.0,0.9862440824508667,-1.0104783773422241,0.0
33.0,1.0035372972488403,-1.0187309980392456,0.0
33.0,1.0082365274429321,-1.014080286026001,0.0
33.0,1.0270808935165405,-1.0235257148742676,0.0
33.0,1.0318020582199097,-1.018766164779663,0.0
33.0,1.0507978200912476,-1.0279709100723267,0.0
33.0,1.0555392503738403,-1.0231016874313354,0.0
33.0,1.0761258602142334,-1.0334490537643433,0.0
33.0,1.0968306064605713,-1.0436277389526367,0.0
33.0,1.1016439199447632,-1.0385454893112183,0.0
33.0,1.122511386871338,-1.0484580993652344,0.0
33.0,1.1273467540740967,-1.0432571172714233,0.0
33.0,1.1483738422393799,-1.0529013872146606,0.0
33.0,1.1532294750213623,-1.0475808382034302,0.0
33.0,1.1744132041931152,-1.0569549798965454,0.0
33.0,1.1972005367279053,-1.0674861669540405,0.0
33.0,1.2021231651306152,-1.0619397163391113,0.0
33.0,1.223575234413147,-1.070859432220459,0.0
33.0,1.2285131216049194,-1.0651909112930298,0.0
33.0,1.2531473636627197,-1.0764411687850952,0.0
33.0,1.258110761642456,-1.0706359148025513,0.0
33.0,1.2829257249832153,-1.0815662145614624,0.0
33.0,1.1541846990585327,-0.9549145698547363,0.0
33.0,1.1585873365402222,-0.9495680928230286,0.0
33.0,1.1629650592803955,-0.9442014098167419,0.0
33.0,1.1673181056976318,-0.9388144612312317,0.0
33.0,1.1935460567474365,-0.9508543610572815,0.0
33.0,1.1979293823242188,-0.9453259706497192,0.0
33.0,1.202287197113037,-0.9397774338722229,0.0
33.0,1.2303404808044434,-0.9525745511054993,0.0
33.0,1.2347314357757568,-0.946876049041748,0.0
33.0,1.2613933086395264,-0.9580932855606079,0.0
33.0,1.2658095359802246,-0.9522511959075928,0.0
33.0,1.2942553758621216,-0.9643126726150513,0.0
33.0,1.2986998558044434,-0.9583185911178589,0.0
33.0,1.330567717552185,-0.9723649024963379,0.0
33.0,1.3350491523742676,-0.9662027955055237,0.0
33.0,1.3655116558074951,-0.9786611795425415,0.0
33.0,1.3961174488067627,-0.9908581972122192,0.0
33.0,1.4006836414337158,-0.9843928217887878,0.0
33.0,1.4298441410064697,-0.995042622089386,0.0
33.0,1.4344292879104614,-0.9884212613105774,0.0
33.0,1.4621132612228394,-0.9975594282150269,0.0
33.0,1.4667097330093384,-0.9907888770103455,0.0
33.0,1.4928867816925049,-0.9984513521194458,0.0
33.0,1.5141627788543701,-1.002580165863037,0.0
33.0,1.5187819004058838,-0.9955688714981079,0.0
33.0,1.5435012578964233,-1.001600742340088,0.0
33.0,1.5481154918670654,-0.9944538474082947,0.0
33.0,1.5661983489990234,-0.9958707094192505,0.0
33.0,1.5741713047027588,-0.9907496571540833,0.0
33.0,1.5787349939346313,-0.9834610819816589,0.0
33.0,1.5764553546905518,-0.9719529747962952,0.0
33.0,1.5809321403503418,-0.9646540284156799,0.0
33.0,1.5733908414840698,-0.9500976800918579,0.0
33.0,1.5777666568756104,-0.9428131580352783,0.0
33.0,1.5752224922180176,-0.9314365983009338,0.0
33.0,1.5743333101272583,-0.9211137890815735,0.0
33.0,1.5785751342773438,-0.9138252139091492,0.0
33.0,1.581047773361206,-0.9055231213569641,0.0
33.0,1.5852173566818237,-0.8982036709785461,0.0
33.0,1.599820852279663,-0.8967323899269104,0.0
33.0,1.6179428100585938,-0.8970848321914673,0.0
33.0,1.6220730543136597,-0.8895949125289917,0.0
33.0,1.6437488794326782,-0.891622006893158,0.0
33.0,1.6478536128997803,-0.8840128183364868,0.0
33.0,1.6678239107131958,-0.8848205208778381,0.0
33.0,1.6825233697891235,-0.8826748728752136,0.0
33.0,1.6865863800048828,-0.8748865127563477,0.0
33.0,1.4620800018310547,-0.7160351276397705,0.0
33.0,1.4653748273849487,-0.7092677354812622,0.0
33.0,1.4686384201049805,-0.7024851441383362,0.0
33.0,1.4718705415725708,-0.6956875920295715,0.0
33.0,1.493192434310913,-0.6973379850387573,0.0
33.0,1.4964005947113037,-0.6904269456863403,0.0
33.0,1.4995766878128052,-0.683501124382019,0.0
33.0,1.5027207136154175,-0.6765607595443726,0.0
33.0,1.5204523801803589,-0.6761069297790527,0.0
33.0,1.536380410194397,-0.6746992468833923,0.0
33.0,1.5394834280014038,-0.6675887703895569,0.0
33.0,1.5535849332809448,-0.6651872992515564,0.0
33.0,1.5566437244415283,-0.6579973697662354,0.0
33.0,1.5652064085006714,-0.6531038880348206,0.0
33.0,1.5682092905044556,-0.6458603739738464,0.0
33.0,1.56747305393219,-0.6370969414710999,0.0
33.0,1.5648329257965088,-0.6276096105575562,0.0
33.0,1.5677179098129272,-0.6203681230545044,0.0
33.0,1.5668432712554932,-0.6116587519645691,0.0
33.0,1.5696544647216797,-0.6044080853462219,0.0
33.0,1.56682288646698,-0.5950143933296204,0.0
33.0,1.5639381408691406,-0.5856598615646362,0.0
33.0,1.5666290521621704,-0.5784229636192322,0.0
33.0,1.5636485815048218,-0.5691215395927429,0.0
33.0,1.5662630796432495,-0.5618861317634583,0.0
33.0,1.5650728940963745,-0.553305447101593,0.0
33.0,1.563836932182312,-0.5447477698326111,0.0
33.0,1.5663387775421143,-0.5375117659568787,0.0
33.0,1.5631229877471924,-0.5283430218696594,0.0
33.0,1.5655490159988403,-0.521110475063324,0.0
33.0,1.5641405582427979,-0.5126210451126099,0.0
33.0,1.5664938688278198,-0.5053839683532715,0.0
33.0,1.5650012493133545,-0.4969255328178406,0.0
33.0,1.5615551471710205,-0.48789530992507935,0.0
33.0,1.5637941360473633,-0.4806704521179199,0.0
33.0,1.5621708631515503,-0.4722777307033539,0.0
33.0,1.5643376111984253,-0.46505019068717957,0.0
33.0,1.5626317262649536,-0.45669063925743103,0.0
33.0,1.5628042221069336,-0.4489089548587799,0.0
33.0,1.5648629665374756,-0.4416787326335907,0.0
33.0,1.5611063241958618,-0.43283596634864807,0.0
33.0,1.5630908012390137,-0.42561376094818115,0.0
33.0,1.5611776113510132,-0.4173494279384613,0.0
33.0,1.5592213869094849,-0.409111887216568,0.0
33.0,1.56109619140625,-0.40189865231513977,0.0
33.0,1.5571202039718628,-0.3932077884674072,0.0
33.0,1.5589215755462646,-0.3860044479370117,0.0
33.0,1.552915334701538,-0.37690597772598267,0.0
33.0,1.5449126958847046,-0.3674086034297943,0.0
33.0,1.5465948581695557,-0.3602619469165802,0.0
33.0,1.5682202577590942,-0.15640105307102203,0.0
33.0,1.5689265727996826,-0.14914891123771667,0.0
33.0,1.5695993900299072,-0.14189358055591583,0.0
33.0,1.5702385902404785,-0.13463522493839264,0.0
33.0,1.5628705024719238,-0.1267274171113968,0.0
33.0,1.5634396076202393,-0.11950033158063889,0.0
33.0,1.56397545337677,-0.11227069050073624,0.0
33.0,1.5564957857131958,-0.10450273752212524,0.0
33.0,1.556962251663208,-0.09730536490678787,0.0
33.0,1.5553988218307495,-0.08999038487672806,0.0
33.0,1.5557982921600342,-0.08279823511838913,0.0
33.0,1.5601598024368286,-0.07579842954874039,0.0
33.0,1.570483922958374,-0.069023497402668,0.0
33.0,1.5707862377166748,-0.061761826276779175,0.0
33.0,1.5790503025054932,-0.054776184260845184,0.0
33.0,1.5792865753173828,-0.04747506231069565,0.0
33.0,1.5874866247177124,-0.04037633165717125,0.0
33.0,1.5976542234420776,-0.03324439749121666,0.0
33.0,1.5977908372879028,-0.02585749141871929,0.0
33.0,1.60989248752594,-0.018608730286359787,0.0
33.0,1.6099612712860107,-0.011165399104356766,0.0
33.0,1.6179957389831543,-0.0037403227761387825,0.0
33.0,1.6279957294464111,0.0037634307518601418,0.0
33.0,1.6279609203338623,0.01129022054374218,0.0
33.0,1.6378905773162842,0.01893235184252262,0.0
33.0,1.63778555393219,0.026504727080464363,0.0
33.0,1.6476433277130127,0.034284573048353195,0.0
33.0,1.6474672555923462,0.04190187528729439,0.0
33.0,1.6592503786087036,0.04987885057926178,0.0
33.0,1.6709949970245361,0.05796567723155022,0.0
33.0,1.6707091331481934,0.06569068878889084,0.0
33.0,1.4335678815841675,0.23062320053577423,0.0
33.0,1.4324862957000732,0.23724864423274994,0.0
33.0,1.431374192237854,0.24386903643608093,0.0
33.0,1.4302313327789307,0.2504841983318329,0.0
33.0,1.4396544694900513,0.2658776640892029,0.0
33.0,1.4384098052978516,0.2725308835506439,0.0
33.0,1.4371345043182373,0.279178261756897,0.0
33.0,1.4358283281326294,0.2858196794986725,0.0
33.0,1.4482094049453735,0.2952516973018646,0.0
33.0,1.460533618927002,0.3048042356967926,0.0
33.0,1.4591087102890015,0.31155356764793396,0.0
33.0,1.4693764448165894,0.3208562731742859,0.0
33.0,1.4678772687911987,0.32764631509780884,0.0
33.0,1.4780464172363281,0.337097704410553,0.0
33.0,1.4764721393585205,0.34392765164375305,0.0
33.0,1.4884862899780273,0.3539893627166748,0.0
33.0,1.5082131624221802,0.366056352853775,0.0
33.0,1.5065046548843384,0.37302547693252563,0.0
33.0,1.5260941982269287,0.3853730261325836,0.0
33.0,1.5242961645126343,0.392424613237381,0.0
33.0,1.5456798076629639,0.40555882453918457,0.0
33.0,1.5437883138656616,0.41270074248313904,0.0
33.0,1.5650205612182617,0.4261392056941986,0.0
33.0,1.5803792476654053,0.438179612159729,0.0
33.0,1.578336477279663,0.4454815983772278,0.0
33.0,1.5897159576416016,0.45663923025131226,0.0
33.0,1.5875877141952515,0.4639842212200165,0.0
33.0,1.59884512424469,0.4753086566925049,0.0
33.0,1.5966304540634155,0.482695609331131,0.0
33.0,1.609675645828247,0.4947732090950012,0.0
33.0,1.6207337379455566,0.5063852071762085,0.0
33.0,1.6183751821517944,0.5138730406761169,0.0
33.0,1.6293059587478638,0.5256484150886536,0.0
33.0,1.6268582344055176,0.5331757068634033,0.0
33.0,1.6376591920852661,0.5451130867004395,0.0
33.0,1.6483843326568604,0.5571616888046265,0.0
33.0,1.645790696144104,0.5647768378257751,0.0
33.0,1.654494047164917,0.576327383518219,0.0
33.0,1.6518118381500244,0.5839705467224121,0.0
33.0,1.6622719764709473,0.5963286757469177,0.0
33.0,1.6594971418380737,0.6040076017379761,0.0
33.0,1.4334187507629395,0.5292396545410156,0.0
33.0,1.4309566020965576,0.5358612537384033,0.0
33.0,1.4284638166427612,0.5424713492393494,0.0
33.0,1.4371389150619507,0.5533819198608398,0.0
33.0,1.451332688331604,0.5665661692619324,0.0
33.0,1.448697805404663,0.5732701420783997,0.0
33.0,1.4645944833755493,0.5874068140983582,0.0
33.0,1.4618630409240723,0.594171941280365,0.0
33.0,1.4738948345184326,0.6070173382759094,0.0
33.0,1.4710725545883179,0.6138252019882202,0.0
33.0,1.484798550605774,0.6276282072067261,0.0
33.0,1.5002665519714355,0.6423583626747131,0.0
33.0,1.4972805976867676,0.649287760257721,0.0
33.0,1.5144060850143433,0.6650491952896118,0.0
33.0,1.511315107345581,0.6720437407493591,0.0
33.0,1.5246050357818604,0.686413586139679,0.0
33.0,1.5214152336120605,0.6934550404548645,0.0
33.0,1.5290889739990234,0.7055090665817261,0.0
33.0,1.5294349193572998,0.7142636179924011,0.0
33.0,1.5261163711547852,0.7213271260261536,0.0
33.0,1.5281777381896973,0.7309643030166626,0.0
33.0,1.5247819423675537,0.7380217909812927,0.0
33.0,1.5267419815063477,0.7477025389671326,0.0
33.0,1.5286449193954468,0.7574170231819153,0.0
33.0,1.5251268148422241,0.7644764184951782,0.0
33.0,1.5269274711608887,0.7742329239845276,0.0
33.0,1.5233315229415894,0.7812842130661011,0.0
33.0,1.525029182434082,0.7910816073417664,0.0
33.0,1.5266685485839844,0.8009113073348999,0.0
33.0,1.5229493379592896,0.807961106300354,0.0
33.0,1.526247262954712,0.818775475025177,0.0
33.0,1.5224454402923584,0.8258231282234192,0.0
33.0,1.523871898651123,0.8357383608818054,0.0
33.0,1.5199916362762451,0.8427748680114746,0.0
33.0,1.517823576927185,0.8507711887359619,0.0
33.0,1.5121338367462158,0.8567936420440674,0.0
33.0,1.508156418800354,0.8637756705284119,0.0
33.0,1.4851068258285522,0.8597171306610107,0.0
33.0,1.4811161756515503,0.8665741682052612,0.0
33.0,1.2628823518753052,1.1260515451431274,0.0
33.0,1.2576627731323242,1.13187837600708,0.0
33.0,1.2524162530899048,1.1376808881759644,0.0
33.0,1.2471429109573364,1.1434590816497803,0.0
33.0,1.231567621231079,1.1397039890289307,0.0
33.0,1.2262850999832153,1.1453858613967896,0.0
33.0,1.22097647190094,1.151043176651001,0.0
33.0,1.2054994106292725,1.147025465965271,0.0
33.0,1.200183391571045,1.1525866985321045,0.0
33.0,1.191969394683838,1.155339241027832,0.0
33.0,1.183755874633789,1.1580406427383423,0.0
33.0,1.1783891916275024,1.163501262664795,0.0
33.0,1.1673306226730347,1.1632899045944214,0.0
33.0,1.1619397401809692,1.1686744689941406,0.0
33.0,1.1438921689987183,1.1612107753753662,0.0
33.0,1.1315265893936157,1.1593307256698608,0.0
33.0,1.1261544227600098,1.1645498275756836,0.0
33.0,0.9568167924880981,1.2998067140579224,0.0
33.0,0.9507970809936523,1.3042165040969849,0.0
33.0,0.9447569847106934,1.308598518371582,0.0
33.0,0.9386968016624451,1.3129525184631348,0.0
33.0,0.926838219165802,1.3091168403625488,0.0
33.0,0.9207757711410522,1.3133879899978638,0.0
33.0,0.910131573677063,1.3110592365264893,0.0
33.0,0.9040603041648865,1.3152531385421753,0.0
33.0,0.8968445062637329,1.317765474319458,0.0
33.0,0.8896247744560242,1.3202393054962158,0.0
33.0,0.8835113048553467,1.3243381977081299,0.0
33.0,0.8762767314910889,1.326740026473999,0.0
33.0,0.8701333403587341,1.3307772874832153,0.0
33.0,0.8628846406936646,1.3331069946289062,0.0
33.0,0.8567119836807251,1.3370821475982666,0.0
33.0,0.8505209684371948,1.3410288095474243,0.0
33.0,0.8443118333816528,1.3449467420578003,0.0
33.0,0.8380845785140991,1.3488359451293945,0.0
33.0,0.8318394422531128,1.3526962995529175,0.0
33.0,0.8245367407798767,1.3548191785812378,0.0
33.0,0.8182640671730042,1.358616828918457,0.0
33.0,0.8119739294052124,1.3623855113983154,0.0
33.0,0.805666446685791,1.3661249876022339,0.0
33.0,0.7993417382240295,1.3698352575302124,0.0
33.0,0.7929999232292175,1.373516321182251,0.0
33.0,0.7866411805152893,1.3771679401397705,0.0
33.0,0.7792816758155823,1.3790489435195923,0.0
33.0,0.7728975415229797,1.3826371431350708,0.0
33.0,0.7664967775344849,1.3861957788467407,0.0
33.0,0.7600797414779663,1.3897247314453125,0.0
33.0,0.7536463737487793,1.3932240009307861,0.0
33.0,0.7481403350830078,1.3984569311141968,0.0
33.0,0.7416667342185974,1.4019010066986084,0.0
33.0,0.7351773381233215,1.4053149223327637,0.0
33.0,0.7286721467971802,1.4086989164352417,0.0
33.0,0.7230621576309204,1.413833498954773,0.0
33.0,0.47918251156806946,0.9477490186691284,0.0
33.0,0.4747956097126007,0.9499543309211731,0.0
33.0,0.4686267673969269,0.9485530257225037,0.0
33.0,0.46423622965812683,0.9507095813751221,0.0
33.0,0.45983579754829407,0.9528457522392273,0.0
33.0,0.4528428018093109,0.9495459198951721,0.0
33.0,0.4484478533267975,0.9516294598579407,0.0
33.0,0.4423549175262451,0.9500663876533508,0.0
33.0,0.43795767426490784,0.9521013498306274,0.0
33.0,0.4318963289260864,0.9504744410514832,0.0
33.0,0.4274972975254059,0.9524610638618469,0.0
33.0,0.42227864265441895,0.9525989890098572,0.0
33.0,0.41706782579421997,0.9527089595794678,0.0
33.0,0.4126586318016052,0.9546270370483398,0.0
33.0,0.4058854281902313,0.9510063529014587,0.0
33.0,0.4014842212200165,0.9528727531433105,0.0
33.0,0.3955383598804474,0.9510254263877869,0.0
33.0,0.3896182179450989,0.949143648147583,0.0
33.0,0.3852258324623108,0.950934886932373,0.0
33.0,0.3800828456878662,0.9508486390113831,0.0
33.0,0.37568265199661255,0.9525957703590393,0.0
33.0,0.3705492615699768,0.9524585008621216,0.0
33.0,0.36470869183540344,0.9504270553588867,0.0
33.0,0.3603106141090393,0.9521030783653259,0.0
33.0,0.35380715131759644,0.9481373429298401,0.0
33.0,0.3494197726249695,0.9497630000114441,0.0
33.0,0.34434306621551514,0.9494881629943848,0.0
33.0,0.33927640318870544,0.9491868019104004,0.0
33.0,0.3348843455314636,0.9507452249526978,0.0
33.0,0.32917362451553345,0.9485043883323669,0.0
33.0,0.3247848153114319,0.9500161409378052,0.0
33.0,0.319112628698349,0.9477167725563049,0.0
33.0,0.31409814953804016,0.9472836852073669,0.0
33.0,0.3097151219844818,0.9487257599830627,0.0
33.0,0.304713636636734,0.9482434391975403,0.0
33.0,0.30032628774642944,0.9496421217918396,0.0
33.0,0.29533830285072327,0.9491108059883118,0.0
33.0,0.2897762358188629,0.9466413259506226,0.0
33.0,0.2853964567184448,0.9479709267616272,0.0
33.0,0.28044286370277405,0.9473625421524048,0.0
33.0,0.2760598659515381,0.948648989200592,0.0
33.0,0.2711210250854492,0.9479922652244568,0.0
33.0,0.2667351961135864,0.9492356777191162,0.0
33.0,0.2618115544319153,0.9485308527946472,0.0
33.0,0.2563769221305847,0.9458704590797424,0.0
33.0,0.2520010471343994,0.9470456838607788,0.0
33.0,0.24711446464061737,0.9462655186653137,0.0
33.0,0.24273689091205597,0.9473978877067566,0.0
33.0,0.23835411667823792,0.9485100507736206,0.0
33.0,0.23300933837890625,0.9457180500030518,0.0
33.0,0.22863443195819855,0.9467852115631104,0.0
33.0,0.22379417717456818,0.9458858966827393,0.0
33.0,0.21941860020160675,0.9469105005264282,0.0
33.0,0.21459588408470154,0.9459643959999084,0.0
33.0,0.20978659391403198,0.9449939727783203,0.0
33.0,0.2054152935743332,0.9459537863731384,0.0
33.0,0.2006242275238037,0.944936990737915,0.0
33.0,0.19625328481197357,0.9458544850349426,0.0
33.0,0.19187815487384796,0.9467517137527466,0.0
33.0,0.18711072206497192,0.9456667304039001,0.0
33.0,0.18273654580116272,0.9465216994285583,0.0
33.0,0.17761839926242828,0.9434254765510559,0.0
33.0,0.17325468361377716,0.9442366361618042,0.0
33.0,0.16888727247714996,0.9450275301933289,0.0
33.0,0.16451625525951385,0.9457982778549194,0.0
33.0,0.15980809926986694,0.9445767998695374,0.0
33.0,0.15511474013328552,0.9433320760726929,0.0
33.0,0.15075170993804932,0.9440391063690186,0.0
33.0,0.14638546109199524,0.9447259902954102,0.0
33.0,0.14201606810092926,0.9453927278518677,0.0
33.0,0.13764365017414093,0.9460391998291016,0.0
33.0,0.13298949599266052,0.9446850419044495,0.0
33.0,0.1286204308271408,0.9452897906303406,0.0
33.0,0.12398815900087357,0.9438914060592651,0.0
33.0,0.11962287127971649,0.944454550743103,0.0
33.0,0.11525502800941467,0.9449975490570068,0.0
33.0,0.11088472604751587,0.945520281791687,0.0
33.0,0.10651204735040665,0.9460228681564331,0.0
33.0,0.10192251205444336,0.9445167183876038,0.0
33.0,0.09755457192659378,0.9449778199195862,0.0
33.0,0.09298837184906006,0.9434283971786499,0.0
33.0,0.08862555772066116,0.9438482522964478,0.0
33.0,0.08408308029174805,0.9422557950019836,0.0
33.0,0.07972577959299088,0.9426344633102417,0.0
33.0,0.0753667801618576,0.9429929852485657,0.0
33.0,0.0710061639547348,0.9433313608169556,0.0
33.0,0.06664403527975082,0.9436495900154114,0.0
33.0,0.062280476093292236,0.9439476132392883,0.0
33.0,0.05779314786195755,0.9422292709350586,0.0
33.0,0.05343625321984291,0.9424864053726196,0.0
33.0,0.049078214913606644,0.9427233338356018,0.0
33.0,0.04471912980079651,0.9429401755332947,0.0
33.0,0.04035909101366997,0.9431368708610535,0.0
33.0,0.035921916365623474,0.9413148164749146,0.0
33.0,0.03156948462128639,0.9414708018302917,0.0
33.0,0.02721637673676014,0.9416067004203796,0.0
33.0,0.022862685844302177,0.9417225122451782,0.0
33.0,0.018508508801460266,0.941818118095398,0.0
33.0,0.014153935015201569,0.9418936371803284,0.0
33.0,0.009799058549106121,0.9419490098953247,0.0
33.0,0.005443972535431385,0.941984236240387,0.0
33.0,0.0010887705720961094,0.9419993162155151,0.0
33.0,-0.0032664549071341753,0.941994309425354,0.0
33.0,-0.007621610537171364,0.9419691562652588,0.0
33.0,-0.011976603418588638,0.9419238567352295,0.0
33.0,-0.01633133925497532,0.9418584108352661,0.0
33.0,-0.020685726776719093,0.9417728185653687,0.0
33.0,-0.0250396728515625,0.9416671395301819,0.0
33.0,-0.029393082484602928,0.941541314125061,0.0
33.0,-0.033745866268873215,0.9413953423500061,0.0
33.0,-0.03809792548418045,0.9412292242050171,0.0
33.0,-0.04244917258620262,0.9410430192947388,0.0
33.0,-0.04679951071739197,0.9408367276191711,0.0
33.0,-0.05114884674549103,0.9406102895736694,0.0
33.0,-0.05549709498882294,0.9403637647628784,0.0
33.0,-0.05984415113925934,0.9400971531867981,0.0
33.0,-0.06418993324041367,0.9398103952407837,0.0
33.0,-0.06867984682321548,0.941498339176178,0.0
33.0,-0.07303201407194138,0.9411707520484924,0.0
33.0,-0.07738261669874191,0.9408230185508728,0.0
33.0,-0.08173156529664993,0.9404551982879639,0.0
33.0,-0.08607876300811768,0.9400672912597656,0.0
33.0,-0.09061569720506668,0.9416500329971313,0.0
33.0,-0.09496832638978958,0.9412209987640381,0.0
33.0,-0.09931892901659012,0.9407718777656555,0.0
33.0,-0.10366740822792053,0.9403026103973389,0.0
33.0,-0.10801366716623306,0.9398132562637329,0.0
33.0,-0.11235762387514114,0.9393038749694824,0.0
33.0,-0.11669917404651642,0.9387743473052979,0.0
33.0,-0.12129412591457367,0.940208375453949,0.0
33.0,-0.12563976645469666,0.9396375417709351,0.0
33.0,-0.12998270988464355,0.9390466213226318,0.0
33.0,-0.1343228816986084,0.9384356141090393,0.0
33.0,-0.13895271718502045,0.9397830367088318,0.0
33.0,-0.14329619705677032,0.9391305446624756,0.0
33.0,-0.14763662219047546,0.9384579658508301,0.0
33.0,-0.1519738882780075,0.93776535987854,0.0
33.0,-0.1563078910112381,0.9370527267456055,0.0
33.0,-0.16097676753997803,0.9382912516593933,0.0
33.0,-0.16531310975551605,0.9375370144844055,0.0
33.0,-0.17000232636928558,0.9387306571006775,0.0
33.0,-0.1747061014175415,0.9399009346961975,0.0
33.0,-0.17904974520206451,0.9390831589698792,0.0
33.0,-0.1833895593881607,0.9382452964782715,0.0
33.0,-0.18772545456886292,0.9373874068260193,0.0
33.0,-0.1924591362476349,0.9384686946868896,0.0
33.0,-0.1967959702014923,0.9375688433647156,0.0
33.0,-0.20112860202789307,0.936648964881897,0.0
33.0,-0.2058858424425125,0.9376624822616577,0.0
33.0,-0.21021881699562073,0.9367005825042725,0.0
33.0,-0.21499426662921906,0.9376680850982666,0.0
33.0,-0.2193271517753601,0.9366641044616699,0.0
33.0,-0.22458532452583313,0.9395304322242737,0.0
33.0,-0.22940067946910858,0.9404250979423523,0.0
33.0,-0.23374615609645844,0.939354419708252,0.0
33.0,-0.23808665573596954,0.9382636547088623,0.0
33.0,-0.24242204427719116,0.9371528625488281,0.0
33.0,-0.24726209044456482,0.9379560351371765,0.0
33.0,-0.2521147131919861,0.9387343525886536,0.0
33.0,-0.25645214319229126,0.9375587105751038,0.0
33.0,-0.26132068037986755,0.9382896423339844,0.0
33.0,-0.2656559348106384,0.9370714426040649,0.0
33.0,-0.27053990960121155,0.9377548694610596,0.0
33.0,-0.27599915862083435,0.9403321146965027,0.0
33.0,-0.2803437113761902,0.9390460252761841,0.0
33.0,-0.2852632403373718,0.9396535754203796,0.0
33.0,-0.2896045744419098,0.9383246898651123,0.0
33.0,-0.2939396798610687,0.9369757175445557,0.0
33.0,-0.29826852679252625,0.9356066584587097,0.0
33.0,-0.30320730805397034,0.9361203908920288,0.0
33.0,-0.30753210186958313,0.9347085356712341,0.0
33.0,-0.31248414516448975,0.9351736307144165,0.0
33.0,-0.31808966398239136,0.9375067949295044,0.0
33.0,-0.32242071628570557,0.9360260963439941,0.0
33.0,-0.3274049460887909,0.9364133477210999,0.0
33.0,-0.33173084259033203,0.9348896145820618,0.0
33.0,-0.33672717213630676,0.9352276921272278,0.0
33.0,-0.3417336642742157,0.9355394840240479,0.0
33.0,-0.34605535864830017,0.9339494705200195,0.0
33.0,-0.35177677869796753,0.9360839128494263,0.0
33.0,-0.3561008870601654,0.9344475269317627,0.0
33.0,-0.3611381947994232,0.9346566796302795,0.0
33.0,-0.3669145405292511,0.9367015361785889,0.0
33.0,-0.37124133110046387,0.934995174407959,0.0
33.0,-0.3778000771999359,0.9388349056243896,0.0
33.0,-0.38213664293289185,0.9370781779289246,0.0
33.0,-0.38646501302719116,0.9353014230728149,0.0
33.0,-0.3907851278781891,0.9335046410560608,0.0
33.0,-0.3966585695743561,0.9353705644607544,0.0
33.0,-0.40255752205848694,0.9372019171714783,0.0
33.0,-0.4068862497806549,0.9353306889533997,0.0
33.0,-0.41201257705688477,0.9352697730064392,0.0
33.0,-0.41633227467536926,0.933354914188385,0.0
33.0,-0.4222894310951233,0.9350655674934387,0.0
33.0,-0.4266080856323242,0.9331032037734985,0.0
33.0,-0.4317575991153717,0.932935893535614,0.0
33.0,-0.4377630352973938,0.934552013874054,0.0
33.0,-0.4420791268348694,0.9325180649757385,0.0
33.0,-0.4472509026527405,0.9322674870491028,0.0
33.0,-0.45155635476112366,0.9301897287368774,0.0
33.0,-0.4584972858428955,0.9334774613380432,0.0
33.0,-0.46280819177627563,0.931347668170929,0.0
33.0,-0.4698041081428528,0.9345588088035583,0.0
33.0,-0.4750264286994934,0.9341594576835632,0.0
33.0,-0.4793403148651123,0.9319532513618469,0.0
33.0,-0.48548996448516846,0.9332757592201233,0.0
33.0,-0.4897996485233307,0.9310211539268494,0.0
33.0,-0.4959775507450104,0.9322779774665833,0.0
33.0,-0.5021774768829346,0.9334975481033325,0.0
33.0,-0.506488025188446,0.9311658143997192,0.0
33.0,-1.0851831436157227,1.9732921123504639,0.0
33.0,-1.094294786453247,1.9682538509368896,0.0
33.0,-1.1033830642700195,1.963173508644104,0.0
33.0,-1.112447738647461,1.9580512046813965,0.0
33.0,-1.1254725456237793,1.9598243236541748,0.0
33.0,-1.1345216035842896,1.9545998573303223,0.0
33.0,-1.143546223640442,1.949333667755127,0.0
33.0,-1.1525465250015259,1.9440258741378784,0.0
33.0,-1.167689561843872,1.9489703178405762,0.0
33.0,-1.1766879558563232,1.9435508251190186,0.0
33.0,-1.1898359060287476,1.9449139833450317,0.0
33.0,-1.205124855041504,1.9495995044708252,0.0
33.0,-1.2141257524490356,1.9440069198608398,0.0
33.0,-1.2273696660995483,1.9451384544372559,0.0
33.0,-1.2363497018814087,1.9394429922103882,0.0
33.0,-1.251800537109375,1.9437952041625977,0.0
33.0,-1.265136480331421,1.944692611694336,0.0
33.0,-1.2741140127182007,1.938822627067566,0.0
33.0,-1.2919130325317383,1.9462416172027588,0.0
33.0,-1.3008973598480225,1.940247893333435,0.0
33.0,-1.3165827989578247,1.9441486597061157,0.0
33.0,-1.332331657409668,1.947945475578308,0.0
33.0,-1.3413234949111938,1.9417648315429688,0.0
33.0,-1.3548640012741089,1.9421039819717407,0.0
33.0,-1.3638285398483276,1.935819149017334,0.0
33.0,-1.379720687866211,1.9392708539962769,0.0
33.0,-1.388671875,1.9328712224960327,0.0
33.0,-1.4069888591766357,1.9393807649612427,0.0
33.0,-1.4230319261550903,1.9425355195999146,0.0
33.0,-1.4319977760314941,1.9359354972839355,0.0
33.0,-1.4481137990951538,1.9389086961746216,0.0
33.0,-1.4570626020431519,1.9321928024291992,0.0
33.0,-1.4732495546340942,1.9349831342697144,0.0
33.0,-1.4894933700561523,1.9376649856567383,0.0
33.0,-1.4984359741210938,1.930757761001587,0.0
33.0,-1.5172146558761597,1.9364038705825806,0.0
33.0,-1.526151180267334,1.929368495941162,0.0
33.0,-1.5325590372085571,1.9191663265228271,0.0
33.0,-1.526352882385254,1.8933753967285156,0.0
33.0,-1.5350903272628784,1.8862982988357544,0.0
33.0,-1.526021122932434,1.8575456142425537,0.0
33.0,-1.5345929861068726,1.8504704236984253,0.0
33.0,-1.5277262926101685,1.8249528408050537,0.0
33.0,-1.5361474752426147,1.817870020866394,0.0
33.0,-1.5289604663848877,1.792488694190979,0.0
33.0,-1.5215721130371094,1.767213225364685,0.0
33.0,-1.5297263860702515,1.7601594924926758,0.0
33.0,-1.5193830728530884,1.732019305229187,0.0
33.0,-1.5273746252059937,1.7249760627746582,0.0
33.0,-1.5220059156417847,1.7029837369918823,0.0
33.0,-1.5164668560028076,1.6810781955718994,0.0
33.0,-1.5242228507995605,1.6740490198135376,0.0
33.0,-1.5157066583633423,1.649312973022461,0.0
33.0,-1.5233159065246582,1.6422876119613647,0.0
33.0,-1.517223834991455,1.6206270456314087,0.0
33.0,-1.5109643936157227,1.5990581512451172,0.0
33.0,-1.518341302871704,1.592055320739746,0.0
33.0,-1.5118157863616943,1.570609211921692,0.0
33.0,-1.5190612077713013,1.5636026859283447,0.0
33.0,-1.5094709396362305,1.5394262075424194,0.0
33.0,-1.502503752708435,1.5182154178619385,0.0
33.0,-1.5095069408416748,1.511252522468567,0.0
33.0,-1.505118489265442,1.4929895401000977,0.0
33.0,-1.512005090713501,1.4860148429870605,0.0
33.0,-1.5073963403701782,1.4678462743759155,0.0
33.0,-1.4997735023498535,1.446974754333496,0.0
33.0,-1.5064473152160645,1.4400253295898438,0.0
33.0,-1.498567819595337,1.4192920923233032,0.0
33.0,-1.5051137208938599,1.4123485088348389,0.0
33.0,-1.499909520149231,1.3944804668426514,0.0
33.0,-1.494572401046753,1.3766907453536987,0.0
33.0,-1.500921368598938,1.369766116142273,0.0
33.0,-1.4983372688293457,1.3547639846801758,0.0
33.0,-1.504584789276123,1.3478220701217651,0.0
33.0,-1.498833417892456,1.3302308320999146,0.0
33.0,-1.4929519891738892,1.312721848487854,0.0
33.0,-1.4990051984786987,1.3058053255081177,0.0
33.0,-1.4944275617599487,1.289713978767395,0.0
33.0,-1.500374436378479,1.2827908992767334,0.0
33.0,-1.4956063032150269,1.2667919397354126,0.0
33.0,-1.4907225370407104,1.2508646249771118,0.0
33.0,-1.4964898824691772,1.2439590692520142,0.0
33.0,-1.4914177656173706,1.2281274795532227,0.0
33.0,-1.4970799684524536,1.2212189435958862,0.0
33.0,-1.4918208122253418,1.205485224723816,0.0
33.0,-1.4973783493041992,1.1985750198364258,0.0
33.0,-1.4919337034225464,1.182941198348999,0.0
33.0,-1.4895225763320923,1.1698541641235352,0.0
33.0,-1.494915246963501,1.1629550457000732,0.0
33.0,-1.4891862869262695,1.1474859714508057,0.0
33.0,-1.483346700668335,1.1320949792861938,0.0
33.0,-1.4885648488998413,1.1252247095108032,0.0
33.0,-1.482544183731079,1.1099400520324707,0.0
33.0,-1.4876599311828613,1.1030738353729248,0.0
33.0,-1.4830718040466309,1.0890812873840332,0.0
33.0,-1.488091230392456,1.0822129249572754,0.0
33.0,-1.4849642515182495,1.0694772005081177,0.0
33.0,-1.4801230430603027,1.0556323528289795,0.0
33.0,-1.4849878549575806,1.0487778186798096,0.0
33.0,-1.481626033782959,1.0361700057983398,0.0
33.0,-1.4864007234573364,1.029308795928955,0.0
33.0,-1.482896327972412,1.016770601272583,0.0
33.0,-1.4793078899383545,1.0042870044708252,0.0
33.0,-1.4839352369308472,0.9974368214607239,0.0
33.0,-1.4785407781600952,0.9839172959327698,0.0
33.0,-1.4830739498138428,0.9770709276199341,0.0
33.0,-1.4775242805480957,0.9636483192443848,0.0
33.0,-1.4752428531646729,0.9524675607681274,0.0
33.0,-1.479630708694458,0.9456368088722229,0.0
33.0,-1.4738457202911377,0.9323703646659851,0.0
33.0,-1.4781407117843628,0.9255462884902954,0.0
33.0,-1.473904013633728,0.913434624671936,0.0
33.0,-1.4712920188903809,0.9024276733398438,0.0
33.0,-1.475448489189148,0.8956156969070435,0.0
33.0,-1.4710012674331665,0.8836352229118347,0.0
33.0,-1.4750709533691406,0.8768247961997986,0.0
33.0,-1.4722133874893188,0.8659396767616272,0.0
33.0,-1.4675583839416504,0.8540938496589661,0.0
33.0,-1.4714914560317993,0.8472996354103088,0.0
33.0,-1.470179796218872,0.8375174403190613,0.0
33.0,-1.4740362167358398,0.830711305141449,0.0
33.0,-1.46912682056427,0.8190180659294128,0.0
33.0,-1.4658921957015991,0.8083539009094238,0.0
33.0,-1.4696139097213745,0.8015679121017456,0.0
33.0,-1.4662631750106812,0.7909665703773499,0.0
33.0,-1.4699045419692993,0.7841790914535522,0.0
33.0,-1.4664386510849,0.7736418843269348,0.0
33.0,-1.4699997901916504,0.7668536901473999,0.0
33.0,-1.4681971073150635,0.7572986483573914,0.0
33.0,-1.4627741575241089,0.7459595203399658,0.0
33.0,-1.4662073850631714,0.7391886115074158,0.0
33.0,-1.464239239692688,0.7297256588935852,0.0
33.0,-1.460420846939087,0.7194129824638367,0.0
33.0,-1.4637314081192017,0.7126532196998596,0.0
33.0,-1.4598016738891602,0.7024095058441162,0.0
33.0,-1.4630335569381714,0.6956527829170227,0.0
33.0,-1.4608036279678345,0.6863297820091248,0.0
33.0,-1.4639612436294556,0.6795685887336731,0.0
33.0,-1.4616336822509766,0.6702918410301208,0.0
33.0,-1.4592516422271729,0.6610511541366577,0.0
33.0,-1.4622923135757446,0.654297411441803,0.0
33.0,-1.4598137140274048,0.6451044678688049,0.0
33.0,-1.4627807140350342,0.6383483409881592,0.0
33.0,-1.458369493484497,0.6284127235412598,0.0
33.0,-1.4557381868362427,0.6193145513534546,0.0
33.0,-1.4585858583450317,0.6125775575637817,0.0
33.0,-1.4558597803115845,0.603529691696167,0.0
33.0,-1.458634614944458,0.5967922806739807,0.0
33.0,-1.4558147192001343,0.5877957344055176,0.0
33.0,-1.4529427289962769,0.578838050365448,0.0
33.0,-1.4556033611297607,0.5721144080162048,0.0
33.0,-1.4526386260986328,0.5632094740867615,0.0
33.0,-1.455227017402649,0.5564873814582825,0.0
33.0,-1.4521703720092773,0.5476362705230713,0.0
33.0,-1.4546867609024048,0.5409165024757385,0.0
33.0,-1.4515385627746582,0.5321199893951416,0.0
33.0,-1.4502214193344116,0.5240439176559448,0.0
33.0,-1.4526287317276,0.5173333883285522,0.0
33.0,-1.4512306451797485,0.5092872381210327,0.0
33.0,-1.453569769859314,0.502572238445282,0.0
33.0,-1.4501981735229492,0.49391207098960876,0.0
33.0,-1.4467778205871582,0.4852938950061798,0.0
33.0,-1.4490059614181519,0.4785997271537781,0.0
33.0,-1.4473992586135864,0.4706583619117737,0.0
33.0,-1.4495598077774048,0.4639614522457123,0.0
33.0,-1.4459666013717651,0.4554520845413208,0.0
33.0,-1.444236159324646,0.44757789373397827,0.0
33.0,-1.4462900161743164,0.44089585542678833,0.0
33.0,-1.4444814920425415,0.43305572867393494,0.0
33.0,-1.4464682340621948,0.4263727366924286,0.0
33.0,-1.4445819854736328,0.41856738924980164,0.0
33.0,-1.4426547288894653,0.4107886552810669,0.0
33.0,-1.4445385932922363,0.40411433577537537,0.0
33.0,-1.4425344467163086,0.3963715732097626,0.0
33.0,-1.4443516731262207,0.38969796895980835,0.0
33.0,-1.4422712326049805,0.3819918930530548,0.0
33.0,-1.440150499343872,0.37431344389915466,0.0
33.0,-1.4418656826019287,0.367651104927063,0.0
33.0,-1.4396694898605347,0.3600104749202728,0.0
33.0,-1.4413186311721802,0.35335052013397217,0.0
33.0,-1.4409922361373901,0.34621575474739075,0.0
33.0,-1.4425774812698364,0.33954980969429016,0.0
33.0,-1.4402341842651367,0.3319781720638275,0.0
33.0,-1.4378516674041748,0.32443544268608093,0.0
33.0,-1.4393362998962402,0.31778424978256226,0.0
33.0,-1.436880350112915,0.31028199195861816,0.0
33.0,-1.438299536705017,0.3036354184150696,0.0
33.0,-1.4377292394638062,0.2965783476829529,0.0
33.0,-1.4351638555526733,0.28913798928260803,0.0
33.0,-1.4364852905273438,0.28249961137771606,0.0
33.0,-1.4358118772506714,0.275478333234787,0.0
33.0,-1.4370701313018799,0.2688370943069458,0.0
33.0,-1.4363301992416382,0.26183146238327026,0.0
33.0,-1.4355560541152954,0.25483837723731995,0.0
33.0,-1.4367189407348633,0.24819853901863098,0.0
33.0,-1.4339064359664917,0.2408907115459442,0.0
33.0,-1.4350048303604126,0.23425865173339844,0.0
33.0,-1.4340972900390625,0.2273084968328476,0.0
33.0,-1.4351328611373901,0.22067570686340332,0.0
33.0,-1.4341596364974976,0.21374337375164032,0.0
33.0,-1.4311734437942505,0.2065390944480896,0.0
33.0,-1.4321130514144897,0.19992002844810486,0.0
33.0,-1.4310400485992432,0.19302935898303986,0.0
33.0,-1.429934024810791,0.1861528754234314,0.0
33.0,-1.4307793378829956,0.1795397698879242,0.0
33.0,-1.4296085834503174,0.172682985663414,0.0
33.0,-1.4303916692733765,0.16607153415679932,0.0
33.0,-1.4311442375183105,0.1594565212726593,0.0
33.0,-1.43186616897583,0.1528381109237671,0.0
33.0,-1.430567741394043,0.14601333439350128,0.0
33.0,-1.4292370080947876,0.13920384645462036,0.0
33.0,-1.4298652410507202,0.13259446620941162,0.0
33.0,-1.4284707307815552,0.1258067935705185,0.0
33.0,-1.429037094116211,0.11920109391212463,0.0
33.0,-1.4275791645050049,0.11243581771850586,0.0
33.0,-1.4260891675949097,0.10568656772375107,0.0
33.0,-1.4265625476837158,0.09909209609031677,0.0
33.0,-1.427005410194397,0.09249550849199295,0.0
33.0,-1.4274177551269531,0.08589693903923035,0.0
33.0,-1.4277997016906738,0.0792965367436409,0.0
33.0,-1.4241563081741333,0.0724911019206047,0.0
33.0,-1.424476146697998,0.06590592116117477,0.0
33.0,-1.424765706062317,0.05931933596730232,0.0
33.0,-1.4250247478485107,0.0527314767241478,0.0
33.0,-1.423254370689392,0.04607778042554855,0.0
33.0,-1.4234521389007568,0.039497051388025284,0.0
33.0,-1.4236195087432861,0.03291548043489456,0.0
33.0,-1.4217568635940552,0.0262962207198143,0.0
33.0,-1.421863317489624,0.019722629338502884,0.0
33.0,-1.4219392538070679,0.013148615136742592,0.0
33.0,-1.4219849109649658,0.006574319209903479,0.0
33.0,-1.4220000505447388,-1.1636915075996512e-07,0.0
34.0,-1.4220000505447388,1.2431519280653447e-07,0.0
34.0,-1.4199848175048828,-0.006565064657479525,0.0
34.0,-1.4199392795562744,-0.013130112551152706,0.0
34.0,-1.4198633432388306,-0.01969487965106964,0.0
34.0,-1.4197571277618408,-0.026259226724505424,0.0
34.0,-1.4196205139160156,-0.03282301127910614,0.0
34.0,-1.4194536209106445,-0.039386097341775894,0.0
34.0,-1.419256329536438,-0.0459483377635479,0.0
34.0,-1.4210275411605835,-0.05258355662226677,0.0
34.0,-1.420769214630127,-0.059152934700250626,0.0
34.0,-1.420480489730835,-0.0657210499048233,0.0
34.0,-1.420161485671997,-0.07228775322437286,0.0
34.0,-1.4198120832443237,-0.07885292172431946,0.0
34.0,-1.4194324016571045,-0.08541639894247055,0.0
34.0,-1.4190223217010498,-0.0919780507683754,0.0
34.0,-1.4185818433761597,-0.09853773564100266,0.0
34.0,-1.4181110858917236,-0.10509531199932098,0.0
34.0,-1.4176100492477417,-0.11165064573287964,0.0
34.0,-1.4190717935562134,-0.11836984008550644,0.0
34.0,-1.4185093641281128,-0.12492947280406952,0.0
34.0,-1.4179165363311768,-0.1314864307641983,0.0
34.0,-1.4172935485839844,-0.13804058730602264,0.0
34.0,-1.4166401624679565,-0.1445917785167694,0.0
34.0,-1.4159564971923828,-0.15113988518714905,0.0
34.0,-1.4152425527572632,-0.15768477320671082,0.0
34.0,-1.4144984483718872,-0.16422627866268158,0.0
34.0,-1.4137240648269653,-0.1707642823457718,0.0
34.0,-1.4129194021224976,-0.1772986203432083,0.0
34.0,-1.4160510301589966,-0.184345543384552,0.0
34.0,-1.415183663368225,-0.19089050590991974,0.0
34.0,-1.4142858982086182,-0.19743138551712036,0.0
34.0,-1.4153375625610352,-0.20425371825695038,0.0
34.0,-1.414378046989441,-0.21079516410827637,0.0
34.0,-1.4133883714675903,-0.21733210980892181,0.0
34.0,-1.4143438339233398,-0.2241775244474411,0.0
34.0,-1.4132922887802124,-0.23071415722370148,0.0
34.0,-1.4141827821731567,-0.23757721483707428,0.0
34.0,-1.4130693674087524,-0.24411296844482422,0.0
34.0,-1.4119255542755127,-0.2506435215473175,0.0
34.0,-1.4127192497253418,-0.25752735137939453,0.0
34.0,-1.4115134477615356,-0.26405614614486694,0.0
34.0,-1.4122416973114014,-0.2709560990333557,0.0
34.0,-1.4109739065170288,-0.2774825394153595,0.0
34.0,-1.4116365909576416,-0.28439804911613464,0.0
34.0,-1.412265419960022,-0.29132556915283203,0.0
34.0,-1.4109033346176147,-0.29785189032554626,0.0
34.0,-1.411466121673584,-0.30479398369789124,0.0
34.0,-1.4100419282913208,-0.31131646037101746,0.0
34.0,-1.4105384349822998,-0.31827250123023987,0.0
34.0,-1.4110007286071777,-0.32523974776268005,0.0
34.0,-1.4094818830490112,-0.33175987005233765,0.0
34.0,-1.4098777770996094,-0.33874011039733887,0.0
34.0,-1.4082965850830078,-0.34525489807128906,0.0
34.0,-1.4086254835128784,-0.3522474765777588,0.0
34.0,-1.4069818258285522,-0.35875630378723145,0.0
34.0,-1.4072438478469849,-0.36576056480407715,0.0
34.0,-1.4094043970108032,-0.3732869625091553,0.0
34.0,-1.4076634645462036,-0.3797991871833801,0.0
34.0,-1.4078210592269897,-0.38683319091796875,0.0
34.0,-1.406017541885376,-0.3933379352092743,0.0
34.0,-1.4061075448989868,-0.40038201212882996,0.0
34.0,-1.4042413234710693,-0.40687867999076843,0.0
34.0,-1.4061819314956665,-0.41449761390686035,0.0
34.0,-1.408082127571106,-0.42214319109916687,0.0
34.0,-1.4061152935028076,-0.42864876985549927,0.0
34.0,-1.4060288667678833,-0.4357371926307678,0.0
34.0,-1.4039992094039917,-0.442233145236969,0.0
34.0,-1.4057492017745972,-0.44993895292282104,0.0
34.0,-1.4055559635162354,-0.45705196261405945,0.0
34.0,-1.4034278392791748,-0.46354547142982483,0.0
34.0,-1.405061960220337,-0.4713011384010315,0.0
34.0,-1.4028680324554443,-0.47779223322868347,0.0
34.0,-1.4044243097305298,-0.485580176115036,0.0
34.0,-1.405938744544983,-0.4933927357196808,0.0
34.0,-1.4036425352096558,-0.499887615442276,0.0
34.0,-1.4031972885131836,-0.5070515275001526,0.0
34.0,-1.400838017463684,-0.5135335922241211,0.0
34.0,-1.402198076248169,-0.5213988423347473,0.0
34.0,-1.3997724056243896,-0.5278761982917786,0.0
34.0,-1.4029210805892944,-0.5364852547645569,0.0
34.0,-1.4041552543640137,-0.5444117784500122,0.0
34.0,-1.401623249053955,-0.5508978962898254,0.0
34.0,-1.4009191989898682,-0.558112382888794,0.0
34.0,-1.398323893547058,-0.564583420753479,0.0
34.0,-1.3994007110595703,-0.5725570321083069,0.0
34.0,-1.4022812843322754,-0.5813185572624207,0.0
34.0,-1.39957857131958,-0.587795615196228,0.0
34.0,-1.4023672342300415,-0.5966089963912964,0.0
34.0,-1.3995939493179321,-0.6030862927436829,0.0
34.0,-1.4004566669464111,-0.6111505031585693,0.0
34.0,-1.4012748003005981,-0.619235634803772,0.0
34.0,-1.3983968496322632,-0.6257076263427734,0.0
34.0,-1.4009544849395752,-0.6346421241760254,0.0
34.0,-1.3980052471160889,-0.6411124467849731,0.0
34.0,-1.3986544609069824,-0.6492533087730408,0.0
34.0,-1.3956377506256104,-0.6557128429412842,0.0
34.0,-1.3980097770690918,-0.6647348999977112,0.0
34.0,-1.400328278541565,-0.673792839050293,0.0
34.0,-1.3971980810165405,-0.6802598834037781,0.0
34.0,-1.3994203805923462,-0.6893637180328369,0.0
34.0,-1.3962182998657227,-0.6958264112472534,0.0
34.0,-1.3983439207077026,-0.7049752473831177,0.0
34.0,-1.3950695991516113,-0.7114328145980835,0.0
34.0,-1.3970979452133179,-0.720625638961792,0.0
34.0,-1.3990709781646729,-0.7298523187637329,0.0
34.0,-1.395681619644165,-0.7363129258155823,0.0
34.0,-1.397556185722351,-0.7455819845199585,0.0
34.0,-1.3940942287445068,-0.7520354390144348,0.0
34.0,-1.3958698511123657,-0.7613458633422852,0.0
34.0,-1.3993403911590576,-0.7716544270515442,0.0
34.0,-1.395757794380188,-0.7781158685684204,0.0
34.0,-1.3956300020217896,-0.7865244746208191,0.0
34.0,-1.3919787406921387,-0.7929686307907104,0.0
34.0,-1.393497347831726,-0.8023898005485535,0.0
34.0,-1.389772653579712,-0.8088238835334778,0.0
34.0,-1.3929139375686646,-0.8192965984344482,0.0
34.0,-1.3942686319351196,-0.8287935853004456,0.0
34.0,-1.390421986579895,-0.8352309465408325,0.0
34.0,-1.391674518585205,-0.8447638750076294,0.0
34.0,-1.3877540826797485,-0.8511890769004822,0.0
34.0,-1.3923038244247437,-0.8628638386726379,0.0
34.0,-1.3950800895690918,-0.8735374212265015,0.0
34.0,-1.391026496887207,-0.8799780607223511,0.0
34.0,-1.3936841487884521,-0.8907080292701721,0.0
34.0,-1.3895511627197266,-0.8971419930458069,0.0
34.0,-1.3920891284942627,-0.9079270958900452,0.0
34.0,-1.3878766298294067,-0.9143534898757935,0.0
34.0,-1.3902944326400757,-0.9251924753189087,0.0
34.0,-1.3926416635513306,-0.9360732436180115,0.0
34.0,-1.3882989883422852,-0.942501962184906,0.0
34.0,-1.3905246257781982,-0.9534345269203186,0.0
34.0,-1.3861016035079956,-0.9598532319068909,0.0
34.0,-1.3882049322128296,-0.9708362817764282,0.0
34.0,-1.3902361392974854,-0.9818592071533203,0.0
34.0,-1.3856818675994873,-0.9882762432098389,0.0
34.0,-1.3892123699188232,-1.000516414642334,0.0
34.0,-1.3845717906951904,-1.006928563117981,0.0
34.0,-1.3863496780395508,-1.0180542469024658,0.0
34.0,-1.3816280364990234,-1.024453043937683,0.0
34.0,-1.3752758502960205,-1.02963125705719,0.0
34.0,-1.360927939414978,-1.0287424325942993,0.0
34.0,-1.3561571836471558,-1.0350234508514404,0.0
34.0,-1.3418519496917725,-1.033958077430725,0.0
34.0,-1.3370572328567505,-1.0401508808135986,0.0
34.0,-1.3196508884429932,-1.0364389419555664,0.0
34.0,-1.3023076057434082,-1.0325883626937866,0.0
34.0,-1.2975196838378906,-1.0385984182357788,0.0
34.0,-1.2787036895751953,-1.0332729816436768,0.0
34.0,-1.273912787437439,-1.03917396068573,0.0
34.0,-1.256743311882019,-1.0348817110061646,0.0
34.0,-1.24117910861969,-1.0317317247390747,0.0
34.0,-1.2363957166671753,-1.037459135055542,0.0
34.0,-1.219377040863037,-1.0328232049942017,0.0
34.0,-1.2145888805389404,-1.038449764251709,0.0
34.0,-1.1991759538650513,-1.0349072217941284,0.0
34.0,-1.1838220357894897,-1.0312446355819702,0.0
34.0,-1.1790415048599243,-1.0367069244384766,0.0
34.0,-1.1637649536132812,-1.0328538417816162,0.0
34.0,-1.1589772701263428,-1.038223385810852,0.0
34.0,-1.14378023147583,-1.0341812372207642,0.0
34.0,-1.138986587524414,-1.0394582748413086,0.0
34.0,-1.1253423690795898,-1.0365830659866333,0.0
34.0,-1.108819842338562,-1.0308805704116821,0.0
34.0,-1.1040418148040771,-1.0359959602355957,0.0
34.0,-1.0890755653381348,-1.03146231174469,0.0
34.0,-1.0756207704544067,-1.0281946659088135,0.0
34.0,-1.0708554983139038,-1.0331566333770752,0.0
34.0,-1.0574699640274048,-1.0297247171401978,0.0
34.0,-1.0526978969573975,-1.0346027612686157,0.0
34.0,-1.0379638671875,-1.0295994281768799,0.0
34.0,-1.03319251537323,-1.0343873500823975,0.0
34.0,-1.0199581384658813,-1.0306237936019897,0.0
34.0,-1.0095813274383545,-1.029616355895996,0.0
34.0,-1.0048102140426636,-1.0342729091644287,0.0
34.0,-0.9916956424713135,-1.0302618741989136,0.0
34.0,-0.9800202250480652,-1.0275992155075073,0.0
34.0,-0.9752587676048279,-1.0321192741394043,0.0
34.0,-0.9636421203613281,-1.0293171405792236,0.0
34.0,-0.95887291431427,-1.0337613821029663,0.0
34.0,-0.9459633827209473,-1.0293480157852173,0.0
34.0,-0.9411942362785339,-1.0337104797363281,0.0
34.0,-0.9297067523002625,-1.0306257009506226,0.0
34.0,-0.9196008443832397,-1.028948187828064,0.0
34.0,-0.9148337841033936,-1.033188819885254,0.0
34.0,-0.9034526348114014,-1.0298899412155151,0.0
34.0,-0.8986814022064209,-1.0340559482574463,0.0
34.0,-0.8873662352561951,-1.0306217670440674,0.0
34.0,-0.8761021494865417,-1.0271052122116089,0.0
34.0,-0.8713441491127014,-1.0311447381973267,0.0
34.0,-0.862716019153595,-1.0305615663528442,0.0
34.0,-0.8579421043395996,-1.0345391035079956,0.0
34.0,-0.8468020558357239,-1.030767798423767,0.0
34.0,-0.8369777202606201,-1.0284669399261475,0.0
34.0,-0.832213819026947,-1.0323256254196167,0.0
34.0,-0.8211920261383057,-1.0283479690551758,0.0
34.0,-0.8164287805557251,-1.03213369846344,0.0
34.0,-0.8054805994033813,-1.02802574634552,0.0
34.0,-0.7970404028892517,-1.02699875831604,0.0
34.0,-0.7922836542129517,-1.0306727886199951,0.0
34.0,-0.7838754057884216,-1.0295510292053223,0.0
34.0,-0.7791070342063904,-1.0331642627716064,0.0
34.0,-0.7683380842208862,-1.0287432670593262,0.0
34.0,-0.7600054740905762,-1.0274608135223389,0.0
34.0,-0.7552469968795776,-1.030963659286499,0.0
34.0,-0.7457746267318726,-1.0279690027236938,0.0
34.0,-0.7410139441490173,-1.0314059257507324,0.0
34.0,-0.731599748134613,-1.0283023118972778,0.0
34.0,-0.7233820557594299,-1.0267689228057861,0.0
34.0,-0.7186272144317627,-1.0301024913787842,0.0
34.0,-0.710446834564209,-1.0284771919250488,0.0
34.0,-0.7056841850280762,-1.0317507982254028,0.0
34.0,-0.6964206695556641,-1.0283784866333008,0.0
34.0,-0.6916586756706238,-1.0315872430801392,0.0
34.0,-0.6835635304450989,-1.0297751426696777,0.0
34.0,-0.6744017601013184,-1.0262389183044434,0.0
34.0,-0.6696498990058899,-1.029345989227295,0.0
34.0,-0.6616350412368774,-1.0273865461349487,0.0
34.0,-0.6536526679992676,-1.0253751277923584,0.0
34.0,-0.6489050388336182,-1.0283862352371216,0.0
34.0,-0.6409651637077332,-1.0262863636016846,0.0
34.0,-0.6362134218215942,-1.0292388200759888,0.0
34.0,-0.6283168792724609,-1.0270510911941528,0.0
34.0,-0.6235617399215698,-1.0299450159072876,0.0
34.0,-0.6157095432281494,-1.0276700258255005,0.0
34.0,-0.6089117527008057,-1.0270649194717407,0.0
34.0,-0.6041567921638489,-1.0298691987991333,0.0
34.0,-0.5963768362998962,-1.0274622440338135,0.0
34.0,-0.5916200876235962,-1.0302084684371948,0.0
34.0,-0.5828988552093506,-1.0259770154953003,0.0
34.0,-0.5761893391609192,-1.0251740217208862,0.0
34.0,-0.5714434385299683,-1.0278270244598389,0.0
34.0,-0.5647578239440918,-1.026953101158142,0.0
34.0,-0.5600038170814514,-1.0295531749725342,0.0
34.0,-0.5523952841758728,-1.0268473625183105,0.0
34.0,-0.5457631349563599,-1.0258588790893555,0.0
34.0,-0.5410143733024597,-1.0283712148666382,0.0
34.0,-0.5334851741790771,-1.025538682937622,0.0
34.0,-0.5287380218505859,-1.0279942750930786,0.0
34.0,-0.5221664309501648,-1.0268622636795044,0.0
34.0,-0.5156167149543762,-1.0256916284561157,0.0
34.0,-0.5108690857887268,-1.0280646085739136,0.0
34.0,-0.5034652948379517,-1.0250300168991089,0.0
34.0,-0.49872082471847534,-1.0273468494415283,0.0
34.0,-0.4922355115413666,-1.026035189628601,0.0
34.0,-0.4857729971408844,-1.0246855020523071,0.0
34.0,-0.48103031516075134,-1.0269205570220947,0.0
34.0,-0.47375738620758057,-1.0236884355545044,0.0
34.0,-0.46901941299438477,-1.0258678197860718,0.0
34.0,-0.46262505650520325,-1.0243797302246094,0.0
34.0,-0.4578840136528015,-1.0265077352523804,0.0
34.0,-0.4515206515789032,-1.0249532461166382,0.0
34.0,-0.4459792673587799,-1.025195837020874,0.0
34.0,-0.44123464822769165,-1.0272468328475952,0.0
34.0,-0.43491891026496887,-1.0255931615829468,0.0
34.0,-0.42862799763679504,-1.0239033699035645,0.0
34.0,-0.42388951778411865,-1.025874137878418,0.0
34.0,-0.4176315367221832,-1.0241190195083618,0.0
34.0,-0.4128921926021576,-1.0260390043258667,0.0
34.0,-0.40666791796684265,-1.024219274520874,0.0
34.0,-0.40192824602127075,-1.0260885953903198,0.0
34.0,-0.39573830366134644,-1.0242047309875488,0.0
34.0,-0.3917109966278076,-1.0278922319412231,0.0
34.0,-0.3869544565677643,-1.02969229221344,0.0
34.0,-0.38218969106674194,-1.0314702987670898,0.0
34.0,-0.377416729927063,-1.0332263708114624,0.0
34.0,-0.37128064036369324,-1.0311967134475708,0.0
34.0,-0.36584025621414185,-1.0310174226760864,0.0
34.0,-0.36106956005096436,-1.0326977968215942,0.0
34.0,-0.3549884855747223,-1.0305742025375366,0.0
34.0,-0.3502199649810791,-1.032204508781433,0.0
34.0,-0.3441762328147888,-1.0300188064575195,0.0
34.0,-0.3387853503227234,-1.0296992063522339,0.0
34.0,-0.33402103185653687,-1.031254529953003,0.0
34.0,-0.3280346691608429,-1.0289767980575562,0.0
34.0,-0.32327380776405334,-1.030482530593872,0.0
34.0,-0.31791621446609497,-1.0300549268722534,0.0
34.0,-0.3131504952907562,-1.0315138101577759,0.0
34.0,-0.3078059256076813,-1.0310341119766235,0.0
34.0,-0.30190926790237427,-1.0286082029342651,0.0
34.0,-0.2971504032611847,-1.0299930572509766,0.0
34.0,-0.29183971881866455,-1.029431700706482,0.0
34.0,-0.2870771586894989,-1.0307700634002686,0.0
34.0,-0.28178074955940247,-1.0301570892333984,0.0
34.0,-0.2759774327278137,-1.027585744857788,0.0
34.0,-0.2712235748767853,-1.0288506746292114,0.0
34.0,-0.26596304774284363,-1.0281574726104736,0.0
34.0,-0.26120665669441223,-1.0293761491775513,0.0
34.0,-0.25596168637275696,-1.0286318063735962,0.0
34.0,-0.2507292628288269,-1.02786123752594,0.0
34.0,-0.24597439169883728,-1.029009461402893,0.0
34.0,-0.2407582849264145,-1.0281884670257568,0.0
34.0,-0.23600201308727264,-1.0292905569076538,0.0
34.0,-0.2308027595281601,-1.0284192562103271,0.0
34.0,-0.22561660408973694,-1.0275218486785889,0.0
34.0,-0.22086356580257416,-1.028554081916809,0.0
34.0,-0.21569494903087616,-1.027606725692749,0.0
34.0,-0.2109416425228119,-1.0285929441452026,0.0
34.0,-0.20579108595848083,-1.0275962352752686,0.0
34.0,-0.2006542831659317,-1.026573896408081,0.0
34.0,-0.1959058940410614,-1.0274906158447266,0.0
34.0,-0.19115333259105682,-1.0283854007720947,0.0
34.0,-0.18639668822288513,-1.029258131980896,0.0
34.0,-0.18128874897956848,-1.028139352798462,0.0
34.0,-0.17653334140777588,-1.0289665460586548,0.0
34.0,-0.17111600935459137,-1.025826096534729,0.0
34.0,-0.1657315194606781,-1.022657871246338,0.0
34.0,-0.16100162267684937,-1.0234131813049316,0.0
34.0,-0.15626828372478485,-1.024146556854248,0.0
34.0,-0.15153160691261292,-1.0248581171035767,0.0
34.0,-0.14650830626487732,-1.0235679149627686,0.0
34.0,-0.14150016009807587,-1.022253155708313,0.0
34.0,-0.13677239418029785,-1.0228965282440186,0.0
34.0,-0.13204170763492584,-1.0235178470611572,0.0
34.0,-0.127308189868927,-1.0241174697875977,0.0
34.0,-0.12233441323041916,-1.0227092504501343,0.0
34.0,-0.11760473996400833,-1.023263931274414,0.0
34.0,-0.11265338212251663,-1.0218087434768677,0.0
34.0,-0.10813795030117035,-1.0243076086044312,0.0
34.0,-0.10340104252099991,-1.0247966051101685,0.0
34.0,-0.09847034513950348,-1.02327299118042,0.0
34.0,-0.09373831748962402,-1.0237172842025757,0.0
34.0,-0.08900429308414459,-1.0241397619247437,0.0
34.0,-0.08426836133003235,-1.0245403051376343,0.0
34.0,-0.07953062653541565,-1.0249189138412476,0.0
34.0,-0.07464569061994553,-1.0232809782028198,0.0
34.0,-0.06991388648748398,-1.0236152410507202,0.0
34.0,-0.0650535300374031,-1.021931529045105,0.0
34.0,-0.06032806262373924,-1.0222214460372925,0.0
34.0,-0.05560130625963211,-1.0224894285202026,0.0
34.0,-0.05087336152791977,-1.022735595703125,0.0
34.0,-0.046144332736730576,-1.02295982837677,0.0
34.0,-0.04141431301832199,-1.0231622457504272,0.0
34.0,-0.03668341040611267,-1.0233427286148071,0.0
34.0,-0.031951725482940674,-1.0235013961791992,0.0
34.0,-0.02716618962585926,-1.0216388702392578,0.0
34.0,-0.02244248241186142,-1.0217535495758057,0.0
34.0,-0.017718294635415077,-1.0218462944030762,0.0
34.0,-0.012993729673326015,-1.0219173431396484,0.0
34.0,-0.008268886245787144,-1.0219664573669434,0.0
34.0,-0.0035508018918335438,-1.0239938497543335,0.0
34.0,0.0011835411423817277,-1.0239993333816528,0.0
34.0,0.005917858798056841,-1.0239830017089844,0.0
34.0,0.010652050375938416,-1.023944616317749,0.0
34.0,0.01535596139729023,-1.021884560585022,0.0
34.0,0.02008035033941269,-1.0218026638031006,0.0
34.0,0.024804310873150826,-1.0216989517211914,0.0
34.0,0.029527738690376282,-1.0215733051300049,0.0
34.0,0.03425053879618645,-1.0214258432388306,0.0
34.0,0.038972605019807816,-1.0212565660476685,0.0
34.0,0.04369383677840233,-1.0210654735565186,0.0
34.0,0.048414137214422226,-1.0208525657653809,0.0
34.0,0.05313339829444885,-1.0206178426742554,0.0
34.0,0.05785152688622475,-1.020361304283142,0.0
34.0,0.06256841868162155,-1.0200828313827515,0.0
34.0,0.06728397309780121,-1.0197826623916626,0.0
34.0,0.07213899493217468,-1.0214558839797974,0.0
34.0,0.07686079293489456,-1.0211113691329956,0.0
34.0,0.08158095180988312,-1.0207451581954956,0.0
34.0,0.0862993597984314,-1.0203570127487183,0.0
34.0,0.09101593494415283,-1.0199471712112427,0.0
34.0,0.09573055803775787,-1.0195153951644897,0.0
34.0,0.10044313222169876,-1.0190619230270386,0.0
34.0,0.10515356063842773,-1.0185866355895996,0.0
34.0,0.10986173897981644,-1.0180896520614624,0.0
34.0,0.1145675778388977,-1.0175708532333374,0.0
34.0,0.11950390785932541,-1.0190166234970093,0.0
34.0,0.12421392649412155,-1.0184532403945923,0.0
34.0,0.12866997718811035,-1.0158839225769043,0.0
34.0,0.13362589478492737,-1.0172611474990845,0.0
34.0,0.13832764327526093,-1.0166324377059937,0.0
34.0,0.1433052271604538,-1.0179624557495117,0.0
34.0,0.14801011979579926,-1.0172890424728394,0.0
34.0,0.15271183848381042,-1.0165938138961792,0.0
34.0,0.15741030871868134,-1.0158770084381104,0.0
34.0,0.16210539638996124,-1.0151383876800537,0.0
34.0,0.1671215295791626,-1.0163514614105225,0.0
34.0,0.17181871831417084,-1.0155678987503052,0.0
34.0,0.1765122264623642,-1.0147627592086792,0.0
34.0,0.1812019646167755,-1.0139358043670654,0.0
34.0,0.186248779296875,-1.0150543451309204,0.0
34.0,0.19130980968475342,-1.0161479711532593,0.0
34.0,0.19600580632686615,-1.0152525901794434,0.0
34.0,0.20069760084152222,-1.0143355131149292,0.0
34.0,0.20538510382175446,-1.0133967399597168,0.0
34.0,0.21047453582286835,-1.0143946409225464,0.0
34.0,0.21557757258415222,-1.015367031097412,0.0
34.0,0.22026969492435455,-1.014359474182129,0.0
34.0,0.22539053857326508,-1.0152827501296997,0.0
34.0,0.23008215427398682,-1.0142297744750977,0.0
34.0,0.23476886749267578,-1.013155221939087,0.0
34.0,0.24037152528762817,-1.0159515142440796,0.0
34.0,0.2450660765171051,-1.014829397201538,0.0
34.0,0.2507123053073883,-1.0175693035125732,0.0
34.0,0.255414217710495,-1.0163992643356323,0.0
34.0,0.2606070637702942,-1.0171449184417725,0.0
34.0,0.26581230759620667,-1.0178643465042114,0.0
34.0,0.27051541209220886,-1.0166245698928833,0.0
34.0,0.2757359743118286,-1.0172933340072632,0.0
34.0,0.28043636679649353,-1.016007661819458,0.0
34.0,0.28567177057266235,-1.0166256427764893,0.0
34.0,0.2903689742088318,-1.0152939558029175,0.0
34.0,0.2950599491596222,-1.013940691947937,0.0
34.0,0.3003123104572296,-1.0144833326339722,0.0
34.0,0.304999440908432,-1.013084053993225,0.0
34.0,0.3102654218673706,-1.0135754346847534,0.0
34.0,0.31494826078414917,-1.0121301412582397,0.0
34.0,0.3202274441719055,-1.0125702619552612,0.0
34.0,0.32551735639572144,-1.012982964515686,0.0
34.0,0.330197274684906,-1.0114670991897583,0.0
34.0,0.3367585241794586,-1.0156248807907104,0.0
34.0,0.3414505422115326,-1.0140570402145386,0.0
34.0,0.34742918610572815,-1.0162523984909058,0.0
34.0,0.35212400555610657,-1.0146352052688599,0.0
34.0,0.35747572779655457,-1.0148828029632568,0.0
34.0,0.3628372251987457,-1.015102505683899,0.0
34.0,0.3675265610218048,-1.0134141445159912,0.0
34.0,0.3728986084461212,-1.0135811567306519,0.0
34.0,0.37758079171180725,-1.0118463039398193,0.0
34.0,0.38296276330947876,-1.0119602680206299,0.0
34.0,0.3883538544178009,-1.0120460987091064,0.0
34.0,0.39302876591682434,-1.0102397203445435,0.0
34.0,0.39916279911994934,-1.012133002281189,0.0
34.0,0.40383800864219666,-1.0102766752243042,0.0
34.0,0.41000640392303467,-1.0121060609817505,0.0
34.0,0.4146813750267029,-1.0101996660232544,0.0
34.0,0.42165160179138184,-1.0138115882873535,0.0
34.0,0.427110880613327,-1.013694405555725,0.0
34.0,0.4317930042743683,-1.0117088556289673,0.0
34.0,0.4372594654560089,-1.0115375518798828,0.0
34.0,0.44193148612976074,-1.0095051527023315,0.0
34.0,0.4490256607532501,-1.0129363536834717,0.0
34.0,0.45616087317466736,-1.0163233280181885,0.0
34.0,0.4608548581600189,-1.0142035484313965,0.0
34.0,0.467210590839386,-1.0156959295272827,0.0
34.0,0.471901535987854,-1.0135250091552734,0.0
34.0,0.4782874882221222,-1.0149507522583008,0.0
34.0,0.4829748868942261,-1.0127285718917847,0.0
34.0,0.48852118849754333,-1.0122859477996826,0.0
34.0,0.494073748588562,-1.0118138790130615,0.0
34.0,0.49874645471572876,-1.0095187425613403,0.0
34.0,0.5060909390449524,-1.0125689506530762,0.0
34.0,0.5107670426368713,-1.0102182626724243,0.0
34.0,0.5172535181045532,-1.0114073753356934,0.0
34.0,0.5246807336807251,-1.0143343210220337,0.0
34.0,0.5293647646903992,-1.0118976831436157,0.0
34.0,0.5349727869033813,-1.0112073421478271,0.0
34.0,0.5396422743797302,-1.0087231397628784,0.0
34.0,0.5462033152580261,-1.0097355842590332,0.0
34.0,0.5508658289909363,-1.0071995258331299,0.0
34.0,0.5584200620651245,-1.0098927021026611,0.0
34.0,0.5660107731819153,-1.0125372409820557,0.0
34.0,0.5706861019134521,-1.0099095106124878,0.0
34.0,0.5783251523971558,-1.0124702453613281,0.0
34.0,0.5829999446868896,-1.0097856521606445,0.0
34.0,0.5896783471107483,-1.0105341672897339,0.0
34.0,0.5963760614395142,-1.0112426280975342,0.0
34.0,0.6010450720787048,-1.008474588394165,0.0
34.0,0.6087967157363892,-1.0108246803283691,0.0
34.0,0.6134636402130127,-1.0079991817474365,0.0
34.0,0.6202127933502197,-1.0085594654083252,0.0
34.0,0.6248691082000732,-1.0056811571121216,0.0
34.0,0.631638765335083,-1.0061691999435425,0.0
34.0,0.6394974589347839,-1.0083049535751343,0.0
34.0,0.6441524028778076,-1.0053375959396362,0.0
34.0,0.6531406044960022,-1.0090645551681519,0.0
34.0,0.6577989459037781,-1.0060341358184814,0.0
34.0,0.6646475791931152,-1.0063197612762451,0.0
34.0,0.6726229190826416,-1.0082273483276367,0.0
34.0,0.677277147769928,-1.005106806755066,0.0
34.0,0.6852927207946777,-1.0069249868392944,0.0
34.0,0.6899408102035522,-1.0037459135055542,0.0
34.0,0.6979956030845642,-1.0054740905761719,0.0
34.0,0.7026368379592896,-1.002236247062683,0.0
34.0,0.7118856906890869,-1.005506157875061,0.0
34.0,0.7200165390968323,-1.0070850849151611,0.0
34.0,0.7246649265289307,-1.003745436668396,0.0
34.0,0.7328324317932129,-1.005232572555542,0.0
34.0,0.7374721169471741,-1.0018336772918701,0.0
34.0,0.7468684315681458,-1.0048340559005737,0.0
34.0,0.7515062093734741,-1.0013703107833862,0.0
34.0,0.76216721534729,-1.0058553218841553,0.0
34.0,0.7716704607009888,-1.0086747407913208,0.0
34.0,0.7763256430625916,-1.005096197128296,0.0
34.0,0.784653902053833,-1.006227731704712,0.0
34.0,0.7892976999282837,-1.002589225769043,0.0
34.0,0.7989022135734558,-1.0051921606063843,0.0
34.0,0.8085475564002991,-1.0077276229858398,0.0
34.0,0.8131980299949646,-1.0039786100387573,0.0
34.0,0.8241610527038574,-1.007949709892273,0.0
34.0,0.8288123607635498,-1.0041285753250122,0.0
34.0,0.8385668992996216,-1.006432056427002,0.0
34.0,0.8432110548019409,-1.0025442838668823,0.0
34.0,0.8517204523086548,-1.0032089948654175,0.0
34.0,0.8628567457199097,-1.0068535804748535,0.0
34.0,0.8675025701522827,-1.002853512763977,0.0
34.0,0.8787069916725159,-1.0063647031784058,0.0
34.0,0.8833504319190979,-1.0022913217544556,0.0
34.0,0.8932921886444092,-1.004173755645752,0.0
34.0,0.904606282711029,-1.0074738264083862,0.0
34.0,0.9092545509338379,-1.0032806396484375,0.0
34.0,0.9206328392028809,-1.0064446926116943,0.0
34.0,0.9252762198448181,-1.0021775960922241,0.0
34.0,0.9367172122001648,-1.0052047967910767,0.0
34.0,0.9413546323776245,-1.0008633136749268,0.0
34.0,0.952856719493866,-1.0037529468536377,0.0
34.0,0.9671728610992432,-1.0094456672668457,0.0
34.0,0.9718295335769653,-1.0049632787704468,0.0
34.0,0.9904349446296692,-1.0147721767425537,0.0
34.0,0.9951160550117493,-1.0101821422576904,0.0
34.0,1.0124669075012207,-1.018335223197937,0.0
34.0,1.0171642303466797,-1.0136433839797974,0.0
34.0,1.0332252979278564,-1.0201714038848877,0.0
34.0,1.0379308462142944,-1.0153834819793701,0.0
34.0,1.0584113597869873,-1.0258855819702148,0.0
34.0,1.0790109634399414,-1.0362197160720825,0.0
34.0,1.0837903022766113,-1.0312199592590332,0.0
34.0,1.1045544147491455,-1.0412893295288086,0.0
34.0,1.1093568801879883,-1.0361714363098145,0.0
34.0,1.1332184076309204,-1.048690676689148,0.0
34.0,1.1542705297470093,-1.0583078861236572,0.0
34.0,1.1591510772705078,-1.05295991897583,0.0
34.0,1.1788729429244995,-1.0609686374664307,0.0
34.0,1.1837656497955322,-1.055506944656372,0.0
34.0,1.2051209211349487,-1.064587950706482,0.0
34.0,1.2100300788879395,-1.0590049028396606,0.0
34.0,1.2315351963043213,-1.0678112506866455,0.0
34.0,1.2561815977096558,-1.0790475606918335,0.0
34.0,1.2611570358276367,-1.0732282400131226,0.0
34.0,1.2859840393066406,-1.0841444730758667,0.0
34.0,1.2909826040267944,-1.078187346458435,0.0
34.0,1.1676231622695923,-0.9479832053184509,0.0
34.0,1.1719934940338135,-0.942574679851532,0.0
34.0,1.1763389110565186,-0.9371460676193237,0.0
34.0,1.1806590557098389,-0.9316973686218262,0.0
34.0,1.2101658582687378,-0.945935845375061,0.0
34.0,1.2145262956619263,-0.9403306841850281,0.0
34.0,1.2426667213439941,-0.9529613852500916,0.0
34.0,1.2470593452453613,-0.9472059011459351,0.0
34.0,1.272202491760254,-0.9570605158805847,0.0
34.0,1.276613712310791,-0.951168417930603,0.0
34.0,1.305137038230896,-0.9630686044692993,0.0
34.0,1.337026834487915,-0.9770851135253906,0.0
34.0,1.3415299654006958,-0.9708930850028992,0.0
34.0,1.3687629699707031,-0.9809913635253906,0.0
34.0,1.373283863067627,-0.9746525883674622,0.0
34.0,1.4039562940597534,-0.9866927862167358,0.0
34.0,1.4085030555725098,-0.9801912307739258,0.0
34.0,1.4426636695861816,-0.9940953254699707,0.0
34.0,1.4703737497329712,-1.0031954050064087,0.0
34.0,1.4749962091445923,-0.9963865280151367,0.0
34.0,1.4945491552352905,-0.9995632171630859,0.0
34.0,1.4991545677185059,-0.9926426410675049,0.0
34.0,1.523800015449524,-0.9988582134246826,0.0
34.0,1.5284017324447632,-0.991802453994751,0.0
34.0,1.551481008529663,-0.9966156482696533,0.0
34.0,1.5661983489990234,-0.9958707094192505,0.0
34.0,1.5707858800888062,-0.9886189699172974,0.0
34.0,1.5770374536514282,-0.9824036359786987,0.0
34.0,1.5815626382827759,-0.975101888179779,0.0
34.0,1.579224944114685,-0.9636123180389404,0.0
34.0,1.5733908414840698,-0.9500976800918579,0.0
34.0,1.5777666568756104,-0.9428131580352783,0.0
34.0,1.5752224922180176,-0.9314365983009338,0.0
34.0,1.579512119293213,-0.9241437911987305,0.0
34.0,1.5785751342773438,-0.9138252139091492,0.0
34.0,1.5827832221984863,-0.9065171480178833,0.0
34.0,1.5886975526809692,-0.9001755714416504,0.0
34.0,1.603310227394104,-0.8986882567405701,0.0
34.0,1.6074481010437012,-0.8912659287452698,0.0
34.0,1.6273337602615356,-0.8924800753593445,0.0
34.0,1.631442666053772,-0.8849467635154724,0.0
34.0,1.6513783931732178,-0.8859037160873413,0.0
34.0,1.669590711593628,-0.8857578039169312,0.0
34.0,1.6736680269241333,-0.8780292272567749,0.0
34.0,1.6901371479034424,-0.8767284154891968,0.0
34.0,1.6941725015640259,-0.8689048886299133,0.0
34.0,1.44130539894104,-0.7308180332183838,0.0
34.0,1.4446687698364258,-0.7241465449333191,0.0
34.0,1.4480013847351074,-0.7174595594406128,0.0
34.0,1.4513030052185059,-0.7107572555541992,0.0
34.0,1.4754868745803833,-0.6973968744277954,0.0
34.0,1.4786953926086426,-0.690567672252655,0.0
34.0,1.481872320175171,-0.6837237477302551,0.0
34.0,1.4850176572799683,-0.6768652200698853,0.0
34.0,1.5045443773269653,-0.6773818135261536,0.0
34.0,1.5222798585891724,-0.6769195199012756,0.0
34.0,1.5253932476043701,-0.6698742508888245,0.0
34.0,1.5431532859802246,-0.6691802144050598,0.0
34.0,1.546230673789978,-0.6620384454727173,0.0
34.0,1.5603280067443848,-0.6595547199249268,0.0
34.0,1.5633606910705566,-0.6523337364196777,0.0
34.0,1.5682092905044556,-0.6458603739738464,0.0
34.0,1.5656201839447021,-0.6363438963890076,0.0
34.0,1.5685455799102783,-0.629098653793335,0.0
34.0,1.565858244895935,-0.6196321845054626,0.0
34.0,1.5687062740325928,-0.6123860478401184,0.0
34.0,1.5677878856658936,-0.6036893725395203,0.0
34.0,1.5649532079696655,-0.5943043828010559,0.0
34.0,1.5676841735839844,-0.587062656879425,0.0
34.0,1.5647529363632202,-0.5777302384376526,0.0
34.0,1.567407250404358,-0.5704895853996277,0.0
34.0,1.5662630796432495,-0.5618861317634583,0.0
34.0,1.5650728940963745,-0.553305447101593,0.0
34.0,1.567614197731018,-0.5460636019706726,0.0
34.0,1.564447045326233,-0.5368626117706299,0.0
34.0,1.5669125318527222,-0.5296238660812378,0.0
34.0,1.563651442527771,-0.5204788446426392,0.0
34.0,1.566041111946106,-0.5132439136505127,0.0
34.0,1.564590573310852,-0.5047699213027954,0.0
34.0,1.5630950927734375,-0.4963202476501465,0.0
34.0,1.5653730630874634,-0.48908817768096924,0.0
34.0,1.5637941360473633,-0.4806704521179199,0.0
34.0,1.5602563619613647,-0.47169896960258484,0.0
34.0,1.5624206066131592,-0.46448028087615967,0.0
34.0,1.5607119798660278,-0.4561295807361603,0.0
34.0,1.5628042221069336,-0.4489089548587799,0.0
34.0,1.5629380941390991,-0.441135436296463,0.0
34.0,1.5649608373641968,-0.4339046776294708,0.0
34.0,1.5630908012390137,-0.42561376094818115,0.0
34.0,1.5611776113510132,-0.4173494279384613,0.0
34.0,1.5630905628204346,-0.41012707352638245,0.0
34.0,1.5591593980789185,-0.40140002965927124,0.0
34.0,1.560998558998108,-0.39418715238571167,0.0
34.0,1.5550388097763062,-0.38504305481910706,0.0
34.0,1.543197512626648,-0.3745473623275757,0.0
34.0,1.5449126958847046,-0.3674086034297943,0.0
34.0,1.5368554592132568,-0.3579932749271393,0.0
34.0,1.5384941101074219,-0.35088399052619934,0.0
34.0,1.5656156539916992,-0.14153344929218292,0.0
34.0,1.5662533044815063,-0.13429351150989532,0.0
34.0,1.5668574571609497,-0.1270507127046585,0.0
34.0,1.5674281120300293,-0.11980518698692322,0.0
34.0,1.5579909086227417,-0.11184109002351761,0.0
34.0,1.5584913492202759,-0.10463672131299973,0.0
34.0,1.5549662113189697,-0.09718061238527298,0.0
34.0,1.5553988218307495,-0.08999038487672806,0.0
34.0,1.5557982921600342,-0.08279823511838913,0.0
34.0,1.5621575117111206,-0.07589548081159592,0.0
34.0,1.5624916553497314,-0.06867223232984543,0.0
34.0,1.572784662246704,-0.06184040382504463,0.0
34.0,1.5730538368225098,-0.05456817150115967,0.0
34.0,1.5812857151031494,-0.047535158693790436,0.0
34.0,1.589486002922058,-0.04042718559503555,0.0
34.0,1.589655876159668,-0.033077966421842575,0.0
34.0,1.6017903089523315,-0.02592221461236477,0.0
34.0,1.6018929481506348,-0.018516264855861664,0.0
34.0,1.613961100578308,-0.011193138547241688,0.0
34.0,1.6219956874847412,-0.0037495694123208523,0.0
34.0,1.6219956874847412,0.0037495605647563934,0.0
34.0,1.6319607496261597,0.011317960917949677,0.0
34.0,1.6318910121917725,0.018863001838326454,0.0
34.0,1.6417850255966187,0.02656945027410984,0.0
34.0,1.6416445970535278,0.03415974974632263,0.0
34.0,1.651465892791748,0.0420035794377327,0.0
34.0,1.6632486581802368,0.049999043345451355,0.0
34.0,1.6629997491836548,0.05768832564353943,0.0
34.0,1.6727075576782227,0.065769262611866,0.0
34.0,1.672385573387146,0.07350210845470428,0.0
34.0,1.4353172779083252,0.24454084038734436,0.0
34.0,1.4341713190078735,0.2511742413043976,0.0
34.0,1.4329947233200073,0.25780224800109863,0.0
34.0,1.4317874908447266,0.26442477107048035,0.0
34.0,1.4423400163650513,0.2732754945755005,0.0
34.0,1.4410611391067505,0.27994105219841003,0.0
34.0,1.4397515058517456,0.28660061955451965,0.0
34.0,1.4521287679672241,0.2960507571697235,0.0
34.0,1.4507445096969604,0.3027613162994385,0.0
34.0,1.4630206823349,0.3123888671398163,0.0
34.0,1.4615607261657715,0.31914961338043213,0.0
34.0,1.4737331867218018,0.32895341515541077,0.0
34.0,1.4721965789794922,0.33576351404190063,0.0
34.0,1.4823155403137207,0.34528881311416626,0.0
34.0,1.494323492050171,0.35537755489349365,0.0
34.0,1.4926645755767822,0.36228257417678833,0.0
34.0,1.5103873014450073,0.3739868700504303,0.0
34.0,1.5086420774459839,0.3809659481048584,0.0
34.0,1.530106782913208,0.39392051100730896,0.0
34.0,1.5282691717147827,0.4009905755519867,0.0
34.0,1.5495846271514893,0.41425028443336487,0.0
34.0,1.5688800811767578,0.4271901249885559,0.0
34.0,1.5668882131576538,0.4344390630722046,0.0
34.0,1.5821861028671265,0.44656816124916077,0.0
34.0,1.5801045894622803,0.4538784325122833,0.0
34.0,1.5933467149734497,0.46566733717918396,0.0
34.0,1.5911767482757568,0.4730289876461029,0.0
34.0,1.6023738384246826,0.4844319522380829,0.0
34.0,1.6154108047485352,0.4965360760688782,0.0
34.0,1.613097906112671,0.5039994120597839,0.0
34.0,1.6240938901901245,0.5156888365745544,0.0
34.0,1.6216922998428345,0.5231921076774597,0.0
34.0,1.632559895515442,0.5350443124771118,0.0
34.0,1.6433521509170532,0.5470080375671387,0.0
34.0,1.6408054828643799,0.5546000599861145,0.0
34.0,1.6495741605758667,0.5660751461982727,0.0
34.0,1.6469392776489258,0.573695719242096,0.0
34.0,1.6612399816513062,0.5873036980628967,0.0
34.0,1.6585068702697754,0.5949779748916626,0.0
34.0,1.4245740175247192,0.5185025334358215,0.0
34.0,1.4371711015701294,0.5306251049041748,0.0
34.0,1.4347025156021118,0.5372639894485474,0.0
34.0,1.4322031736373901,0.543891429901123,0.0
34.0,1.4427381753921509,0.5555379986763,0.0
34.0,1.4401543140411377,0.5622023940086365,0.0
34.0,1.452417254447937,0.5747419595718384,0.0
34.0,1.449744462966919,0.581450879573822,0.0
34.0,1.46371591091156,0.594925045967102,0.0
34.0,1.4775934219360352,0.6085406541824341,0.0
34.0,1.4747642278671265,0.6153655648231506,0.0
34.0,1.48848295211792,0.629185676574707,0.0
34.0,1.4855581521987915,0.6360607147216797,0.0
34.0,1.4991154670715332,0.6500834226608276,0.0
34.0,1.4960938692092896,0.6570074558258057,0.0
34.0,1.511315107345581,0.6720437407493591,0.0
34.0,1.5264286994934082,0.68723464012146,0.0
34.0,1.5232350826263428,0.6942845582962036,0.0
34.0,1.5290889739990234,0.7055090665817261,0.0
34.0,1.525810718536377,0.7125710844993591,0.0
34.0,1.5279245376586914,0.7221818566322327,0.0
34.0,1.5245693922042847,0.7292382717132568,0.0
34.0,1.52658212184906,0.7388931512832642,0.0
34.0,1.530334234237671,0.7494617700576782,0.0
34.0,1.5268528461456299,0.7565290927886963,0.0
34.0,1.528702735900879,0.7662689089775085,0.0
34.0,1.5251436233520508,0.7733284831047058,0.0
34.0,1.5251110792160034,0.7821969389915466,0.0
34.0,1.5268045663833618,0.7920025587081909,0.0
34.0,1.523126482963562,0.7990530729293823,0.0
34.0,1.5264829397201538,0.8098357319831848,0.0
34.0,1.5227224826812744,0.8168845772743225,0.0
34.0,1.5242034196853638,0.8267767429351807,0.0
34.0,1.523871898651123,0.8357383608818054,0.0
34.0,1.5199916362762451,0.8427748680114746,0.0
34.0,1.517823576927185,0.8507711887359619,0.0
34.0,1.5138739347457886,0.8577795624732971,0.0
34.0,1.508156418800354,0.8637756705284119,0.0
34.0,1.504146695137024,0.8707391619682312,0.0
34.0,1.4776637554168701,0.8645541667938232,0.0
34.0,1.2479749917984009,1.1336464881896973,0.0
34.0,1.242720365524292,1.139404296875,0.0
34.0,1.2374391555786133,1.1451376676559448,0.0
34.0,1.2321316003799438,1.1508464813232422,0.0
34.0,1.2180659770965576,1.1482993364334106,0.0
34.0,1.2127439975738525,1.1539186239242554,0.0
34.0,1.200183391571045,1.1525866985321045,0.0
34.0,1.191969394683838,1.155339241027832,0.0
34.0,1.1866151094436646,1.1608377695083618,0.0
34.0,1.1769659519195557,1.1620960235595703,0.0
34.0,1.1715805530548096,1.1675251722335815,0.0
34.0,1.1605297327041626,1.1672561168670654,0.0
34.0,1.142488718032837,1.1597861051559448,0.0
34.0,1.1371142864227295,1.165055751800537,0.0
34.0,1.124764084815979,1.1631120443344116,0.0
34.0,1.1193746328353882,1.168299913406372,0.0
34.0,0.97475266456604,1.286410927772522,0.0
34.0,0.9687947034835815,1.2909038066864014,0.0
34.0,0.962816059589386,1.2953691482543945,0.0
34.0,0.9568167924880981,1.2998067140579224,0.0
34.0,0.9317176342010498,1.30319082736969,0.0
34.0,0.925682544708252,1.30748450756073,0.0
34.0,0.9196276664733887,1.3117502927780151,0.0
34.0,0.9135531187057495,1.3159880638122559,0.0
34.0,0.9040603041648865,1.3152531385421753,0.0
34.0,0.8968445062637329,1.317765474319458,0.0
34.0,0.8907423615455627,1.3218978643417358,0.0
34.0,0.8835113048553467,1.3243381977081299,0.0
34.0,0.8773789405822754,1.3284088373184204,0.0
34.0,0.8701333403587341,1.3307772874832153,0.0
34.0,0.8628846406936646,1.3331069946289062,0.0
34.0,0.8567119836807251,1.3370821475982666,0.0
34.0,0.8505209684371948,1.3410288095474243,0.0
34.0,0.8443118333816528,1.3449467420578003,0.0
34.0,0.8380845785140991,1.3488359451293945,0.0
34.0,0.8318394422531128,1.3526962995529175,0.0
34.0,0.8255765438079834,1.3565278053283691,0.0
34.0,0.8182640671730042,1.358616828918457,0.0
34.0,0.8119739294052124,1.3623855113983154,0.0
34.0,0.805666446685791,1.3661249876022339,0.0
34.0,0.7993417382240295,1.3698352575302124,0.0
34.0,0.7929999232292175,1.373516321182251,0.0
34.0,0.7856492400169373,1.3754312992095947,0.0
34.0,0.7792816758155823,1.3790489435195923,0.0
34.0,0.7728975415229797,1.3826371431350708,0.0
34.0,0.7664967775344849,1.3861957788467407,0.0
34.0,0.7600797414779663,1.3897247314453125,0.0
34.0,0.7545979619026184,1.3949830532073975,0.0
34.0,0.7481403350830078,1.3984569311141968,0.0
34.0,0.7416667342185974,1.4019010066986084,0.0
34.0,0.7351773381233215,1.4053149223327637,0.0
34.0,0.7286721467971802,1.4086989164352417,0.0
34.0,0.4739013910293579,0.948165237903595,0.0
34.0,0.46951261162757874,0.9503461122512817,0.0
34.0,0.4651137888431549,0.9525067210197449,0.0
34.0,0.460705041885376,0.9546469449996948,0.0
34.0,0.455425500869751,0.9549615383148193,0.0
34.0,0.4484478533267975,0.9516294598579407,0.0
34.0,0.4440433084964752,0.953692615032196,0.0
34.0,0.43795767426490784,0.9521013498306274,0.0
34.0,0.4335510730743408,0.9541160464286804,0.0
34.0,0.4274972975254059,0.9524610638618469,0.0
34.0,0.4214681088924408,0.9507704973220825,0.0
34.0,0.41706782579421997,0.9527089595794678,0.0
34.0,0.4110715091228485,0.9509554505348206,0.0
34.0,0.4066705107688904,0.9528458118438721,0.0
34.0,0.4007076323032379,0.9510295987129211,0.0
34.0,0.3947703242301941,0.9491788148880005,0.0
34.0,0.3903777003288269,0.9509938359260559,0.0
34.0,0.3852258324623108,0.950934886932373,0.0
34.0,0.3808251619338989,0.9527057409286499,0.0
34.0,0.3749488592147827,0.9507350921630859,0.0
34.0,0.3698241114616394,0.9505946040153503,0.0
34.0,0.3654251992702484,0.9522942900657654,0.0
34.0,0.35960274934768677,0.9502325654029846,0.0
34.0,0.35520562529563904,0.9518849849700928,0.0
34.0,0.35011035203933716,0.9516400694847107,0.0
34.0,0.34434306621551514,0.9494881629943848,0.0
34.0,0.3399495482444763,0.9510700702667236,0.0
34.0,0.3348843455314636,0.9507452249526978,0.0
34.0,0.33048510551452637,0.9522833824157715,0.0
34.0,0.3247848153114319,0.9500161409378052,0.0
34.0,0.319112628698349,0.9477167725563049,0.0
34.0,0.3147275745868683,0.9491820335388184,0.0
34.0,0.3097151219844818,0.9487257599830627,0.0
34.0,0.3053255081176758,0.9501475691795349,0.0
34.0,0.29972323775291443,0.9477351903915405,0.0
34.0,0.29533830285072327,0.9491108059883118,0.0
34.0,0.2903616428375244,0.9485536813735962,0.0
34.0,0.2853964567184448,0.9479709267616272,0.0
34.0,0.28101059794425964,0.9492802619934082,0.0
34.0,0.2760598659515381,0.948648989200592,0.0
34.0,0.27167096734046936,0.9499151706695557,0.0
34.0,0.2661941647529602,0.9473102688789368,0.0
34.0,0.2612794041633606,0.9466028809547424,0.0
34.0,0.2569001317024231,0.9478007555007935,0.0
34.0,0.25251534581184387,0.9489783644676208,0.0
34.0,0.24812516570091248,0.9501357078552246,0.0
34.0,0.24273689091205597,0.9473978877067566,0.0
34.0,0.23786669969558716,0.9465703368186951,0.0
34.0,0.2334877997636795,0.947659969329834,0.0
34.0,0.22863443195819855,0.9467852115631104,0.0
34.0,0.22425465285778046,0.9478321671485901,0.0
34.0,0.21941860020160675,0.9469105005264282,0.0
34.0,0.21459588408470154,0.9459643959999084,0.0
34.0,0.21022003889083862,0.9469464421272278,0.0
34.0,0.2054152935743332,0.9459537863731384,0.0
34.0,0.20103959739208221,0.9468933939933777,0.0
34.0,0.19625328481197357,0.9458544850349426,0.0
34.0,0.19148088991641998,0.9447915554046631,0.0
34.0,0.18711072206497192,0.9456667304039001,0.0
34.0,0.18235743045806885,0.9445579648017883,0.0
34.0,0.1779884397983551,0.9453909993171692,0.0
34.0,0.17325468361377716,0.9442366361618042,0.0
34.0,0.16888727247714996,0.9450275301933289,0.0
34.0,0.16451625525951385,0.9457982778549194,0.0
34.0,0.160141721367836,0.9465487599372864,0.0
34.0,0.15576376020908356,0.9472790360450745,0.0
34.0,0.1510670930147171,0.9460141062736511,0.0
34.0,0.1466917097568512,0.9467024803161621,0.0
34.0,0.14201606810092926,0.9453927278518677,0.0
34.0,0.13764365017414093,0.9460391998291016,0.0
34.0,0.1332682967185974,0.9466654658317566,0.0
34.0,0.1286204308271408,0.9452897906303406,0.0
34.0,0.12424863874912262,0.9458743333816528,0.0
34.0,0.11987417936325073,0.9464386701583862,0.0
34.0,0.11501289159059525,0.9430121779441833,0.0
34.0,0.11065176874399185,0.9435338973999023,0.0
34.0,0.10628827661275864,0.9440353512763977,0.0
34.0,0.10192251205444336,0.9445167183876038,0.0
34.0,0.09734919667243958,0.942988395690918,0.0
34.0,0.09298837184906006,0.9434283971786499,0.0
34.0,0.08862555772066116,0.9438482522964478,0.0
34.0,0.08426084369421005,0.9442479014396667,0.0
34.0,0.07989433407783508,0.9446274042129517,0.0
34.0,0.0753667801618576,0.9429929852485657,0.0
34.0,0.0710061639547348,0.9433313608169556,0.0
34.0,0.06664403527975082,0.9436495900154114,0.0
34.0,0.0621488057076931,0.9419519901275635,0.0
34.0,0.05779314786195755,0.9422292709350586,0.0
34.0,0.05343625321984291,0.9424864053726196,0.0
34.0,0.049078214913606644,0.9427233338356018,0.0
34.0,0.04471912980079651,0.9429401755332947,0.0
34.0,0.04027358070015907,0.9411386847496033,0.0
34.0,0.035921916365623474,0.9413148164749146,0.0
34.0,0.03156948462128639,0.9414708018302917,0.0
34.0,0.02721637673676014,0.9416067004203796,0.0
34.0,0.022862685844302177,0.9417225122451782,0.0
34.0,0.018508508801460266,0.941818118095398,0.0
34.0,0.014153935015201569,0.9418936371803284,0.0
34.0,0.009799058549106121,0.9419490098953247,0.0
34.0,0.005443972535431385,0.941984236240387,0.0
34.0,0.0010887705720961094,0.9419993162155151,0.0
34.0,-0.0032664549071341753,0.941994309425354,0.0
34.0,-0.007621610537171364,0.9419691562652588,0.0
34.0,-0.011976603418588638,0.9419238567352295,0.0
34.0,-0.01633133925497532,0.9418584108352661,0.0
34.0,-0.020685726776719093,0.9417728185653687,0.0
34.0,-0.0250396728515625,0.9416671395301819,0.0
34.0,-0.02945549041032791,0.9435403347015381,0.0
34.0,-0.03381751477718353,0.9433940649032593,0.0
34.0,-0.038178812712430954,0.9432276487350464,0.0
34.0,-0.04244917258620262,0.9410430192947388,0.0
34.0,-0.04679951071739197,0.9408367276191711,0.0
34.0,-0.05114884674549103,0.9406102895736694,0.0
34.0,-0.05549709498882294,0.9403637647628784,0.0
34.0,-0.05984415113925934,0.9400971531867981,0.0
34.0,-0.06418993324041367,0.9398103952407837,0.0
34.0,-0.06853433698415756,0.9395036101341248,0.0
34.0,-0.07287728041410446,0.9391766786575317,0.0
34.0,-0.07738261669874191,0.9408230185508728,0.0
34.0,-0.08173156529664993,0.9404551982879639,0.0
34.0,-0.08607876300811768,0.9400672912597656,0.0
34.0,-0.09042412787675858,0.9396592378616333,0.0
34.0,-0.09476755559444427,0.9392311573028564,0.0
34.0,-0.09910895675420761,0.9387829303741455,0.0
34.0,-0.10366740822792053,0.9403026103973389,0.0
34.0,-0.10801366716623306,0.9398132562637329,0.0
34.0,-0.11235762387514114,0.9393038749694824,0.0
34.0,-0.11669917404651642,0.9387743473052979,0.0
34.0,-0.12103822827339172,0.9382247924804688,0.0
34.0,-0.12563976645469666,0.9396375417709351,0.0
34.0,-0.12998270988464355,0.9390466213226318,0.0
34.0,-0.1343228816986084,0.9384356141090393,0.0
34.0,-0.13895271718502045,0.9397830367088318,0.0
34.0,-0.14329619705677032,0.9391305446624756,0.0
34.0,-0.14763662219047546,0.9384579658508301,0.0
34.0,-0.1519738882780075,0.93776535987854,0.0
34.0,-0.1563078910112381,0.9370527267456055,0.0
34.0,-0.16097676753997803,0.9382912516593933,0.0
34.0,-0.16531310975551605,0.9375370144844055,0.0
34.0,-0.17035871744155884,0.9406986236572266,0.0
34.0,-0.1747061014175415,0.9399009346961975,0.0
34.0,-0.17942433059215546,0.9410477876663208,0.0
34.0,-0.1837732195854187,0.9402081966400146,0.0
34.0,-0.18772545456886292,0.9373874068260193,0.0
34.0,-0.1924591362476349,0.9384686946868896,0.0
34.0,-0.1967959702014923,0.9375688433647156,0.0
34.0,-0.20112860202789307,0.936648964881897,0.0
34.0,-0.2054569274187088,0.9357090592384338,0.0
34.0,-0.21021881699562073,0.9367005825042725,0.0
34.0,-0.21499426662921906,0.9376680850982666,0.0
34.0,-0.2193271517753601,0.9366641044616699,0.0
34.0,-0.2241203337907791,0.9375852346420288,0.0
34.0,-0.22845274209976196,0.9365389943122864,0.0
34.0,-0.23374615609645844,0.939354419708252,0.0
34.0,-0.23808665573596954,0.9382636547088623,0.0
34.0,-0.24292293190956116,0.9390891790390015,0.0
34.0,-0.24726209044456482,0.9379560351371765,0.0
34.0,-0.25159597396850586,0.9368028044700623,0.0
34.0,-0.25645214319229126,0.9375587105751038,0.0
34.0,-0.2607840895652771,0.9363629817962646,0.0
34.0,-0.2656559348106384,0.9370714426040649,0.0
34.0,-0.27053990960121155,0.9377548694610596,0.0
34.0,-0.27487263083457947,0.9364940524101257,0.0
34.0,-0.2803437113761902,0.9390460252761841,0.0
34.0,-0.2846822738647461,0.9377398490905762,0.0
34.0,-0.2896045744419098,0.9383246898651123,0.0
34.0,-0.2939396798610687,0.9369757175445557,0.0
34.0,-0.29826852679252625,0.9356066584587097,0.0
34.0,-0.3038235604763031,0.938023030757904,0.0
34.0,-0.30815714597702026,0.9366083145141602,0.0
34.0,-0.31311798095703125,0.9370704889297485,0.0
34.0,-0.31744706630706787,0.9356127977371216,0.0
34.0,-0.32242071628570557,0.9360260963439941,0.0
34.0,-0.3274049460887909,0.9364133477210999,0.0
34.0,-0.33173084259033203,0.9348896145820618,0.0
34.0,-0.33672717213630676,0.9352276921272278,0.0
34.0,-0.341047465801239,0.9336608648300171,0.0
34.0,-0.34605535864830017,0.9339494705200195,0.0
34.0,-0.3503696620464325,0.9323395490646362,0.0
34.0,-0.3561008870601654,0.9344475269317627,0.0
34.0,-0.3618590235710144,0.9365222454071045,0.0
34.0,-0.3661850392818451,0.9348392486572266,0.0
34.0,-0.37197938561439514,0.9368540048599243,0.0
34.0,-0.37630683183670044,0.9351241588592529,0.0
34.0,-0.38213664293289185,0.9370781779289246,0.0
34.0,-0.3879925608634949,0.9389983415603638,0.0
34.0,-0.39232975244522095,0.9371944665908813,0.0
34.0,-0.3974393904209137,0.937211811542511,0.0
34.0,-0.40176820755004883,0.9353642463684082,0.0
34.0,-0.4076840579509735,0.9371646642684937,0.0
34.0,-0.41201257705688477,0.9352697730064392,0.0
34.0,-0.41633227467536926,0.933354914188385,0.0
34.0,-0.4222894310951233,0.9350655674934387,0.0
34.0,-0.4266080856323242,0.9331032037734985,0.0
34.0,-0.4317575991153717,0.932935893535614,0.0
34.0,-0.43606629967689514,0.9309297204017639,0.0
34.0,-0.4420791268348694,0.9325180649757385,0.0
34.0,-0.44638577103614807,0.9304642081260681,0.0
34.0,-0.45330315828323364,0.9337881207466125,0.0
34.0,-0.45937904715538025,0.9352726936340332,0.0
34.0,-0.46369826793670654,0.9331387877464294,0.0
34.0,-0.4698041081428528,0.9345588088035583,0.0
34.0,-0.4741199016571045,0.9323767423629761,0.0
34.0,-0.4802550673484802,0.933731734752655,0.0
34.0,-0.486412912607193,0.9350500106811523,0.0
34.0,-0.49073082208633423,0.9327911138534546,0.0
34.0,-0.4978562295436859,0.935809314250946,0.0
34.0,-0.5021774768829346,0.9334975481033325,0.0
34.0,-0.5074437260627747,0.9329227805137634,0.0
34.0,-0.5117515325546265,0.9305667281150818,0.0
34.0,-1.1144236326217651,1.961529016494751,0.0
34.0,-1.1234806776046753,1.9563556909561157,0.0
34.0,-1.1325136423110962,1.9511405229568481,0.0
34.0,-1.1415222883224487,1.9458836317062378,0.0
34.0,-1.1545864343643188,1.947466492652893,0.0
34.0,-1.1697453260421753,1.9524015188217163,0.0
34.0,-1.1787595748901367,1.9469724893569946,0.0
34.0,-1.1919233798980713,1.9483259916305542,0.0
34.0,-1.200918436050415,1.9427945613861084,0.0
34.0,-1.2162445783615112,1.947399616241455,0.0
34.0,-1.225235104560852,1.9417556524276733,0.0
34.0,-1.2384997606277466,1.942815899848938,0.0
34.0,-1.253966212272644,1.9471580982208252,0.0
34.0,-1.2629551887512207,1.9413397312164307,0.0
34.0,-1.2785075902938843,1.945508360862732,0.0
34.0,-1.2874886989593506,1.939576506614685,0.0
34.0,-1.3031249046325684,1.9435701370239258,0.0
34.0,-1.318825602531433,1.947460651397705,0.0
34.0,-1.3278154134750366,1.9413424730300903,0.0
34.0,-1.3435970544815063,1.9450560808181763,0.0
34.0,-1.352575421333313,1.9388233423233032,0.0
34.0,-1.3684360980987549,1.9423589706420898,0.0
34.0,-1.384358286857605,1.9457893371582031,0.0
34.0,-1.3933396339416504,1.9393681287765503,0.0
34.0,-1.4093378782272339,1.9426186084747314,0.0
34.0,-1.4183043241500854,1.9360820055007935,0.0
34.0,-1.4343764781951904,1.9391512870788574,0.0
34.0,-1.4433265924453735,1.9324989318847656,0.0
34.0,-1.4594709873199463,1.9353864192962646,0.0
34.0,-1.475672721862793,1.9381657838821411,0.0
34.0,-1.484617829322815,1.931322455406189,0.0
34.0,-1.503340721130371,1.9370777606964111,0.0
34.0,-1.5122805833816528,1.930106520652771,0.0
34.0,-1.5236696004867554,1.9262313842773438,0.0
34.0,-1.5250709056854248,1.9097892045974731,0.0
34.0,-1.5338842868804932,1.9027178287506104,0.0
34.0,-1.5275160074234009,1.8769910335540771,0.0
34.0,-1.536177635192871,1.8699086904525757,0.0
34.0,-1.529486060142517,1.844312310218811,0.0
34.0,-1.5379966497421265,1.8372212648391724,0.0
34.0,-1.5284020900726318,1.8087042570114136,0.0
34.0,-1.5211730003356934,1.7833589315414429,0.0
34.0,-1.5294018983840942,1.7763069868087769,0.0
34.0,-1.5218546390533447,1.7511019706726074,0.0
34.0,-1.5299344062805176,1.7440471649169922,0.0
34.0,-1.5220712423324585,1.7189866304397583,0.0
34.0,-1.5166749954223633,1.6970188617706299,0.0
34.0,-1.5245047807693481,1.689988613128662,0.0
34.0,-1.516144037246704,1.6651761531829834,0.0
34.0,-1.5238265991210938,1.6581486463546753,0.0
34.0,-1.5178755521774292,1.6364223957061768,0.0
34.0,-1.5117563009262085,1.6147868633270264,0.0
34.0,-1.519205927848816,1.6077800989151,0.0
34.0,-1.5128198862075806,1.5862659215927124,0.0
34.0,-1.5201376676559448,1.5792546272277832,0.0
34.0,-1.5134865045547485,1.5578646659851074,0.0
34.0,-1.5066704750061035,1.5365701913833618,0.0
34.0,-1.5137585401535034,1.5295878648757935,0.0
34.0,-1.5066802501678467,1.5084224939346313,0.0
34.0,-1.5136381387710571,1.5014405250549316,0.0
34.0,-1.5062994956970215,1.4804073572158813,0.0
34.0,-1.5016647577285767,1.4622650146484375,0.0
34.0,-1.5084092617034912,1.4553065299987793,0.0
34.0,-1.5006643533706665,1.4344972372055054,0.0
34.0,-1.5072804689407349,1.4275438785552979,0.0
34.0,-1.5021969079971313,1.4096113443374634,0.0
34.0,-1.5086979866027832,1.402651071548462,0.0
34.0,-1.5019276142120361,1.3834657669067383,0.0
34.0,-1.4979668855667114,1.3670697212219238,0.0
34.0,-1.504271388053894,1.360129475593567,0.0
34.0,-1.4986261129379272,1.3424842357635498,0.0
34.0,-1.49135422706604,1.323593020439148,0.0
34.0,-1.49745774269104,1.3166837692260742,0.0
34.0,-1.49297297000885,1.3005505800247192,0.0
34.0,-1.4989699125289917,1.293634057044983,0.0
34.0,-1.4958140850067139,1.278891921043396,0.0
34.0,-1.5017108917236328,1.2719625234603882,0.0
34.0,-1.4968509674072266,1.2560068368911743,0.0
34.0,-1.4918758869171143,1.2401236295700073,0.0
34.0,-1.4975934028625488,1.233212947845459,0.0
34.0,-1.4908808469772339,1.2161622047424316,0.0
34.0,-1.4964877367019653,1.2092562913894653,0.0
34.0,-1.4911327362060547,1.1935757398605347,0.0
34.0,-1.4872322082519531,1.1792134046554565,0.0
34.0,-1.4926682710647583,1.172324776649475,0.0
34.0,-1.4886009693145752,1.1580429077148438,0.0
34.0,-1.482849359512329,1.1426030397415161,0.0
34.0,-1.4881161451339722,1.135735034942627,0.0
34.0,-1.4853739738464355,1.1228126287460327,0.0
34.0,-1.4905492067337036,1.1159331798553467,0.0
34.0,-1.4844468832015991,1.1006914377212524,0.0
34.0,-1.4895199537277222,1.0938165187835693,0.0
34.0,-1.484856128692627,1.0798602104187012,0.0
34.0,-1.480095386505127,1.0659706592559814,0.0
34.0,-1.4850080013275146,1.059116244316101,0.0
34.0,-1.4800869226455688,1.0453165769577026,0.0
34.0,-1.4849040508270264,1.0384624004364014,0.0
34.0,-1.4831123352050781,1.027031660079956,0.0
34.0,-1.4779478311538696,1.0133776664733887,0.0
34.0,-1.4826172590255737,1.0065337419509888,0.0
34.0,-1.4772956371307373,0.992974042892456,0.0
34.0,-1.4818707704544067,0.986133337020874,0.0
34.0,-1.4780635833740234,0.973770022392273,0.0
34.0,-1.4758490324020386,0.9625556468963623,0.0
34.0,-1.480283498764038,0.9557219743728638,0.0
34.0,-1.4779454469680786,0.9445596933364868,0.0
34.0,-1.4822967052459717,0.937716543674469,0.0
34.0,-1.4781407117843628,0.9255462884902954,0.0
34.0,-1.4722040891647339,0.9123810529708862,0.0
34.0,-1.4764065742492676,0.9055647850036621,0.0
34.0,-1.472029209136963,0.8935401439666748,0.0
34.0,-1.4761446714401245,0.8867248296737671,0.0
34.0,-1.4716325998306274,0.8747808933258057,0.0
34.0,-1.4687656164169312,0.8639117479324341,0.0
34.0,-1.472744107246399,0.8571118712425232,0.0
34.0,-1.4697582721710205,0.8463016152381897,0.0
34.0,-1.473655343055725,0.8394973278045654,0.0
34.0,-1.4705514907836914,0.8287473917007446,0.0
34.0,-1.474367380142212,0.8219396471977234,0.0
34.0,-1.4711462259292603,0.8112512230873108,0.0
34.0,-1.467858076095581,0.8006102442741394,0.0
34.0,-1.4715439081192017,0.7938152551651001,0.0
34.0,-1.468139886856079,0.7832376956939697,0.0
34.0,-1.471745491027832,0.7764415740966797,0.0
34.0,-1.4664534330368042,0.7650036811828613,0.0
34.0,-1.4646421670913696,0.755465030670166,0.0
34.0,-1.4681192636489868,0.748685359954834,0.0
34.0,-1.4644215106964111,0.7382882833480835,0.0
34.0,-1.4678192138671875,0.731509804725647,0.0
34.0,-1.4640090465545654,0.7211805582046509,0.0
34.0,-1.4619331359863281,0.7117776870727539,0.0
34.0,-1.4652084112167358,0.7050110697746277,0.0
34.0,-1.4612274169921875,0.6947939991950989,0.0
34.0,-1.4644240140914917,0.6880307793617249,0.0
34.0,-1.4621471166610718,0.6787264943122864,0.0
34.0,-1.4579976797103882,0.6686244010925293,0.0
34.0,-1.461073398590088,0.6618764400482178,0.0
34.0,-1.4586411714553833,0.6526637077331543,0.0
34.0,-1.461643099784851,0.6459129452705383,0.0
34.0,-1.4591145515441895,0.6367484927177429,0.0
34.0,-1.4546959400177002,0.6268298029899597,0.0
34.0,-1.4575785398483276,0.6200975179672241,0.0
34.0,-1.4567419290542603,0.6118031144142151,0.0
34.0,-1.45955491065979,0.6050615310668945,0.0
34.0,-1.4567835330963135,0.5960349440574646,0.0
34.0,-1.4539600610733032,0.5870469212532043,0.0
34.0,-1.4566586017608643,0.5803184509277344,0.0
34.0,-1.4537420272827148,0.5713827610015869,0.0
34.0,-1.4563682079315186,0.5646554827690125,0.0
34.0,-1.4533590078353882,0.5557730197906494,0.0
34.0,-1.4559129476547241,0.5490476489067078,0.0
34.0,-1.4528120756149292,0.5402193665504456,0.0
34.0,-1.4496608972549438,0.5314316153526306,0.0
34.0,-1.4521023035049438,0.5247235894203186,0.0
34.0,-1.45074462890625,0.5166623592376709,0.0
34.0,-1.453117847442627,0.5099495053291321,0.0
34.0,-1.4516795873641968,0.5019186735153198,0.0
34.0,-1.4483050107955933,0.493267297744751,0.0
34.0,-1.4505701065063477,0.4865659475326538,0.0
34.0,-1.447106957435608,0.47797247767448425,0.0
34.0,-1.4454972743988037,0.47003987431526184,0.0
34.0,-1.4476549625396729,0.4633517861366272,0.0
34.0,-1.4459666013717651,0.4554520845413208,0.0
34.0,-1.448056936264038,0.4487619698047638,0.0
34.0,-1.4443769454956055,0.4403126835823059,0.0
34.0,-1.4463971853256226,0.4336300790309906,0.0
34.0,-1.4445499181747437,0.42580726742744446,0.0
34.0,-1.4426610469818115,0.41801080107688904,0.0
34.0,-1.4445782899856567,0.41133636236190796,0.0
34.0,-1.4445385932922363,0.40411433577537537,0.0
34.0,-1.4463914632797241,0.3974313735961914,0.0
34.0,-1.4443516731262207,0.38969796895980835,0.0
34.0,-1.4422712326049805,0.3819918930530548,0.0
34.0,-1.4440218210220337,0.3753196597099304,0.0
34.0,-1.4418656826019287,0.367651104927063,0.0
34.0,-1.4435501098632812,0.3609808683395386,0.0
34.0,-1.4413186311721802,0.35335052013397217,0.0
34.0,-1.442936897277832,0.34668299555778503,0.0
34.0,-1.4406307935714722,0.33909159898757935,0.0
34.0,-1.4402341842651367,0.3319781720638275,0.0
34.0,-1.4417537450790405,0.3253158926963806,0.0
34.0,-1.4393362998962402,0.31778424978256226,0.0
34.0,-1.4407901763916016,0.3111262619495392,0.0
34.0,-1.438299536705017,0.3036354184150696,0.0
34.0,-1.4357703924179077,0.2961742579936981,0.0
34.0,-1.4371243715286255,0.28953298926353455,0.0
34.0,-1.4364852905273438,0.28249961137771606,0.0
34.0,-1.43777596950531,0.2758551836013794,0.0
34.0,-1.4370701313018799,0.2688370943069458,0.0
34.0,-1.434362530708313,0.26147276163101196,0.0
34.0,-1.4355560541152954,0.25483837723731995,0.0
34.0,-1.4347481727600098,0.24785807728767395,0.0
34.0,-1.4358787536621094,0.2412220537662506,0.0
34.0,-1.4350048303604126,0.23425865173339844,0.0
34.0,-1.4340972900390625,0.2273084968328476,0.0
34.0,-1.4351328611373901,0.22067570686340332,0.0
34.0,-1.4361377954483032,0.2140381932258606,0.0
34.0,-1.4371119737625122,0.20739610493183136,0.0
34.0,-1.4360747337341309,0.20047307014465332,0.0
34.0,-1.4369862079620361,0.1938314139842987,0.0
34.0,-1.4319171905517578,0.186411052942276,0.0
34.0,-1.4307793378829956,0.1795397698879242,0.0
34.0,-1.4315941333770752,0.17292281985282898,0.0
34.0,-1.4284049272537231,0.16584086418151855,0.0
34.0,-1.4291564226150513,0.15923504531383514,0.0
34.0,-1.4298774003982544,0.15262581408023834,0.0
34.0,-1.4285781383514404,0.14581026136875153,0.0
34.0,-1.4292370080947876,0.13920384645462036,0.0
34.0,-1.4298652410507202,0.13259446620941162,0.0
34.0,-1.4304630756378174,0.12598225474357605,0.0
34.0,-1.429037094116211,0.11920109391212463,0.0
34.0,-1.4255852699279785,0.1122787743806839,0.0
34.0,-1.4260891675949097,0.10568656772375107,0.0
34.0,-1.4265625476837158,0.09909209609031677,0.0
34.0,-1.427005410194397,0.09249550849199295,0.0
34.0,-1.4274177551269531,0.08589693903923035,0.0
34.0,-1.4277997016906738,0.0792965367436409,0.0
34.0,-1.42815101146698,0.07269444316625595,0.0
34.0,-1.4264739751815796,0.06599835306406021,0.0
34.0,-1.426763892173767,0.059402529150247574,0.0
34.0,-1.4230260848999023,0.05265752226114273,0.0
34.0,-1.423254370689392,0.04607778042554855,0.0
34.0,-1.4234521389007568,0.039497051388025284,0.0
34.0,-1.4236195087432861,0.03291548043489456,0.0
34.0,-1.42375648021698,0.02633320540189743,0.0
34.0,-1.421863317489624,0.019722629338502884,0.0
34.0,-1.4219392538070679,0.013148615136742592,0.0
34.0,-1.4219849109649658,0.006574319209903479,0.0
35.0,-1.4199999570846558,1.2414034245011862e-07,0.0
35.0,-1.4199848175048828,-0.006565064657479525,0.0
35.0,-1.4199392795562744,-0.013130112551152706,0.0
35.0,-1.4198633432388306,-0.01969487965106964,0.0
35.0,-1.4197571277618408,-0.026259226724505424,0.0
35.0,-1.4196205139160156,-0.03282301127910614,0.0
35.0,-1.4194536209106445,-0.039386097341775894,0.0
35.0,-1.4252532720565796,-0.04614248871803284,0.0
35.0,-1.4250247478485107,-0.0527314692735672,0.0
35.0,-1.424765706062317,-0.059319328516721725,0.0
35.0,-1.4184825420379639,-0.06562861055135727,0.0
35.0,-1.4181640148162842,-0.07218608260154724,0.0
35.0,-1.4198120832443237,-0.07885292172431946,0.0
35.0,-1.4194324016571045,-0.08541639894247055,0.0
35.0,-1.4190223217010498,-0.0919780507683754,0.0
35.0,-1.4185818433761597,-0.09853773564100266,0.0
35.0,-1.4181110858917236,-0.10509531199932098,0.0
35.0,-1.4176100492477417,-0.11165064573287964,0.0
35.0,-1.4170787334442139,-0.11820358783006668,0.0
35.0,-1.4165170192718506,-0.12475401163101196,0.0
35.0,-1.415925145149231,-0.13130176067352295,0.0
35.0,-1.4153029918670654,-0.1378467082977295,0.0
35.0,-1.4166401624679565,-0.1445917785167694,0.0
35.0,-1.4159564971923828,-0.15113988518714905,0.0
35.0,-1.4152425527572632,-0.15768477320671082,0.0
35.0,-1.4144984483718872,-0.16422627866268158,0.0
35.0,-1.417695164680481,-0.17124395072460175,0.0
35.0,-1.4168882369995117,-0.1777966469526291,0.0
35.0,-1.4160510301589966,-0.184345543384552,0.0
35.0,-1.415183663368225,-0.19089050590991974,0.0
35.0,-1.4142858982086182,-0.19743138551712036,0.0
35.0,-1.4153375625610352,-0.20425371825695038,0.0
35.0,-1.4163563251495361,-0.21108999848365784,0.0
35.0,-1.415365219116211,-0.2176360934972763,0.0
35.0,-1.4143438339233398,-0.2241775244474411,0.0
35.0,-1.4132922887802124,-0.23071415722370148,0.0
35.0,-1.4141827821731567,-0.23757721483707428,0.0
35.0,-1.4130693674087524,-0.24411296844482422,0.0
35.0,-1.4119255542755127,-0.2506435215473175,0.0
35.0,-1.4127192497253418,-0.25752735137939453,0.0
35.0,-1.4115134477615356,-0.26405614614486694,0.0
35.0,-1.4122416973114014,-0.2709560990333557,0.0
35.0,-1.4109739065170288,-0.2774825394153595,0.0
35.0,-1.4116365909576416,-0.28439804911613464,0.0
35.0,-1.412265419960022,-0.29132556915283203,0.0
35.0,-1.4109033346176147,-0.29785189032554626,0.0
35.0,-1.411466121673584,-0.30479398369789124,0.0
35.0,-1.4100419282913208,-0.31131646037101746,0.0
35.0,-1.4085874557495117,-0.3178322911262512,0.0
35.0,-1.4110007286071777,-0.32523974776268005,0.0
35.0,-1.4094818830490112,-0.33175987005233765,0.0
35.0,-1.4098777770996094,-0.33874011039733887,0.0
35.0,-1.4082965850830078,-0.34525489807128906,0.0
35.0,-1.4086254835128784,-0.3522474765777588,0.0
35.0,-1.4069818258285522,-0.35875630378723145,0.0
35.0,-1.4072438478469849,-0.36576056480407715,0.0
35.0,-1.4094043970108032,-0.3732869625091553,0.0
35.0,-1.4076634645462036,-0.3797991871833801,0.0
35.0,-1.4078210592269897,-0.38683319091796875,0.0
35.0,-1.406017541885376,-0.3933379352092743,0.0
35.0,-1.4061075448989868,-0.40038201212882996,0.0
35.0,-1.4080833196640015,-0.407991886138916,0.0
35.0,-1.4061819314956665,-0.41449761390686035,0.0
35.0,-1.4061663150787354,-0.4215688407421112,0.0
35.0,-1.4042022228240967,-0.42806556820869446,0.0
35.0,-1.4060288667678833,-0.4357371926307678,0.0
35.0,-1.4039992094039917,-0.442233145236969,0.0
35.0,-1.4057492017745972,-0.44993895292282104,0.0
35.0,-1.4055559635162354,-0.45705196261405945,0.0
35.0,-1.4034278392791748,-0.46354547142982483,0.0
35.0,-1.405061960220337,-0.4713011384010315,0.0
35.0,-1.4028680324554443,-0.47779223322868347,0.0
35.0,-1.4044243097305298,-0.485580176115036,0.0
35.0,-1.405938744544983,-0.4933927357196808,0.0
35.0,-1.4036425352096558,-0.499887615442276,0.0
35.0,-1.4031972885131836,-0.5070515275001526,0.0
35.0,-1.400838017463684,-0.5135335922241211,0.0
35.0,-1.402198076248169,-0.5213988423347473,0.0
35.0,-1.4053864479064941,-0.5299932956695557,0.0
35.0,-1.4029210805892944,-0.5364852547645569,0.0
35.0,-1.4041552543640137,-0.5444117784500122,0.0
35.0,-1.401623249053955,-0.5508978962898254,0.0
35.0,-1.4009191989898682,-0.558112382888794,0.0
35.0,-1.398323893547058,-0.564583420753479,0.0
35.0,-1.4012519121170044,-0.5733144283294678,0.0
35.0,-1.4022812843322754,-0.5813185572624207,0.0
35.0,-1.39957857131958,-0.587795615196228,0.0
35.0,-1.400526762008667,-0.5958260297775269,0.0
35.0,-1.3977570533752441,-0.6022948026657104,0.0
35.0,-1.4004566669464111,-0.6111505031585693,0.0
35.0,-1.4012748003005981,-0.619235634803772,0.0
35.0,-1.3983968496322632,-0.6257076263427734,0.0
35.0,-1.4009544849395752,-0.6346421241760254,0.0
35.0,-1.3980052471160889,-0.6411124467849731,0.0
35.0,-1.4004684686660767,-0.6500954031944275,0.0
35.0,-1.397447943687439,-0.6565633416175842,0.0
35.0,-1.3980097770690918,-0.6647348999977112,0.0
35.0,-1.400328278541565,-0.673792839050293,0.0
35.0,-1.3971980810165405,-0.6802598834037781,0.0
35.0,-1.3994203805923462,-0.6893637180328369,0.0
35.0,-1.3962182998657227,-0.6958264112472534,0.0
35.0,-1.3983439207077026,-0.7049752473831177,0.0
35.0,-1.3950695991516113,-0.7114328145980835,0.0
35.0,-1.3970979452133179,-0.720625638961792,0.0
35.0,-1.3990709781646729,-0.7298523187637329,0.0
35.0,-1.395681619644165,-0.7363129258155823,0.0
35.0,-1.397556185722351,-0.7455819845199585,0.0
35.0,-1.3940942287445068,-0.7520354390144348,0.0
35.0,-1.3958698511123657,-0.7613458633422852,0.0
35.0,-1.3993403911590576,-0.7716544270515442,0.0
35.0,-1.395757794380188,-0.7781158685684204,0.0
35.0,-1.3956300020217896,-0.7865244746208191,0.0
35.0,-1.3919787406921387,-0.7929686307907104,0.0
35.0,-1.393497347831726,-0.8023898005485535,0.0
35.0,-1.3966870307922363,-0.8128478527069092,0.0
35.0,-1.3929139375686646,-0.8192965984344482,0.0
35.0,-1.3942686319351196,-0.8287935853004456,0.0
35.0,-1.390421986579895,-0.8352309465408325,0.0
35.0,-1.391674518585205,-0.8447638750076294,0.0
35.0,-1.3877540826797485,-0.8511890769004822,0.0
35.0,-1.3923038244247437,-0.8628638386726379,0.0
35.0,-1.3950800895690918,-0.8735374212265015,0.0
35.0,-1.391026496887207,-0.8799780607223511,0.0
35.0,-1.3936841487884521,-0.8907080292701721,0.0
35.0,-1.3895511627197266,-0.8971419930458069,0.0
35.0,-1.3904139995574951,-0.9068344831466675,0.0
35.0,-1.3862065076828003,-0.9132532477378845,0.0
35.0,-1.3902944326400757,-0.9251924753189087,0.0
35.0,-1.3926416635513306,-0.9360732436180115,0.0
35.0,-1.3882989883422852,-0.942501962184906,0.0
35.0,-1.3905246257781982,-0.9534345269203186,0.0
35.0,-1.3861016035079956,-0.9598532319068909,0.0
35.0,-1.3882049322128296,-0.9708362817764282,0.0
35.0,-1.3902361392974854,-0.9818592071533203,0.0
35.0,-1.3856818675994873,-0.9882762432098389,0.0
35.0,-1.3892123699188232,-1.000516414642334,0.0
35.0,-1.3845717906951904,-1.006928563117981,0.0
35.0,-1.3863496780395508,-1.0180542469024658,0.0
35.0,-1.3816280364990234,-1.024453043937683,0.0
35.0,-1.3752758502960205,-1.02963125705719,0.0
35.0,-1.360927939414978,-1.0287424325942993,0.0
35.0,-1.3561571836471558,-1.0350234508514404,0.0
35.0,-1.3418519496917725,-1.033958077430725,0.0
35.0,-1.3370572328567505,-1.0401508808135986,0.0
35.0,-1.3196508884429932,-1.0364389419555664,0.0
35.0,-1.3023076057434082,-1.0325883626937866,0.0
35.0,-1.2975196838378906,-1.0385984182357788,0.0
35.0,-1.2787036895751953,-1.0332729816436768,0.0
35.0,-1.273912787437439,-1.03917396068573,0.0
35.0,-1.256743311882019,-1.0348817110061646,0.0
35.0,-1.24117910861969,-1.0317317247390747,0.0
35.0,-1.2363957166671753,-1.037459135055542,0.0
35.0,-1.219377040863037,-1.0328232049942017,0.0
35.0,-1.2145888805389404,-1.038449764251709,0.0
35.0,-1.1991759538650513,-1.0349072217941284,0.0
35.0,-1.1838220357894897,-1.0312446355819702,0.0
35.0,-1.1790415048599243,-1.0367069244384766,0.0
35.0,-1.1637649536132812,-1.0328538417816162,0.0
35.0,-1.1589772701263428,-1.038223385810852,0.0
35.0,-1.14378023147583,-1.0341812372207642,0.0
35.0,-1.1301229000091553,-1.0313690900802612,0.0
35.0,-1.1253423690795898,-1.0365830659866333,0.0
35.0,-1.1102845668792725,-1.0322422981262207,0.0
35.0,-1.105500340461731,-1.0373644828796387,0.0
35.0,-1.0905276536941528,-1.0328376293182373,0.0
35.0,-1.0756207704544067,-1.0281946659088135,0.0
35.0,-1.0708554983139038,-1.0331566333770752,0.0
35.0,-1.0574699640274048,-1.0297247171401978,0.0
35.0,-1.0526978969573975,-1.0346027612686157,0.0
35.0,-1.0393837690353394,-1.0310078859329224,0.0
35.0,-1.0275390148162842,-1.0287271738052368,0.0
35.0,-1.0227718353271484,-1.0334669351577759,0.0
35.0,-1.0095813274383545,-1.029616355895996,0.0
35.0,-1.0048102140426636,-1.0342729091644287,0.0
35.0,-0.9916956424713135,-1.0302618741989136,0.0
35.0,-0.9800202250480652,-1.0275992155075073,0.0
35.0,-0.9752587676048279,-1.0321192741394043,0.0
35.0,-0.9650089740753174,-1.030777096748352,0.0
35.0,-0.9602330327033997,-1.035227656364441,0.0
35.0,-0.9473166465759277,-1.030820608139038,0.0
35.0,-0.94254070520401,-1.0351893901824951,0.0
35.0,-0.9310463666915894,-1.0321108102798462,0.0
35.0,-0.9196008443832397,-1.028948187828064,0.0
35.0,-0.9148337841033936,-1.033188819885254,0.0
35.0,-0.9034526348114014,-1.0298899412155151,0.0
35.0,-0.8986814022064209,-1.0340559482574463,0.0
35.0,-0.8873662352561951,-1.0306217670440674,0.0
35.0,-0.8774001002311707,-1.028626799583435,0.0
35.0,-0.872635006904602,-1.03267240524292,0.0
35.0,-0.8614321947097778,-1.0290279388427734,0.0
35.0,-0.8566654324531555,-1.0329996347427368,0.0
35.0,-0.8468020558357239,-1.030767798423767,0.0
35.0,-0.8369777202606201,-1.0284669399261475,0.0
35.0,-0.832213819026947,-1.0323256254196167,0.0
35.0,-0.8211920261383057,-1.0283479690551758,0.0
35.0,-0.8164287805557251,-1.03213369846344,0.0
35.0,-0.8054805994033813,-1.02802574634552,0.0
35.0,-0.7970404028892517,-1.02699875831604,0.0
35.0,-0.7922836542129517,-1.0306727886199951,0.0
35.0,-0.782663881778717,-1.0279598236083984,0.0
35.0,-0.7779028415679932,-1.0315674543380737,0.0
35.0,-0.7683380842208862,-1.0287432670593262,0.0
35.0,-0.7600054740905762,-1.0274608135223389,0.0
35.0,-0.7552469968795776,-1.030963659286499,0.0
35.0,-0.7457746267318726,-1.0279690027236938,0.0
35.0,-0.7410139441490173,-1.0314059257507324,0.0
35.0,-0.731599748134613,-1.0283023118972778,0.0
35.0,-0.7233820557594299,-1.0267689228057861,0.0
35.0,-0.7186272144317627,-1.0301024913787842,0.0
35.0,-0.710446834564209,-1.0284771919250488,0.0
35.0,-0.7056841850280762,-1.0317507982254028,0.0
35.0,-0.6964206695556641,-1.0283784866333008,0.0
35.0,-0.6883172988891602,-1.0266036987304688,0.0
35.0,-0.6835635304450989,-1.0297751426696777,0.0
35.0,-0.6744017601013184,-1.0262389183044434,0.0
35.0,-0.6696498990058899,-1.029345989227295,0.0
35.0,-0.6616350412368774,-1.0273865461349487,0.0
35.0,-0.6536526679992676,-1.0253751277923584,0.0
35.0,-0.6489050388336182,-1.0283862352371216,0.0
35.0,-0.6409651637077332,-1.0262863636016846,0.0
35.0,-0.6362134218215942,-1.0292388200759888,0.0
35.0,-0.6283168792724609,-1.0270510911941528,0.0
35.0,-0.6235617399215698,-1.0299450159072876,0.0
35.0,-0.6157095432281494,-1.0276700258255005,0.0
35.0,-0.6089117527008057,-1.0270649194717407,0.0
35.0,-0.6041567921638489,-1.0298691987991333,0.0
35.0,-0.5963768362998962,-1.0274622440338135,0.0
35.0,-0.5916200876235962,-1.0302084684371948,0.0
35.0,-0.5838868618011475,-1.027716040611267,0.0
35.0,-0.5752094388008118,-1.023430585861206,0.0
35.0,-0.5704716444015503,-1.0260790586471558,0.0
35.0,-0.5637940168380737,-1.025200605392456,0.0
35.0,-0.5590481162071228,-1.0277962684631348,0.0
35.0,-0.5523952841758728,-1.0268473625183105,0.0
35.0,-0.5457631349563599,-1.0258588790893555,0.0
35.0,-0.5410143733024597,-1.0283712148666382,0.0
35.0,-0.5334851741790771,-1.025538682937622,0.0
35.0,-0.5287380218505859,-1.0279942750930786,0.0
35.0,-0.5221664309501648,-1.0268622636795044,0.0
35.0,-0.5156167149543762,-1.0256916284561157,0.0
35.0,-0.5108690857887268,-1.0280646085739136,0.0
35.0,-0.5034652948379517,-1.0250300168991089,0.0
35.0,-0.49872082471847534,-1.0273468494415283,0.0
35.0,-0.4922355115413666,-1.026035189628601,0.0
35.0,-0.4849162697792053,-1.0228784084320068,0.0
35.0,-0.4801819324493408,-1.0251094102859497,0.0
35.0,-0.47375738620758057,-1.0236884355545044,0.0
35.0,-0.46901941299438477,-1.0258678197860718,0.0
35.0,-0.46262505650520325,-1.0243797302246094,0.0
35.0,-0.4578840136528015,-1.0265077352523804,0.0
35.0,-0.4515206515789032,-1.0249532461166382,0.0
35.0,-0.4451814889907837,-1.0233619213104248,0.0
35.0,-0.44044533371925354,-1.02540922164917,0.0
35.0,-0.43413808941841125,-1.023751974105835,0.0
35.0,-0.4294002652168274,-1.0257482528686523,0.0
35.0,-0.4231257736682892,-1.0240256786346436,0.0
35.0,-0.41687634587287903,-1.0222671031951904,0.0
35.0,-0.41214555501937866,-1.0241835117340088,0.0
35.0,-0.40666791796684265,-1.024219274520874,0.0
35.0,-0.40192824602127075,-1.0260885953903198,0.0
35.0,-0.39501744508743286,-1.022339105606079,0.0
35.0,-0.3909987807273865,-1.0260233879089355,0.0
35.0,-0.38625091314315796,-1.0278202295303345,0.0
35.0,-0.38218969106674194,-1.0314702987670898,0.0
35.0,-0.377416729927063,-1.0332263708114624,0.0
35.0,-0.37128064036369324,-1.0311967134475708,0.0
35.0,-0.36584025621414185,-1.0310174226760864,0.0
35.0,-0.36106956005096436,-1.0326977968215942,0.0
35.0,-0.3549884855747223,-1.0305742025375366,0.0
35.0,-0.3502199649810791,-1.032204508781433,0.0
35.0,-0.3441762328147888,-1.0300188064575195,0.0
35.0,-0.3394103944301605,-1.0315990447998047,0.0
35.0,-0.3334047794342041,-1.029351830482483,0.0
35.0,-0.3280346691608429,-1.0289767980575562,0.0
35.0,-0.32327380776405334,-1.030482530593872,0.0
35.0,-0.31791621446609497,-1.0300549268722534,0.0
35.0,-0.3131504952907562,-1.0315138101577759,0.0
35.0,-0.3072338104248047,-1.0291178226470947,0.0
35.0,-0.30190926790237427,-1.0286082029342651,0.0
35.0,-0.2971504032611847,-1.0299930572509766,0.0
35.0,-0.29183971881866455,-1.029431700706482,0.0
35.0,-0.2870771586894989,-1.0307700634002686,0.0
35.0,-0.28178074955940247,-1.0301570892333984,0.0
35.0,-0.2759774327278137,-1.027585744857788,0.0
35.0,-0.2712235748767853,-1.0288506746292114,0.0
35.0,-0.26596304774284363,-1.0281574726104736,0.0
35.0,-0.26120665669441223,-1.0293761491775513,0.0
35.0,-0.25596168637275696,-1.0286318063735962,0.0
35.0,-0.2507292628288269,-1.02786123752594,0.0
35.0,-0.24597439169883728,-1.029009461402893,0.0
35.0,-0.2407582849264145,-1.0281884670257568,0.0
35.0,-0.23600201308727264,-1.0292905569076538,0.0
35.0,-0.2308027595281601,-1.0284192562103271,0.0
35.0,-0.22561660408973694,-1.0275218486785889,0.0
35.0,-0.22086356580257416,-1.028554081916809,0.0
35.0,-0.21569494903087616,-1.027606725692749,0.0
35.0,-0.2109416425228119,-1.0285929441452026,0.0
35.0,-0.20579108595848083,-1.0275962352752686,0.0
35.0,-0.2010379284620285,-1.0285366773605347,0.0
35.0,-0.1959058940410614,-1.0274906158447266,0.0
35.0,-0.19115333259105682,-1.0283854007720947,0.0
35.0,-0.18639668822288513,-1.029258131980896,0.0
35.0,-0.18094146251678467,-1.026169776916504,0.0
35.0,-0.1761951595544815,-1.026995301246643,0.0
35.0,-0.17111600935459137,-1.025826096534729,0.0
35.0,-0.1657315194606781,-1.022657871246338,0.0
35.0,-0.16100162267684937,-1.0234131813049316,0.0
35.0,-0.15626828372478485,-1.024146556854248,0.0
35.0,-0.15153160691261292,-1.0248581171035767,0.0
35.0,-0.14650830626487732,-1.0235679149627686,0.0
35.0,-0.14177440106868744,-1.024234414100647,0.0
35.0,-0.13677239418029785,-1.0228965282440186,0.0
35.0,-0.13204170763492584,-1.0235178470611572,0.0
35.0,-0.127308189868927,-1.0241174697875977,0.0
35.0,-0.12233441323041916,-1.0227092504501343,0.0
35.0,-0.11760473996400833,-1.023263931274414,0.0
35.0,-0.11265338212251663,-1.0218087434768677,0.0
35.0,-0.10792797803878784,-1.022318720817566,0.0
35.0,-0.103200264275074,-1.0228067636489868,0.0
35.0,-0.09847034513950348,-1.02327299118042,0.0
35.0,-0.09373831748962402,-1.0237172842025757,0.0
35.0,-0.08900429308414459,-1.0241397619247437,0.0
35.0,-0.08426836133003235,-1.0245403051376343,0.0
35.0,-0.07953062653541565,-1.0249189138412476,0.0
35.0,-0.07464569061994553,-1.0232809782028198,0.0
35.0,-0.06991388648748398,-1.0236152410507202,0.0
35.0,-0.0650535300374031,-1.021931529045105,0.0
35.0,-0.06032806262373924,-1.0222214460372925,0.0
35.0,-0.05560130625963211,-1.0224894285202026,0.0
35.0,-0.05087336152791977,-1.022735595703125,0.0
35.0,-0.046144332736730576,-1.02295982837677,0.0
35.0,-0.04141431301832199,-1.0231622457504272,0.0
35.0,-0.03668341040611267,-1.0233427286148071,0.0
35.0,-0.031951725482940674,-1.0235013961791992,0.0
35.0,-0.02716618962585926,-1.0216388702392578,0.0
35.0,-0.02244248241186142,-1.0217535495758057,0.0
35.0,-0.017718294635415077,-1.0218462944030762,0.0
35.0,-0.012993729673326015,-1.0219173431396484,0.0
35.0,-0.008268886245787144,-1.0219664573669434,0.0
35.0,-0.0035508018918335438,-1.0239938497543335,0.0
35.0,0.0011835411423817277,-1.0239993333816528,0.0
35.0,0.005917858798056841,-1.0239830017089844,0.0
35.0,0.010652050375938416,-1.023944616317749,0.0
35.0,0.01535596139729023,-1.021884560585022,0.0
35.0,0.02008035033941269,-1.0218026638031006,0.0
35.0,0.024804310873150826,-1.0216989517211914,0.0
35.0,0.029527738690376282,-1.0215733051300049,0.0
35.0,0.03425053879618645,-1.0214258432388306,0.0
35.0,0.038972605019807816,-1.0212565660476685,0.0
35.0,0.04369383677840233,-1.0210654735565186,0.0
35.0,0.04850888252258301,-1.0228503942489624,0.0
35.0,0.05323738232254982,-1.0226151943206787,0.0
35.0,0.0579647459089756,-1.0223581790924072,0.0
35.0,0.06256841868162155,-1.0200828313827515,0.0
35.0,0.06728397309780121,-1.0197826623916626,0.0
35.0,0.07199808955192566,-1.019460678100586,0.0
35.0,0.07686079293489456,-1.0211113691329956,0.0
35.0,0.08158095180988312,-1.0207451581954956,0.0
35.0,0.0862993597984314,-1.0203570127487183,0.0
35.0,0.09101593494415283,-1.0199471712112427,0.0
35.0,0.09573055803775787,-1.0195153951644897,0.0
35.0,0.10044313222169876,-1.0190619230270386,0.0
35.0,0.10515356063842773,-1.0185866355895996,0.0
35.0,0.10986173897981644,-1.0180896520614624,0.0
35.0,0.1145675778388977,-1.0175708532333374,0.0
35.0,0.11927095800638199,-1.0170302391052246,0.0
35.0,0.12397179752588272,-1.0164679288864136,0.0
35.0,0.12866997718811035,-1.0158839225769043,0.0
35.0,0.13362589478492737,-1.0172611474990845,0.0
35.0,0.13832764327526093,-1.0166324377059937,0.0
35.0,0.1430264264345169,-1.0159820318222046,0.0
35.0,0.14772216975688934,-1.0153099298477173,0.0
35.0,0.15271183848381042,-1.0165938138961792,0.0
35.0,0.15741030871868134,-1.0158770084381104,0.0
35.0,0.16210539638996124,-1.0151383876800537,0.0
35.0,0.1671215295791626,-1.0163514614105225,0.0
35.0,0.17181871831417084,-1.0155678987503052,0.0
35.0,0.1765122264623642,-1.0147627592086792,0.0
35.0,0.1812019646167755,-1.0139358043670654,0.0
35.0,0.186248779296875,-1.0150543451309204,0.0
35.0,0.19130980968475342,-1.0161479711532593,0.0
35.0,0.19600580632686615,-1.0152525901794434,0.0
35.0,0.20069760084152222,-1.0143355131149292,0.0
35.0,0.20538510382175446,-1.0133967399597168,0.0
35.0,0.21047453582286835,-1.0143946409225464,0.0
35.0,0.2151622176170349,-1.0134106874465942,0.0
35.0,0.22026969492435455,-1.014359474182129,0.0
35.0,0.22539053857326508,-1.0152827501296997,0.0
35.0,0.23008215427398682,-1.0142297744750977,0.0
35.0,0.23567183315753937,-1.0170520544052124,0.0
35.0,0.24037152528762817,-1.0159515142440796,0.0
35.0,0.24553555250167847,-1.0167734622955322,0.0
35.0,0.25119075179100037,-1.0195112228393555,0.0
35.0,0.25590163469314575,-1.018338918685913,0.0
35.0,0.2606070637702942,-1.0171449184417725,0.0
35.0,0.26530691981315613,-1.0159292221069336,0.0
35.0,0.27051541209220886,-1.0166245698928833,0.0
35.0,0.2757359743118286,-1.0172933340072632,0.0
35.0,0.28043636679649353,-1.016007661819458,0.0
35.0,0.28567177057266235,-1.0166256427764893,0.0
35.0,0.2903689742088318,-1.0152939558029175,0.0
35.0,0.2950599491596222,-1.013940691947937,0.0
35.0,0.2997446060180664,-1.0125656127929688,0.0
35.0,0.304999440908432,-1.013084053993225,0.0
35.0,0.3102654218673706,-1.0135754346847534,0.0
35.0,0.31494826078414917,-1.0121301412582397,0.0
35.0,0.3202274441719055,-1.0125702619552612,0.0
35.0,0.32490551471710205,-1.0110788345336914,0.0
35.0,0.330197274684906,-1.0114670991897583,0.0
35.0,0.3361290395259857,-1.0137263536453247,0.0
35.0,0.3408122956752777,-1.0121614933013916,0.0
35.0,0.34678223729133606,-1.014359951019287,0.0
35.0,0.3514682948589325,-1.0127458572387695,0.0
35.0,0.35747572779655457,-1.0148828029632568,0.0
35.0,0.36216408014297485,-1.0132192373275757,0.0
35.0,0.3675265610218048,-1.0134141445159912,0.0
35.0,0.3728986084461212,-1.0135811567306519,0.0
35.0,0.37758079171180725,-1.0118463039398193,0.0
35.0,0.38296276330947876,-1.0119602680206299,0.0
35.0,0.38763734698295593,-1.010178804397583,0.0
35.0,0.39302876591682434,-1.0102397203445435,0.0
35.0,0.39916279911994934,-1.012133002281189,0.0
35.0,0.40383800864219666,-1.0102766752243042,0.0
35.0,0.41000640392303467,-1.0121060609817505,0.0
35.0,0.4146813750267029,-1.0101996660232544,0.0
35.0,0.42088353633880615,-1.0119649171829224,0.0
35.0,0.4255577027797699,-1.0100082159042358,0.0
35.0,0.4317930042743683,-1.0117088556289673,0.0
35.0,0.4372594654560089,-1.0115375518798828,0.0
35.0,0.44193148612976074,-1.0095051527023315,0.0
35.0,0.4490256607532501,-1.0129363536834717,0.0
35.0,0.45370402932167053,-1.0108494758605957,0.0
35.0,0.4608548581600189,-1.0142035484313965,0.0
35.0,0.46637481451034546,-1.0138790607452393,0.0
35.0,0.47105735540390015,-1.0117119550704956,0.0
35.0,0.4782874882221222,-1.0149507522583008,0.0
35.0,0.4829748868942261,-1.0127285718917847,0.0
35.0,0.49025973677635193,-1.0158884525299072,0.0
35.0,0.4949513077735901,-1.0136109590530396,0.0
35.0,0.5005182027816772,-1.0131049156188965,0.0
35.0,0.5060909390449524,-1.0125689506530762,0.0
35.0,0.5107670426368713,-1.0102182626724243,0.0
35.0,0.5172535181045532,-1.0114073753356934,0.0
35.0,0.5219240784645081,-1.009005069732666,0.0
35.0,0.5293647646903992,-1.0118976831436157,0.0
35.0,0.5340374708175659,-1.0094393491744995,0.0
35.0,0.5396422743797302,-1.0087231397628784,0.0
35.0,0.5462033152580261,-1.0097355842590332,0.0
35.0,0.5508658289909363,-1.0071995258331299,0.0
35.0,0.5584200620651245,-1.0098927021026611,0.0
35.0,0.5630831718444824,-1.0073000192642212,0.0
35.0,0.5706861019134521,-1.0099095106124878,0.0
35.0,0.5783251523971558,-1.0124702453613281,0.0
35.0,0.5829999446868896,-1.0097856521606445,0.0
35.0,0.5896783471107483,-1.0105341672897339,0.0
35.0,0.5943440794944763,-1.007797122001648,0.0
35.0,0.6000211238861084,-1.0067565441131592,0.0
35.0,0.6046693325042725,-1.0039716958999634,0.0
35.0,0.6113840937614441,-1.0045822858810425,0.0
35.0,0.6191651225090027,-1.006855845451355,0.0
35.0,0.6238135695457458,-1.003982424736023,0.0
35.0,0.6337655186653137,-1.0095570087432861,0.0
35.0,0.6384263038635254,-1.0066161155700684,0.0
35.0,0.6463103294372559,-1.008705496788025,0.0
35.0,0.6531406044960022,-1.0090645551681519,0.0
35.0,0.6577989459037781,-1.0060341358184814,0.0
35.0,0.6646475791931152,-1.0063197612762451,0.0
35.0,0.6692931056022644,-1.0032360553741455,0.0
35.0,0.677277147769928,-1.005106806755066,0.0
35.0,0.6819168925285339,-1.001964807510376,0.0
35.0,0.6899408102035522,-1.0037459135055542,0.0
35.0,0.6991361379623413,-1.0071169137954712,0.0
35.0,0.7037849426269531,-1.0038738250732422,0.0
35.0,0.7118856906890869,-1.005506157875061,0.0
35.0,0.7165269255638123,-1.002204179763794,0.0
35.0,0.7246649265289307,-1.003745436668396,0.0
35.0,0.7292978763580322,-1.0003842115402222,0.0
35.0,0.7386578321456909,-1.0034444332122803,0.0
35.0,0.7480615377426147,-1.006439208984375,0.0
35.0,0.7527066469192505,-1.0029698610305786,0.0
35.0,0.76216721534729,-1.0058553218841553,0.0
35.0,0.7668095231056213,-1.0023208856582642,0.0
35.0,0.7763256430625916,-1.005096197128296,0.0
35.0,0.784653902053833,-1.006227731704712,0.0
35.0,0.7892976999282837,-1.002589225769043,0.0
35.0,0.7989022135734558,-1.0051921606063843,0.0
35.0,0.8035410642623901,-1.0014878511428833,0.0
35.0,0.8144568204879761,-1.0055327415466309,0.0
35.0,0.8190970420837402,-1.0017565488815308,0.0
35.0,0.8288123607635498,-1.0041285753250122,0.0
35.0,0.839847207069397,-1.0079686641693115,0.0
35.0,0.8444984555244446,-1.0040749311447144,0.0
35.0,0.8530148267745972,-1.0047335624694824,0.0
35.0,0.8576509356498718,-1.0007790327072144,0.0
35.0,0.8688110113143921,-1.004366159439087,0.0
35.0,0.8734452724456787,-1.0003385543823242,0.0
35.0,0.8833504319190979,-1.0022913217544556,0.0
35.0,0.8946214914321899,-1.005668044090271,0.0
35.0,0.899261474609375,-1.0015212297439575,0.0
35.0,0.9092545509338379,-1.0032806396484375,0.0
35.0,0.91388338804245,-0.9990661144256592,0.0
35.0,0.9252762198448181,-1.0021775960922241,0.0
35.0,0.9380807280540466,-1.0066680908203125,0.0
35.0,0.9427249431610107,-1.0023202896118164,0.0
35.0,0.9542337656021118,-1.0052034854888916,0.0
35.0,0.9588709473609924,-1.0007809400558472,0.0
35.0,0.9732198715209961,-1.0064010620117188,0.0
35.0,0.9778624176979065,-1.001890778541565,0.0
35.0,0.9951160550117493,-1.0101821422576904,0.0
35.0,1.0152872800827026,-1.0211719274520874,0.0
35.0,1.0199975967407227,-1.0164669752120972,0.0
35.0,1.0374947786331177,-1.0243868827819824,0.0
35.0,1.0422197580337524,-1.0195791721343994,0.0
35.0,1.0627198219299316,-1.0300614833831787,0.0
35.0,1.0674707889556885,-1.025137186050415,0.0
35.0,1.0881370306015015,-1.0353559255599976,0.0
35.0,1.1074649095535278,-1.044033169746399,0.0
35.0,1.1122801303863525,-1.0389018058776855,0.0
35.0,1.1332184076309204,-1.048690676689148,0.0
35.0,1.1380547285079956,-1.0434402227401733,0.0
35.0,1.1621119976043701,-1.0556495189666748,0.0
35.0,1.166980266571045,-1.0502653121948242,0.0
35.0,1.1882439851760864,-1.0595000982284546,0.0
35.0,1.2081187963485718,-1.0672361850738525,0.0
35.0,1.2130401134490967,-1.0616391897201538,0.0
35.0,1.237579584121704,-1.0730520486831665,0.0
35.0,1.2425274848937988,-1.0673187971115112,0.0
35.0,1.2657264471054077,-1.0771167278289795,0.0
35.0,1.2706928253173828,-1.0712532997131348,0.0
35.0,1.2940527200698853,-1.0807514190673828,0.0
35.0,1.1665124893188477,-0.9651139378547668,0.0
35.0,1.1709620952606201,-0.9597103595733643,0.0
35.0,1.175386667251587,-0.9542863368988037,0.0
35.0,1.2089195251464844,-0.9539986848831177,0.0
35.0,1.2133172750473022,-0.9483991861343384,0.0
35.0,1.2176891565322876,-0.9427794218063354,0.0
35.0,1.2220349311828613,-0.9371395111083984,0.0
35.0,1.2486519813537598,-0.9484155774116516,0.0
35.0,1.2785954475402832,-0.9618698954582214,0.0
35.0,1.2830288410186768,-0.9559481739997864,0.0
35.0,1.3131835460662842,-0.9690061211585999,0.0
35.0,1.3176496028900146,-0.9629244208335876,0.0
35.0,1.348010778427124,-0.9755834341049194,0.0
35.0,1.3525068759918213,-0.9693406224250793,0.0
35.0,1.383069634437561,-0.9815978407859802,0.0
35.0,1.4137742519378662,-0.9935927987098694,0.0
35.0,1.4183528423309326,-0.9870457649230957,0.0
35.0,1.4476042985916138,-0.9974998235702515,0.0
35.0,1.4522006511688232,-0.9907963275909424,0.0
35.0,1.4766534566879272,-0.9975060820579529,0.0
35.0,1.4812495708465576,-0.9906682968139648,0.0
35.0,1.5041574239730835,-0.9959551692008972,0.0
35.0,1.527145266532898,-1.0010510683059692,0.0
35.0,1.5317572355270386,-0.993979811668396,0.0
35.0,1.5582119226455688,-1.0009393692016602,0.0
35.0,1.562822937965393,-0.9937244653701782,0.0
35.0,1.5792492628097534,-0.9939456582069397,0.0
35.0,1.575339913368225,-0.981346070766449,0.0
35.0,1.5798602104187012,-0.9740521907806396,0.0
35.0,1.5758103132247925,-0.9615287780761719,0.0
35.0,1.580238938331604,-0.9542329907417297,0.0
35.0,1.5760496854782104,-0.9417871832847595,0.0
35.0,1.5803871154785156,-0.934490442276001,0.0
35.0,1.579512119293213,-0.9241437911987305,0.0
35.0,1.5768442153930664,-0.9128232598304749,0.0
35.0,1.581047773361206,-0.9055231213569641,0.0
35.0,1.5869574546813965,-0.8991896510124207,0.0
35.0,1.5910978317260742,-0.8918429017066956,0.0
35.0,1.6109462976455688,-0.8932055830955505,0.0
35.0,1.6308410167694092,-0.8944035172462463,0.0
35.0,1.6349587440490723,-0.8868539929389954,0.0
35.0,1.6531407833099365,-0.8868492245674133,0.0
35.0,1.6572233438491821,-0.8791967034339905,0.0
35.0,1.6754391193389893,-0.8789583444595337,0.0
35.0,1.6794849634170532,-0.8712027668952942,0.0
35.0,1.4530991315841675,-0.7116368412971497,0.0
35.0,1.4563738107681274,-0.7049110531806946,0.0
35.0,1.459617257118225,-0.6981701254844666,0.0
35.0,1.46282958984375,-0.6914143562316895,0.0
35.0,1.482319712638855,-0.6922603249549866,0.0
35.0,1.4855045080184937,-0.68539959192276,0.0
35.0,1.4886574745178223,-0.6785241961479187,0.0
35.0,1.5063680410385132,-0.6782028675079346,0.0
35.0,1.509487509727478,-0.6712310910224915,0.0
35.0,1.5272244215011597,-0.6706783771514893,0.0
35.0,1.5303088426589966,-0.6636102795600891,0.0
35.0,1.5480692386627197,-0.6628256440162659,0.0
35.0,1.5603280067443848,-0.6595547199249268,0.0
35.0,1.5633606910705566,-0.6523337364196777,0.0
35.0,1.5682092905044556,-0.6458603739738464,0.0
35.0,1.5711785554885864,-0.6386030316352844,0.0
35.0,1.5685455799102783,-0.629098653793335,0.0
35.0,1.565858244895935,-0.6196321845054626,0.0
35.0,1.5687062740325928,-0.6123860478401184,0.0
35.0,1.5677878856658936,-0.6036893725395203,0.0
35.0,1.5705622434616089,-0.596434473991394,0.0
35.0,1.5676841735839844,-0.587062656879425,0.0
35.0,1.5647529363632202,-0.5777302384376526,0.0
35.0,1.567407250404358,-0.5704895853996277,0.0
35.0,1.5662630796432495,-0.5618861317634583,0.0
35.0,1.568844199180603,-0.5546387434005737,0.0
35.0,1.567614197731018,-0.5460636019706726,0.0
35.0,1.5701221227645874,-0.5388100743293762,0.0
35.0,1.5669125318527222,-0.5296238660812378,0.0
35.0,1.563651442527771,-0.5204788446426392,0.0
35.0,1.566041111946106,-0.5132439136505127,0.0
35.0,1.564590573310852,-0.5047699213027954,0.0
35.0,1.566907525062561,-0.49753081798553467,0.0
35.0,1.5653730630874634,-0.48908817768096924,0.0
35.0,1.5618822574615479,-0.48008278012275696,0.0
35.0,1.5640852451324463,-0.4728564918041229,0.0
35.0,1.5624206066131592,-0.46448028087615967,0.0
35.0,1.5645513534545898,-0.4572516679763794,0.0
35.0,1.5628042221069336,-0.4489089548587799,0.0
35.0,1.5629380941390991,-0.441135436296463,0.0
35.0,1.5649608373641968,-0.4339046776294708,0.0
35.0,1.5630908012390137,-0.42561376094818115,0.0
35.0,1.5650418996810913,-0.418382465839386,0.0
35.0,1.5630905628204346,-0.41012707352638245,0.0
35.0,1.5591593980789185,-0.40140002965927124,0.0
35.0,1.560998558998108,-0.39418715238571167,0.0
35.0,1.5511561632156372,-0.3840816617012024,0.0
35.0,1.552915334701538,-0.37690597772598267,0.0
35.0,1.5449126958847046,-0.3674086034297943,0.0
35.0,1.5446468591690063,-0.35980820655822754,0.0
35.0,1.54629385471344,-0.3526628911495209,0.0
35.0,1.5734479427337646,-0.16427287459373474,0.0
35.0,1.574190616607666,-0.156996488571167,0.0
35.0,1.574899673461914,-0.14971673488616943,0.0
35.0,1.5755749940872192,-0.1424337923526764,0.0
35.0,1.5642606019973755,-0.13412266969680786,0.0
35.0,1.5648640394210815,-0.12688906490802765,0.0
35.0,1.5654339790344238,-0.11965276300907135,0.0
35.0,1.5579909086227417,-0.11184109002351761,0.0
35.0,1.5584913492202759,-0.10463672131299973,0.0
35.0,1.5549662113189697,-0.09718061238527298,0.0
35.0,1.5553988218307495,-0.08999038487672806,0.0
35.0,1.5577954053878784,-0.08290452510118484,0.0
35.0,1.5581620931625366,-0.07570137083530426,0.0
35.0,1.564489722251892,-0.06876004487276077,0.0
35.0,1.572784662246704,-0.06184040382504463,0.0
35.0,1.5730538368225098,-0.05456817150115967,0.0
35.0,1.5832847356796265,-0.047595251351594925,0.0
35.0,1.583487868309021,-0.04027462750673294,0.0
35.0,1.593654990196228,-0.03316117823123932,0.0
35.0,1.6057896614074707,-0.025986937806010246,0.0
35.0,1.6058926582336426,-0.018562497571110725,0.0
35.0,1.6159611940383911,-0.01120700966566801,0.0
35.0,1.6159957647323608,-0.0037356994580477476,0.0
35.0,1.6239956617355347,0.0037541838828474283,0.0
35.0,1.6319607496261597,0.011317960917949677,0.0
35.0,1.6318910121917725,0.018863001838326454,0.0
35.0,1.643784761428833,0.026601815596222878,0.0
35.0,1.6436442136764526,0.03420136123895645,0.0
35.0,1.6554646492004395,0.042105283588171005,0.0
35.0,1.6552523374557495,0.0497586615383625,0.0
35.0,1.6669973134994507,0.05782699957489967,0.0
35.0,1.674705982208252,0.06584784388542175,0.0
35.0,1.6743836402893066,0.07358992844820023,0.0
35.0,1.4306666851043701,0.22337573766708374,0.0
35.0,1.4296185970306396,0.22998785972595215,0.0
35.0,1.4285399913787842,0.2365950644016266,0.0
35.0,1.4274308681488037,0.24319720268249512,0.0
35.0,1.4369316101074219,0.2585105001926422,0.0
35.0,1.4357210397720337,0.2651512324810028,0.0
35.0,1.434479832649231,0.27178627252578735,0.0
35.0,1.4332078695297241,0.2784155011177063,0.0
35.0,1.4436744451522827,0.28738152980804443,0.0
35.0,1.4423303604125977,0.2940531075000763,0.0
35.0,1.4546600580215454,0.3035784959793091,0.0
35.0,1.4669324159622192,0.31322410702705383,0.0
35.0,1.4654685258865356,0.320002943277359,0.0
35.0,1.4776371717453003,0.329824835062027,0.0
35.0,1.476096510887146,0.3366529941558838,0.0
35.0,1.4862112998962402,0.3461962938308716,0.0
35.0,1.4845948219299316,0.3530639111995697,0.0
35.0,1.49849534034729,0.36369776725769043,0.0
35.0,1.496797800064087,0.3706219792366028,0.0
35.0,1.514459490776062,0.38243499398231506,0.0
35.0,1.5359172821044922,0.39541640877723694,0.0
35.0,1.5340726375579834,0.4025132954120636,0.0
35.0,1.557313323020935,0.41631636023521423,0.0
35.0,1.555371880531311,0.42351195216178894,0.0
35.0,1.5726701021194458,0.4360421299934387,0.0
35.0,1.5860357284545898,0.44765469431877136,0.0
35.0,1.583949089050293,0.454982727766037,0.0
35.0,1.5991058349609375,0.46735048294067383,0.0
35.0,1.5969280004501343,0.474738746881485,0.0
35.0,1.6081169843673706,0.48616823554039,0.0
35.0,1.6058521270751953,0.49359795451164246,0.0
35.0,1.6150068044662476,0.5045958757400513,0.0
35.0,1.6260000467300415,0.5162941217422485,0.0
35.0,1.6235957145690918,0.5238062143325806,0.0
35.0,1.6363608837127686,0.5362900495529175,0.0
35.0,1.633863925933838,0.5438498258590698,0.0
35.0,1.6445949077606201,0.5558808445930481,0.0
35.0,1.6552492380142212,0.5680226683616638,0.0
35.0,1.652605414390564,0.5756694674491882,0.0
35.0,1.6612399816513062,0.5873036980628967,0.0
35.0,1.6585068702697754,0.5949779748916626,0.0
35.0,1.443367838859558,0.5253429412841797,0.0
35.0,1.4409235715866089,0.532010555267334,0.0
35.0,1.4384485483169556,0.5386667847633362,0.0
35.0,1.4509004354476929,0.5509918928146362,0.0
35.0,1.4483375549316406,0.5576940178871155,0.0
35.0,1.4457435607910156,0.5643842816352844,0.0
35.0,1.4579962491989136,0.5769496560096741,0.0
35.0,1.4553132057189941,0.5836843848228455,0.0
35.0,1.4692742824554443,0.5971841812133789,0.0
35.0,1.466497540473938,0.6039708256721497,0.0
35.0,1.478455662727356,0.616905927658081,0.0
35.0,1.4755876064300537,0.6237347722053528,0.0
35.0,1.491073727607727,0.6384223103523254,0.0
35.0,1.5119599103927612,0.6556533575057983,0.0
35.0,1.508912444114685,0.6626366972923279,0.0
35.0,1.5222798585891724,0.6769195199012756,0.0
35.0,1.5191339254379272,0.6839503645896912,0.0
35.0,1.525054931640625,0.695114016532898,0.0
35.0,1.521824836730957,0.7021574974060059,0.0
35.0,1.5276228189468384,0.7134173512458801,0.0
35.0,1.5297328233718872,0.7230364680290222,0.0
35.0,1.5263735055923462,0.7301012873649597,0.0
35.0,1.5283823013305664,0.7397644519805908,0.0
35.0,1.5249457359313965,0.7468228340148926,0.0
35.0,1.5268528461456299,0.7565290927886963,0.0
35.0,1.5304906368255615,0.7671651244163513,0.0
35.0,1.5269274711608887,0.7742329239845276,0.0
35.0,1.5268906354904175,0.7831096053123474,0.0
35.0,1.5232537984848022,0.7901606559753418,0.0
35.0,1.524897575378418,0.7999821901321411,0.0
35.0,1.5264829397201538,0.8098357319831848,0.0
35.0,1.5227224826812744,0.8168845772743225,0.0
35.0,1.5242034196853638,0.8267767429351807,0.0
35.0,1.5203646421432495,0.8338148593902588,0.0
35.0,1.5217407941818237,0.8437446355819702,0.0
35.0,1.517823576927185,0.8507711887359619,0.0
35.0,1.5138739347457886,0.8577795624732971,0.0
35.0,1.5064208507537842,0.8627815842628479,0.0
35.0,1.5024157762527466,0.8697371482849121,0.0
35.0,1.4759374856948853,0.863544225692749,0.0
35.0,1.4719293117523193,0.8703587651252747,0.0
35.0,1.2605805397033691,1.1135802268981934,0.0
35.0,1.2554185390472412,1.119396448135376,0.0
35.0,1.2502297163009644,1.1251887083053589,0.0
35.0,1.2450141906738281,1.130957007408142,0.0
35.0,1.2256959676742554,1.1342703104019165,0.0
35.0,1.2204387187957764,1.1399251222610474,0.0
35.0,1.2151553630828857,1.1455553770065308,0.0
35.0,1.209846019744873,1.1511613130569458,0.0
35.0,1.1987407207489014,1.1512012481689453,0.0
35.0,1.1934055089950562,1.1567312479019165,0.0
35.0,1.185185432434082,1.159439206123352,0.0
35.0,1.1741195917129517,1.159285545349121,0.0
35.0,1.1687471866607666,1.1647015810012817,0.0
35.0,1.1534790992736816,1.160164713859558,0.0
35.0,1.148102879524231,1.1654852628707886,0.0
35.0,1.1315265893936157,1.1593307256698608,0.0
35.0,0.9532598853111267,1.2949748039245605,0.0
35.0,0.9472625255584717,1.2993682622909546,0.0
35.0,0.9412449598312378,1.3037339448928833,0.0
35.0,0.9352072477340698,1.3080717325210571,0.0
35.0,0.9245269298553467,1.3058522939682007,0.0
35.0,0.9184795618057251,1.310112714767456,0.0
35.0,0.9124126434326172,1.3143452405929565,0.0
35.0,0.9029273986816406,1.3136049509048462,0.0
35.0,0.8968445062637329,1.317765474319458,0.0
35.0,0.8907423615455627,1.3218978643417358,0.0
35.0,0.8835113048553467,1.3243381977081299,0.0
35.0,0.8773789405822754,1.3284088373184204,0.0
35.0,0.8701333403587341,1.3307772874832153,0.0
35.0,0.8639713525772095,1.3347859382629395,0.0
35.0,0.8567119836807251,1.3370821475982666,0.0
35.0,0.8505209684371948,1.3410288095474243,0.0
35.0,0.8443118333816528,1.3449467420578003,0.0
35.0,0.8380845785140991,1.3488359451293945,0.0
35.0,0.8318394422531128,1.3526962995529175,0.0
35.0,0.8255765438079834,1.3565278053283691,0.0
35.0,0.8192960023880005,1.3603302240371704,0.0
35.0,0.8119739294052124,1.3623855113983154,0.0
35.0,0.805666446685791,1.3661249876022339,0.0
35.0,0.7993417382240295,1.3698352575302124,0.0
35.0,0.7929999232292175,1.373516321182251,0.0
35.0,0.7866411805152893,1.3771679401397705,0.0
35.0,0.7802656292915344,1.380790114402771,0.0
35.0,0.7738733887672424,1.3843828439712524,0.0
35.0,0.7674645781517029,1.3879460096359253,0.0
35.0,0.7610393762588501,1.3914793729782104,0.0
35.0,0.7545979619026184,1.3949830532073975,0.0
35.0,0.7481403350830078,1.3984569311141968,0.0
35.0,0.7407315373420715,1.4001331329345703,0.0
35.0,0.7342502474784851,1.4035428762435913,0.0
35.0,0.7286721467971802,1.4086989164352417,0.0
35.0,0.7221514582633972,1.412052869796753,0.0
35.0,0.4827921986579895,0.9548884034156799,0.0
35.0,0.4783722162246704,0.9571102857589722,0.0
35.0,0.46951261162757874,0.9503461122512817,0.0
35.0,0.4651137888431549,0.9525067210197449,0.0
35.0,0.460705041885376,0.9546469449996948,0.0
35.0,0.45370370149612427,0.9513511657714844,0.0
35.0,0.4493004083633423,0.9534386396408081,0.0
35.0,0.443199098110199,0.9518794417381287,0.0
35.0,0.4371218979358673,0.9502844214439392,0.0
35.0,0.4327237010002136,0.9522952437400818,0.0
35.0,0.4274972975254059,0.9524610638618469,0.0
35.0,0.4230891466140747,0.9544273614883423,0.0
35.0,0.41706782579421997,0.9527089595794678,0.0
35.0,0.4126586318016052,0.9546270370483398,0.0
35.0,0.4058854281902313,0.9510063529014587,0.0
35.0,0.4007076323032379,0.9510295987129211,0.0
35.0,0.3963063955307007,0.9528720378875732,0.0
35.0,0.3903777003288269,0.9509938359260559,0.0
35.0,0.38597673177719116,0.9527885317802429,0.0
35.0,0.3800828456878662,0.9508486390113831,0.0
35.0,0.3749488592147827,0.9507350921630859,0.0
35.0,0.3705492615699768,0.9524585008621216,0.0
35.0,0.36470869183540344,0.9504270553588867,0.0
35.0,0.3603106141090393,0.9521030783653259,0.0
35.0,0.35450640320777893,0.9500111937522888,0.0
35.0,0.3494197726249695,0.9497630000114441,0.0
35.0,0.3450249433517456,0.9513683319091797,0.0
35.0,0.33927640318870544,0.9491868019104004,0.0
35.0,0.3348843455314636,0.9507452249526978,0.0
35.0,0.3298293948173523,0.9503939747810364,0.0
35.0,0.3241378664970398,0.9481237530708313,0.0
35.0,0.3197508454322815,0.9496122002601624,0.0
35.0,0.3147275745868683,0.9491820335388184,0.0
35.0,0.31033578515052795,0.9506270289421082,0.0
35.0,0.3053255081176758,0.9501475691795349,0.0
35.0,0.30092936754226685,0.9515490531921387,0.0
35.0,0.29533830285072327,0.9491108059883118,0.0
35.0,0.2903616428375244,0.9485536813735962,0.0
35.0,0.2859730124473572,0.9498860239982605,0.0
35.0,0.28101059794425964,0.9492802619934082,0.0
35.0,0.27661871910095215,0.9505693912506104,0.0
35.0,0.27167096734046936,0.9499151706695557,0.0
35.0,0.2661941647529602,0.9473102688789368,0.0
35.0,0.2618115544319153,0.9485308527946472,0.0
35.0,0.2569001317024231,0.9478007555007935,0.0
35.0,0.25251534581184387,0.9489783644676208,0.0
35.0,0.24761982262134552,0.9482006430625916,0.0
35.0,0.24273689091205597,0.9473978877067566,0.0
35.0,0.23835411667823792,0.9485100507736206,0.0
35.0,0.2334877997636795,0.947659969329834,0.0
35.0,0.2291039228439331,0.948729395866394,0.0
35.0,0.22425465285778046,0.9478321671485901,0.0
35.0,0.21896712481975555,0.9449621438980103,0.0
35.0,0.21459588408470154,0.9459643959999084,0.0
35.0,0.20978659391403198,0.9449939727783203,0.0
35.0,0.2054152935743332,0.9459537863731384,0.0
35.0,0.20103959739208221,0.9468933939933777,0.0
35.0,0.19625328481197357,0.9458544850349426,0.0
35.0,0.19187815487384796,0.9467517137527466,0.0
35.0,0.18711072206497192,0.9456667304039001,0.0
35.0,0.18273654580116272,0.9465216994285583,0.0
35.0,0.1779884397983551,0.9453909993171692,0.0
35.0,0.17361563444137573,0.9462038278579712,0.0
35.0,0.16888727247714996,0.9450275301933289,0.0
35.0,0.16417351365089417,0.9438278675079346,0.0
35.0,0.15980809926986694,0.9445767998695374,0.0
35.0,0.15543925762176514,0.945305585861206,0.0
35.0,0.1510670930147171,0.9460141062736511,0.0
35.0,0.14638546109199524,0.9447259902954102,0.0
35.0,0.14201606810092926,0.9453927278518677,0.0
35.0,0.13764365017414093,0.9460391998291016,0.0
35.0,0.13298949599266052,0.9446850419044495,0.0
35.0,0.1286204308271408,0.9452897906303406,0.0
35.0,0.12424863874912262,0.9458743333816528,0.0
35.0,0.11987417936325073,0.9464386701583862,0.0
35.0,0.11525502800941467,0.9449975490570068,0.0
35.0,0.11065176874399185,0.9435338973999023,0.0
35.0,0.10628827661275864,0.9440353512763977,0.0
35.0,0.10192251205444336,0.9445167183876038,0.0
35.0,0.09755457192659378,0.9449778199195862,0.0
35.0,0.09298837184906006,0.9434283971786499,0.0
35.0,0.08843857795000076,0.9418569803237915,0.0
35.0,0.08408308029174805,0.9422557950019836,0.0
35.0,0.07972577959299088,0.9426344633102417,0.0
35.0,0.0753667801618576,0.9429929852485657,0.0
35.0,0.0710061639547348,0.9433313608169556,0.0
35.0,0.06664403527975082,0.9436495900154114,0.0
35.0,0.062280476093292236,0.9439476132392883,0.0
35.0,0.05779314786195755,0.9422292709350586,0.0
35.0,0.05343625321984291,0.9424864053726196,0.0
35.0,0.049078214913606644,0.9427233338356018,0.0
35.0,0.04471912980079651,0.9429401755332947,0.0
35.0,0.04035909101366997,0.9431368708610535,0.0
35.0,0.035998184233903885,0.9433133602142334,0.0
35.0,0.03163651004433632,0.943469762802124,0.0
35.0,0.02727416157722473,0.943605899810791,0.0
35.0,0.022862685844302177,0.9417225122451782,0.0
35.0,0.018508508801460266,0.941818118095398,0.0
35.0,0.014153935015201569,0.9418936371803284,0.0
35.0,0.009799058549106121,0.9419490098953247,0.0
35.0,0.005443972535431385,0.941984236240387,0.0
35.0,0.0010887705720961094,0.9419993162155151,0.0
35.0,-0.0032664549071341753,0.941994309425354,0.0
35.0,-0.007621610537171364,0.9419691562652588,0.0
35.0,-0.011976603418588638,0.9419238567352295,0.0
35.0,-0.01633133925497532,0.9418584108352661,0.0
35.0,-0.020685726776719093,0.9417728185653687,0.0
35.0,-0.0250396728515625,0.9416671395301819,0.0
35.0,-0.029330678284168243,0.939542293548584,0.0
35.0,-0.0336742177605629,0.9393966197967529,0.0
35.0,-0.03809792548418045,0.9412292242050171,0.0
35.0,-0.04244917258620262,0.9410430192947388,0.0
35.0,-0.04679951071739197,0.9408367276191711,0.0
35.0,-0.05114884674549103,0.9406102895736694,0.0
35.0,-0.05549709498882294,0.9403637647628784,0.0
35.0,-0.05984415113925934,0.9400971531867981,0.0
35.0,-0.06418993324041367,0.9398103952407837,0.0
35.0,-0.06853433698415756,0.9395036101341248,0.0
35.0,-0.07287728041410446,0.9391766786575317,0.0
35.0,-0.0772186666727066,0.9388297200202942,0.0
35.0,-0.08155839890241623,0.9384626746177673,0.0
35.0,-0.08589638769626617,0.9380755424499512,0.0
35.0,-0.09042412787675858,0.9396592378616333,0.0
35.0,-0.09476755559444427,0.9392311573028564,0.0
35.0,-0.09910895675420761,0.9387829303741455,0.0
35.0,-0.10366740822792053,0.9403026103973389,0.0
35.0,-0.10801366716623306,0.9398132562637329,0.0
35.0,-0.11235762387514114,0.9393038749694824,0.0
35.0,-0.11669917404651642,0.9387743473052979,0.0
35.0,-0.12103822827339172,0.9382247924804688,0.0
35.0,-0.1253746896982193,0.9376551508903503,0.0
35.0,-0.12970848381519318,0.9370654821395874,0.0
35.0,-0.1343228816986084,0.9384356141090393,0.0
35.0,-0.13866019248962402,0.9378045797348022,0.0
35.0,-0.14329619705677032,0.9391305446624756,0.0
35.0,-0.14763662219047546,0.9384579658508301,0.0
35.0,-0.1519738882780075,0.93776535987854,0.0
35.0,-0.1563078910112381,0.9370527267456055,0.0
35.0,-0.16097676753997803,0.9382912516593933,0.0
35.0,-0.16566039621829987,0.9395065903663635,0.0
35.0,-0.17000232636928558,0.9387306571006775,0.0
35.0,-0.1743406057357788,0.9379346370697021,0.0
35.0,-0.17867515981197357,0.9371185302734375,0.0
35.0,-0.1833895593881607,0.9382452964782715,0.0
35.0,-0.18772545456886292,0.9373874068260193,0.0
35.0,-0.19205734133720398,0.9365094304084778,0.0
35.0,-0.1967959702014923,0.9375688433647156,0.0
35.0,-0.20112860202789307,0.936648964881897,0.0
35.0,-0.2058858424425125,0.9376624822616577,0.0
35.0,-0.21021881699562073,0.9367005825042725,0.0
35.0,-0.21499426662921906,0.9376680850982666,0.0
35.0,-0.21978312730789185,0.9386113882064819,0.0
35.0,-0.2241203337907791,0.9375852346420288,0.0
35.0,-0.22892671823501587,0.9384820461273193,0.0
35.0,-0.23326322436332703,0.9374136328697205,0.0
35.0,-0.23808665573596954,0.9382636547088623,0.0
35.0,-0.24292293190956116,0.9390891790390015,0.0
35.0,-0.24726209044456482,0.9379560351371765,0.0
35.0,-0.2521147131919861,0.9387343525886536,0.0
35.0,-0.25645214319229126,0.9375587105751038,0.0
35.0,-0.26132068037986755,0.9382896423339844,0.0
35.0,-0.2662014365196228,0.9389956593513489,0.0
35.0,-0.27053990960121155,0.9377548694610596,0.0
35.0,-0.2754358649253845,0.9384130239486694,0.0
35.0,-0.2797715663909912,0.937129557132721,0.0
35.0,-0.2846822738647461,0.9377398490905762,0.0
35.0,-0.2890147566795349,0.9364136457443237,0.0
35.0,-0.2939396798610687,0.9369757175445557,0.0
35.0,-0.298876017332077,0.937512218952179,0.0
35.0,-0.30320730805397034,0.9361203908920288,0.0
35.0,-0.30815714597702026,0.9366083145141602,0.0
35.0,-0.31248414516448975,0.9351736307144165,0.0
35.0,-0.31744706630706787,0.9356127977371216,0.0
35.0,-0.3217693567276001,0.9341351389884949,0.0
35.0,-0.3274049460887909,0.9364133477210999,0.0
35.0,-0.3323996663093567,0.936774492263794,0.0
35.0,-0.33672717213630676,0.9352276921272278,0.0
35.0,-0.3417336642742157,0.9355394840240479,0.0
35.0,-0.34605535864830017,0.9339494705200195,0.0
35.0,-0.3510732352733612,0.934211790561676,0.0
35.0,-0.35681307315826416,0.9363163709640503,0.0
35.0,-0.3611381947994232,0.9346566796302795,0.0
35.0,-0.3669145405292511,0.9367015361785889,0.0
35.0,-0.37124133110046387,0.934995174407959,0.0
35.0,-0.37705346941947937,0.9369795322418213,0.0
35.0,-0.38138142228126526,0.9352262616157532,0.0
35.0,-0.3872288167476654,0.9371499419212341,0.0
35.0,-0.39232975244522095,0.9371944665908813,0.0
35.0,-0.3966585695743561,0.9353705644607544,0.0
35.0,-0.40176820755004883,0.9353642463684082,0.0
35.0,-0.4060884416103363,0.9334967732429504,0.0
35.0,-0.41201257705688477,0.9352697730064392,0.0
35.0,-0.41714704036712646,0.9351814985275269,0.0
35.0,-0.42146629095077515,0.9332428574562073,0.0
35.0,-0.4266080856323242,0.9331032037734985,0.0
35.0,-0.4309176206588745,0.9311208724975586,0.0
35.0,-0.4369146525859833,0.9327408671379089,0.0
35.0,-0.4412223994731903,0.9307108521461487,0.0
35.0,-0.4472509026527405,0.9322674870491028,0.0
35.0,-0.45330315828323364,0.9337881207466125,0.0
35.0,-0.45761555433273315,0.9316823482513428,0.0
35.0,-0.46369826793670654,0.9331387877464294,0.0
35.0,-0.46800753474235535,0.9309849739074707,0.0
35.0,-0.4750264286994934,0.9341594576835632,0.0
35.0,-0.4811698794364929,0.9355103373527527,0.0
35.0,-0.48548996448516846,0.9332757592201233,0.0
35.0,-0.4916619658470154,0.9345611333847046,0.0
35.0,-0.4959775507450104,0.9322779774665833,0.0
35.0,-0.5021774768829346,0.9334975481033325,0.0
35.0,-0.506488025188446,0.9311658143997192,0.0
35.0,-1.0890381336212158,1.9803019762039185,0.0
35.0,-1.0981820821762085,1.9752458333969116,0.0
35.0,-1.1073026657104492,1.9701473712921143,0.0
35.0,-1.1163995265960693,1.9650068283081055,0.0
35.0,-1.1385375261306763,1.9615187644958496,0.0
35.0,-1.1475942134857178,1.9562338590621948,0.0
35.0,-1.1566263437271118,1.9509072303771973,0.0
35.0,-1.1656336784362793,1.945538878440857,0.0
35.0,-1.1808311939239502,1.9503942728042603,0.0
35.0,-1.1898359060287476,1.9449139833450317,0.0
35.0,-1.203021764755249,1.9461971521377563,0.0
35.0,-1.2120068073272705,1.9406143426895142,0.0
35.0,-1.2273696660995483,1.9451384544372559,0.0
35.0,-1.2406500577926636,1.946189045906067,0.0
35.0,-1.2496347427368164,1.9404323101043701,0.0
35.0,-1.265136480331421,1.944692611694336,0.0
35.0,-1.2741140127182007,1.938822627067566,0.0
35.0,-1.2897008657455444,1.9429091215133667,0.0
35.0,-1.3053525686264038,1.9468926191329956,0.0
35.0,-1.3143398761749268,1.9408366680145264,0.0
35.0,-1.3300734758377075,1.9446439743041992,0.0
35.0,-1.3390501737594604,1.9384738206863403,0.0
35.0,-1.3548640012741089,1.9421039819717407,0.0
35.0,-1.3707399368286133,1.9456291198730469,0.0
35.0,-1.379720687866211,1.9392708539962769,0.0
35.0,-1.3956735134124756,1.942616581916809,0.0
35.0,-1.4046399593353271,1.936143159866333,0.0
35.0,-1.4230319261550903,1.9425355195999146,0.0
35.0,-1.4319977760314941,1.9359354972839355,0.0
35.0,-1.4457200765609741,1.9357037544250488,0.0
35.0,-1.4642876386642456,1.941773772239685,0.0
35.0,-1.4732495546340942,1.9349831342697144,0.0
35.0,-1.4894933700561523,1.9376649856567383,0.0
35.0,-1.4984359741210938,1.930757761001587,0.0
35.0,-1.5147476196289062,1.9332553148269653,0.0
35.0,-1.5236696004867554,1.9262313842773438,0.0
35.0,-1.5325590372085571,1.9191663265228271,0.0
35.0,-1.5288634300231934,1.8964897394180298,0.0
35.0,-1.5376152992248535,1.8894009590148926,0.0
35.0,-1.5285601615905762,1.8606363534927368,0.0
35.0,-1.521825909614563,1.8350754976272583,0.0
35.0,-1.5302939414978027,1.8280199766159058,0.0
35.0,-1.5232385396957397,1.80259370803833,0.0
35.0,-1.531556248664856,1.7955318689346313,0.0
35.0,-1.5215721130371094,1.767213225364685,0.0
35.0,-1.5297263860702515,1.7601594924926758,0.0
35.0,-1.5246587991714478,1.7380332946777344,0.0
35.0,-1.516767978668213,1.7129971981048584,0.0
35.0,-1.5246715545654297,1.7059663534164429,0.0
35.0,-1.5164668560028076,1.6810781955718994,0.0
35.0,-1.5242228507995605,1.6740490198135376,0.0
35.0,-1.5184133052825928,1.6522581577301025,0.0
35.0,-1.5124350786209106,1.6305570602416992,0.0
35.0,-1.5199575424194336,1.623547077178955,0.0
35.0,-1.5137115716934204,1.6019654273986816,0.0
35.0,-1.5045381784439087,1.5775821208953857,0.0
35.0,-1.5118157863616943,1.570609211921692,0.0
35.0,-1.505124807357788,1.549257755279541,0.0
35.0,-1.512271523475647,1.5422824621200562,0.0
35.0,-1.5053175687789917,1.5210586786270142,0.0
35.0,-1.512333869934082,1.5140827894210815,0.0
35.0,-1.505118489265442,1.4929895401000977,0.0
35.0,-1.500593900680542,1.4747997522354126,0.0
35.0,-1.5073963403701782,1.4678462743759155,0.0
35.0,-1.4997735023498535,1.446974754333496,0.0
35.0,-1.5064473152160645,1.4400253295898438,0.0
35.0,-1.5014722347259521,1.422042727470398,0.0
35.0,-1.4963631629943848,1.4041372537612915,0.0
35.0,-1.5028390884399414,1.397204041481018,0.0
35.0,-1.4975144863128662,1.3794007301330566,0.0
35.0,-1.503875970840454,1.3724623918533325,0.0
35.0,-1.4998208284378052,1.3561054468154907,0.0
35.0,-1.494157075881958,1.338480830192566,0.0
35.0,-1.5003293752670288,1.3315584659576416,0.0
35.0,-1.4944539070129395,1.3140424489974976,0.0
35.0,-1.5005131959915161,1.3071190118789673,0.0
35.0,-1.4944275617599487,1.289713978767395,0.0
35.0,-1.4912536144256592,1.274992823600769,0.0
35.0,-1.497132420539856,1.2680845260620117,0.0
35.0,-1.4937868118286133,1.253435730934143,0.0
35.0,-1.4995659589767456,1.2465159893035889,0.0
35.0,-1.4929616451263428,1.2293988466262817,0.0
35.0,-1.4893311262130737,1.2148979902267456,0.0
35.0,-1.4949320554733276,1.2079992294311523,0.0
35.0,-1.4895713329315186,1.1923259496688843,0.0
35.0,-1.4950679540634155,1.1854263544082642,0.0
35.0,-1.4910954236984253,1.17108952999115,0.0
35.0,-1.4964938163757324,1.1641831398010254,0.0
35.0,-1.4907705783843994,1.1487066745758057,0.0
35.0,-1.4849364757537842,1.1333082914352417,0.0
35.0,-1.490160346031189,1.1264307498931885,0.0
35.0,-1.484145164489746,1.1111387014389038,0.0
35.0,-1.4892665147781372,1.1042649745941162,0.0
35.0,-1.484683871269226,1.090265154838562,0.0
35.0,-1.4800037145614624,1.076331377029419,0.0
35.0,-1.4849642515182495,1.0694772005081177,0.0
35.0,-1.4817514419555664,1.0567936897277832,0.0
35.0,-1.4866214990615845,1.0499316453933716,0.0
35.0,-1.481626033782959,1.0361700057983398,0.0
35.0,-1.4781795740127563,1.0236157178878784,0.0
35.0,-1.482896327972412,1.016770601272583,0.0
35.0,-1.4793078899383545,1.0042870044708252,0.0
35.0,-1.4839352369308472,0.9974368214607239,0.0
35.0,-1.4785407781600952,0.9839172959327698,0.0
35.0,-1.4747233390808105,0.9715694189071655,0.0
35.0,-1.4791995286941528,0.9647408723831177,0.0
35.0,-1.4752428531646729,0.9524675607681274,0.0
35.0,-1.479630708694458,0.9456368088722229,0.0
35.0,-1.4755359888076782,0.9334396719932556,0.0
35.0,-1.471360206604004,0.9213006496429443,0.0
35.0,-1.4756040573120117,0.9144881367683411,0.0
35.0,-1.4712920188903809,0.9024276733398438,0.0
35.0,-1.475448489189148,0.8956156969070435,0.0
35.0,-1.4710012674331665,0.8836352229118347,0.0
35.0,-1.4681941270828247,0.8727369904518127,0.0
35.0,-1.4722133874893188,0.8659396767616272,0.0
35.0,-1.4692870378494263,0.8550998568534851,0.0
35.0,-1.4732247591018677,0.848297655582428,0.0
35.0,-1.470179796218872,0.8375174403190613,0.0
35.0,-1.467066764831543,0.8267835974693298,0.0
35.0,-1.4708735942840576,0.819991946220398,0.0
35.0,-1.4676436185836792,0.8093196749687195,0.0
35.0,-1.4713696241378784,0.8025255799293518,0.0
35.0,-1.4662631750106812,0.7909665703773499,0.0
35.0,-1.4699045419692993,0.7841790914535522,0.0
35.0,-1.4664386510849,0.7736418843269348,0.0
35.0,-1.462906837463379,0.7631535530090332,0.0
35.0,-1.4664195775985718,0.7563818097114563,0.0
35.0,-1.4627741575241089,0.7459595203399658,0.0
35.0,-1.4662073850631714,0.7391886115074158,0.0
35.0,-1.464239239692688,0.7297256588935852,0.0
35.0,-1.4640090465545654,0.7211805582046509,0.0
35.0,-1.4673277139663696,0.7144041657447815,0.0
35.0,-1.4634060859680176,0.7041438221931458,0.0
35.0,-1.4666459560394287,0.6973704099655151,0.0
35.0,-1.4608036279678345,0.6863297820091248,0.0
35.0,-1.4585189819335938,0.6770423650741577,0.0
35.0,-1.4616336822509766,0.6702918410301208,0.0
35.0,-1.4592516422271729,0.6610511541366577,0.0
35.0,-1.4622923135757446,0.654297411441803,0.0
35.0,-1.4598137140274048,0.6451044678688049,0.0
35.0,-1.4572815895080566,0.6359485387802124,0.0
35.0,-1.4602062702178955,0.6292042136192322,0.0
35.0,-1.4557381868362427,0.6193145513534546,0.0
35.0,-1.4585858583450317,0.6125775575637817,0.0
35.0,-1.4558597803115845,0.603529691696167,0.0
35.0,-1.453081488609314,0.5945202112197876,0.0
35.0,-1.4558147192001343,0.5877957344055176,0.0
35.0,-1.4529427289962769,0.578838050365448,0.0
35.0,-1.4556033611297607,0.5721144080162048,0.0
35.0,-1.4526386260986328,0.5632094740867615,0.0
35.0,-1.455227017402649,0.5564873814582825,0.0
35.0,-1.4540417194366455,0.5483419299125671,0.0
35.0,-1.4509375095367432,0.5395223498344421,0.0
35.0,-1.453416347503662,0.5328083634376526,0.0
35.0,-1.4502214193344116,0.5240439176559448,0.0
35.0,-1.4526287317276,0.5173333883285522,0.0
35.0,-1.4512306451797485,0.5092872381210327,0.0
35.0,-1.4478991031646729,0.5006116032600403,0.0
35.0,-1.4501981735229492,0.49391207098960876,0.0
35.0,-1.448673963546753,0.485929936170578,0.0
35.0,-1.4509050846099854,0.4792269766330719,0.0
35.0,-1.4473992586135864,0.4706583619117737,0.0
35.0,-1.4457502365112305,0.4627421200275421,0.0
35.0,-1.4478741884231567,0.4560529291629791,0.0
35.0,-1.4461466073989868,0.4481699466705322,0.0
35.0,-1.448203206062317,0.4414790868759155,0.0
35.0,-1.4463971853256226,0.4336300790309906,0.0
35.0,-1.4445499181747437,0.42580726742744446,0.0
35.0,-1.4465030431747437,0.4191240072250366,0.0
35.0,-1.4445782899856567,0.41133636236190796,0.0
35.0,-1.4464645385742188,0.4046531319618225,0.0
35.0,-1.4425344467163086,0.3963715732097626,0.0
35.0,-1.4424206018447876,0.3891769349575043,0.0
35.0,-1.4442044496536255,0.3825039267539978,0.0
35.0,-1.4420862197875977,0.37481653690338135,0.0
35.0,-1.4438036680221558,0.368145227432251,0.0
35.0,-1.4416097402572632,0.3604956567287445,0.0
35.0,-1.4432610273361206,0.35382673144340515,0.0
35.0,-1.4409922361373901,0.34621575474739075,0.0
35.0,-1.4406307935714722,0.33909159898757935,0.0
35.0,-1.4421831369400024,0.33242738246917725,0.0
35.0,-1.439802646636963,0.3248756527900696,0.0
35.0,-1.4412893056869507,0.31821542978286743,0.0
35.0,-1.436880350112915,0.31028199195861816,0.0
35.0,-1.436342716217041,0.30322232842445374,0.0
35.0,-1.4377292394638062,0.2965783476829529,0.0
35.0,-1.4371243715286255,0.28953298926353455,0.0
35.0,-1.4384477138519287,0.2828855514526367,0.0
35.0,-1.4358118772506714,0.275478333234787,0.0
35.0,-1.435104250907898,0.26846933364868164,0.0
35.0,-1.4363301992416382,0.26183146238327026,0.0
35.0,-1.4355560541152954,0.25483837723731995,0.0
35.0,-1.4367189407348633,0.24819853901863098,0.0
35.0,-1.4358787536621094,0.2412220537662506,0.0
35.0,-1.4369786977767944,0.2345808744430542,0.0
35.0,-1.4340972900390625,0.2273084968328476,0.0
35.0,-1.433156132698059,0.22037173807621002,0.0
35.0,-1.4341596364974976,0.21374337375164032,0.0
35.0,-1.4311734437942505,0.2065390944480896,0.0
35.0,-1.4301323890686035,0.19964352250099182,0.0
35.0,-1.4310400485992432,0.19302935898303986,0.0
35.0,-1.4319171905517578,0.186411052942276,0.0
35.0,-1.4327638149261475,0.17978878319263458,0.0
35.0,-1.4296085834503174,0.172682985663414,0.0
35.0,-1.4303916692733765,0.16607153415679932,0.0
35.0,-1.4291564226150513,0.15923504531383514,0.0
35.0,-1.4298774003982544,0.15262581408023834,0.0
35.0,-1.430567741394043,0.14601333439350128,0.0
35.0,-1.4292370080947876,0.13920384645462036,0.0
35.0,-1.4298652410507202,0.13259446620941162,0.0
35.0,-1.4284707307815552,0.1258067935705185,0.0
35.0,-1.429037094116211,0.11920109391212463,0.0
35.0,-1.4295729398727417,0.11259284615516663,0.0
35.0,-1.4280837774276733,0.10583438724279404,0.0
35.0,-1.4285577535629272,0.09923069179058075,0.0
35.0,-1.427005410194397,0.09249550849199295,0.0
35.0,-1.4254214763641357,0.08577680587768555,0.0
35.0,-1.4258028268814087,0.07918563485145569,0.0
35.0,-1.4261536598205566,0.07259277254343033,0.0
35.0,-1.4264739751815796,0.06599835306406021,0.0
35.0,-1.424765706062317,0.05931933596730232,0.0
35.0,-1.4250247478485107,0.0527314767241478,0.0
35.0,-1.4252532720565796,0.046142496168613434,0.0
35.0,-1.4234521389007568,0.039497051388025284,0.0
35.0,-1.4236195087432861,0.03291548043489456,0.0
35.0,-1.42375648021698,0.02633320540189743,0.0
35.0,-1.4238630533218384,0.01975036785006523,0.0
35.0,-1.4219392538070679,0.013148615136742592,0.0
35.0,-1.4219849109649658,0.006574319209903479,0.0
35.0,-1.4220000505447388,-1.1636915075996512e-07,0.0
36.0,-1.4199999570846558,1.2414034245011862e-07,0.0
36.0,-1.4199848175048828,-0.006565064657479525,0.0
36.0,-1.4199392795562744,-0.013130112551152706,0.0
36.0,-1.4198633432388306,-0.01969487965106964,0.0
36.0,-1.4197571277618408,-0.026259226724505424,0.0
36.0,-1.4196205139160156,-0.03282301127910614,0.0
36.0,-1.4194536209106445,-0.039386097341775894,0.0
36.0,-1.4172574281692505,-0.04588362202048302,0.0
36.0,-1.4150315523147583,-0.052361685782670975,0.0
36.0,-1.4147742986679077,-0.058903343975543976,0.0
36.0,-1.420480489730835,-0.0657210499048233,0.0
36.0,-1.420161485671997,-0.07228775322437286,0.0
36.0,-1.4218089580535889,-0.07896382361650467,0.0
36.0,-1.4214286804199219,-0.08553653210401535,0.0
36.0,-1.4190223217010498,-0.0919780507683754,0.0
36.0,-1.4185818433761597,-0.09853773564100266,0.0
36.0,-1.4181110858917236,-0.10509531199932098,0.0
36.0,-1.4176100492477417,-0.11165064573287964,0.0
36.0,-1.4170787334442139,-0.11820358783006668,0.0
36.0,-1.4165170192718506,-0.12475401163101196,0.0
36.0,-1.4179165363311768,-0.1314864307641983,0.0
36.0,-1.4172935485839844,-0.13804058730602264,0.0
36.0,-1.418629765510559,-0.14479485154151917,0.0
36.0,-1.417945146560669,-0.1513521671295166,0.0
36.0,-1.4192179441452026,-0.15812769532203674,0.0
36.0,-1.416485071182251,-0.16445693373680115,0.0
36.0,-1.4157096147537231,-0.17100411653518677,0.0
36.0,-1.4168882369995117,-0.1777966469526291,0.0
36.0,-1.4160510301589966,-0.184345543384552,0.0
36.0,-1.415183663368225,-0.19089050590991974,0.0
36.0,-1.416266679763794,-0.1977079063653946,0.0
36.0,-1.4153375625610352,-0.20425371825695038,0.0
36.0,-1.414378046989441,-0.21079516410827637,0.0
36.0,-1.415365219116211,-0.2176360934972763,0.0
36.0,-1.4143438339233398,-0.2241775244474411,0.0
36.0,-1.4132922887802124,-0.23071415722370148,0.0
36.0,-1.412210464477539,-0.23724587261676788,0.0
36.0,-1.4130693674087524,-0.24411296844482422,0.0
36.0,-1.413894772529602,-0.2509930729866028,0.0
36.0,-1.4127192497253418,-0.25752735137939453,0.0
36.0,-1.4134793281555176,-0.2644239068031311,0.0
36.0,-1.4122416973114014,-0.2709560990333557,0.0
36.0,-1.4129364490509033,-0.27786847949028015,0.0
36.0,-1.4116365909576416,-0.28439804911613464,0.0
36.0,-1.410306692123413,-0.29092150926589966,0.0
36.0,-1.4109033346176147,-0.29785189032554626,0.0
36.0,-1.4095112085342407,-0.30437183380126953,0.0
36.0,-1.4100419282913208,-0.31131646037101746,0.0
36.0,-1.4105384349822998,-0.31827250123023987,0.0
36.0,-1.409051775932312,-0.3247905373573303,0.0
36.0,-1.4114288091659546,-0.33221811056137085,0.0
36.0,-1.4098777770996094,-0.33874011039733887,0.0
36.0,-1.4102389812469482,-0.34573110938072205,0.0
36.0,-1.4086254835128784,-0.3522474765777588,0.0
36.0,-1.4089198112487793,-0.3592504560947418,0.0
36.0,-1.409179449081421,-0.36626365780830383,0.0
36.0,-1.4074710607528687,-0.3727749288082123,0.0
36.0,-1.4076634645462036,-0.3797991871833801,0.0
36.0,-1.4058924913406372,-0.38630327582359314,0.0
36.0,-1.406017541885376,-0.3933379352092743,0.0
36.0,-1.4041839838027954,-0.3998342752456665,0.0
36.0,-1.4061622619628906,-0.40743526816368103,0.0
36.0,-1.4081003665924072,-0.41506311297416687,0.0
36.0,-1.4061663150787354,-0.4215688407421112,0.0
36.0,-1.4080283641815186,-0.4292319416999817,0.0
36.0,-1.4060288667678833,-0.4357371926307678,0.0
36.0,-1.4059067964553833,-0.4428339898586273,0.0
36.0,-1.407654047012329,-0.4505486488342285,0.0
36.0,-1.4055559635162354,-0.45705196261405945,0.0
36.0,-1.4053269624710083,-0.46417272090911865,0.0
36.0,-1.4031658172607422,-0.4706651270389557,0.0
36.0,-1.4047611951828003,-0.47843700647354126,0.0
36.0,-1.4063146114349365,-0.48623374104499817,0.0
36.0,-1.4040515422821045,-0.4927304685115814,0.0
36.0,-1.4036425352096558,-0.499887615442276,0.0
36.0,-1.4013164043426514,-0.5063718557357788,0.0
36.0,-1.402715802192688,-0.5142219662666321,0.0
36.0,-1.4003233909606934,-0.5207017660140991,0.0
36.0,-1.4016437530517578,-0.5285818576812744,0.0
36.0,-1.4047890901565552,-0.5371996164321899,0.0
36.0,-1.4022904634475708,-0.5436887145042419,0.0
36.0,-1.4053459167480469,-0.5523610711097717,0.0
36.0,-1.4027771949768066,-0.5588526129722595,0.0
36.0,-1.4020328521728516,-0.5660809278488159,0.0
36.0,-1.4031028747558594,-0.5740717649459839,0.0
36.0,-1.4004337787628174,-0.5805526971817017,0.0
36.0,-1.4032665491104126,-0.5893445014953613,0.0
36.0,-1.400526762008667,-0.5958260297775269,0.0
36.0,-1.401430606842041,-0.6038777232170105,0.0
36.0,-1.3986237049102783,-0.6103506088256836,0.0
36.0,-1.3994455337524414,-0.6184272170066833,0.0
36.0,-1.402048110961914,-0.6273413300514221,0.0
36.0,-1.3991327285766602,-0.6338168382644653,0.0
36.0,-1.3998231887817383,-0.6419461369514465,0.0
36.0,-1.3968403339385986,-0.6484111547470093,0.0
36.0,-1.397447943687439,-0.6565633416175842,0.0
36.0,-1.394397497177124,-0.663017213344574,0.0
36.0,-1.396723747253418,-0.6720584630966187,0.0
36.0,-1.3989962339401245,-0.681135356426239,0.0
36.0,-1.3958321809768677,-0.6875961422920227,0.0
36.0,-1.3980083465576172,-0.6967185139656067,0.0
36.0,-1.3947722911834717,-0.7031745910644531,0.0
36.0,-1.3968513011932373,-0.7123413681983948,0.0
36.0,-1.3988754749298096,-0.7215424180030823,0.0
36.0,-1.395524501800537,-0.7280022501945496,0.0
36.0,-1.397450566291809,-0.7372461557388306,0.0
36.0,-1.3940271139144897,-0.7436992526054382,0.0
36.0,-1.3976147174835205,-0.7539345622062683,0.0
36.0,-1.399381399154663,-0.7632611393928528,0.0
36.0,-1.395837664604187,-0.7697228789329529,0.0
36.0,-1.3975046873092651,-0.7790897488594055,0.0
36.0,-1.3938877582550049,-0.7855426073074341,0.0
36.0,-1.3954542875289917,-0.7949485182762146,0.0
36.0,-1.3917640447616577,-0.8013917207717896,0.0
36.0,-1.3932297229766846,-0.8108358383178711,0.0
36.0,-1.3963617086410522,-0.8213245272636414,0.0
36.0,-1.3925495147705078,-0.8277716636657715,0.0
36.0,-1.3938509225845337,-0.8372907042503357,0.0
36.0,-1.3899649381637573,-0.8437260985374451,0.0
36.0,-1.39116370677948,-0.8532804250717163,0.0
36.0,-1.3957037925720215,-0.8649709224700928,0.0
36.0,-1.3916897773742676,-0.8714145421981812,0.0
36.0,-1.394406795501709,-0.8821164965629578,0.0
36.0,-1.3903136253356934,-0.8885539174079895,0.0
36.0,-1.3929115533828735,-0.8993116021156311,0.0
36.0,-1.3887388706207275,-0.9057419300079346,0.0
36.0,-1.3912168741226196,-0.9165541529655457,0.0
36.0,-1.3936245441436768,-0.9274085164070129,0.0
36.0,-1.3893219232559204,-0.9338418841362,0.0
36.0,-1.391608476638794,-0.9447486996650696,0.0
36.0,-1.38722562789917,-0.9511725306510925,0.0
36.0,-1.389390230178833,-0.9621304869651794,0.0
36.0,-1.3849270343780518,-0.9685438871383667,0.0
36.0,-1.3886024951934814,-0.9807054400444031,0.0
36.0,-1.3889384269714355,-0.9905988574028015,0.0
36.0,-1.3843436241149902,-0.9970098733901978,0.0
36.0,-1.3861892223358154,-1.0081048011779785,0.0
36.0,-1.3815135955810547,-1.0145028829574585,0.0
36.0,-1.3864476680755615,-1.0280267000198364,0.0
36.0,-1.380078911781311,-1.0332270860671997,0.0
36.0,-1.3752871751785278,-1.039596676826477,0.0
36.0,-1.3561571836471558,-1.0350234508514404,0.0
36.0,-1.351357340812683,-1.0412824153900146,0.0
36.0,-1.3307429552078247,-1.0352387428283691,0.0
36.0,-1.313359260559082,-1.031497597694397,0.0
36.0,-1.308576226234436,-1.037558674812317,0.0
36.0,-1.2928354740142822,-1.034848928451538,0.0
36.0,-1.2880371809005737,-1.0408151149749756,0.0
36.0,-1.2692633867263794,-1.0353813171386719,0.0
36.0,-1.2505676746368408,-1.0297963619232178,0.0
36.0,-1.2457932233810425,-1.0355671644210815,0.0
36.0,-1.228735327720642,-1.0310312509536743,0.0
36.0,-1.2239553928375244,-1.0367010831832886,0.0
36.0,-1.2100284099578857,-1.0345507860183716,0.0
36.0,-1.1946336030960083,-1.0309871435165405,0.0
36.0,-1.1898541450500488,-1.0364993810653687,0.0
36.0,-1.1715316772460938,-1.0301035642623901,0.0
36.0,-1.1667566299438477,-1.0355089902877808,0.0
36.0,-1.1515288352966309,-1.0315510034561157,0.0
36.0,-1.1467472314834595,-1.036863923072815,0.0
36.0,-1.1330775022506714,-1.0340654850006104,0.0
36.0,-1.1179871559143066,-1.0298080444335938,0.0
36.0,-1.113214135169983,-1.0349658727645874,0.0
36.0,-1.0996664762496948,-1.0318902730941772,0.0
36.0,-1.084719181060791,-1.0273364782333374,0.0
36.0,-1.0799578428268433,-1.0323405265808105,0.0
36.0,-1.0665374994277954,-1.028990626335144,0.0
36.0,-1.061768651008606,-1.0339106321334839,0.0
36.0,-1.0484187602996826,-1.0303971767425537,0.0
36.0,-1.043643593788147,-1.0352333784103394,0.0
36.0,-1.0303657054901123,-1.0315572023391724,0.0
36.0,-1.018551230430603,-1.0292022228240967,0.0
36.0,-1.013782024383545,-1.0339003801345825,0.0
36.0,-1.0006293058395386,-1.0299694538116455,0.0
36.0,-0.9903087019920349,-1.0288209915161133,0.0
36.0,-0.9855414628982544,-1.033388614654541,0.0
36.0,-0.973885178565979,-1.030665636062622,0.0
36.0,-0.9691095948219299,-1.0351572036743164,0.0
36.0,-0.9561527371406555,-1.030828833580017,0.0
36.0,-0.9513766169548035,-1.0352383852005005,0.0
36.0,-0.938501238822937,-1.0307528972625732,0.0
36.0,-0.9270274639129639,-1.0276556015014648,0.0
36.0,-0.9222663044929504,-1.0319305658340454,0.0
36.0,-0.9108561873435974,-1.0286966562271118,0.0
36.0,-0.9060904383659363,-1.032896876335144,0.0
36.0,-0.8947455883026123,-1.029527187347412,0.0
36.0,-0.884756326675415,-1.0275903940200806,0.0
36.0,-0.8799959421157837,-1.0316699743270874,0.0
36.0,-0.870053231716156,-1.029617190361023,0.0
36.0,-0.8652836680412292,-1.0336287021636963,0.0
36.0,-0.8541120886802673,-1.0299206972122192,0.0
36.0,-0.844262957572937,-1.027677059173584,0.0
36.0,-0.8395025730133057,-1.031569480895996,0.0
36.0,-0.8284481763839722,-1.0276545286178589,0.0
36.0,-0.8236880898475647,-1.0314737558364868,0.0
36.0,-0.813947319984436,-1.0289965867996216,0.0
36.0,-0.8042471408843994,-1.0264514684677124,0.0
36.0,-0.7994928359985352,-1.0301588773727417,0.0
36.0,-0.789845883846283,-1.0275015830993652,0.0
36.0,-0.7850869297981262,-1.0311423540115356,0.0
36.0,-0.7766985893249512,-1.0299705266952515,0.0
36.0,-0.7671412229537964,-1.0271408557891846,0.0
36.0,-0.7623841762542725,-1.0306766033172607,0.0
36.0,-0.7528831958770752,-1.0277369022369385,0.0
36.0,-0.7481235265731812,-1.031206727027893,0.0
36.0,-0.7386800646781921,-1.0281574726104736,0.0
36.0,-0.7304403185844421,-1.0266727209091187,0.0
36.0,-0.7256858348846436,-1.030038833618164,0.0
36.0,-0.716338574886322,-1.0268218517303467,0.0
36.0,-0.7115834951400757,-1.0301227569580078,0.0
36.0,-0.7022968530654907,-1.0267983675003052,0.0
36.0,-0.697542130947113,-1.0300344228744507,0.0
36.0,-0.6894311308860779,-1.0282649993896484,0.0
36.0,-0.6813514232635498,-1.026442527770996,0.0
36.0,-0.6765984892845154,-1.0295816659927368,0.0
36.0,-0.668559193611145,-1.0276694297790527,0.0
36.0,-0.6594693064689636,-1.0240236520767212,0.0
36.0,-0.6547278165817261,-1.0270615816116333,0.0
36.0,-0.6467704772949219,-1.025003433227539,0.0
36.0,-0.642024576663971,-1.0279827117919922,0.0
36.0,-0.6351617574691772,-1.0275375843048096,0.0
36.0,-0.6304042935371399,-1.0304630994796753,0.0
36.0,-0.6225259304046631,-1.0282341241836548,0.0
36.0,-0.6146816611289978,-1.0259543657302856,0.0
36.0,-0.6099317073822021,-1.0287853479385376,0.0
36.0,-0.6021327972412109,-1.0264191627502441,0.0
36.0,-0.5973808765411377,-1.0291920900344849,0.0
36.0,-0.5896281599998474,-1.0267398357391357,0.0
36.0,-0.5819109082221985,-1.024238109588623,0.0
36.0,-0.5771692395210266,-1.0269174575805664,0.0
36.0,-0.5704716444015503,-1.0260790586471558,0.0
36.0,-0.5657215714454651,-1.0287055969238281,0.0
36.0,-0.5580925345420837,-1.0260393619537354,0.0
36.0,-0.5514478087425232,-1.0250860452651978,0.0
36.0,-0.5467025637626648,-1.0276246070861816,0.0
36.0,-0.5391520857810974,-1.0248311758041382,0.0
36.0,-0.5344080924987793,-1.027312994003296,0.0
36.0,-0.5269083976745605,-1.0244370698928833,0.0
36.0,-0.5221664309501648,-1.0268622636795044,0.0
36.0,-0.5156167149543762,-1.0256916284561157,0.0
36.0,-0.5090890526771545,-1.0244824886322021,0.0
36.0,-0.5043470859527588,-1.0268253087997437,0.0
36.0,-0.49784740805625916,-1.0255476236343384,0.0
36.0,-0.4931006133556366,-1.0278383493423462,0.0
36.0,-0.4857729971408844,-1.0246855020523071,0.0
36.0,-0.4793335795402527,-1.0232982635498047,0.0
36.0,-0.47459736466407776,-1.025503396987915,0.0
36.0,-0.46735620498657227,-1.0222299098968506,0.0
36.0,-0.46262505650520325,-1.0243797302246094,0.0
36.0,-0.4562545716762543,-1.0228546857833862,0.0
36.0,-0.4507143795490265,-1.023123025894165,0.0
36.0,-0.4459792673587799,-1.025195837020874,0.0
36.0,-0.43965595960617065,-1.023571491241455,0.0
36.0,-0.43491891026496887,-1.0255931615829468,0.0
36.0,-0.42862799763679504,-1.0239033699035645,0.0
36.0,-0.42236196994781494,-1.0221772193908691,0.0
36.0,-0.4176315367221832,-1.0241190195083618,0.0
36.0,-0.41139891743659973,-1.0223281383514404,0.0
36.0,-0.40666791796684265,-1.024219274520874,0.0
36.0,-0.4011988043785095,-1.0242263078689575,0.0
36.0,-0.39573830366134644,-1.0242047309875488,0.0
36.0,-0.3909987807273865,-1.0260233879089355,0.0
36.0,-0.38554733991622925,-1.02594792842865,0.0
36.0,-0.38079988956451416,-1.027719497680664,0.0
36.0,-0.37604427337646484,-1.0294691324234009,0.0
36.0,-0.37128064036369324,-1.0311967134475708,0.0
36.0,-0.36584025621414185,-1.0310174226760864,0.0
36.0,-0.3604094982147217,-1.0308098793029785,0.0
36.0,-0.35563981533050537,-1.0324652194976807,0.0
36.0,-0.3495773673057556,-1.0303105115890503,0.0
36.0,-0.3448100984096527,-1.0319157838821411,0.0
36.0,-0.3387853503227234,-1.0296992063522339,0.0
36.0,-0.3334047794342041,-1.029351830482483,0.0
36.0,-0.3286421298980713,-1.0308823585510254,0.0
36.0,-0.3226751387119293,-1.0285741090774536,0.0
36.0,-0.31791621446609497,-1.0300549268722534,0.0
36.0,-0.3125694990158081,-1.0296000242233276,0.0
36.0,-0.3078059256076813,-1.0310341119766235,0.0
36.0,-0.3024725317955017,-1.0305272340774536,0.0
36.0,-0.29659605026245117,-1.028071403503418,0.0
36.0,-0.29183971881866455,-1.029431700706482,0.0
36.0,-0.28654053807258606,-1.0288432836532593,0.0
36.0,-0.28125306963920593,-1.0282279253005981,0.0
36.0,-0.27649617195129395,-1.0295172929763794,0.0
36.0,-0.270713746547699,-1.0269168615341187,0.0
36.0,-0.26596304774284363,-1.0281574726104736,0.0
36.0,-0.26071470975875854,-1.027437448501587,0.0
36.0,-0.25596168637275696,-1.0286318063735962,0.0
36.0,-0.2507292628288269,-1.02786123752594,0.0
36.0,-0.24550941586494446,-1.027064323425293,0.0
36.0,-0.2407582849264145,-1.0281884670257568,0.0
36.0,-0.23555505275726318,-1.0273411273956299,0.0
36.0,-0.2308027595281601,-1.0284192562103271,0.0
36.0,-0.22561660408973694,-1.0275218486785889,0.0
36.0,-0.22044365108013153,-1.0265984535217285,0.0
36.0,-0.21569494903087616,-1.027606725692749,0.0
36.0,-0.21053984761238098,-1.0266337394714355,0.0
36.0,-0.20579108595848083,-1.0275962352752686,0.0
36.0,-0.2010379284620285,-1.0285366773605347,0.0
36.0,-0.19628047943115234,-1.0294551849365234,0.0
36.0,-0.19078783690929413,-1.0264190435409546,0.0
36.0,-0.18568389117717743,-1.0253221988677979,0.0
36.0,-0.18094146251678467,-1.026169776916504,0.0
36.0,-0.17585696280002594,-1.0250240564346313,0.0
36.0,-0.17111600935459137,-1.025826096534729,0.0
36.0,-0.1660514622926712,-1.0246320962905884,0.0
36.0,-0.16100162267684937,-1.0234131813049316,0.0
36.0,-0.15626828372478485,-1.024146556854248,0.0
36.0,-0.1512390822172165,-1.022879719734192,0.0
36.0,-0.14650830626487732,-1.0235679149627686,0.0
36.0,-0.14177440106868744,-1.024234414100647,0.0
36.0,-0.13677239418029785,-1.0228965282440186,0.0
36.0,-0.13204170763492584,-1.0235178470611572,0.0
36.0,-0.12706147134304047,-1.0221327543258667,0.0
36.0,-0.12233441323041916,-1.0227092504501343,0.0
36.0,-0.11760473996400833,-1.023263931274414,0.0
36.0,-0.11287254840135574,-1.0237966775894165,0.0
36.0,-0.10813795030117035,-1.0243076086044312,0.0
36.0,-0.103200264275074,-1.0228067636489868,0.0
36.0,-0.09847034513950348,-1.02327299118042,0.0
36.0,-0.09355594962835312,-1.0217256546020508,0.0
36.0,-0.08883113414049149,-1.022147297859192,0.0
36.0,-0.08410441875457764,-1.0225470066070557,0.0
36.0,-0.07937590032815933,-1.0229250192642212,0.0
36.0,-0.07464569061994553,-1.0232809782028198,0.0
36.0,-0.06991388648748398,-1.0236152410507202,0.0
36.0,-0.06518058478832245,-1.0239274501800537,0.0
36.0,-0.060445886105298996,-1.024217963218689,0.0
36.0,-0.055709902197122574,-1.0244864225387573,0.0
36.0,-0.050972722470760345,-1.024733066558838,0.0
36.0,-0.046144332736730576,-1.02295982837677,0.0
36.0,-0.04141431301832199,-1.0231622457504272,0.0
36.0,-0.03668341040611267,-1.0233427286148071,0.0
36.0,-0.031951725482940674,-1.0235013961791992,0.0
36.0,-0.02721935510635376,-1.0236382484436035,0.0
36.0,-0.02244248241186142,-1.0217535495758057,0.0
36.0,-0.017718294635415077,-1.0218462944030762,0.0
36.0,-0.012993729673326015,-1.0219173431396484,0.0
36.0,-0.008268886245787144,-1.0219664573669434,0.0
36.0,-0.0035438663326203823,-1.0219937562942505,0.0
36.0,0.0011812294833362103,-1.0219992399215698,0.0
36.0,0.005906300153583288,-1.0219829082489014,0.0
36.0,0.010631244629621506,-1.0219446420669556,0.0
36.0,0.01535596139729023,-1.021884560585022,0.0
36.0,0.02008035033941269,-1.0218026638031006,0.0
36.0,0.024804310873150826,-1.0216989517211914,0.0
36.0,0.029527738690376282,-1.0215733051300049,0.0
36.0,0.03425053879618645,-1.0214258432388306,0.0
36.0,0.038972605019807816,-1.0212565660476685,0.0
36.0,0.04369383677840233,-1.0210654735565186,0.0
36.0,0.048414137214422226,-1.0208525657653809,0.0
36.0,0.05313339829444885,-1.0206178426742554,0.0
36.0,0.05785152688622475,-1.020361304283142,0.0
36.0,0.06256841868162155,-1.0200828313827515,0.0
36.0,0.06741565465927124,-1.0217784643173218,0.0
36.0,0.07213899493217468,-1.0214558839797974,0.0
36.0,0.07686079293489456,-1.0211113691329956,0.0
36.0,0.08158095180988312,-1.0207451581954956,0.0
36.0,0.0862993597984314,-1.0203570127487183,0.0
36.0,0.09101593494415283,-1.0199471712112427,0.0
36.0,0.09573055803775787,-1.0195153951644897,0.0
36.0,0.10044313222169876,-1.0190619230270386,0.0
36.0,0.10515356063842773,-1.0185866355895996,0.0
36.0,0.10986173897981644,-1.0180896520614624,0.0
36.0,0.1145675778388977,-1.0175708532333374,0.0
36.0,0.11927095800638199,-1.0170302391052246,0.0
36.0,0.12421392649412155,-1.0184532403945923,0.0
36.0,0.1289212852716446,-1.0178680419921875,0.0
36.0,0.13362589478492737,-1.0172611474990845,0.0
36.0,0.13832764327526093,-1.0166324377059937,0.0
36.0,0.1430264264345169,-1.0159820318222046,0.0
36.0,0.14801011979579926,-1.0172890424728394,0.0
36.0,0.15271183848381042,-1.0165938138961792,0.0
36.0,0.15741030871868134,-1.0158770084381104,0.0
36.0,0.16210539638996124,-1.0151383876800537,0.0
36.0,0.1671215295791626,-1.0163514614105225,0.0
36.0,0.17181871831417084,-1.0155678987503052,0.0
36.0,0.1765122264623642,-1.0147627592086792,0.0
36.0,0.1812019646167755,-1.0139358043670654,0.0
36.0,0.18588782846927643,-1.0130871534347534,0.0
36.0,0.1909397542476654,-1.0141823291778564,0.0
36.0,0.19600580632686615,-1.0152525901794434,0.0
36.0,0.20069760084152222,-1.0143355131149292,0.0
36.0,0.20578236877918243,-1.0153568983078003,0.0
36.0,0.21047453582286835,-1.0143946409225464,0.0
36.0,0.21557757258415222,-1.015367031097412,0.0
36.0,0.22069409489631653,-1.016313910484314,0.0
36.0,0.22539053857326508,-1.0152827501296997,0.0
36.0,0.23008215427398682,-1.0142297744750977,0.0
36.0,0.23476886749267578,-1.013155221939087,0.0
36.0,0.24037152528762817,-1.0159515142440796,0.0
36.0,0.2450660765171051,-1.014829397201538,0.0
36.0,0.2507123053073883,-1.0175693035125732,0.0
36.0,0.25590163469314575,-1.018338918685913,0.0
36.0,0.2606070637702942,-1.0171449184417725,0.0
36.0,0.26530691981315613,-1.0159292221069336,0.0
36.0,0.2700011134147644,-1.014691710472107,0.0
36.0,0.27521276473999023,-1.0153629779815674,0.0
36.0,0.28043636679649353,-1.016007661819458,0.0
36.0,0.28513073921203613,-1.014700174331665,0.0
36.0,0.2903689742088318,-1.0152939558029175,0.0
36.0,0.2950599491596222,-1.013940691947937,0.0
36.0,0.3003123104572296,-1.0144833326339722,0.0
36.0,0.304999440908432,-1.013084053993225,0.0
36.0,0.3102654218673706,-1.0135754346847534,0.0
36.0,0.3155425190925598,-1.0140399932861328,0.0
36.0,0.3202274441719055,-1.0125702619552612,0.0
36.0,0.32551735639572144,-1.012982964515686,0.0
36.0,0.330197274684906,-1.0114670991897583,0.0
36.0,0.3361290395259857,-1.0137263536453247,0.0
36.0,0.3420887589454651,-1.015952467918396,0.0
36.0,0.34678223729133606,-1.014359951019287,0.0
36.0,0.35212400555610657,-1.0146352052688599,0.0
36.0,0.3568112850189209,-1.0129964351654053,0.0
36.0,0.36216408014297485,-1.0132192373275757,0.0
36.0,0.36684468388557434,-1.0115339756011963,0.0
36.0,0.3728986084461212,-1.0135811567306519,0.0
36.0,0.37827998399734497,-1.0137200355529785,0.0
36.0,0.38296276330947876,-1.0119602680206299,0.0
36.0,0.3883538544178009,-1.0120460987091064,0.0
36.0,0.39302876591682434,-1.0102397203445435,0.0
36.0,0.3984290063381195,-1.0102723836898804,0.0
36.0,0.40532270073890686,-1.013990879058838,0.0
36.0,0.41000640392303467,-1.0121060609817505,0.0
36.0,0.41620033979415894,-1.0139000415802002,0.0
36.0,0.42088353633880615,-1.0119649171829224,0.0
36.0,0.42633432149887085,-1.0118513107299805,0.0
36.0,0.43100792169570923,-1.0098694562911987,0.0
36.0,0.4372594654560089,-1.0115375518798828,0.0
36.0,0.44353556632995605,-1.013169288635254,0.0
36.0,0.4482150971889496,-1.0111078023910522,0.0
36.0,0.4545229971408844,-1.01267409324646,0.0
36.0,0.45920008420944214,-1.0105618238449097,0.0
36.0,0.46470317244529724,-1.0102449655532837,0.0
36.0,0.4702131152153015,-1.0098987817764282,0.0
36.0,0.4748772382736206,-1.007714033126831,0.0
36.0,0.4821139872074127,-1.0109233856201172,0.0
36.0,0.4867826998233795,-1.0086835622787476,0.0
36.0,0.4949513077735901,-1.0136109590530396,0.0
36.0,0.499632328748703,-1.0113117694854736,0.0
36.0,0.5060909390449524,-1.0125689506530762,0.0
36.0,0.5107670426368713,-1.0102182626724243,0.0
36.0,0.5154321789741516,-1.0078459978103638,0.0
36.0,0.5219240784645081,-1.009005069732666,0.0
36.0,0.5265835523605347,-1.0065813064575195,0.0
36.0,0.5340374708175659,-1.0094393491744995,0.0
36.0,0.5415290594100952,-1.0122500658035278,0.0
36.0,0.5462033152580261,-1.0097355842590332,0.0
36.0,0.5537449717521667,-1.0124636888504028,0.0
36.0,0.5584200620651245,-1.0098927021026611,0.0
36.0,0.5660107731819153,-1.0125372409820557,0.0
36.0,0.5706861019134521,-1.0099095106124878,0.0
36.0,0.5773331522941589,-1.0107336044311523,0.0
36.0,0.5849999189376831,-1.0132497549057007,0.0
36.0,0.5896783471107483,-1.0105341672897339,0.0
36.0,0.5953601002693176,-1.0095199346542358,0.0
36.0,0.6000211238861084,-1.0067565441131592,0.0
36.0,0.6077648997306824,-1.0091114044189453,0.0
36.0,0.6124238967895508,-1.0062906742095947,0.0
36.0,0.6202127933502197,-1.0085594654083252,0.0
36.0,0.6259245872497559,-1.0073798894882202,0.0
36.0,0.63057541847229,-1.0044753551483154,0.0
36.0,0.6394974589347839,-1.0083049535751343,0.0
36.0,0.6441524028778076,-1.0053375959396362,0.0
36.0,0.6520538926124573,-1.0073856115341187,0.0
36.0,0.6599879264831543,-1.009381890296936,0.0
36.0,0.6646475791931152,-1.0063197612762451,0.0
36.0,0.671513020992279,-1.006563663482666,0.0
36.0,0.6761595606803894,-1.003448247909546,0.0
36.0,0.6841674447059631,-1.005271553993225,0.0
36.0,0.6888078451156616,-1.0020976066589355,0.0
36.0,0.6979956030845642,-1.0054740905761719,0.0
36.0,0.7072292566299438,-1.0087867975234985,0.0
36.0,0.7118856906890869,-1.005506157875061,0.0
36.0,0.7200165390968323,-1.0070850849151611,0.0
36.0,0.7246649265289307,-1.003745436668396,0.0
36.0,0.7328324317932129,-1.005232572555542,0.0
36.0,0.7374721169471741,-1.0018336772918701,0.0
36.0,0.7468684315681458,-1.0048340559005737,0.0
36.0,0.7551077008247375,-1.0061691999435425,0.0
36.0,0.7597514986991882,-1.0026673078536987,0.0
36.0,0.7692400217056274,-1.0054978132247925,0.0
36.0,0.7738806009292603,-1.001930594444275,0.0
36.0,0.7834240794181824,-1.004650592803955,0.0
36.0,0.7942463159561157,-1.0088751316070557,0.0
36.0,0.7989022135734558,-1.0051921606063843,0.0
36.0,0.8085475564002991,-1.0077276229858398,0.0
36.0,0.8131980299949646,-1.0039786100387573,0.0
36.0,0.8228949904441833,-1.0064014196395874,0.0
36.0,0.8275391459465027,-1.002586007118225,0.0
36.0,0.837286651134491,-1.0048954486846924,0.0
36.0,0.8470731377601624,-1.0071361064910889,0.0
36.0,0.8517204523086548,-1.0032089948654175,0.0
36.0,0.8615553379058838,-1.0053349733352661,0.0
36.0,0.8661941289901733,-1.0013409852981567,0.0
36.0,0.8773915767669678,-1.004858136177063,0.0
36.0,0.8873175978660583,-1.006792664527893,0.0
36.0,0.8919628858566284,-1.002679467201233,0.0
36.0,0.9032701253890991,-1.0059856176376343,0.0
36.0,0.907911479473114,-1.0017987489700317,0.0
36.0,0.9192829728126526,-1.0049690008163452,0.0
36.0,0.9239194989204407,-1.0007081031799316,0.0
36.0,0.9367172122001648,-1.0052047967910767,0.0
36.0,0.948205828666687,-1.0081475973129272,0.0
36.0,0.952856719493866,-1.0037529468536377,0.0
36.0,0.9671728610992432,-1.0094456672668457,0.0
36.0,0.9718295335769653,-1.0049632787704468,0.0
36.0,0.9904349446296692,-1.0147721767425537,0.0
36.0,0.9951160550117493,-1.0101821422576904,0.0
36.0,1.0110567808151245,-1.0169169902801514,0.0
36.0,1.028497576713562,-1.024937391281128,0.0
36.0,1.0332252979278564,-1.0201714038848877,0.0
36.0,1.0522273778915405,-1.0293694734573364,0.0
36.0,1.0569753646850586,-1.0244935750961304,0.0
36.0,1.0775684118270874,-1.034834384918213,0.0
36.0,1.0823413133621216,-1.0298413038253784,0.0
36.0,1.1045544147491455,-1.0412893295288086,0.0
36.0,1.1268961429595947,-1.052553653717041,0.0
36.0,1.131750464439392,-1.0473322868347168,0.0
36.0,1.1527963876724243,-1.0569562911987305,0.0
36.0,1.1576707363128662,-1.0516151189804077,0.0
36.0,1.1773864030838013,-1.0596307516098022,0.0
36.0,1.1822727918624878,-1.0541759729385376,0.0
36.0,1.2051209211349487,-1.064587950706482,0.0
36.0,1.2265851497650146,-1.0734937191009521,0.0
36.0,1.2315351963043213,-1.0678112506866455,0.0
36.0,1.2561815977096558,-1.0790475606918335,0.0
36.0,1.2611570358276367,-1.0732282400131226,0.0
36.0,1.2859840393066406,-1.0841444730758667,0.0
36.0,1.2909826040267944,-1.078187346458435,0.0
36.0,1.1588075160980225,-0.9587392210960388,0.0
36.0,1.1632277965545654,-0.9533714056015015,0.0
36.0,1.1676231622695923,-0.9479832053184509,0.0
36.0,1.1719934940338135,-0.942574679851532,0.0
36.0,1.198238730430603,-0.9545929431915283,0.0
36.0,1.2026394605636597,-0.949042797088623,0.0
36.0,1.2070143222808838,-0.9434724450111389,0.0
36.0,1.211363434791565,-0.9378818869590759,0.0
36.0,1.239492654800415,-0.9505272507667542,0.0
36.0,1.2438740730285645,-0.9447864890098572,0.0
36.0,1.2706042528152466,-0.9558582305908203,0.0
36.0,1.2974629402160645,-0.9667025804519653,0.0
36.0,1.3019185066223145,-0.9606935977935791,0.0
36.0,1.3337972164154053,-0.9747249484062195,0.0
36.0,1.338289499282837,-0.9685479402542114,0.0
36.0,1.3687629699707031,-0.9809913635253906,0.0
36.0,1.373283863067627,-0.9746525883674622,0.0
36.0,1.4023200273513794,-0.9855428338050842,0.0
36.0,1.4347689151763916,-0.998469889163971,0.0
36.0,1.4393699169158936,-0.9918257594108582,0.0
36.0,1.468721628189087,-1.0020681619644165,0.0
36.0,1.4733389616012573,-0.9952670335769653,0.0
36.0,1.4945491552352905,-0.9995632171630859,0.0
36.0,1.4991545677185059,-0.9926426410675049,0.0
36.0,1.523800015449524,-0.9988582134246826,0.0
36.0,1.5468566417694092,-1.003778100013733,0.0
36.0,1.551481008529663,-0.9966156482696533,0.0
36.0,1.562822937965393,-0.9937244653701782,0.0
36.0,1.567400574684143,-0.9864883422851562,0.0
36.0,1.573642373085022,-0.9802886247634888,0.0
36.0,1.574752926826477,-0.9709033966064453,0.0
36.0,1.579224944114685,-0.9636123180389404,0.0
36.0,1.5733908414840698,-0.9500976800918579,0.0
36.0,1.5777666568756104,-0.9428131580352783,0.0
36.0,1.5752224922180176,-0.9314365983009338,0.0
36.0,1.579512119293213,-0.9241437911987305,0.0
36.0,1.5785751342773438,-0.9138252139091492,0.0
36.0,1.5845186710357666,-0.9075111150741577,0.0
36.0,1.5886975526809692,-0.9001755714416504,0.0
36.0,1.603310227394104,-0.8986882567405701,0.0
36.0,1.6074481010437012,-0.8912659287452698,0.0
36.0,1.6273337602615356,-0.8924800753593445,0.0
36.0,1.647264838218689,-0.8935291767120361,0.0
36.0,1.6513783931732178,-0.8859037160873413,0.0
36.0,1.669590711593628,-0.8857578039169312,0.0
36.0,1.6736680269241333,-0.8780292272567749,0.0
36.0,1.6901371479034424,-0.8767284154891968,0.0
36.0,1.6941725015640259,-0.8689048886299133,0.0
36.0,1.4545735120773315,-0.7040396928787231,0.0
36.0,1.457813024520874,-0.6973071694374084,0.0
36.0,1.4610214233398438,-0.6905596852302551,0.0
36.0,1.4641984701156616,-0.6837974786758423,0.0
36.0,1.481872320175171,-0.6837237477302551,0.0
36.0,1.5013965368270874,-0.6843306422233582,0.0
36.0,1.5045443773269653,-0.6773818135261536,0.0
36.0,1.5222798585891724,-0.6769195199012756,0.0
36.0,1.5253932476043701,-0.6698742508888245,0.0
36.0,1.5431532859802246,-0.6691802144050598,0.0
36.0,1.546230673789978,-0.6620384454727173,0.0
36.0,1.5603280067443848,-0.6595547199249268,0.0
36.0,1.5652064085006714,-0.6531038880348206,0.0
36.0,1.5682092905044556,-0.6458603739738464,0.0
36.0,1.56747305393219,-0.6370969414710999,0.0
36.0,1.5704017877578735,-0.6298431158065796,0.0
36.0,1.5677179098129272,-0.6203681230545044,0.0
36.0,1.5649800300598145,-0.610931396484375,0.0
36.0,1.5677878856658936,-0.6036893725395203,0.0
36.0,1.5649532079696655,-0.5943043828010559,0.0
36.0,1.5676841735839844,-0.587062656879425,0.0
36.0,1.5666290521621704,-0.5784229636192322,0.0
36.0,1.5636485815048218,-0.5691215395927429,0.0
36.0,1.5662630796432495,-0.5618861317634583,0.0
36.0,1.5650728940963745,-0.553305447101593,0.0
36.0,1.567614197731018,-0.5460636019706726,0.0
36.0,1.564447045326233,-0.5368626117706299,0.0
36.0,1.5669125318527222,-0.5296238660812378,0.0
36.0,1.5655490159988403,-0.521110475063324,0.0
36.0,1.5641405582427979,-0.5126210451126099,0.0
36.0,1.5664938688278198,-0.5053839683532715,0.0
36.0,1.5650012493133545,-0.4969255328178406,0.0
36.0,1.56728196144104,-0.4896846413612366,0.0
36.0,1.5637941360473633,-0.4806704521179199,0.0
36.0,1.5621708631515503,-0.4722777307033539,0.0
36.0,1.5643376111984253,-0.46505019068717957,0.0
36.0,1.5626317262649536,-0.45669063925743103,0.0
36.0,1.56472647190094,-0.4494611322879791,0.0
36.0,1.5629380941390991,-0.441135436296463,0.0
36.0,1.5611063241958618,-0.43283596634864807,0.0
36.0,1.5630908012390137,-0.42561376094818115,0.0
36.0,1.5611776113510132,-0.4173494279384613,0.0
36.0,1.5630905628204346,-0.41012707352638245,0.0
36.0,1.56109619140625,-0.40189865231513977,0.0
36.0,1.5551811456680298,-0.3927181363105774,0.0
36.0,1.5569802522659302,-0.3855237364768982,0.0
36.0,1.5451409816741943,-0.3750191032886505,0.0
36.0,1.546858310699463,-0.36787131428718567,0.0
36.0,1.5388033390045166,-0.35844704508781433,0.0
36.0,1.566230058670044,-0.15620256960391998,0.0
36.0,1.5669355392456055,-0.14895963668823242,0.0
36.0,1.5676075220108032,-0.14171351492404938,0.0
36.0,1.5682458877563477,-0.13446436822414398,0.0
36.0,1.558883547782898,-0.12640413641929626,0.0
36.0,1.5594513416290283,-0.11919549107551575,0.0
36.0,1.5599857568740845,-0.11198429018259048,0.0
36.0,1.5604867935180664,-0.10477069765329361,0.0
36.0,1.5549662113189697,-0.09718061238527298,0.0
36.0,1.5553988218307495,-0.08999038487672806,0.0
36.0,1.5557982921600342,-0.08279823511838913,0.0
36.0,1.5601598024368286,-0.07579842954874039,0.0
36.0,1.5604935884475708,-0.06858441978693008,0.0
36.0,1.5707862377166748,-0.061761826276779175,0.0
36.0,1.5790503025054932,-0.054776184260845184,0.0
36.0,1.5792865753173828,-0.04747506231069565,0.0
36.0,1.589486002922058,-0.04042718559503555,0.0
36.0,1.589655876159668,-0.033077966421842575,0.0
36.0,1.5997905731201172,-0.02588985301554203,0.0
36.0,1.6118923425674438,-0.018631847575306892,0.0
36.0,1.6119612455368042,-0.011179269291460514,0.0
36.0,1.6219956874847412,-0.0037495694123208523,0.0
36.0,1.6219956874847412,0.0037495605647563934,0.0
36.0,1.6319607496261597,0.011317960917949677,0.0
36.0,1.6318910121917725,0.018863001838326454,0.0
36.0,1.6417850255966187,0.02656945027410984,0.0
36.0,1.6416445970535278,0.03415974974632263,0.0
36.0,1.651465892791748,0.0420035794377327,0.0
36.0,1.6632486581802368,0.049999043345451355,0.0
36.0,1.6629997491836548,0.05768832564353943,0.0
36.0,1.6727075576782227,0.065769262611866,0.0
36.0,1.672385573387146,0.07350210845470428,0.0
36.0,1.4375170469284058,0.23125851154327393,0.0
36.0,1.4364326000213623,0.2379022240638733,0.0
36.0,1.4353172779083252,0.24454084038734436,0.0
36.0,1.4341713190078735,0.2511742413043976,0.0
36.0,1.4435880184173584,0.26660409569740295,0.0
36.0,1.4423400163650513,0.2732754945755005,0.0
36.0,1.4410611391067505,0.27994105219841003,0.0
36.0,1.4397515058517456,0.28660061955451965,0.0
36.0,1.4521287679672241,0.2960507571697235,0.0
36.0,1.4507445096969604,0.3027613162994385,0.0
36.0,1.4630206823349,0.3123888671398163,0.0
36.0,1.4615607261657715,0.31914961338043213,0.0
36.0,1.4737331867218018,0.32895341515541077,0.0
36.0,1.4838961362838745,0.33843183517456055,0.0
36.0,1.4823155403137207,0.34528881311416626,0.0
36.0,1.494323492050171,0.35537755489349365,0.0
36.0,1.4926645755767822,0.36228257417678833,0.0
36.0,1.5103873014450073,0.3739868700504303,0.0
36.0,1.5086420774459839,0.3809659481048584,0.0
36.0,1.530106782913208,0.39392051100730896,0.0
36.0,1.5534178018569946,0.4075891077518463,0.0
36.0,1.5515167713165283,0.414766788482666,0.0
36.0,1.5727394819259644,0.42824098467826843,0.0
36.0,1.5707428455352783,0.43550777435302734,0.0
36.0,1.584110975265503,0.44711142778396606,0.0
36.0,1.5820268392562866,0.45443058013916016,0.0
36.0,1.5933467149734497,0.46566733717918396,0.0
36.0,1.6045963764190674,0.4770183861255646,0.0
36.0,1.6023738384246826,0.4844319522380829,0.0
36.0,1.6154108047485352,0.4965360760688782,0.0
36.0,1.613097906112671,0.5039994120597839,0.0
36.0,1.6240938901901245,0.5156888365745544,0.0
36.0,1.6216922998428345,0.5231921076774597,0.0
36.0,1.632559895515442,0.5350443124771118,0.0
36.0,1.6433521509170532,0.5470080375671387,0.0
36.0,1.6408054828643799,0.5546000599861145,0.0
36.0,1.651465892791748,0.5667243599891663,0.0
36.0,1.6488280296325684,0.5743536353111267,0.0
36.0,1.6574687957763672,0.5859704613685608,0.0
36.0,1.654741883277893,0.5936272740364075,0.0
36.0,1.4396090507507324,0.5239748358726501,0.0
36.0,1.4371711015701294,0.5306251049041748,0.0
36.0,1.4347025156021118,0.5372639894485474,0.0
36.0,1.4322031736373901,0.543891429901123,0.0
36.0,1.4427381753921509,0.5555379986763,0.0
36.0,1.4401543140411377,0.5622023940086365,0.0
36.0,1.4542769193649292,0.5754778981208801,0.0
36.0,1.4516006708145142,0.5821954011917114,0.0
36.0,1.46371591091156,0.594925045967102,0.0
36.0,1.4775934219360352,0.6085406541824341,0.0
36.0,1.4747642278671265,0.6153655648231506,0.0
36.0,1.4903250932693481,0.6299643516540527,0.0
36.0,1.4873965978622437,0.6368479132652283,0.0
36.0,1.5009504556655884,0.6508792042732239,0.0
36.0,1.4979251623153687,0.65781170129776,0.0
36.0,1.5131425857543945,0.6728563904762268,0.0
36.0,1.5264286994934082,0.68723464012146,0.0
36.0,1.5232350826263428,0.6942845582962036,0.0
36.0,1.5290889739990234,0.7055090665817261,0.0
36.0,1.525810718536377,0.7125710844993591,0.0
36.0,1.5279245376586914,0.7221818566322327,0.0
36.0,1.5245693922042847,0.7292382717132568,0.0
36.0,1.52658212184906,0.7388931512832642,0.0
36.0,1.530334234237671,0.7494617700576782,0.0
36.0,1.5268528461456299,0.7565290927886963,0.0
36.0,1.528702735900879,0.7662689089775085,0.0
36.0,1.5251436233520508,0.7733284831047058,0.0
36.0,1.5251110792160034,0.7821969389915466,0.0
36.0,1.5268045663833618,0.7920025587081909,0.0
36.0,1.523126482963562,0.7990530729293823,0.0
36.0,1.5264829397201538,0.8098357319831848,0.0
36.0,1.5227224826812744,0.8168845772743225,0.0
36.0,1.5242034196853638,0.8267767429351807,0.0
36.0,1.5203646421432495,0.8338148593902588,0.0
36.0,1.5217407941818237,0.8437446355819702,0.0
36.0,1.517823576927185,0.8507711887359619,0.0
36.0,1.5138739347457886,0.8577795624732971,0.0
36.0,1.508156418800354,0.8637756705284119,0.0
36.0,1.504146695137024,0.8707391619682312,0.0
36.0,1.4776637554168701,0.8645541667938232,0.0
36.0,1.258404016494751,1.1220585107803345,0.0
36.0,1.2532029151916504,1.1278645992279053,0.0
36.0,1.2479749917984009,1.1336464881896973,0.0
36.0,1.242720365524292,1.139404296875,0.0
36.0,1.228631854057312,1.1369872093200684,0.0
36.0,1.2233619689941406,1.1426554918289185,0.0
36.0,1.2180659770965576,1.1482993364334106,0.0
36.0,1.2127439975738525,1.1539186239242554,0.0
36.0,1.200183391571045,1.1525866985321045,0.0
36.0,1.1905333995819092,1.1539472341537476,0.0
36.0,1.185185432434082,1.159439206123352,0.0
36.0,1.1755427122116089,1.1606907844543457,0.0
36.0,1.170163869857788,1.1661133766174316,0.0
36.0,1.1577093601226807,1.1644195318222046,0.0
36.0,1.141085147857666,1.1583613157272339,0.0
36.0,1.1357173919677734,1.1636245250701904,0.0
36.0,1.124764084815979,1.1631120443344116,0.0
36.0,1.1193746328353882,1.168299913406372,0.0
36.0,0.9496188759803772,1.3026005029678345,0.0
36.0,0.9435863494873047,1.3069769144058228,0.0
36.0,0.9375336170196533,1.3113255500793457,0.0
36.0,0.9314608573913574,1.3156460523605347,0.0
36.0,0.9196276664733887,1.3117502927780151,0.0
36.0,0.9135531187057495,1.3159880638122559,0.0
36.0,0.9040603041648865,1.3152531385421753,0.0
36.0,0.8968445062637329,1.317765474319458,0.0
36.0,0.8907423615455627,1.3218978643417358,0.0
36.0,0.8835113048553467,1.3243381977081299,0.0
36.0,0.8773789405822754,1.3284088373184204,0.0
36.0,0.8701333403587341,1.3307772874832153,0.0
36.0,0.8628846406936646,1.3331069946289062,0.0
36.0,0.8567119836807251,1.3370821475982666,0.0
36.0,0.8505209684371948,1.3410288095474243,0.0
36.0,0.8443118333816528,1.3449467420578003,0.0
36.0,0.8380845785140991,1.3488359451293945,0.0
36.0,0.8318394422531128,1.3526962995529175,0.0
36.0,0.8255765438079834,1.3565278053283691,0.0
36.0,0.8182640671730042,1.358616828918457,0.0
36.0,0.8119739294052124,1.3623855113983154,0.0
36.0,0.805666446685791,1.3661249876022339,0.0
36.0,0.7993417382240295,1.3698352575302124,0.0
36.0,0.7919999361038208,1.3717842102050781,0.0
36.0,0.7856492400169373,1.3754312992095947,0.0
36.0,0.7792816758155823,1.3790489435195923,0.0
36.0,0.7728975415229797,1.3826371431350708,0.0
36.0,0.7664967775344849,1.3861957788467407,0.0
36.0,0.7600797414779663,1.3897247314453125,0.0
36.0,0.7536463737487793,1.3932240009307861,0.0
36.0,0.7471969127655029,1.396693468093872,0.0
36.0,0.7416667342185974,1.4019010066986084,0.0
36.0,0.7351773381233215,1.4053149223327637,0.0
36.0,0.7286721467971802,1.4086989164352417,0.0
36.0,0.48264849185943604,0.9437426924705505,0.0
36.0,0.47828006744384766,0.9459640979766846,0.0
36.0,0.4739013910293579,0.948165237903595,0.0
36.0,0.46951261162757874,0.9503461122512817,0.0
36.0,0.46335867047309875,0.9489123821258545,0.0
36.0,0.45896655321121216,0.9510445594787598,0.0
36.0,0.4545646011829376,0.9531563520431519,0.0
36.0,0.4484478533267975,0.9516294598579407,0.0
36.0,0.4440433084964752,0.953692615032196,0.0
36.0,0.4371218979358673,0.9502844214439392,0.0
36.0,0.4327237010002136,0.9522952437400818,0.0
36.0,0.4274972975254059,0.9524610638618469,0.0
36.0,0.4214681088924408,0.9507704973220825,0.0
36.0,0.41706782579421997,0.9527089595794678,0.0
36.0,0.4110715091228485,0.9509554505348206,0.0
36.0,0.4066705107688904,0.9528458118438721,0.0
36.0,0.4007076323032379,0.9510295987129211,0.0
36.0,0.3947703242301941,0.9491788148880005,0.0
36.0,0.3903777003288269,0.9509938359260559,0.0
36.0,0.3852258324623108,0.950934886932373,0.0
36.0,0.3808251619338989,0.9527057409286499,0.0
36.0,0.3749488592147827,0.9507350921630859,0.0
36.0,0.3698241114616394,0.9505946040153503,0.0
36.0,0.3654251992702484,0.9522942900657654,0.0
36.0,0.35960274934768677,0.9502325654029846,0.0
36.0,0.35520562529563904,0.9518849849700928,0.0
36.0,0.3494197726249695,0.9497630000114441,0.0
36.0,0.34434306621551514,0.9494881629943848,0.0
36.0,0.3399495482444763,0.9510700702667236,0.0
36.0,0.3348843455314636,0.9507452249526978,0.0
36.0,0.33048510551452637,0.9522833824157715,0.0
36.0,0.3247848153114319,0.9500161409378052,0.0
36.0,0.320389062166214,0.9515076279640198,0.0
36.0,0.3147275745868683,0.9491820335388184,0.0
36.0,0.30909445881843567,0.9468244910240173,0.0
36.0,0.304713636636734,0.9482434391975403,0.0
36.0,0.29972323775291443,0.9477351903915405,0.0
36.0,0.29533830285072327,0.9491108059883118,0.0
36.0,0.2903616428375244,0.9485536813735962,0.0
36.0,0.2853964567184448,0.9479709267616272,0.0
36.0,0.28101059794425964,0.9492802619934082,0.0
36.0,0.2760598659515381,0.948648989200592,0.0
36.0,0.27167096734046936,0.9499151706695557,0.0
36.0,0.2661941647529602,0.9473102688789368,0.0
36.0,0.2612794041633606,0.9466028809547424,0.0
36.0,0.2569001317024231,0.9478007555007935,0.0
36.0,0.2520010471343994,0.9470456838607788,0.0
36.0,0.24761982262134552,0.9482006430625916,0.0
36.0,0.24273689091205597,0.9473978877067566,0.0
36.0,0.23786669969558716,0.9465703368186951,0.0
36.0,0.2334877997636795,0.947659969329834,0.0
36.0,0.22863443195819855,0.9467852115631104,0.0
36.0,0.22425465285778046,0.9478321671485901,0.0
36.0,0.21941860020160675,0.9469105005264282,0.0
36.0,0.21459588408470154,0.9459643959999084,0.0
36.0,0.21022003889083862,0.9469464421272278,0.0
36.0,0.2054152935743332,0.9459537863731384,0.0
36.0,0.20103959739208221,0.9468933939933777,0.0
36.0,0.19625328481197357,0.9458544850349426,0.0
36.0,0.19187815487384796,0.9467517137527466,0.0
36.0,0.18711072206497192,0.9456667304039001,0.0
36.0,0.18235743045806885,0.9445579648017883,0.0
36.0,0.1779884397983551,0.9453909993171692,0.0
36.0,0.17325468361377716,0.9442366361618042,0.0
36.0,0.16888727247714996,0.9450275301933289,0.0
36.0,0.16417351365089417,0.9438278675079346,0.0
36.0,0.15980809926986694,0.9445767998695374,0.0
36.0,0.15543925762176514,0.945305585861206,0.0
36.0,0.1510670930147171,0.9460141062736511,0.0
36.0,0.1466917097568512,0.9467024803161621,0.0
36.0,0.14201606810092926,0.9453927278518677,0.0
36.0,0.13764365017414093,0.9460391998291016,0.0
36.0,0.1332682967185974,0.9466654658317566,0.0
36.0,0.1286204308271408,0.9452897906303406,0.0
36.0,0.12424863874912262,0.9458743333816528,0.0
36.0,0.11962287127971649,0.944454550743103,0.0
36.0,0.11525502800941467,0.9449975490570068,0.0
36.0,0.11065176874399185,0.9435338973999023,0.0
36.0,0.10628827661275864,0.9440353512763977,0.0
36.0,0.10192251205444336,0.9445167183876038,0.0
36.0,0.09734919667243958,0.942988395690918,0.0
36.0,0.09298837184906006,0.9434283971786499,0.0
36.0,0.08843857795000076,0.9418569803237915,0.0
36.0,0.08408308029174805,0.9422557950019836,0.0
36.0,0.07972577959299088,0.9426344633102417,0.0
36.0,0.0753667801618576,0.9429929852485657,0.0
36.0,0.0710061639547348,0.9433313608169556,0.0
36.0,0.06664403527975082,0.9436495900154114,0.0
36.0,0.062280476093292236,0.9439476132392883,0.0
36.0,0.057915590703487396,0.9442254900932312,0.0
36.0,0.05343625321984291,0.9424864053726196,0.0
36.0,0.049078214913606644,0.9427233338356018,0.0
36.0,0.04471912980079651,0.9429401755332947,0.0
36.0,0.04035909101366997,0.9431368708610535,0.0
36.0,0.035998184233903885,0.9433133602142334,0.0
36.0,0.03156948462128639,0.9414708018302917,0.0
36.0,0.02721637673676014,0.9416067004203796,0.0
36.0,0.022862685844302177,0.9417225122451782,0.0
36.0,0.018508508801460266,0.941818118095398,0.0
36.0,0.014153935015201569,0.9418936371803284,0.0
36.0,0.009799058549106121,0.9419490098953247,0.0
36.0,0.005443972535431385,0.941984236240387,0.0
36.0,0.0010887705720961094,0.9419993162155151,0.0
36.0,-0.0032664549071341753,0.941994309425354,0.0
36.0,-0.007621610537171364,0.9419691562652588,0.0
36.0,-0.011976603418588638,0.9419238567352295,0.0
36.0,-0.01633133925497532,0.9418584108352661,0.0
36.0,-0.020685726776719093,0.9417728185653687,0.0
36.0,-0.0250396728515625,0.9416671395301819,0.0
36.0,-0.029393082484602928,0.941541314125061,0.0
36.0,-0.033745866268873215,0.9413953423500061,0.0
36.0,-0.03809792548418045,0.9412292242050171,0.0
36.0,-0.04244917258620262,0.9410430192947388,0.0
36.0,-0.04679951071739197,0.9408367276191711,0.0
36.0,-0.05114884674549103,0.9406102895736694,0.0
36.0,-0.05549709498882294,0.9403637647628784,0.0
36.0,-0.05984415113925934,0.9400971531867981,0.0
36.0,-0.06418993324041367,0.9398103952407837,0.0
36.0,-0.06853433698415756,0.9395036101341248,0.0
36.0,-0.07287728041410446,0.9391766786575317,0.0
36.0,-0.0772186666727066,0.9388297200202942,0.0
36.0,-0.08155839890241623,0.9384626746177673,0.0
36.0,-0.08589638769626617,0.9380755424499512,0.0
36.0,-0.09042412787675858,0.9396592378616333,0.0
36.0,-0.09476755559444427,0.9392311573028564,0.0
36.0,-0.09910895675420761,0.9387829303741455,0.0
36.0,-0.10366740822792053,0.9403026103973389,0.0
36.0,-0.10801366716623306,0.9398132562637329,0.0
36.0,-0.11235762387514114,0.9393038749694824,0.0
36.0,-0.11669917404651642,0.9387743473052979,0.0
36.0,-0.12103822827339172,0.9382247924804688,0.0
36.0,-0.12563976645469666,0.9396375417709351,0.0
36.0,-0.12998270988464355,0.9390466213226318,0.0
36.0,-0.1343228816986084,0.9384356141090393,0.0
36.0,-0.13866019248962402,0.9378045797348022,0.0
36.0,-0.14329619705677032,0.9391305446624756,0.0
36.0,-0.14763662219047546,0.9384579658508301,0.0
36.0,-0.1519738882780075,0.93776535987854,0.0
36.0,-0.15663696825504303,0.9390255212783813,0.0
36.0,-0.16097676753997803,0.9382912516593933,0.0
36.0,-0.16566039621829987,0.9395065903663635,0.0
36.0,-0.17000232636928558,0.9387306571006775,0.0
36.0,-0.1743406057357788,0.9379346370697021,0.0
36.0,-0.17904974520206451,0.9390831589698792,0.0
36.0,-0.1833895593881607,0.9382452964782715,0.0
36.0,-0.188510924577713,0.9413095116615295,0.0
36.0,-0.1928609311580658,0.9404278993606567,0.0
36.0,-0.19720681011676788,0.9395262002944946,0.0
36.0,-0.2015484869480133,0.9386043548583984,0.0
36.0,-0.2058858424425125,0.9376624822616577,0.0
36.0,-0.2106567770242691,0.9386520981788635,0.0
36.0,-0.21499426662921906,0.9376680850982666,0.0
36.0,-0.21978312730789185,0.9386113882064819,0.0
36.0,-0.2241203337907791,0.9375852346420288,0.0
36.0,-0.22892671823501587,0.9384820461273193,0.0
36.0,-0.23374615609645844,0.939354419708252,0.0
36.0,-0.23808665573596954,0.9382636547088623,0.0
36.0,-0.24292293190956116,0.9390891790390015,0.0
36.0,-0.24726209044456482,0.9379560351371765,0.0
36.0,-0.2521147131919861,0.9387343525886536,0.0
36.0,-0.2569798231124878,0.9394878149032593,0.0
36.0,-0.26132068037986755,0.9382896423339844,0.0
36.0,-0.2662014365196228,0.9389956593513489,0.0
36.0,-0.27053990960121155,0.9377548694610596,0.0
36.0,-0.2754358649253845,0.9384130239486694,0.0
36.0,-0.2803437113761902,0.9390460252761841,0.0
36.0,-0.2846822738647461,0.9377398490905762,0.0
36.0,-0.29019439220428467,0.9402357339859009,0.0
36.0,-0.29453834891319275,0.9388840198516846,0.0
36.0,-0.2994834780693054,0.9394177198410034,0.0
36.0,-0.3038235604763031,0.938023030757904,0.0
36.0,-0.30815714597702026,0.9366083145141602,0.0
36.0,-0.31248414516448975,0.9351736307144165,0.0
36.0,-0.31744706630706787,0.9356127977371216,0.0
36.0,-0.32242071628570557,0.9360260963439941,0.0
36.0,-0.32674485445022583,0.9345254302024841,0.0
36.0,-0.3323996663093567,0.936774492263794,0.0
36.0,-0.33672717213630676,0.9352276921272278,0.0
36.0,-0.3417336642742157,0.9355394840240479,0.0
36.0,-0.34675025939941406,0.9358249306678772,0.0
36.0,-0.3510732352733612,0.934211790561676,0.0
36.0,-0.35681307315826416,0.9363163709640503,0.0
36.0,-0.3611381947994232,0.9346566796302795,0.0
36.0,-0.3669145405292511,0.9367015361785889,0.0
36.0,-0.37271741032600403,0.9387127757072449,0.0
36.0,-0.37705346941947937,0.9369795322418213,0.0
36.0,-0.38213664293289185,0.9370781779289246,0.0
36.0,-0.38646501302719116,0.9353014230728149,0.0
36.0,-0.3915574550628662,0.9353495836257935,0.0
36.0,-0.39587774872779846,0.933529257774353,0.0
36.0,-0.40176820755004883,0.9353642463684082,0.0
36.0,-0.4076840579509735,0.9371646642684937,0.0
36.0,-0.41201257705688477,0.9352697730064392,0.0
36.0,-0.41714704036712646,0.9351814985275269,0.0
36.0,-0.42146629095077515,0.9332428574562073,0.0
36.0,-0.4266080856323242,0.9331032037734985,0.0
36.0,-0.4309176206588745,0.9311208724975586,0.0
36.0,-0.4369146525859833,0.9327408671379089,0.0
36.0,-0.44293591380119324,0.9343253374099731,0.0
36.0,-0.4472509026527405,0.9322674870491028,0.0
36.0,-0.45330315828323364,0.9337881207466125,0.0
36.0,-0.45761555433273315,0.9316823482513428,0.0
36.0,-0.46369826793670654,0.9331387877464294,0.0
36.0,-0.4698041081428528,0.9345588088035583,0.0
36.0,-0.4741199016571045,0.9323767423629761,0.0
36.0,-0.4811698794364929,0.9355103373527527,0.0
36.0,-0.48548996448516846,0.9332757592201233,0.0
36.0,-0.4916619658470154,0.9345611333847046,0.0
36.0,-0.4959775507450104,0.9322779774665833,0.0
36.0,-0.5021774768829346,0.9334975481033325,0.0
36.0,-0.506488025188446,0.9311658143997192,0.0
36.0,-0.5107877254486084,0.928814172744751,0.0
36.0,-1.0981820821762085,1.9752458333969116,0.0
36.0,-1.1073026657104492,1.9701473712921143,0.0
36.0,-1.1163995265960693,1.9650068283081055,0.0
36.0,-1.1254725456237793,1.9598243236541748,0.0
36.0,-1.1385375261306763,1.9615187644958496,0.0
36.0,-1.1475942134857178,1.9562338590621948,0.0
36.0,-1.1566263437271118,1.9509072303771973,0.0
36.0,-1.1656336784362793,1.945538878440857,0.0
36.0,-1.1787595748901367,1.9469724893569946,0.0
36.0,-1.1877485513687134,1.9415018558502197,0.0
36.0,-1.203021764755249,1.9461971521377563,0.0
36.0,-1.2162445783615112,1.947399616241455,0.0
36.0,-1.225235104560852,1.9417556524276733,0.0
36.0,-1.2406500577926636,1.946189045906067,0.0
36.0,-1.2496347427368164,1.9404323101043701,0.0
36.0,-1.2629551887512207,1.9413397312164307,0.0
36.0,-1.2785075902938843,1.945508360862732,0.0
36.0,-1.2874886989593506,1.939576506614685,0.0
36.0,-1.3031249046325684,1.9435701370239258,0.0
36.0,-1.3120968341827393,1.9375245571136475,0.0
36.0,-1.3278154134750366,1.9413424730300903,0.0
36.0,-1.3435970544815063,1.9450560808181763,0.0
36.0,-1.352575421333313,1.9388233423233032,0.0
36.0,-1.3684360980987549,1.9423589706420898,0.0
36.0,-1.3774017095565796,1.9360114336013794,0.0
36.0,-1.3933396339416504,1.9393681287765503,0.0
36.0,-1.402291178703308,1.9329054355621338,0.0
36.0,-1.420668125152588,1.939308762550354,0.0
36.0,-1.4367551803588867,1.9423670768737793,0.0
36.0,-1.4457200765609741,1.9357037544250488,0.0
36.0,-1.4618792533874512,1.9385801553726196,0.0
36.0,-1.4708263874053955,1.9318006038665771,0.0
36.0,-1.4870555400848389,1.9344937801361084,0.0
36.0,-1.5057933330535889,1.9402378797531128,0.0
36.0,-1.5147476196289062,1.9332553148269653,0.0
36.0,-1.5236696004867554,1.9262313842773438,0.0
36.0,-1.5325590372085571,1.9191663265228271,0.0
36.0,-1.5313738584518433,1.8996037244796753,0.0
36.0,-1.5249910354614258,1.873888373374939,0.0
36.0,-1.5336384773254395,1.866817831993103,0.0
36.0,-1.5243793725967407,1.8381544351577759,0.0
36.0,-1.5328614711761475,1.8310869932174683,0.0
36.0,-1.5258203744888306,1.8056490421295166,0.0
36.0,-1.5341522693634033,1.7985752820968628,0.0
36.0,-1.5241819620132446,1.7702443599700928,0.0
36.0,-1.5166069269180298,1.7450637817382812,0.0
36.0,-1.5246587991714478,1.7380332946777344,0.0
36.0,-1.5194196701049805,1.7159919738769531,0.0
36.0,-1.5273370742797852,1.7089487314224243,0.0
36.0,-1.5191460847854614,1.6840482950210571,0.0
36.0,-1.5134509801864624,1.6622183322906494,0.0
36.0,-1.5211198329925537,1.6552033424377441,0.0
36.0,-1.5151551961898804,1.6334896087646484,0.0
36.0,-1.522691249847412,1.626466989517212,0.0
36.0,-1.5137115716934204,1.6019654273986816,0.0
36.0,-1.5072987079620361,1.5804766416549683,0.0
36.0,-1.514589786529541,1.5734909772872925,0.0
36.0,-1.507912039756775,1.5521266460418701,0.0
36.0,-1.515071988105774,1.5451384782791138,0.0
36.0,-1.5109448432922363,1.5267448425292969,0.0
36.0,-1.503853440284729,1.5055924654006958,0.0
36.0,-1.5107983350753784,1.4986236095428467,0.0
36.0,-1.5034466981887817,1.477603554725647,0.0
36.0,-1.510262131690979,1.4706367254257202,0.0
36.0,-1.5026520490646362,1.4497520923614502,0.0
36.0,-1.4977729320526123,1.4317333698272705,0.0
36.0,-1.5043762922286987,1.4247932434082031,0.0
36.0,-1.4992800951004028,1.4068742990493774,0.0
36.0,-1.5057685375213623,1.3999274969100952,0.0
36.0,-1.50045645236969,1.3821107149124146,0.0
36.0,-1.4950121641159058,1.3643732070922852,0.0
36.0,-1.5013041496276855,1.3574466705322266,0.0
36.0,-1.4971363544464111,1.3411496877670288,0.0
36.0,-1.5033210515975952,1.3342136144638062,0.0
36.0,-1.4959558248519897,1.3153630495071411,0.0
36.0,-1.5020211935043335,1.308432698249817,0.0
36.0,-1.4974558353424072,1.2923274040222168,0.0
36.0,-1.4942938089370728,1.2775921821594238,0.0
36.0,-1.5001846551895142,1.2706698179244995,0.0
36.0,-1.49531888961792,1.2547212839126587,0.0
36.0,-1.5011038780212402,1.247794508934021,0.0
36.0,-1.494505524635315,1.2306702136993408,0.0
36.0,-1.4893311262130737,1.2148979902267456,0.0
36.0,-1.4949320554733276,1.2079992294311523,0.0
36.0,-1.4911327362060547,1.1935757398605347,0.0
36.0,-1.49663507938385,1.1866689920425415,0.0
36.0,-1.4926682710647583,1.172324776649475,0.0
36.0,-1.4870222806930542,1.1568148136138916,0.0
36.0,-1.4923547506332397,1.1499273777008057,0.0
36.0,-1.486526370048523,1.134521722793579,0.0
36.0,-1.491755723953247,1.1276367902755737,0.0
36.0,-1.485746145248413,1.1123372316360474,0.0
36.0,-1.4812337160110474,1.0983089208602905,0.0
36.0,-1.4862958192825317,1.0914489030838013,0.0
36.0,-1.483238697052002,1.0786839723587036,0.0
36.0,-1.4882099628448486,1.071814775466919,0.0
36.0,-1.4833797216415405,1.057955026626587,0.0
36.0,-1.4784531593322754,1.0441627502441406,0.0
36.0,-1.4832649230957031,1.0373162031173706,0.0
36.0,-1.4798238277435303,1.024754285812378,0.0
36.0,-1.4845458269119263,1.0179016590118408,0.0
36.0,-1.4809625148773193,1.0054103136062622,0.0
36.0,-1.4756357669830322,0.9918583035469055,0.0
36.0,-1.480205774307251,0.9850252866744995,0.0
36.0,-1.476393461227417,0.9726697206497192,0.0
36.0,-1.4808746576309204,0.9658334255218506,0.0
36.0,-1.4769231081008911,0.9535523653030396,0.0
36.0,-1.4813159704208374,0.9467138051986694,0.0
36.0,-1.4755359888076782,0.9334396719932556,0.0
36.0,-1.471360206604004,0.9213006496429443,0.0
36.0,-1.4756040573120117,0.9144881367683411,0.0
36.0,-1.4712920188903809,0.9024276733398438,0.0
36.0,-1.4686099290847778,0.8914645910263062,0.0
36.0,-1.4727157354354858,0.8846651315689087,0.0
36.0,-1.469913363456726,0.8737589716911316,0.0
36.0,-1.4739373922348022,0.8669536709785461,0.0
36.0,-1.4692870378494263,0.8550998568534851,0.0
36.0,-1.4732247591018677,0.848297655582428,0.0
36.0,-1.4719176292419434,0.8385074138641357,0.0
36.0,-1.4688091278076172,0.8277654647827148,0.0
36.0,-1.4726204872131348,0.8209657669067383,0.0
36.0,-1.4693949222564697,0.8102854490280151,0.0
36.0,-1.4731254577636719,0.8034831881523132,0.0
36.0,-1.468023419380188,0.7919161319732666,0.0
36.0,-1.4646106958389282,0.7813548445701599,0.0
36.0,-1.4682074785232544,0.7745750546455383,0.0
36.0,-1.4664534330368042,0.7650036811828613,0.0
36.0,-1.4699746370315552,0.7582155466079712,0.0
36.0,-1.4663375616073608,0.7477768063545227,0.0
36.0,-1.469779133796692,0.7409893870353699,0.0
36.0,-1.4660292863845825,0.7306177616119385,0.0
36.0,-1.460420846939087,0.7194129824638367,0.0
36.0,-1.4637314081192017,0.7126532196998596,0.0
36.0,-1.4616038799285889,0.7032766938209534,0.0
36.0,-1.459421157836914,0.6939351558685303,0.0
36.0,-1.4626139402389526,0.6871802806854248,0.0
36.0,-1.4585189819335938,0.6770423650741577,0.0
36.0,-1.4616336822509766,0.6702918410301208,0.0
36.0,-1.4592516422271729,0.6610511541366577,0.0
36.0,-1.4568156003952026,0.6518468260765076,0.0
36.0,-1.4598137140274048,0.6451044678688049,0.0
36.0,-1.4572815895080566,0.6359485387802124,0.0
36.0,-1.4602062702178955,0.6292042136192322,0.0
36.0,-1.4557381868362427,0.6193145513534546,0.0
36.0,-1.4585858583450317,0.6125775575637817,0.0
36.0,-1.4558597803115845,0.603529691696167,0.0
36.0,-1.453081488609314,0.5945202112197876,0.0
36.0,-1.4558147192001343,0.5877957344055176,0.0
36.0,-1.4529427289962769,0.578838050365448,0.0
36.0,-1.4556033611297607,0.5721144080162048,0.0
36.0,-1.4545032978057861,0.563932478427887,0.0
36.0,-1.451490879058838,0.5550586581230164,0.0
36.0,-1.4540417194366455,0.5483419299125671,0.0
36.0,-1.4528120756149292,0.5402193665504456,0.0
36.0,-1.455294132232666,0.5334967374801636,0.0
36.0,-1.4521023035049438,0.5247235894203186,0.0
36.0,-1.4488605260849,0.5159913897514343,0.0
36.0,-1.4512306451797485,0.5092872381210327,0.0
36.0,-1.4497894048690796,0.5012651681900024,0.0
36.0,-1.4520914554595947,0.49455690383911133,0.0
36.0,-1.448673963546753,0.485929936170578,0.0
36.0,-1.4452077150344849,0.47734519839286804,0.0
36.0,-1.4473992586135864,0.4706583619117737,0.0
36.0,-1.4457502365112305,0.4627421200275421,0.0
36.0,-1.4478741884231567,0.4560529291629791,0.0
36.0,-1.4461466073989868,0.4481699466705322,0.0
36.0,-1.448203206062317,0.4414790868759155,0.0
36.0,-1.4463971853256226,0.4336300790309906,0.0
36.0,-1.4445499181747437,0.42580726742744446,0.0
36.0,-1.4465030431747437,0.4191240072250366,0.0
36.0,-1.4445782899856567,0.41133636236190796,0.0
36.0,-1.4464645385742188,0.4046531319618225,0.0
36.0,-1.4425344467163086,0.3963715732097626,0.0
36.0,-1.440489649772644,0.38865596055984497,0.0
36.0,-1.4422712326049805,0.3819918930530548,0.0
36.0,-1.440150499343872,0.37431344389915466,0.0
36.0,-1.4418656826019287,0.367651104927063,0.0
36.0,-1.4416097402572632,0.3604956567287445,0.0
36.0,-1.4413186311721802,0.35335052013397217,0.0
36.0,-1.442936897277832,0.34668299555778503,0.0
36.0,-1.4406307935714722,0.33909159898757935,0.0
36.0,-1.4421831369400024,0.33242738246917725,0.0
36.0,-1.439802646636963,0.3248756527900696,0.0
36.0,-1.4412893056869507,0.31821542978286743,0.0
36.0,-1.4388352632522583,0.3107041120529175,0.0
36.0,-1.438299536705017,0.3036354184150696,0.0
36.0,-1.439687967300415,0.29698237776756287,0.0
36.0,-1.4371243715286255,0.28953298926353455,0.0
36.0,-1.4384477138519287,0.2828855514526367,0.0
36.0,-1.4358118772506714,0.275478333234787,0.0
36.0,-1.435104250907898,0.26846933364868164,0.0
36.0,-1.4363301992416382,0.26183146238327026,0.0
36.0,-1.4355560541152954,0.25483837723731995,0.0
36.0,-1.4367189407348633,0.24819853901863098,0.0
36.0,-1.4358787536621094,0.2412220537662506,0.0
36.0,-1.4330309629440308,0.23393642902374268,0.0
36.0,-1.4340972900390625,0.2273084968328476,0.0
36.0,-1.433156132698059,0.22037173807621002,0.0
36.0,-1.4341596364974976,0.21374337375164032,0.0
36.0,-1.4311734437942505,0.2065390944480896,0.0
36.0,-1.4301323890686035,0.19964352250099182,0.0
36.0,-1.4310400485992432,0.19302935898303986,0.0
36.0,-1.4319171905517578,0.186411052942276,0.0
36.0,-1.4327638149261475,0.17978878319263458,0.0
36.0,-1.4296085834503174,0.172682985663414,0.0
36.0,-1.4303916692733765,0.16607153415679932,0.0
36.0,-1.4311442375183105,0.1594565212726593,0.0
36.0,-1.4298774003982544,0.15262581408023834,0.0
36.0,-1.430567741394043,0.14601333439350128,0.0
36.0,-1.4292370080947876,0.13920384645462036,0.0
36.0,-1.4298652410507202,0.13259446620941162,0.0
36.0,-1.4284707307815552,0.1258067935705185,0.0
36.0,-1.429037094116211,0.11920109391212463,0.0
36.0,-1.4295729398727417,0.11259284615516663,0.0
36.0,-1.4260891675949097,0.10568656772375107,0.0
36.0,-1.4265625476837158,0.09909209609031677,0.0
36.0,-1.427005410194397,0.09249550849199295,0.0
36.0,-1.4254214763641357,0.08577680587768555,0.0
36.0,-1.4258028268814087,0.07918563485145569,0.0
36.0,-1.4241563081741333,0.0724911019206047,0.0
36.0,-1.424476146697998,0.06590592116117477,0.0
36.0,-1.424765706062317,0.05931933596730232,0.0
36.0,-1.4230260848999023,0.05265752226114273,0.0
36.0,-1.423254370689392,0.04607778042554855,0.0
36.0,-1.4234521389007568,0.039497051388025284,0.0
36.0,-1.4236195087432861,0.03291548043489456,0.0
36.0,-1.4217568635940552,0.0262962207198143,0.0
36.0,-1.421863317489624,0.019722629338502884,0.0
36.0,-1.4219392538070679,0.013148615136742592,0.0
36.0,-1.4219849109649658,0.006574319209903479,0.0
36.0,-1.4220000505447388,-1.1636915075996512e-07,0.0
37.0,-1.4220000505447388,1.2431519280653447e-07,0.0
37.0,-1.4199848175048828,-0.006565064657479525,0.0
37.0,-1.4199392795562744,-0.013130112551152706,0.0
37.0,-1.4198633432388306,-0.01969487965106964,0.0
37.0,-1.4197571277618408,-0.026259226724505424,0.0
37.0,-1.4196205139160156,-0.03282301127910614,0.0
37.0,-1.4194536209106445,-0.039386097341775894,0.0
37.0,-1.419256329536438,-0.0459483377635479,0.0
37.0,-1.4210275411605835,-0.05258355662226677,0.0
37.0,-1.420769214630127,-0.059152934700250626,0.0
37.0,-1.420480489730835,-0.0657210499048233,0.0
37.0,-1.420161485671997,-0.07228775322437286,0.0
37.0,-1.4198120832443237,-0.07885292172431946,0.0
37.0,-1.4194324016571045,-0.08541639894247055,0.0
37.0,-1.4190223217010498,-0.0919780507683754,0.0
37.0,-1.4185818433761597,-0.09853773564100266,0.0
37.0,-1.4181110858917236,-0.10509531199932098,0.0
37.0,-1.4176100492477417,-0.11165064573287964,0.0
37.0,-1.4190717935562134,-0.11836984008550644,0.0
37.0,-1.4185093641281128,-0.12492947280406952,0.0
37.0,-1.4179165363311768,-0.1314864307641983,0.0
37.0,-1.4172935485839844,-0.13804058730602264,0.0
37.0,-1.4166401624679565,-0.1445917785167694,0.0
37.0,-1.4159564971923828,-0.15113988518714905,0.0
37.0,-1.4152425527572632,-0.15768477320671082,0.0
37.0,-1.4144984483718872,-0.16422627866268158,0.0
37.0,-1.4137240648269653,-0.1707642823457718,0.0
37.0,-1.4129194021224976,-0.1772986203432083,0.0
37.0,-1.4160510301589966,-0.184345543384552,0.0
37.0,-1.415183663368225,-0.19089050590991974,0.0
37.0,-1.416266679763794,-0.1977079063653946,0.0
37.0,-1.4153375625610352,-0.20425371825695038,0.0
37.0,-1.414378046989441,-0.21079516410827637,0.0
37.0,-1.4133883714675903,-0.21733210980892181,0.0
37.0,-1.4143438339233398,-0.2241775244474411,0.0
37.0,-1.4152661561965942,-0.23103637993335724,0.0
37.0,-1.4141827821731567,-0.23757721483707428,0.0
37.0,-1.415040135383606,-0.24445343017578125,0.0
37.0,-1.413894772529602,-0.2509930729866028,0.0
37.0,-1.4127192497253418,-0.25752735137939453,0.0
37.0,-1.4134793281555176,-0.2644239068031311,0.0
37.0,-1.4122416973114014,-0.2709560990333557,0.0
37.0,-1.4129364490509033,-0.27786847949028015,0.0
37.0,-1.4116365909576416,-0.28439804911613464,0.0
37.0,-1.410306692123413,-0.29092150926589966,0.0
37.0,-1.4089465141296387,-0.2974388003349304,0.0
37.0,-1.4095112085342407,-0.30437183380126953,0.0
37.0,-1.4100419282913208,-0.31131646037101746,0.0
37.0,-1.4085874557495117,-0.3178322911262512,0.0
37.0,-1.4110007286071777,-0.32523974776268005,0.0
37.0,-1.4094818830490112,-0.33175987005233765,0.0
37.0,-1.4118224382400513,-0.33920735120773315,0.0
37.0,-1.4102389812469482,-0.34573110938072205,0.0
37.0,-1.4086254835128784,-0.3522474765777588,0.0
37.0,-1.4089198112487793,-0.3592504560947418,0.0
37.0,-1.4072438478469849,-0.36576056480407715,0.0
37.0,-1.4094043970108032,-0.3732869625091553,0.0
37.0,-1.4076634645462036,-0.3797991871833801,0.0
37.0,-1.4078210592269897,-0.38683319091796875,0.0
37.0,-1.407943606376648,-0.3938767611980438,0.0
37.0,-1.4061075448989868,-0.40038201212882996,0.0
37.0,-1.4080833196640015,-0.407991886138916,0.0
37.0,-1.4061819314956665,-0.41449761390686035,0.0
37.0,-1.4061663150787354,-0.4215688407421112,0.0
37.0,-1.4080283641815186,-0.4292319416999817,0.0
37.0,-1.4060288667678833,-0.4357371926307678,0.0
37.0,-1.407814383506775,-0.44343483448028564,0.0
37.0,-1.4057492017745972,-0.44993895292282104,0.0
37.0,-1.4055559635162354,-0.45705196261405945,0.0
37.0,-1.4034278392791748,-0.46354547142982483,0.0
37.0,-1.405061960220337,-0.4713011384010315,0.0
37.0,-1.4066543579101562,-0.47908180952072144,0.0
37.0,-1.4044243097305298,-0.485580176115036,0.0
37.0,-1.4040515422821045,-0.4927304685115814,0.0
37.0,-1.4017584323883057,-0.49921664595603943,0.0
37.0,-1.4031972885131836,-0.5070515275001526,0.0
37.0,-1.402715802192688,-0.5142219662666321,0.0
37.0,-1.4003233909606934,-0.5207017660140991,0.0
37.0,-1.403515100479126,-0.529287576675415,0.0
37.0,-1.4010529518127441,-0.5357708930969238,0.0
37.0,-1.4022904634475708,-0.5436887145042419,0.0
37.0,-1.3997617959976196,-0.5501662492752075,0.0
37.0,-1.4009191989898682,-0.558112382888794,0.0
37.0,-1.4020328521728516,-0.5660809278488159,0.0
37.0,-1.3994007110595703,-0.5725570321083069,0.0
37.0,-1.4022812843322754,-0.5813185572624207,0.0
37.0,-1.39957857131958,-0.587795615196228,0.0
37.0,-1.400526762008667,-0.5958260297775269,0.0
37.0,-1.401430606842041,-0.6038777232170105,0.0
37.0,-1.3986237049102783,-0.6103506088256836,0.0
37.0,-1.4012748003005981,-0.619235634803772,0.0
37.0,-1.3983968496322632,-0.6257076263427734,0.0
37.0,-1.3991327285766602,-0.6338168382644653,0.0
37.0,-1.4016412496566772,-0.6427798867225647,0.0
37.0,-1.3986544609069824,-0.6492533087730408,0.0
37.0,-1.399258017539978,-0.6574137806892395,0.0
37.0,-1.396203637123108,-0.6638760566711426,0.0
37.0,-1.3985260725021362,-0.6729256510734558,0.0
37.0,-1.3953999280929565,-0.6793843507766724,0.0
37.0,-1.397626280784607,-0.6884799599647522,0.0
37.0,-1.3944282531738281,-0.6949343085289001,0.0
37.0,-1.3965580463409424,-0.7040749192237854,0.0
37.0,-1.3968513011932373,-0.7123413681983948,0.0
37.0,-1.393543004989624,-0.7187919616699219,0.0
37.0,-1.397297739982605,-0.7289272546768188,0.0
37.0,-1.393912672996521,-0.735379695892334,0.0
37.0,-1.3957916498184204,-0.7446406483650208,0.0
37.0,-1.3993748426437378,-0.7548840641975403,0.0
37.0,-1.3958698511123657,-0.7613458633422852,0.0
37.0,-1.3975889682769775,-0.7706886529922485,0.0
37.0,-1.3940107822418213,-0.7771419882774353,0.0
37.0,-1.3956300020217896,-0.7865244746208191,0.0
37.0,-1.3954542875289917,-0.7949485182762146,0.0
37.0,-1.3917640447616577,-0.8013917207717896,0.0
37.0,-1.3949583768844604,-0.8118418455123901,0.0
37.0,-1.3911899328231812,-0.8182825446128845,0.0
37.0,-1.3942686319351196,-0.8287935853004456,0.0
37.0,-1.390421986579895,-0.8352309465408325,0.0
37.0,-1.391674518585205,-0.8447638750076294,0.0
37.0,-1.394573450088501,-0.8553718328475952,0.0
37.0,-1.3906038999557495,-0.8618103265762329,0.0
37.0,-1.3933850526809692,-0.8724759817123413,0.0
37.0,-1.389336347579956,-0.8789088129997253,0.0
37.0,-1.3919987678527832,-0.889630913734436,0.0
37.0,-1.3878707885742188,-0.89605712890625,0.0
37.0,-1.3904139995574951,-0.9068344831466675,0.0
37.0,-1.392886996269226,-0.9176544547080994,0.0
37.0,-1.38862943649292,-0.924084484577179,0.0
37.0,-1.3909817934036255,-0.9349575638771057,0.0
37.0,-1.3866442441940308,-0.9413785934448242,0.0
37.0,-1.388875126838684,-0.9523035287857056,0.0
37.0,-1.3926786184310913,-0.9644076824188232,0.0
37.0,-1.3882049322128296,-0.9708362817764282,0.0
37.0,-1.3902361392974854,-0.9818592071533203,0.0
37.0,-1.3856818675994873,-0.9882762432098389,0.0
37.0,-1.3892123699188232,-1.000516414642334,0.0
37.0,-1.3845717906951904,-1.006928563117981,0.0
37.0,-1.3863496780395508,-1.0180542469024658,0.0
37.0,-1.380021572113037,-1.0232617855072021,0.0
37.0,-1.3752758502960205,-1.02963125705719,0.0
37.0,-1.3641189336776733,-1.0311545133590698,0.0
37.0,-1.3593369722366333,-1.0374503135681152,0.0
37.0,-1.3450204133987427,-1.036399483680725,0.0
37.0,-1.3260071277618408,-1.0315545797348022,0.0
37.0,-1.3212237358093262,-1.0376741886138916,0.0
37.0,-1.305441975593567,-1.0350735187530518,0.0
37.0,-1.300642490386963,-1.0410979986190796,0.0
37.0,-1.2818148136138916,-1.0357871055603027,0.0
37.0,-1.2770122289657593,-1.0417022705078125,0.0
37.0,-1.259831190109253,-1.0374244451522827,0.0
37.0,-1.2427172660827637,-1.0330102443695068,0.0
37.0,-1.2379279136657715,-1.0387446880340576,0.0
37.0,-1.2209031581878662,-1.0341157913208008,0.0
37.0,-1.205467939376831,-1.0306516885757446,0.0
37.0,-1.2006900310516357,-1.036213994026184,0.0
37.0,-1.186838150024414,-1.0338720083236694,0.0
37.0,-1.1820454597473145,-1.0393481254577637,0.0
37.0,-1.1652607917785645,-1.0341814756393433,0.0
37.0,-1.1500390768051147,-1.0302165746688843,0.0
37.0,-1.1452637910842896,-1.0355225801467896,0.0
37.0,-1.1316001415252686,-1.032717227935791,0.0
37.0,-1.1268134117126465,-1.0379379987716675,0.0
37.0,-1.111749291419983,-1.0336041450500488,0.0
37.0,-1.0967495441436768,-1.0291531085968018,0.0
37.0,-1.091979742050171,-1.0342128276824951,0.0
37.0,-1.077066421508789,-1.0295765399932861,0.0
37.0,-1.07229483127594,-1.0345453023910522,0.0
37.0,-1.0589029788970947,-1.0311200618743896,0.0
37.0,-1.054124355316162,-1.0360047817230225,0.0
37.0,-1.0408036708831787,-1.0324163436889648,0.0
37.0,-1.0289523601531982,-1.0301421880722046,0.0
37.0,-1.0241786241531372,-1.0348883867263794,0.0
37.0,-1.010981559753418,-1.031044363975525,0.0
37.0,-0.9992356300354004,-1.028535008430481,0.0
37.0,-0.9944696426391602,-1.0331437587738037,0.0
37.0,-0.9827808737754822,-1.030493974685669,0.0
37.0,-0.9780060052871704,-1.0350266695022583,0.0
37.0,-0.9663759469985962,-1.03223717212677,0.0
37.0,-0.9615931510925293,-1.036694049835205,0.0
37.0,-0.948669970035553,-1.0322932004928589,0.0
37.0,-0.9358082413673401,-1.0277951955795288,0.0
37.0,-0.9310463666915894,-1.0321108102798462,0.0
37.0,-0.9196008443832397,-1.028948187828064,0.0
37.0,-0.9148337841033936,-1.033188819885254,0.0
37.0,-0.9047715663909912,-1.0313934087753296,0.0
37.0,-0.8934336304664612,-1.0280176401138306,0.0
37.0,-0.8886711597442627,-1.032137393951416,0.0
37.0,-0.8786979913711548,-1.0301483869552612,0.0
37.0,-0.8739258646965027,-1.0341999530792236,0.0
37.0,-0.8639997839927673,-1.0320950746536255,0.0
37.0,-0.8515586256980896,-1.0268417596817017,0.0
37.0,-0.8468020558357239,-1.030767798423767,0.0
37.0,-0.8369777202606201,-1.0284669399261475,0.0
37.0,-0.832213819026947,-1.0323256254196167,0.0
37.0,-0.8236880898475647,-1.0314737558364868,0.0
37.0,-0.813947319984436,-1.0289965867996216,0.0
37.0,-0.8091811537742615,-1.0327486991882324,0.0
37.0,-0.7982666492462158,-1.0285788774490356,0.0
37.0,-0.7935026288032532,-1.0322585105895996,0.0
37.0,-0.7838754057884216,-1.0295510292053223,0.0
37.0,-0.7742902636528015,-1.0267767906188965,0.0
37.0,-0.7695348262786865,-1.0303456783294678,0.0
37.0,-0.758816123008728,-1.025852918624878,0.0
37.0,-0.7540650963783264,-1.0293502807617188,0.0
37.0,-0.7457746267318726,-1.0279690027236938,0.0
37.0,-0.7363461256027222,-1.0249089002609253,0.0
37.0,-0.731599748134613,-1.0283023118972778,0.0
37.0,-0.7245339155197144,-1.028403878211975,0.0
37.0,-0.7197715044021606,-1.0317426919937134,0.0
37.0,-0.710446834564209,-1.0284771919250488,0.0
37.0,-0.7056841850280762,-1.0317507982254028,0.0
37.0,-0.6964206695556641,-1.0283784866333008,0.0
37.0,-0.6883172988891602,-1.0266036987304688,0.0
37.0,-0.6835635304450989,-1.0297751426696777,0.0
37.0,-0.6755001544952393,-1.0279103517532349,0.0
37.0,-0.6707404851913452,-1.0310224294662476,0.0
37.0,-0.6616350412368774,-1.0273865461349487,0.0
37.0,-0.6536526679992676,-1.0253751277923584,0.0
37.0,-0.6489050388336182,-1.0283862352371216,0.0
37.0,-0.6409651637077332,-1.0262863636016846,0.0
37.0,-0.6362134218215942,-1.0292388200759888,0.0
37.0,-0.6283168792724609,-1.0270510911941528,0.0
37.0,-0.6214901208877563,-1.0265233516693115,0.0
37.0,-0.6167374849319458,-1.0293856859207153,0.0
37.0,-0.6089117527008057,-1.0270649194717407,0.0
37.0,-0.6041567921638489,-1.0298691987991333,0.0
37.0,-0.5963768362998962,-1.0274622440338135,0.0
37.0,-0.5886321663856506,-1.0250054597854614,0.0
37.0,-0.5838868618011475,-1.027716040611267,0.0
37.0,-0.5761893391609192,-1.0251740217208862,0.0
37.0,-0.5714434385299683,-1.0278270244598389,0.0
37.0,-0.5647578239440918,-1.026953101158142,0.0
37.0,-0.5580925345420837,-1.0260393619537354,0.0
37.0,-0.5533427596092224,-1.0286086797714233,0.0
37.0,-0.5457631349563599,-1.0258588790893555,0.0
37.0,-0.5410143733024597,-1.0283712148666382,0.0
37.0,-0.5334851741790771,-1.025538682937622,0.0
37.0,-0.5269083976745605,-1.0244370698928833,0.0
37.0,-0.5221664309501648,-1.0268622636795044,0.0
37.0,-0.5156167149543762,-1.0256916284561157,0.0
37.0,-0.5108690857887268,-1.0280646085739136,0.0
37.0,-0.5034652948379517,-1.0250300168991089,0.0
37.0,-0.49872082471847534,-1.0273468494415283,0.0
37.0,-0.4922355115413666,-1.026035189628601,0.0
37.0,-0.4849162697792053,-1.0228784084320068,0.0
37.0,-0.4801819324493408,-1.0251094102859497,0.0
37.0,-0.47375738620758057,-1.0236884355545044,0.0
37.0,-0.46901941299438477,-1.0258678197860718,0.0
37.0,-0.46262505650520325,-1.0243797302246094,0.0
37.0,-0.4562545716762543,-1.0228546857833862,0.0
37.0,-0.4515206515789032,-1.0249532461166382,0.0
37.0,-0.4459792673587799,-1.025195837020874,0.0
37.0,-0.44123464822769165,-1.0272468328475952,0.0
37.0,-0.43491891026496887,-1.0255931615829468,0.0
37.0,-0.42862799763679504,-1.0239033699035645,0.0
37.0,-0.42388951778411865,-1.025874137878418,0.0
37.0,-0.4176315367221832,-1.0241190195083618,0.0
37.0,-0.4128921926021576,-1.0260390043258667,0.0
37.0,-0.40666791796684265,-1.024219274520874,0.0
37.0,-0.4011988043785095,-1.0242263078689575,0.0
37.0,-0.3964591324329376,-1.026070237159729,0.0
37.0,-0.3917109966278076,-1.0278922319412231,0.0
37.0,-0.3869544565677643,-1.02969229221344,0.0
37.0,-0.38218969106674194,-1.0314702987670898,0.0
37.0,-0.37604427337646484,-1.0294691324234009,0.0
37.0,-0.37128064036369324,-1.0311967134475708,0.0
37.0,-0.36584025621414185,-1.0310174226760864,0.0
37.0,-0.36106956005096436,-1.0326977968215942,0.0
37.0,-0.3549884855747223,-1.0305742025375366,0.0
37.0,-0.3502199649810791,-1.032204508781433,0.0
37.0,-0.3448100984096527,-1.0319157838821411,0.0
37.0,-0.3387853503227234,-1.0296992063522339,0.0
37.0,-0.33402103185653687,-1.031254529953003,0.0
37.0,-0.3280346691608429,-1.0289767980575562,0.0
37.0,-0.32327380776405334,-1.030482530593872,0.0
37.0,-0.31791621446609497,-1.0300549268722534,0.0
37.0,-0.3119885325431824,-1.027686357498169,0.0
37.0,-0.3072338104248047,-1.0291178226470947,0.0
37.0,-0.30190926790237427,-1.0286082029342651,0.0
37.0,-0.2971504032611847,-1.0299930572509766,0.0
37.0,-0.29183971881866455,-1.029431700706482,0.0
37.0,-0.2870771586894989,-1.0307700634002686,0.0
37.0,-0.28178074955940247,-1.0301570892333984,0.0
37.0,-0.2759774327278137,-1.027585744857788,0.0
37.0,-0.2712235748767853,-1.0288506746292114,0.0
37.0,-0.26596304774284363,-1.0281574726104736,0.0
37.0,-0.26071470975875854,-1.027437448501587,0.0
37.0,-0.25596168637275696,-1.0286318063735962,0.0
37.0,-0.2507292628288269,-1.02786123752594,0.0
37.0,-0.24597439169883728,-1.029009461402893,0.0
37.0,-0.2407582849264145,-1.0281884670257568,0.0
37.0,-0.23600201308727264,-1.0292905569076538,0.0
37.0,-0.2308027595281601,-1.0284192562103271,0.0
37.0,-0.22561660408973694,-1.0275218486785889,0.0
37.0,-0.22086356580257416,-1.028554081916809,0.0
37.0,-0.21569494903087616,-1.027606725692749,0.0
37.0,-0.2109416425228119,-1.0285929441452026,0.0
37.0,-0.20579108595848083,-1.0275962352752686,0.0
37.0,-0.2006542831659317,-1.026573896408081,0.0
37.0,-0.1959058940410614,-1.0274906158447266,0.0
37.0,-0.19115333259105682,-1.0283854007720947,0.0
37.0,-0.18639668822288513,-1.029258131980896,0.0
37.0,-0.18128874897956848,-1.028139352798462,0.0
37.0,-0.17585696280002594,-1.0250240564346313,0.0
37.0,-0.17111600935459137,-1.025826096534729,0.0
37.0,-0.1660514622926712,-1.0246320962905884,0.0
37.0,-0.16131243109703064,-1.0253888368606567,0.0
37.0,-0.15626828372478485,-1.024146556854248,0.0
37.0,-0.15153160691261292,-1.0248581171035767,0.0
37.0,-0.14650830626487732,-1.0235679149627686,0.0
37.0,-0.14150016009807587,-1.022253155708313,0.0
37.0,-0.13677239418029785,-1.0228965282440186,0.0
37.0,-0.13204170763492584,-1.0235178470611572,0.0
37.0,-0.127308189868927,-1.0241174697875977,0.0
37.0,-0.12233441323041916,-1.0227092504501343,0.0
37.0,-0.11737637966871262,-1.0212770700454712,0.0
37.0,-0.11265338212251663,-1.0218087434768677,0.0
37.0,-0.10792797803878784,-1.022318720817566,0.0
37.0,-0.103200264275074,-1.0228067636489868,0.0
37.0,-0.09847034513950348,-1.02327299118042,0.0
37.0,-0.09373831748962402,-1.0237172842025757,0.0
37.0,-0.08900429308414459,-1.0241397619247437,0.0
37.0,-0.08426836133003235,-1.0245403051376343,0.0
37.0,-0.07953062653541565,-1.0249189138412476,0.0
37.0,-0.07464569061994553,-1.0232809782028198,0.0
37.0,-0.06991388648748398,-1.0236152410507202,0.0
37.0,-0.06518058478832245,-1.0239274501800537,0.0
37.0,-0.06032806262373924,-1.0222214460372925,0.0
37.0,-0.05560130625963211,-1.0224894285202026,0.0
37.0,-0.05087336152791977,-1.022735595703125,0.0
37.0,-0.046144332736730576,-1.02295982837677,0.0
37.0,-0.04141431301832199,-1.0231622457504272,0.0
37.0,-0.03668341040611267,-1.0233427286148071,0.0
37.0,-0.031951725482940674,-1.0235013961791992,0.0
37.0,-0.02716618962585926,-1.0216388702392578,0.0
37.0,-0.02244248241186142,-1.0217535495758057,0.0
37.0,-0.017718294635415077,-1.0218462944030762,0.0
37.0,-0.013019159436225891,-1.023917317390442,0.0
37.0,-0.008285068906843662,-1.0239665508270264,0.0
37.0,-0.0035438663326203823,-1.0219937562942505,0.0
37.0,0.0011812294833362103,-1.0219992399215698,0.0
37.0,0.005906300153583288,-1.0219829082489014,0.0
37.0,0.010631244629621506,-1.0219446420669556,0.0
37.0,0.01535596139729023,-1.021884560585022,0.0
37.0,0.02008035033941269,-1.0218026638031006,0.0
37.0,0.024804310873150826,-1.0216989517211914,0.0
37.0,0.029527738690376282,-1.0215733051300049,0.0
37.0,0.03425053879618645,-1.0214258432388306,0.0
37.0,0.038972605019807816,-1.0212565660476685,0.0
37.0,0.04369383677840233,-1.0210654735565186,0.0
37.0,0.048414137214422226,-1.0208525657653809,0.0
37.0,0.05313339829444885,-1.0206178426742554,0.0
37.0,0.05785152688622475,-1.020361304283142,0.0
37.0,0.06256841868162155,-1.0200828313827515,0.0
37.0,0.06728397309780121,-1.0197826623916626,0.0
37.0,0.07213899493217468,-1.0214558839797974,0.0
37.0,0.07686079293489456,-1.0211113691329956,0.0
37.0,0.08158095180988312,-1.0207451581954956,0.0
37.0,0.0862993597984314,-1.0203570127487183,0.0
37.0,0.09101593494415283,-1.0199471712112427,0.0
37.0,0.09573055803775787,-1.0195153951644897,0.0
37.0,0.10044313222169876,-1.0190619230270386,0.0
37.0,0.10515356063842773,-1.0185866355895996,0.0
37.0,0.10986173897981644,-1.0180896520614624,0.0
37.0,0.1145675778388977,-1.0175708532333374,0.0
37.0,0.11927095800638199,-1.0170302391052246,0.0
37.0,0.12397179752588272,-1.0164679288864136,0.0
37.0,0.12866997718811035,-1.0158839225769043,0.0
37.0,0.13362589478492737,-1.0172611474990845,0.0
37.0,0.13832764327526093,-1.0166324377059937,0.0
37.0,0.1430264264345169,-1.0159820318222046,0.0
37.0,0.14772216975688934,-1.0153099298477173,0.0
37.0,0.15271183848381042,-1.0165938138961792,0.0
37.0,0.15741030871868134,-1.0158770084381104,0.0
37.0,0.16210539638996124,-1.0151383876800537,0.0
37.0,0.1671215295791626,-1.0163514614105225,0.0
37.0,0.17181871831417084,-1.0155678987503052,0.0
37.0,0.1765122264623642,-1.0147627592086792,0.0
37.0,0.1812019646167755,-1.0139358043670654,0.0
37.0,0.186248779296875,-1.0150543451309204,0.0
37.0,0.19130980968475342,-1.0161479711532593,0.0
37.0,0.19600580632686615,-1.0152525901794434,0.0
37.0,0.20069760084152222,-1.0143355131149292,0.0
37.0,0.20538510382175446,-1.0133967399597168,0.0
37.0,0.21047453582286835,-1.0143946409225464,0.0
37.0,0.21557757258415222,-1.015367031097412,0.0
37.0,0.22026969492435455,-1.014359474182129,0.0
37.0,0.22539053857326508,-1.0152827501296997,0.0
37.0,0.23008215427398682,-1.0142297744750977,0.0
37.0,0.23567183315753937,-1.0170520544052124,0.0
37.0,0.24037152528762817,-1.0159515142440796,0.0
37.0,0.24553555250167847,-1.0167734622955322,0.0
37.0,0.25119075179100037,-1.0195112228393555,0.0
37.0,0.25590163469314575,-1.018338918685913,0.0
37.0,0.2606070637702942,-1.0171449184417725,0.0
37.0,0.26530691981315613,-1.0159292221069336,0.0
37.0,0.27051541209220886,-1.0166245698928833,0.0
37.0,0.2757359743118286,-1.0172933340072632,0.0
37.0,0.28043636679649353,-1.016007661819458,0.0
37.0,0.28567177057266235,-1.0166256427764893,0.0
37.0,0.2903689742088318,-1.0152939558029175,0.0
37.0,0.2950599491596222,-1.013940691947937,0.0
37.0,0.3003123104572296,-1.0144833326339722,0.0
37.0,0.304999440908432,-1.013084053993225,0.0
37.0,0.3102654218673706,-1.0135754346847534,0.0
37.0,0.31494826078414917,-1.0121301412582397,0.0
37.0,0.3202274441719055,-1.0125702619552612,0.0
37.0,0.32490551471710205,-1.0110788345336914,0.0
37.0,0.330197274684906,-1.0114670991897583,0.0
37.0,0.3361290395259857,-1.0137263536453247,0.0
37.0,0.3408122956752777,-1.0121614933013916,0.0
37.0,0.34678223729133606,-1.014359951019287,0.0
37.0,0.3514682948589325,-1.0127458572387695,0.0
37.0,0.35747572779655457,-1.0148828029632568,0.0
37.0,0.36216408014297485,-1.0132192373275757,0.0
37.0,0.3675265610218048,-1.0134141445159912,0.0
37.0,0.3728986084461212,-1.0135811567306519,0.0
37.0,0.37758079171180725,-1.0118463039398193,0.0
37.0,0.38296276330947876,-1.0119602680206299,0.0
37.0,0.38763734698295593,-1.010178804397583,0.0
37.0,0.39302876591682434,-1.0102397203445435,0.0
37.0,0.3984290063381195,-1.0102723836898804,0.0
37.0,0.40309563279151917,-1.0084195137023926,0.0
37.0,0.41000640392303467,-1.0121060609817505,0.0
37.0,0.4146813750267029,-1.0101996660232544,0.0
37.0,0.42088353633880615,-1.0119649171829224,0.0
37.0,0.427110880613327,-1.013694405555725,0.0
37.0,0.4317930042743683,-1.0117088556289673,0.0
37.0,0.4372594654560089,-1.0115375518798828,0.0
37.0,0.44193148612976074,-1.0095051527023315,0.0
37.0,0.4482150971889496,-1.0111078023910522,0.0
37.0,0.4528850317001343,-1.009024739265442,0.0
37.0,0.45920008420944214,-1.0105618238449097,0.0
37.0,0.46637481451034546,-1.0138790607452393,0.0
37.0,0.47105735540390015,-1.0117119550704956,0.0
37.0,0.4782874882221222,-1.0149507522583008,0.0
37.0,0.4829748868942261,-1.0127285718917847,0.0
37.0,0.48852118849754333,-1.0122859477996826,0.0
37.0,0.49319612979888916,-1.0100165605545044,0.0
37.0,0.49874645471572876,-1.0095187425613403,0.0
37.0,0.5060909390449524,-1.0125689506530762,0.0
37.0,0.5107670426368713,-1.0102182626724243,0.0
37.0,0.5172535181045532,-1.0114073753356934,0.0
37.0,0.5219240784645081,-1.009005069732666,0.0
37.0,0.5293647646903992,-1.0118976831436157,0.0
37.0,0.5349727869033813,-1.0112073421478271,0.0
37.0,0.5396422743797302,-1.0087231397628784,0.0
37.0,0.5462033152580261,-1.0097355842590332,0.0
37.0,0.5508658289909363,-1.0071995258331299,0.0
37.0,0.5584200620651245,-1.0098927021026611,0.0
37.0,0.5630831718444824,-1.0073000192642212,0.0
37.0,0.5706861019134521,-1.0099095106124878,0.0
37.0,0.5783251523971558,-1.0124702453613281,0.0
37.0,0.5829999446868896,-1.0097856521606445,0.0
37.0,0.5896783471107483,-1.0105341672897339,0.0
37.0,0.5943440794944763,-1.007797122001648,0.0
37.0,0.6000211238861084,-1.0067565441131592,0.0
37.0,0.6046693325042725,-1.0039716958999634,0.0
37.0,0.6113840937614441,-1.0045822858810425,0.0
37.0,0.6202127933502197,-1.0085594654083252,0.0
37.0,0.6248691082000732,-1.0056811571121216,0.0
37.0,0.6337655186653137,-1.0095570087432861,0.0
37.0,0.6384263038635254,-1.0066161155700684,0.0
37.0,0.6463103294372559,-1.008705496788025,0.0
37.0,0.6531406044960022,-1.0090645551681519,0.0
37.0,0.6577989459037781,-1.0060341358184814,0.0
37.0,0.6646475791931152,-1.0063197612762451,0.0
37.0,0.6692931056022644,-1.0032360553741455,0.0
37.0,0.677277147769928,-1.005106806755066,0.0
37.0,0.6875432729721069,-1.0102317333221436,0.0
37.0,0.692206621170044,-1.0070421695709229,0.0
37.0,0.7002766728401184,-1.0087599754333496,0.0
37.0,0.7049331068992615,-1.0055115222930908,0.0
37.0,0.7118856906890869,-1.005506157875061,0.0
37.0,0.7165269255638123,-1.002204179763794,0.0
37.0,0.7246649265289307,-1.003745436668396,0.0
37.0,0.7292978763580322,-1.0003842115402222,0.0
37.0,0.7386578321456909,-1.0034444332122803,0.0
37.0,0.7480615377426147,-1.006439208984375,0.0
37.0,0.7527066469192505,-1.0029698610305786,0.0
37.0,0.76216721534729,-1.0058553218841553,0.0
37.0,0.7668095231056213,-1.0023208856582642,0.0
37.0,0.7763256430625916,-1.005096197128296,0.0
37.0,0.784653902053833,-1.006227731704712,0.0
37.0,0.7892976999282837,-1.002589225769043,0.0
37.0,0.7989022135734558,-1.0051921606063843,0.0
37.0,0.8035410642623901,-1.0014878511428833,0.0
37.0,0.8144568204879761,-1.0055327415466309,0.0
37.0,0.8241610527038574,-1.007949709892273,0.0
37.0,0.8288123607635498,-1.0041285753250122,0.0
37.0,0.839847207069397,-1.0079686641693115,0.0
37.0,0.8444984555244446,-1.0040749311447144,0.0
37.0,0.8530148267745972,-1.0047335624694824,0.0
37.0,0.8576509356498718,-1.0007790327072144,0.0
37.0,0.8688110113143921,-1.004366159439087,0.0
37.0,0.8800225257873535,-1.0078712701797485,0.0
37.0,0.8846728801727295,-1.0037918090820312,0.0
37.0,0.8946214914321899,-1.005668044090271,0.0
37.0,0.899261474609375,-1.0015212297439575,0.0
37.0,0.9092545509338379,-1.0032806396484375,0.0
37.0,0.91388338804245,-0.9990661144256592,0.0
37.0,0.9252762198448181,-1.0021775960922241,0.0
37.0,0.9380807280540466,-1.0066680908203125,0.0
37.0,0.9427249431610107,-1.0023202896118164,0.0
37.0,0.9542337656021118,-1.0052034854888916,0.0
37.0,0.9588709473609924,-1.0007809400558472,0.0
37.0,0.9732198715209961,-1.0064010620117188,0.0
37.0,0.9778624176979065,-1.001890778541565,0.0
37.0,0.9951160550117493,-1.0101821422576904,0.0
37.0,1.0124669075012207,-1.018335223197937,0.0
37.0,1.0171642303466797,-1.0136433839797974,0.0
37.0,1.036071538925171,-1.0229817628860474,0.0
37.0,1.04079008102417,-1.0181806087493896,0.0
37.0,1.0627198219299316,-1.0300614833831787,0.0
37.0,1.0674707889556885,-1.025137186050415,0.0
37.0,1.0866881608963013,-1.0339772701263428,0.0
37.0,1.1074649095535278,-1.044033169746399,0.0
37.0,1.1122801303863525,-1.0389018058776855,0.0
37.0,1.1332184076309204,-1.048690676689148,0.0
37.0,1.1380547285079956,-1.0434402227401733,0.0
37.0,1.1621119976043701,-1.0556495189666748,0.0
37.0,1.166980266571045,-1.0502653121948242,0.0
37.0,1.1882439851760864,-1.0595000982284546,0.0
37.0,1.2081187963485718,-1.0672361850738525,0.0
37.0,1.2130401134490967,-1.0616391897201538,0.0
37.0,1.2360684871673584,-1.0717419385910034,0.0
37.0,1.2410104274749756,-1.066015601158142,0.0
37.0,1.267249584197998,-1.0784130096435547,0.0
37.0,1.2722219228744507,-1.072542428970337,0.0
37.0,1.297122836112976,-1.0833154916763306,0.0
37.0,1.1709620952606201,-0.9597103595733643,0.0
37.0,1.175386667251587,-0.9542863368988037,0.0
37.0,1.1797860860824585,-0.9488418698310852,0.0
37.0,1.1841603517532349,-0.9433771371841431,0.0
37.0,1.2104896306991577,-0.9552376866340637,0.0
37.0,1.214893102645874,-0.9496309161186218,0.0
37.0,1.2192705869674683,-0.9440038800239563,0.0
37.0,1.2236220836639404,-0.9383566379547119,0.0
37.0,1.2502447366714478,-0.9496253132820129,0.0
37.0,1.2769972085952759,-0.9606675505638123,0.0
37.0,1.28142511844635,-0.9547532796859741,0.0
37.0,1.3115742206573486,-0.9678186178207397,0.0
37.0,1.3160347938537598,-0.9617444276809692,0.0
37.0,1.3463904857635498,-0.9744107723236084,0.0
37.0,1.3508812189102173,-0.9681755304336548,0.0
37.0,1.3814387321472168,-0.9804403185844421,0.0
37.0,1.4121378660202026,-0.9924427270889282,0.0
37.0,1.4167112112045288,-0.9859033226966858,0.0
37.0,1.4476042985916138,-0.9974998235702515,0.0
37.0,1.4522006511688232,-0.9907963275909424,0.0
37.0,1.4766534566879272,-0.9975060820579529,0.0
37.0,1.4812495708465576,-0.9906682968139648,0.0
37.0,1.5024898052215576,-0.9948509931564331,0.0
37.0,1.527145266532898,-1.0010510683059692,0.0
37.0,1.5317572355270386,-0.993979811668396,0.0
37.0,1.5582119226455688,-1.0009393692016602,0.0
37.0,1.562822937965393,-0.9937244653701782,0.0
37.0,1.5792492628097534,-0.9939456582069397,0.0
37.0,1.575339913368225,-0.981346070766449,0.0
37.0,1.5798602104187012,-0.9740521907806396,0.0
37.0,1.5758103132247925,-0.9615287780761719,0.0
37.0,1.580238938331604,-0.9542329907417297,0.0
37.0,1.5760496854782104,-0.9417871832847595,0.0
37.0,1.5803871154785156,-0.934490442276001,0.0
37.0,1.579512119293213,-0.9241437911987305,0.0
37.0,1.5768442153930664,-0.9128232598304749,0.0
37.0,1.581047773361206,-0.9055231213569641,0.0
37.0,1.5869574546813965,-0.8991896510124207,0.0
37.0,1.5910978317260742,-0.8918429017066956,0.0
37.0,1.6091971397399902,-0.8922357559204102,0.0
37.0,1.6308410167694092,-0.8944035172462463,0.0
37.0,1.6349587440490723,-0.8868539929389954,0.0
37.0,1.6549031734466553,-0.8877946734428406,0.0
37.0,1.6589901447296143,-0.8801339864730835,0.0
37.0,1.6754391193389893,-0.8789583444595337,0.0
37.0,1.6794849634170532,-0.8712027668952942,0.0
37.0,1.4563738107681274,-0.7049110531806946,0.0
37.0,1.459617257118225,-0.6981701254844666,0.0
37.0,1.46282958984375,-0.6914143562316895,0.0
37.0,1.466010570526123,-0.6846437454223633,0.0
37.0,1.4855045080184937,-0.68539959192276,0.0
37.0,1.4886574745178223,-0.6785241961479187,0.0
37.0,1.5063680410385132,-0.6782028675079346,0.0
37.0,1.509487509727478,-0.6712310910224915,0.0
37.0,1.5272244215011597,-0.6706783771514893,0.0
37.0,1.5303088426589966,-0.6636102795600891,0.0
37.0,1.5480692386627197,-0.6628256440162659,0.0
37.0,1.5603280067443848,-0.6595547199249268,0.0
37.0,1.5633606910705566,-0.6523337364196777,0.0
37.0,1.5682092905044556,-0.6458603739738464,0.0
37.0,1.5711785554885864,-0.6386030316352844,0.0
37.0,1.5685455799102783,-0.629098653793335,0.0
37.0,1.565858244895935,-0.6196321845054626,0.0
37.0,1.5687062740325928,-0.6123860478401184,0.0
37.0,1.5659215450286865,-0.6029707193374634,0.0
37.0,1.5686925649642944,-0.5957244634628296,0.0
37.0,1.5658111572265625,-0.586361289024353,0.0
37.0,1.5647529363632202,-0.5777302384376526,0.0
37.0,1.567407250404358,-0.5704895853996277,0.0
37.0,1.5662630796432495,-0.5618861317634583,0.0
37.0,1.568844199180603,-0.5546387434005737,0.0
37.0,1.565725564956665,-0.5454056859016418,0.0
37.0,1.5682305097579956,-0.5381609201431274,0.0
37.0,1.5650177001953125,-0.5289834141731262,0.0
37.0,1.563651442527771,-0.5204788446426392,0.0
37.0,1.566041111946106,-0.5132439136505127,0.0
37.0,1.564590573310852,-0.5047699213027954,0.0
37.0,1.566907525062561,-0.49753081798553467,0.0
37.0,1.5634640455245972,-0.4884917438030243,0.0
37.0,1.5618822574615479,-0.48008278012275696,0.0
37.0,1.5640852451324463,-0.4728564918041229,0.0
37.0,1.5624206066131592,-0.46448028087615967,0.0
37.0,1.5645513534545898,-0.4572516679763794,0.0
37.0,1.5628042221069336,-0.4489089548587799,0.0
37.0,1.5629380941390991,-0.441135436296463,0.0
37.0,1.5649608373641968,-0.4339046776294708,0.0
37.0,1.5630908012390137,-0.42561376094818115,0.0
37.0,1.5650418996810913,-0.418382465839386,0.0
37.0,1.5630905628204346,-0.41012707352638245,0.0
37.0,1.5591593980789185,-0.40140002965927124,0.0
37.0,1.560998558998108,-0.39418715238571167,0.0
37.0,1.5511561632156372,-0.3840816617012024,0.0
37.0,1.552915334701538,-0.37690597772598267,0.0
37.0,1.5410211086273193,-0.3664831221103668,0.0
37.0,1.5446468591690063,-0.35980820655822754,0.0
37.0,1.54629385471344,-0.3526628911495209,0.0
37.0,1.5788816213607788,-0.15009528398513794,0.0
37.0,1.5795587301254272,-0.1427939236164093,0.0
37.0,1.5802019834518433,-0.13548950850963593,0.0
37.0,1.580811619758606,-0.12818220257759094,0.0
37.0,1.5654339790344238,-0.11965276300907135,0.0
37.0,1.5659704208374023,-0.11241389811038971,0.0
37.0,1.5584913492202759,-0.10463672131299973,0.0
37.0,1.5549662113189697,-0.09718061238527298,0.0
37.0,1.5553988218307495,-0.08999038487672806,0.0
37.0,1.5577954053878784,-0.08290452510118484,0.0
37.0,1.5581620931625366,-0.07570137083530426,0.0
37.0,1.564489722251892,-0.06876004487276077,0.0
37.0,1.572784662246704,-0.06184040382504463,0.0
37.0,1.5730538368225098,-0.05456817150115967,0.0
37.0,1.5832847356796265,-0.047595251351594925,0.0
37.0,1.583487868309021,-0.04027462750673294,0.0
37.0,1.593654990196228,-0.03316117823123932,0.0
37.0,1.6037899255752563,-0.025954576209187508,0.0
37.0,1.6038928031921387,-0.01853938028216362,0.0
37.0,1.6159611940383911,-0.01120700966566801,0.0
37.0,1.6159957647323608,-0.0037356994580477476,0.0
37.0,1.6259957551956177,0.003758807433769107,0.0
37.0,1.6259609460830688,0.011276351287961006,0.0
37.0,1.6338907480239868,0.01888611726462841,0.0
37.0,1.643784761428833,0.026601815596222878,0.0
37.0,1.6436442136764526,0.03420136123895645,0.0
37.0,1.6554646492004395,0.042105283588171005,0.0
37.0,1.6552523374557495,0.0497586615383625,0.0
37.0,1.6669973134994507,0.05782699957489967,0.0
37.0,1.674705982208252,0.06584784388542175,0.0
37.0,1.6743836402893066,0.07358992844820023,0.0
37.0,1.4285399913787842,0.2365950644016266,0.0
37.0,1.4274308681488037,0.24319720268249512,0.0
37.0,1.4262912273406982,0.2497941553592682,0.0
37.0,1.4251210689544678,0.2563857436180115,0.0
37.0,1.4357210397720337,0.2651512324810028,0.0
37.0,1.434479832649231,0.27178627252578735,0.0
37.0,1.4332078695297241,0.2784155011177063,0.0
37.0,1.4436744451522827,0.28738152980804443,0.0
37.0,1.4423303604125977,0.2940531075000763,0.0
37.0,1.4546600580215454,0.3035784959793091,0.0
37.0,1.453240990638733,0.31030067801475525,0.0
37.0,1.4654685258865356,0.320002943277359,0.0
37.0,1.4776371717453003,0.329824835062027,0.0
37.0,1.476096510887146,0.3366529941558838,0.0
37.0,1.4862112998962402,0.3461962938308716,0.0
37.0,1.4845948219299316,0.3530639111995697,0.0
37.0,1.49849534034729,0.36369776725769043,0.0
37.0,1.496797800064087,0.3706219792366028,0.0
37.0,1.516398549079895,0.3829246461391449,0.0
37.0,1.5378541946411133,0.39591506123542786,0.0
37.0,1.536007285118103,0.4030208885669708,0.0
37.0,1.557313323020935,0.41631636023521423,0.0
37.0,1.555371880531311,0.42351195216178894,0.0
37.0,1.5745973587036133,0.4365764856338501,0.0
37.0,1.5898852348327637,0.44874122738838196,0.0
37.0,1.5877935886383057,0.45608705282211304,0.0
37.0,1.5991058349609375,0.46735048294067383,0.0
37.0,1.5969280004501343,0.474738746881485,0.0
37.0,1.6062026023864746,0.48558947443962097,0.0
37.0,1.6039403676986694,0.49301037192344666,0.0
37.0,1.61882483959198,0.5057887434959412,0.0
37.0,1.6298125982284546,0.5175046920776367,0.0
37.0,1.6274025440216064,0.5250343680381775,0.0
37.0,1.6363608837127686,0.5362900495529175,0.0
37.0,1.633863925933838,0.5438498258590698,0.0
37.0,1.6445949077606201,0.5558808445930481,0.0
37.0,1.6420072317123413,0.5634784698486328,0.0
37.0,1.652605414390564,0.5756694674491882,0.0
37.0,1.4409235715866089,0.532010555267334,0.0
37.0,1.4384485483169556,0.5386667847633362,0.0
37.0,1.4359426498413086,0.5453115105628967,0.0
37.0,1.433406114578247,0.5519446134567261,0.0
37.0,1.4457435607910156,0.5643842816352844,0.0
37.0,1.4431188106536865,0.571062445640564,0.0
37.0,1.4553132057189941,0.5836843848228455,0.0
37.0,1.467421531677246,0.5964311361312866,0.0
37.0,1.4646482467651367,0.6032091975212097,0.0
37.0,1.4803013801574707,0.6176760792732239,0.0
37.0,1.4774298667907715,0.6245134472846985,0.0
37.0,1.4947509765625,0.6399967670440674,0.0
37.0,1.5137947797775269,0.656449019908905,0.0
37.0,1.5107436180114746,0.6634408235549927,0.0
37.0,1.5222798585891724,0.6769195199012756,0.0
37.0,1.5191339254379272,0.6839503645896912,0.0
37.0,1.5268747806549072,0.6959435343742371,0.0
37.0,1.5236408710479736,0.7029953598976135,0.0
37.0,1.5276228189468384,0.7134173512458801,0.0
37.0,1.5297328233718872,0.7230364680290222,0.0
37.0,1.5263735055923462,0.7301012873649597,0.0
37.0,1.5283823013305664,0.7397644519805908,0.0
37.0,1.5249457359313965,0.7468228340148926,0.0
37.0,1.5268528461456299,0.7565290927886963,0.0
37.0,1.5304906368255615,0.7671651244163513,0.0
37.0,1.5269274711608887,0.7742329239845276,0.0
37.0,1.5268906354904175,0.7831096053123474,0.0
37.0,1.5232537984848022,0.7901606559753418,0.0
37.0,1.524897575378418,0.7999821901321411,0.0
37.0,1.521182656288147,0.8070237636566162,0.0
37.0,1.5244848728179932,0.8178300261497498,0.0
37.0,1.5259613990783691,0.8277303576469421,0.0
37.0,1.5221182107925415,0.8347765803337097,0.0
37.0,1.5217407941818237,0.8437446355819702,0.0
37.0,1.517823576927185,0.8507711887359619,0.0
37.0,1.5121338367462158,0.8567936420440674,0.0
37.0,1.5098918676376343,0.8647696375846863,0.0
37.0,1.5058776140213013,0.8717411756515503,0.0
37.0,1.4862949848175049,0.8696041703224182,0.0
37.0,1.4822585582733154,0.8764665722846985,0.0
37.0,1.2606358528137207,1.134554147720337,0.0
37.0,1.255376935005188,1.1403703689575195,0.0
37.0,1.2500911951065063,1.1461622714996338,0.0
37.0,1.2447786331176758,1.1519296169281006,0.0
37.0,1.2292083501815796,1.1481162309646606,0.0
37.0,1.2151553630828857,1.1455553770065308,0.0
37.0,1.209846019744873,1.1511613130569458,0.0
37.0,1.1987407207489014,1.1512012481689453,0.0
37.0,1.1934055089950562,1.1567312479019165,0.0
37.0,1.185185432434082,1.159439206123352,0.0
37.0,1.1798123121261597,1.16490638256073,0.0
37.0,1.1687471866607666,1.1647015810012817,0.0
37.0,1.1534790992736816,1.160164713859558,0.0
37.0,1.148102879524231,1.1654852628707886,0.0
37.0,1.1301295757293701,1.1578994989395142,0.0
37.0,1.124764084815979,1.1631120443344116,0.0
37.0,0.9400742053985596,1.3021122217178345,0.0
37.0,0.9340440034866333,1.3064446449279785,0.0
37.0,0.9279938340187073,1.3107491731643677,0.0
37.0,0.921923816204071,1.3150255680084229,0.0
37.0,0.910131573677063,1.3110592365264893,0.0
37.0,0.9029273986816406,1.3136049509048462,0.0
37.0,0.8968445062637329,1.317765474319458,0.0
37.0,0.8896247744560242,1.3202393054962158,0.0
37.0,0.8835113048553467,1.3243381977081299,0.0
37.0,0.8773789405822754,1.3284088373184204,0.0
37.0,0.8701333403587341,1.3307772874832153,0.0
37.0,0.8639713525772095,1.3347859382629395,0.0
37.0,0.8567119836807251,1.3370821475982666,0.0
37.0,0.8505209684371948,1.3410288095474243,0.0
37.0,0.8443118333816528,1.3449467420578003,0.0
37.0,0.8380845785140991,1.3488359451293945,0.0
37.0,0.8318394422531128,1.3526962995529175,0.0
37.0,0.8255765438079834,1.3565278053283691,0.0
37.0,0.8192960023880005,1.3603302240371704,0.0
37.0,0.8129979372024536,1.3641035556793213,0.0
37.0,0.8066824674606323,1.3678478002548218,0.0
37.0,0.7993417382240295,1.3698352575302124,0.0
37.0,0.7929999232292175,1.373516321182251,0.0
37.0,0.7866411805152893,1.3771679401397705,0.0
37.0,0.7802656292915344,1.380790114402771,0.0
37.0,0.7738733887672424,1.3843828439712524,0.0
37.0,0.7664967775344849,1.3861957788467407,0.0
37.0,0.7600797414779663,1.3897247314453125,0.0
37.0,0.7536463737487793,1.3932240009307861,0.0
37.0,0.7481403350830078,1.3984569311141968,0.0
37.0,0.7416667342185974,1.4019010066986084,0.0
37.0,0.7351773381233215,1.4053149223327637,0.0
37.0,0.7286721467971802,1.4086989164352417,0.0
37.0,0.7221514582633972,1.412052869796753,0.0
37.0,0.47918251156806946,0.9477490186691284,0.0
37.0,0.4747956097126007,0.9499543309211731,0.0
37.0,0.47039854526519775,0.9521393179893494,0.0
37.0,0.46599140763282776,0.9543039798736572,0.0
37.0,0.45983579754829407,0.9528457522392273,0.0
37.0,0.45370370149612427,0.9513511657714844,0.0
37.0,0.4493004083633423,0.9534386396408081,0.0
37.0,0.443199098110199,0.9518794417381287,0.0
37.0,0.43879345059394836,0.9539183378219604,0.0
37.0,0.4327237010002136,0.9522952437400818,0.0
37.0,0.4274972975254059,0.9524610638618469,0.0
37.0,0.4230891466140747,0.9544273614883423,0.0
37.0,0.41706782579421997,0.9527089595794678,0.0
37.0,0.4126586318016052,0.9546270370483398,0.0
37.0,0.4058854281902313,0.9510063529014587,0.0
37.0,0.4014842212200165,0.9528727531433105,0.0
37.0,0.3955383598804474,0.9510254263877869,0.0
37.0,0.3903777003288269,0.9509938359260559,0.0
37.0,0.38597673177719116,0.9527885317802429,0.0
37.0,0.3800828456878662,0.9508486390113831,0.0
37.0,0.3749488592147827,0.9507350921630859,0.0
37.0,0.3705492615699768,0.9524585008621216,0.0
37.0,0.3654251992702484,0.9522942900657654,0.0
37.0,0.36101847887039185,0.9539735913276672,0.0
37.0,0.35450640320777893,0.9500111937522888,0.0
37.0,0.3487292230129242,0.9478859901428223,0.0
37.0,0.34434306621551514,0.9494881629943848,0.0
37.0,0.33927640318870544,0.9491868019104004,0.0
37.0,0.3348843455314636,0.9507452249526978,0.0
37.0,0.3298293948173523,0.9503939747810364,0.0
37.0,0.32543182373046875,0.9519087076187134,0.0
37.0,0.319112628698349,0.9477167725563049,0.0
37.0,0.31409814953804016,0.9472836852073669,0.0
37.0,0.3097151219844818,0.9487257599830627,0.0
37.0,0.304713636636734,0.9482434391975403,0.0
37.0,0.30032628774642944,0.9496421217918396,0.0
37.0,0.29533830285072327,0.9491108059883118,0.0
37.0,0.2903616428375244,0.9485536813735962,0.0
37.0,0.2859730124473572,0.9498860239982605,0.0
37.0,0.28044286370277405,0.9473625421524048,0.0
37.0,0.2760598659515381,0.948648989200592,0.0
37.0,0.2711210250854492,0.9479922652244568,0.0
37.0,0.2667351961135864,0.9492356777191162,0.0
37.0,0.2618115544319153,0.9485308527946472,0.0
37.0,0.2569001317024231,0.9478007555007935,0.0
37.0,0.25251534581184387,0.9489783644676208,0.0
37.0,0.24711446464061737,0.9462655186653137,0.0
37.0,0.24224050343036652,0.9454604983329773,0.0
37.0,0.23786669969558716,0.9465703368186951,0.0
37.0,0.23300933837890625,0.9457180500030518,0.0
37.0,0.22863443195819855,0.9467852115631104,0.0
37.0,0.22379417717456818,0.9458858966827393,0.0
37.0,0.21941860020160675,0.9469105005264282,0.0
37.0,0.21503834426403046,0.9479148387908936,0.0
37.0,0.21022003889083862,0.9469464421272278,0.0
37.0,0.20583970844745636,0.9479082822799683,0.0
37.0,0.20103959739208221,0.9468933939933777,0.0
37.0,0.1966596096754074,0.9478127360343933,0.0
37.0,0.19187815487384796,0.9467517137527466,0.0
37.0,0.18711072206497192,0.9456667304039001,0.0
37.0,0.18273654580116272,0.9465216994285583,0.0
37.0,0.17761839926242828,0.9434254765510559,0.0
37.0,0.17325468361377716,0.9442366361618042,0.0
37.0,0.16888727247714996,0.9450275301933289,0.0
37.0,0.16417351365089417,0.9438278675079346,0.0
37.0,0.15980809926986694,0.9445767998695374,0.0
37.0,0.15511474013328552,0.9433320760726929,0.0
37.0,0.15075170993804932,0.9440391063690186,0.0
37.0,0.14638546109199524,0.9447259902954102,0.0
37.0,0.14201606810092926,0.9453927278518677,0.0
37.0,0.13735570013523102,0.9440600872039795,0.0
37.0,0.13271069526672363,0.9427045583724976,0.0
37.0,0.12835079431533813,0.9433080554008484,0.0
37.0,0.12398815900087357,0.9438914060592651,0.0
37.0,0.11962287127971649,0.944454550743103,0.0
37.0,0.11525502800941467,0.9449975490570068,0.0
37.0,0.11088472604751587,0.945520281791687,0.0
37.0,0.10651204735040665,0.9460228681564331,0.0
37.0,0.10192251205444336,0.9445167183876038,0.0
37.0,0.09755457192659378,0.9449778199195862,0.0
37.0,0.09298837184906006,0.9434283971786499,0.0
37.0,0.08843857795000076,0.9418569803237915,0.0
37.0,0.08408308029174805,0.9422557950019836,0.0
37.0,0.07972577959299088,0.9426344633102417,0.0
37.0,0.0753667801618576,0.9429929852485657,0.0
37.0,0.0710061639547348,0.9433313608169556,0.0
37.0,0.06664403527975082,0.9436495900154114,0.0
37.0,0.0621488057076931,0.9419519901275635,0.0
37.0,0.05779314786195755,0.9422292709350586,0.0
37.0,0.05343625321984291,0.9424864053726196,0.0
37.0,0.049078214913606644,0.9427233338356018,0.0
37.0,0.04471912980079651,0.9429401755332947,0.0
37.0,0.04035909101366997,0.9431368708610535,0.0
37.0,0.035998184233903885,0.9433133602142334,0.0
37.0,0.03163651004433632,0.943469762802124,0.0
37.0,0.02721637673676014,0.9416067004203796,0.0
37.0,0.022862685844302177,0.9417225122451782,0.0
37.0,0.018508508801460266,0.941818118095398,0.0
37.0,0.014153935015201569,0.9418936371803284,0.0
37.0,0.009799058549106121,0.9419490098953247,0.0
37.0,0.005443972535431385,0.941984236240387,0.0
37.0,0.0010887705720961094,0.9419993162155151,0.0
37.0,-0.0032664549071341753,0.941994309425354,0.0
37.0,-0.007621610537171364,0.9419691562652588,0.0
37.0,-0.011976603418588638,0.9419238567352295,0.0
37.0,-0.01633133925497532,0.9418584108352661,0.0
37.0,-0.020685726776719093,0.9417728185653687,0.0
37.0,-0.0250396728515625,0.9416671395301819,0.0
37.0,-0.029393082484602928,0.941541314125061,0.0
37.0,-0.033745866268873215,0.9413953423500061,0.0
37.0,-0.03809792548418045,0.9412292242050171,0.0
37.0,-0.04244917258620262,0.9410430192947388,0.0
37.0,-0.04679951071739197,0.9408367276191711,0.0
37.0,-0.05114884674549103,0.9406102895736694,0.0
37.0,-0.05549709498882294,0.9403637647628784,0.0
37.0,-0.05984415113925934,0.9400971531867981,0.0
37.0,-0.06418993324041367,0.9398103952407837,0.0
37.0,-0.06853433698415756,0.9395036101341248,0.0
37.0,-0.07287728041410446,0.9391766786575317,0.0
37.0,-0.07738261669874191,0.9408230185508728,0.0
37.0,-0.08173156529664993,0.9404551982879639,0.0
37.0,-0.08607876300811768,0.9400672912597656,0.0
37.0,-0.09042412787675858,0.9396592378616333,0.0
37.0,-0.09476755559444427,0.9392311573028564,0.0
37.0,-0.09931892901659012,0.9407718777656555,0.0
37.0,-0.10366740822792053,0.9403026103973389,0.0
37.0,-0.10801366716623306,0.9398132562637329,0.0
37.0,-0.11235762387514114,0.9393038749694824,0.0
37.0,-0.11694590002298355,0.9407591223716736,0.0
37.0,-0.12129412591457367,0.940208375453949,0.0
37.0,-0.12563976645469666,0.9396375417709351,0.0
37.0,-0.12998270988464355,0.9390466213226318,0.0
37.0,-0.1343228816986084,0.9384356141090393,0.0
37.0,-0.13895271718502045,0.9397830367088318,0.0
37.0,-0.14329619705677032,0.9391305446624756,0.0
37.0,-0.14763662219047546,0.9384579658508301,0.0
37.0,-0.1519738882780075,0.93776535987854,0.0
37.0,-0.1563078910112381,0.9370527267456055,0.0
37.0,-0.16097676753997803,0.9382912516593933,0.0
37.0,-0.16566039621829987,0.9395065903663635,0.0
37.0,-0.17000232636928558,0.9387306571006775,0.0
37.0,-0.1747061014175415,0.9399009346961975,0.0
37.0,-0.17904974520206451,0.9390831589698792,0.0
37.0,-0.1833895593881607,0.9382452964782715,0.0
37.0,-0.18772545456886292,0.9373874068260193,0.0
37.0,-0.1924591362476349,0.9384686946868896,0.0
37.0,-0.19761766493320465,0.9414835572242737,0.0
37.0,-0.20196838676929474,0.9405598044395447,0.0
37.0,-0.20674370229244232,0.941569447517395,0.0
37.0,-0.2110947221517563,0.9406035542488098,0.0
37.0,-0.21499426662921906,0.9376680850982666,0.0
37.0,-0.22023911774158478,0.9405587315559387,0.0
37.0,-0.22458532452583313,0.9395304322242737,0.0
37.0,-0.22940067946910858,0.9404250979423523,0.0
37.0,-0.23374615609645844,0.939354419708252,0.0
37.0,-0.23808665573596954,0.9382636547088623,0.0
37.0,-0.24242204427719116,0.9371528625488281,0.0
37.0,-0.24726209044456482,0.9379560351371765,0.0
37.0,-0.2521147131919861,0.9387343525886536,0.0
37.0,-0.25645214319229126,0.9375587105751038,0.0
37.0,-0.26132068037986755,0.9382896423339844,0.0
37.0,-0.2656559348106384,0.9370714426040649,0.0
37.0,-0.27053990960121155,0.9377548694610596,0.0
37.0,-0.2754358649253845,0.9384130239486694,0.0
37.0,-0.2797715663909912,0.937129557132721,0.0
37.0,-0.2852632403373718,0.9396535754203796,0.0
37.0,-0.2896045744419098,0.9383246898651123,0.0
37.0,-0.2939396798610687,0.9369757175445557,0.0
37.0,-0.29826852679252625,0.9356066584587097,0.0
37.0,-0.30320730805397034,0.9361203908920288,0.0
37.0,-0.3087821900844574,0.938508152961731,0.0
37.0,-0.31311798095703125,0.9370704889297485,0.0
37.0,-0.31808966398239136,0.9375067949295044,0.0
37.0,-0.32242071628570557,0.9360260963439941,0.0
37.0,-0.3274049460887909,0.9364133477210999,0.0
37.0,-0.33173084259033203,0.9348896145820618,0.0
37.0,-0.33672717213630676,0.9352276921272278,0.0
37.0,-0.3417336642742157,0.9355394840240479,0.0
37.0,-0.34605535864830017,0.9339494705200195,0.0
37.0,-0.35177677869796753,0.9360839128494263,0.0
37.0,-0.3561008870601654,0.9344475269317627,0.0
37.0,-0.3611381947994232,0.9346566796302795,0.0
37.0,-0.3669145405292511,0.9367015361785889,0.0
37.0,-0.37124133110046387,0.934995174407959,0.0
37.0,-0.3778000771999359,0.9388349056243896,0.0
37.0,-0.38213664293289185,0.9370781779289246,0.0
37.0,-0.3879925608634949,0.9389983415603638,0.0
37.0,-0.3931020498275757,0.9390392899513245,0.0
37.0,-0.3974393904209137,0.937211811542511,0.0
37.0,-0.40255752205848694,0.9372019171714783,0.0
37.0,-0.4068862497806549,0.9353306889533997,0.0
37.0,-0.41201257705688477,0.9352697730064392,0.0
37.0,-0.41633227467536926,0.933354914188385,0.0
37.0,-0.4222894310951233,0.9350655674934387,0.0
37.0,-0.4266080856323242,0.9331032037734985,0.0
37.0,-0.4317575991153717,0.932935893535614,0.0
37.0,-0.4377630352973938,0.934552013874054,0.0
37.0,-0.4420791268348694,0.9325180649757385,0.0
37.0,-0.4472509026527405,0.9322674870491028,0.0
37.0,-0.45155635476112366,0.9301897287368774,0.0
37.0,-0.45761555433273315,0.9316823482513428,0.0
37.0,-0.4645882546901703,0.9349298477172852,0.0
37.0,-0.46890580654144287,0.9327718615531921,0.0
37.0,-0.4750264286994934,0.9341594576835632,0.0
37.0,-0.4793403148651123,0.9319532513618469,0.0
37.0,-0.48548996448516846,0.9332757592201233,0.0
37.0,-0.4897996485233307,0.9310211539268494,0.0
37.0,-0.49691689014434814,0.9340436458587646,0.0
37.0,-0.5021774768829346,0.9334975481033325,0.0
37.0,-0.506488025188446,0.9311658143997192,0.0
37.0,-1.1033830642700195,1.963173508644104,0.0
37.0,-1.112447738647461,1.9580512046813965,0.0
37.0,-1.1214886903762817,1.952886939048767,0.0
37.0,-1.1305055618286133,1.9476810693740845,0.0
37.0,-1.143546223640442,1.949333667755127,0.0
37.0,-1.1525465250015259,1.9440258741378784,0.0
37.0,-1.167689561843872,1.9489703178405762,0.0
37.0,-1.1808311939239502,1.9503942728042603,0.0
37.0,-1.1898359060287476,1.9449139833450317,0.0
37.0,-1.205124855041504,1.9495995044708252,0.0
37.0,-1.2141257524490356,1.9440069198608398,0.0
37.0,-1.2273696660995483,1.9451384544372559,0.0
37.0,-1.2363497018814087,1.9394429922103882,0.0
37.0,-1.251800537109375,1.9437952041625977,0.0
37.0,-1.267317771911621,1.9480454921722412,0.0
37.0,-1.276310682296753,1.9421653747558594,0.0
37.0,-1.2919130325317383,1.9462416172027588,0.0
37.0,-1.3008973598480225,1.940247893333435,0.0
37.0,-1.3165827989578247,1.9441486597061157,0.0
37.0,-1.332331657409668,1.947945475578308,0.0
37.0,-1.3413234949111938,1.9417648315429688,0.0
37.0,-1.3548640012741089,1.9421039819717407,0.0
37.0,-1.3638285398483276,1.935819149017334,0.0
37.0,-1.379720687866211,1.9392708539962769,0.0
37.0,-1.388671875,1.9328712224960327,0.0
37.0,-1.4069888591766357,1.9393807649612427,0.0
37.0,-1.4230319261550903,1.9425355195999146,0.0
37.0,-1.4319977760314941,1.9359354972839355,0.0
37.0,-1.4481137990951538,1.9389086961746216,0.0
37.0,-1.4570626020431519,1.9321928024291992,0.0
37.0,-1.4732495546340942,1.9349831342697144,0.0
37.0,-1.4919310808181763,1.9408363103866577,0.0
37.0,-1.5008883476257324,1.933917760848999,0.0
37.0,-1.5172146558761597,1.9364038705825806,0.0
37.0,-1.526151180267334,1.929368495941162,0.0
37.0,-1.5300629138946533,1.9160404205322266,0.0
37.0,-1.538905143737793,1.908945918083191,0.0
37.0,-1.5300407409667969,1.8800934553146362,0.0
37.0,-1.5234819650650024,1.8544548749923706,0.0
37.0,-1.5320395231246948,1.8473914861679077,0.0
37.0,-1.5251586437225342,1.8218854665756226,0.0
37.0,-1.5335655212402344,1.8148146867752075,0.0
37.0,-1.5263646841049194,1.789445400238037,0.0
37.0,-1.5189622640609741,1.7641819715499878,0.0
37.0,-1.5271024703979492,1.7571403980255127,0.0
37.0,-1.5193830728530884,1.732019305229187,0.0
37.0,-1.5273746252059937,1.7249760627746582,0.0
37.0,-1.5220059156417847,1.7029837369918823,0.0
37.0,-1.5298632383346558,1.695928692817688,0.0
37.0,-1.5215299129486084,1.6710914373397827,0.0
37.0,-1.5130001306533813,1.6463677883148193,0.0
37.0,-1.520595669746399,1.6393550634384155,0.0
37.0,-1.5144901275634766,1.6177070140838623,0.0
37.0,-1.508217215538025,1.5961507558822632,0.0
37.0,-1.515580654144287,1.589160680770874,0.0
37.0,-1.5090419054031372,1.5677273273468018,0.0
37.0,-1.5162739753723145,1.5607337951660156,0.0
37.0,-1.5094709396362305,1.5394262075424194,0.0
37.0,-1.516572117805481,1.53243088722229,0.0
37.0,-1.5095069408416748,1.511252522468567,0.0
37.0,-1.5022786855697632,1.4901726245880127,0.0
37.0,-1.5091522932052612,1.4832110404968262,0.0
37.0,-1.5073963403701782,1.4678462743759155,0.0
37.0,-1.5141667127609253,1.460861325263977,0.0
37.0,-1.5064473152160645,1.4400253295898438,0.0
37.0,-1.498567819595337,1.4192920923233032,0.0
37.0,-1.5051137208938599,1.4123485088348389,0.0
37.0,-1.4984447956085205,1.3931186199188232,0.0
37.0,-1.5048696994781494,1.3861757516860962,0.0
37.0,-1.500921368598938,1.369766116142273,0.0
37.0,-1.4953702688217163,1.352081298828125,0.0
37.0,-1.50160551071167,1.3451532125473022,0.0
37.0,-1.498833417892456,1.3302308320999146,0.0
37.0,-1.5049675703048706,1.323287010192871,0.0
37.0,-1.5005131959915161,1.3071190118789673,0.0
37.0,-1.4944275617599487,1.289713978767395,0.0
37.0,-1.500374436378479,1.2827908992767334,0.0
37.0,-1.4956063032150269,1.2667919397354126,0.0
37.0,-1.5014472007751465,1.2598636150360107,0.0
37.0,-1.494951844215393,1.242680549621582,0.0
37.0,-1.4898737668991089,1.2268561124801636,0.0
37.0,-1.495530128479004,1.2199547290802002,0.0
37.0,-1.4918208122253418,1.205485224723816,0.0
37.0,-1.4973783493041992,1.1985750198364258,0.0
37.0,-1.4919337034225464,1.182941198348999,0.0
37.0,-1.4973869323730469,1.1760308742523193,0.0
37.0,-1.4901795387268066,1.1592708826065063,0.0
37.0,-1.4860179424285889,1.1450445652008057,0.0
37.0,-1.4912959337234497,1.1381618976593018,0.0
37.0,-1.4885648488998413,1.1252247095108032,0.0
37.0,-1.482544183731079,1.1099400520324707,0.0
37.0,-1.4876599311828613,1.1030738353729248,0.0
37.0,-1.4814597368240356,1.087897539138794,0.0
37.0,-1.4864736795425415,1.0810365676879883,0.0
37.0,-1.4833412170410156,1.0683083534240723,0.0
37.0,-1.488264560699463,1.0614389181137085,0.0
37.0,-1.4849878549575806,1.0487778186798096,0.0
37.0,-1.4799870252609253,1.035023808479309,0.0
37.0,-1.484756588935852,1.0281702280044556,0.0
37.0,-1.481246829032898,1.0156396627426147,0.0
37.0,-1.485926628112793,1.0087803602218628,0.0
37.0,-1.4839352369308472,0.9974368214607239,0.0
37.0,-1.4768757820129395,0.98280930519104,0.0
37.0,-1.4814038276672363,0.9759706854820251,0.0
37.0,-1.4758490324020386,0.9625556468963623,0.0
37.0,-1.480283498764038,0.9557219743728638,0.0
37.0,-1.4779454469680786,0.9445596933364868,0.0
37.0,-1.4738457202911377,0.9323703646659851,0.0
37.0,-1.4781407117843628,0.9255462884902954,0.0
37.0,-1.473904013633728,0.913434624671936,0.0
37.0,-1.4781113862991333,0.9066104292869568,0.0
37.0,-1.4737389087677002,0.8945779204368591,0.0
37.0,-1.4692867994308472,0.8826053142547607,0.0
37.0,-1.4733517169952393,0.8758028149604797,0.0
37.0,-1.470489501953125,0.8649256825447083,0.0
37.0,-1.4744726419448853,0.8581178188323975,0.0
37.0,-1.4714914560317993,0.8472996354103088,0.0
37.0,-1.4684420824050903,0.8365274667739868,0.0
37.0,-1.4722938537597656,0.8297293782234192,0.0
37.0,-1.4673798084259033,0.8180441856384277,0.0
37.0,-1.4711462259292603,0.8112512230873108,0.0
37.0,-1.4696139097213745,0.8015679121017456,0.0
37.0,-1.4733041524887085,0.7947647571563721,0.0
37.0,-1.4699045419692993,0.7841790914535522,0.0
37.0,-1.4646697044372559,0.7727086544036865,0.0
37.0,-1.4682265520095825,0.7659286856651306,0.0
37.0,-1.4646421670913696,0.755465030670166,0.0
37.0,-1.4681192636489868,0.748685359954834,0.0
37.0,-1.4662073850631714,0.7391886115074158,0.0
37.0,-1.462449073791504,0.7288335561752319,0.0
37.0,-1.4658031463623047,0.7220643162727356,0.0
37.0,-1.4637314081192017,0.7126532196998596,0.0
37.0,-1.4670106172561646,0.7058781981468201,0.0
37.0,-1.4630335569381714,0.6956527829170227,0.0
37.0,-1.4589935541152954,0.6854793429374695,0.0
37.0,-1.4621471166610718,0.6787264943122864,0.0
37.0,-1.4598156213760376,0.6694580912590027,0.0
37.0,-1.462895154953003,0.6627016663551331,0.0
37.0,-1.460466742515564,0.653480589389801,0.0
37.0,-1.457984447479248,0.6442961096763611,0.0
37.0,-1.4609476327896118,0.6375483870506287,0.0
37.0,-1.458369493484497,0.6284127235412598,0.0
37.0,-1.4612592458724976,0.6216634511947632,0.0
37.0,-1.4567419290542603,0.6118031144142151,0.0
37.0,-1.4558597803115845,0.603529691696167,0.0
37.0,-1.458634614944458,0.5967922806739807,0.0
37.0,-1.4539600610733032,0.5870469212532043,0.0
37.0,-1.4566586017608643,0.5803184509277344,0.0
37.0,-1.4537420272827148,0.5713827610015869,0.0
37.0,-1.4563682079315186,0.5646554827690125,0.0
37.0,-1.455227017402649,0.5564873814582825,0.0
37.0,-1.4521703720092773,0.5476362705230713,0.0
37.0,-1.4546867609024048,0.5409165024757385,0.0
37.0,-1.4515385627746582,0.5321199893951416,0.0
37.0,-1.4539833068847656,0.5254032611846924,0.0
37.0,-1.45074462890625,0.5166623592376709,0.0
37.0,-1.4493435621261597,0.5086249709129333,0.0
37.0,-1.4516795873641968,0.5019186735153198,0.0
37.0,-1.4501981735229492,0.49391207098960876,0.0
37.0,-1.4524662494659424,0.487201988697052,0.0
37.0,-1.4490059614181519,0.4785997271537781,0.0
37.0,-1.4473992586135864,0.4706583619117737,0.0
37.0,-1.4495598077774048,0.4639614522457123,0.0
37.0,-1.4459666013717651,0.4554520845413208,0.0
37.0,-1.448056936264038,0.4487619698047638,0.0
37.0,-1.4462900161743164,0.44089585542678833,0.0
37.0,-1.4444814920425415,0.43305572867393494,0.0
37.0,-1.4464682340621948,0.4263727366924286,0.0
37.0,-1.4445819854736328,0.41856738924980164,0.0
37.0,-1.4465017318725586,0.411884069442749,0.0
37.0,-1.4445385932922363,0.40411433577537537,0.0
37.0,-1.4425344467163086,0.3963715732097626,0.0
37.0,-1.4443516731262207,0.38969796895980835,0.0
37.0,-1.4422712326049805,0.3819918930530548,0.0
37.0,-1.4440218210220337,0.3753196597099304,0.0
37.0,-1.4418656826019287,0.367651104927063,0.0
37.0,-1.4435501098632812,0.3609808683395386,0.0
37.0,-1.4413186311721802,0.35335052013397217,0.0
37.0,-1.4409922361373901,0.34621575474739075,0.0
37.0,-1.4425774812698364,0.33954980969429016,0.0
37.0,-1.4402341842651367,0.3319781720638275,0.0
37.0,-1.4417537450790405,0.3253158926963806,0.0
37.0,-1.4412893056869507,0.31821542978286743,0.0
37.0,-1.436880350112915,0.31028199195861816,0.0
37.0,-1.438299536705017,0.3036354184150696,0.0
37.0,-1.4377292394638062,0.2965783476829529,0.0
37.0,-1.4390851259231567,0.28992801904678345,0.0
37.0,-1.4364852905273438,0.28249961137771606,0.0
37.0,-1.4358118772506714,0.275478333234787,0.0
37.0,-1.4370701313018799,0.2688370943069458,0.0
37.0,-1.434362530708313,0.26147276163101196,0.0
37.0,-1.4355560541152954,0.25483837723731995,0.0
37.0,-1.4347481727600098,0.24785807728767395,0.0
37.0,-1.4358787536621094,0.2412220537662506,0.0
37.0,-1.4350048303604126,0.23425865173339844,0.0
37.0,-1.4340972900390625,0.2273084968328476,0.0
37.0,-1.4351328611373901,0.22067570686340332,0.0
37.0,-1.4361377954483032,0.2140381932258606,0.0
37.0,-1.4371119737625122,0.20739610493183136,0.0
37.0,-1.4340938329696655,0.2001965492963791,0.0
37.0,-1.4310400485992432,0.19302935898303986,0.0
37.0,-1.4319171905517578,0.186411052942276,0.0
37.0,-1.4307793378829956,0.1795397698879242,0.0
37.0,-1.4315941333770752,0.17292281985282898,0.0
37.0,-1.4284049272537231,0.16584086418151855,0.0
37.0,-1.4291564226150513,0.15923504531383514,0.0
37.0,-1.4298774003982544,0.15262581408023834,0.0
37.0,-1.4285781383514404,0.14581026136875153,0.0
37.0,-1.4292370080947876,0.13920384645462036,0.0
37.0,-1.4298652410507202,0.13259446620941162,0.0
37.0,-1.4284707307815552,0.1258067935705185,0.0
37.0,-1.429037094116211,0.11920109391212463,0.0
37.0,-1.4255852699279785,0.1122787743806839,0.0
37.0,-1.4260891675949097,0.10568656772375107,0.0
37.0,-1.4265625476837158,0.09909209609031677,0.0
37.0,-1.427005410194397,0.09249550849199295,0.0
37.0,-1.4274177551269531,0.08589693903923035,0.0
37.0,-1.4277997016906738,0.0792965367436409,0.0
37.0,-1.42815101146698,0.07269444316625595,0.0
37.0,-1.424476146697998,0.06590592116117477,0.0
37.0,-1.424765706062317,0.05931933596730232,0.0
37.0,-1.4230260848999023,0.05265752226114273,0.0
37.0,-1.423254370689392,0.04607778042554855,0.0
37.0,-1.4234521389007568,0.039497051388025284,0.0
37.0,-1.4236195087432861,0.03291548043489456,0.0
37.0,-1.42375648021698,0.02633320540189743,0.0
37.0,-1.421863317489624,0.019722629338502884,0.0
37.0,-1.4219392538070679,0.013148615136742592,0.0
37.0,-1.4219849109649658,0.006574319209903479,0.0
38.0,-1.4220000505447388,1.2431519280653447e-07,0.0
38.0,-1.4199848175048828,-0.006565064657479525,0.0
38.0,-1.4199392795562744,-0.013130112551152706,0.0
38.0,-1.4198633432388306,-0.01969487965106964,0.0
38.0,-1.4197571277618408,-0.026259226724505424,0.0
38.0,-1.4196205139160156,-0.03282301127910614,0.0
38.0,-1.417454481124878,-0.0393306240439415,0.0
38.0,-1.4172574281692505,-0.04588362202048302,0.0
38.0,-1.4170300960540771,-0.05243564024567604,0.0
38.0,-1.4167726039886475,-0.05898653715848923,0.0
38.0,-1.420480489730835,-0.0657210499048233,0.0
38.0,-1.420161485671997,-0.07228775322437286,0.0
38.0,-1.4198120832443237,-0.07885292172431946,0.0
38.0,-1.4194324016571045,-0.08541639894247055,0.0
38.0,-1.4190223217010498,-0.0919780507683754,0.0
38.0,-1.4185818433761597,-0.09853773564100266,0.0
38.0,-1.4181110858917236,-0.10509531199932098,0.0
38.0,-1.4176100492477417,-0.11165064573287964,0.0
38.0,-1.4190717935562134,-0.11836984008550644,0.0
38.0,-1.4185093641281128,-0.12492947280406952,0.0
38.0,-1.4179165363311768,-0.1314864307641983,0.0
38.0,-1.4172935485839844,-0.13804058730602264,0.0
38.0,-1.4166401624679565,-0.1445917785167694,0.0
38.0,-1.4159564971923828,-0.15113988518714905,0.0
38.0,-1.4152425527572632,-0.15768477320671082,0.0
38.0,-1.4144984483718872,-0.16422627866268158,0.0
38.0,-1.4137240648269653,-0.1707642823457718,0.0
38.0,-1.4149038791656494,-0.1775476336479187,0.0
38.0,-1.4160510301589966,-0.184345543384552,0.0
38.0,-1.415183663368225,-0.19089050590991974,0.0
38.0,-1.4142858982086182,-0.19743138551712036,0.0
38.0,-1.4153375625610352,-0.20425371825695038,0.0
38.0,-1.414378046989441,-0.21079516410827637,0.0
38.0,-1.4133883714675903,-0.21733210980892181,0.0
38.0,-1.4143438339233398,-0.2241775244474411,0.0
38.0,-1.4132922887802124,-0.23071415722370148,0.0
38.0,-1.412210464477539,-0.23724587261676788,0.0
38.0,-1.4130693674087524,-0.24411296844482422,0.0
38.0,-1.4119255542755127,-0.2506435215473175,0.0
38.0,-1.4127192497253418,-0.25752735137939453,0.0
38.0,-1.4115134477615356,-0.26405614614486694,0.0
38.0,-1.4122416973114014,-0.2709560990333557,0.0
38.0,-1.4129364490509033,-0.27786847949028015,0.0
38.0,-1.4116365909576416,-0.28439804911613464,0.0
38.0,-1.410306692123413,-0.29092150926589966,0.0
38.0,-1.4089465141296387,-0.2974388003349304,0.0
38.0,-1.4095112085342407,-0.30437183380126953,0.0
38.0,-1.4080889225006104,-0.3108852803707123,0.0
38.0,-1.4105384349822998,-0.31827250123023987,0.0
38.0,-1.4110007286071777,-0.32523974776268005,0.0
38.0,-1.4094818830490112,-0.33175987005233765,0.0
38.0,-1.4118224382400513,-0.33920735120773315,0.0
38.0,-1.4102389812469482,-0.34573110938072205,0.0
38.0,-1.4086254835128784,-0.3522474765777588,0.0
38.0,-1.4069818258285522,-0.35875630378723145,0.0
38.0,-1.4072438478469849,-0.36576056480407715,0.0
38.0,-1.4094043970108032,-0.3732869625091553,0.0
38.0,-1.4076634645462036,-0.3797991871833801,0.0
38.0,-1.4078210592269897,-0.38683319091796875,0.0
38.0,-1.406017541885376,-0.3933379352092743,0.0
38.0,-1.4061075448989868,-0.40038201212882996,0.0
38.0,-1.4080833196640015,-0.407991886138916,0.0
38.0,-1.4061819314956665,-0.41449761390686035,0.0
38.0,-1.4061663150787354,-0.4215688407421112,0.0
38.0,-1.4042022228240967,-0.42806556820869446,0.0
38.0,-1.4060288667678833,-0.4357371926307678,0.0
38.0,-1.4039992094039917,-0.442233145236969,0.0
38.0,-1.4057492017745972,-0.44993895292282104,0.0
38.0,-1.4055559635162354,-0.45705196261405945,0.0
38.0,-1.4034278392791748,-0.46354547142982483,0.0
38.0,-1.405061960220337,-0.4713011384010315,0.0
38.0,-1.4028680324554443,-0.47779223322868347,0.0
38.0,-1.4044243097305298,-0.485580176115036,0.0
38.0,-1.4040515422821045,-0.4927304685115814,0.0
38.0,-1.4017584323883057,-0.49921664595603943,0.0
38.0,-1.4031972885131836,-0.5070515275001526,0.0
38.0,-1.400838017463684,-0.5135335922241211,0.0
38.0,-1.402198076248169,-0.5213988423347473,0.0
38.0,-1.4053864479064941,-0.5299932956695557,0.0
38.0,-1.4029210805892944,-0.5364852547645569,0.0
38.0,-1.4041552543640137,-0.5444117784500122,0.0
38.0,-1.401623249053955,-0.5508978962898254,0.0
38.0,-1.4009191989898682,-0.558112382888794,0.0
38.0,-1.398323893547058,-0.564583420753479,0.0
38.0,-1.3994007110595703,-0.5725570321083069,0.0
38.0,-1.4022812843322754,-0.5813185572624207,0.0
38.0,-1.39957857131958,-0.587795615196228,0.0
38.0,-1.400526762008667,-0.5958260297775269,0.0
38.0,-1.3977570533752441,-0.6022948026657104,0.0
38.0,-1.4004566669464111,-0.6111505031585693,0.0
38.0,-1.4012748003005981,-0.619235634803772,0.0
38.0,-1.3983968496322632,-0.6257076263427734,0.0
38.0,-1.4009544849395752,-0.6346421241760254,0.0
38.0,-1.3980052471160889,-0.6411124467849731,0.0
38.0,-1.3986544609069824,-0.6492533087730408,0.0
38.0,-1.3956377506256104,-0.6557128429412842,0.0
38.0,-1.3980097770690918,-0.6647348999977112,0.0
38.0,-1.400328278541565,-0.673792839050293,0.0
38.0,-1.3971980810165405,-0.6802598834037781,0.0
38.0,-1.3994203805923462,-0.6893637180328369,0.0
38.0,-1.3962182998657227,-0.6958264112472534,0.0
38.0,-1.3983439207077026,-0.7049752473831177,0.0
38.0,-1.3950695991516113,-0.7114328145980835,0.0
38.0,-1.3970979452133179,-0.720625638961792,0.0
38.0,-1.3990709781646729,-0.7298523187637329,0.0
38.0,-1.395681619644165,-0.7363129258155823,0.0
38.0,-1.397556185722351,-0.7455819845199585,0.0
38.0,-1.3940942287445068,-0.7520354390144348,0.0
38.0,-1.3958698511123657,-0.7613458633422852,0.0
38.0,-1.3975889682769775,-0.7706886529922485,0.0
38.0,-1.3940107822418213,-0.7771419882774353,0.0
38.0,-1.3956300020217896,-0.7865244746208191,0.0
38.0,-1.3919787406921387,-0.7929686307907104,0.0
38.0,-1.393497347831726,-0.8023898005485535,0.0
38.0,-1.3966870307922363,-0.8128478527069092,0.0
38.0,-1.3929139375686646,-0.8192965984344482,0.0
38.0,-1.3942686319351196,-0.8287935853004456,0.0
38.0,-1.390421986579895,-0.8352309465408325,0.0
38.0,-1.391674518585205,-0.8447638750076294,0.0
38.0,-1.3877540826797485,-0.8511890769004822,0.0
38.0,-1.3923038244247437,-0.8628638386726379,0.0
38.0,-1.3950800895690918,-0.8735374212265015,0.0
38.0,-1.391026496887207,-0.8799780607223511,0.0
38.0,-1.3919987678527832,-0.889630913734436,0.0
38.0,-1.3878707885742188,-0.89605712890625,0.0
38.0,-1.3904139995574951,-0.9068344831466675,0.0
38.0,-1.3862065076828003,-0.9132532477378845,0.0
38.0,-1.38862943649292,-0.924084484577179,0.0
38.0,-1.3926416635513306,-0.9360732436180115,0.0
38.0,-1.3882989883422852,-0.942501962184906,0.0
38.0,-1.388875126838684,-0.9523035287857056,0.0
38.0,-1.3844573497772217,-0.9587146639823914,0.0
38.0,-1.3865660429000854,-0.9696900844573975,0.0
38.0,-1.3902361392974854,-0.9818592071533203,0.0
38.0,-1.3856818675994873,-0.9882762432098389,0.0
38.0,-1.3892123699188232,-1.000516414642334,0.0
38.0,-1.3845717906951904,-1.006928563117981,0.0
38.0,-1.3863496780395508,-1.0180542469024658,0.0
38.0,-1.3816280364990234,-1.024453043937683,0.0
38.0,-1.3752758502960205,-1.02963125705719,0.0
38.0,-1.3625234365463257,-1.0299484729766846,0.0
38.0,-1.357746958732605,-1.0362368822097778,0.0
38.0,-1.3418519496917725,-1.033958077430725,0.0
38.0,-1.3370572328567505,-1.0401508808135986,0.0
38.0,-1.3196508884429932,-1.0364389419555664,0.0
38.0,-1.3038748502731323,-1.033831000328064,0.0
38.0,-1.2990810871124268,-1.0398482084274292,0.0
38.0,-1.2787036895751953,-1.0332729816436768,0.0
38.0,-1.273912787437439,-1.03917396068573,0.0
38.0,-1.256743311882019,-1.0348817110061646,0.0
38.0,-1.24117910861969,-1.0317317247390747,0.0
38.0,-1.2363957166671753,-1.037459135055542,0.0
38.0,-1.219377040863037,-1.0328232049942017,0.0
38.0,-1.2145888805389404,-1.038449764251709,0.0
38.0,-1.1991759538650513,-1.0349072217941284,0.0
38.0,-1.1838220357894897,-1.0312446355819702,0.0
38.0,-1.1790415048599243,-1.0367069244384766,0.0
38.0,-1.1637649536132812,-1.0328538417816162,0.0
38.0,-1.1589772701263428,-1.038223385810852,0.0
38.0,-1.14378023147583,-1.0341812372207642,0.0
38.0,-1.1301229000091553,-1.0313690900802612,0.0
38.0,-1.1253423690795898,-1.0365830659866333,0.0
38.0,-1.1102845668792725,-1.0322422981262207,0.0
38.0,-1.105500340461731,-1.0373644828796387,0.0
38.0,-1.0905276536941528,-1.0328376293182373,0.0
38.0,-1.0756207704544067,-1.0281946659088135,0.0
38.0,-1.0708554983139038,-1.0331566333770752,0.0
38.0,-1.0574699640274048,-1.0297247171401978,0.0
38.0,-1.0526978969573975,-1.0346027612686157,0.0
38.0,-1.0393837690353394,-1.0310078859329224,0.0
38.0,-1.0261255502700806,-1.027312159538269,0.0
38.0,-1.0213649272918701,-1.0320453643798828,0.0
38.0,-1.0095813274383545,-1.029616355895996,0.0
38.0,-1.0048102140426636,-1.0342729091644287,0.0
38.0,-0.9916956424713135,-1.0302618741989136,0.0
38.0,-0.9800202250480652,-1.0275992155075073,0.0
38.0,-0.9752587676048279,-1.0321192741394043,0.0
38.0,-0.9650089740753174,-1.030777096748352,0.0
38.0,-0.9602330327033997,-1.035227656364441,0.0
38.0,-0.9459633827209473,-1.0293480157852173,0.0
38.0,-0.934461772441864,-1.0263162851333618,0.0
38.0,-0.9297067523002625,-1.0306257009506226,0.0
38.0,-0.918268084526062,-1.0274569988250732,0.0
38.0,-0.9135079383850098,-1.0316914319992065,0.0
38.0,-0.9034526348114014,-1.0298899412155151,0.0
38.0,-0.8986814022064209,-1.0340559482574463,0.0
38.0,-0.8873662352561951,-1.0306217670440674,0.0
38.0,-0.8761021494865417,-1.0271052122116089,0.0
38.0,-0.8713441491127014,-1.0311447381973267,0.0
38.0,-0.8614321947097778,-1.0290279388427734,0.0
38.0,-0.8566654324531555,-1.0329996347427368,0.0
38.0,-0.8468020558357239,-1.030767798423767,0.0
38.0,-0.8369777202606201,-1.0284669399261475,0.0
38.0,-0.832213819026947,-1.0323256254196167,0.0
38.0,-0.8211920261383057,-1.0283479690551758,0.0
38.0,-0.8164287805557251,-1.03213369846344,0.0
38.0,-0.8067141175270081,-1.0296000242233276,0.0
38.0,-0.7970404028892517,-1.02699875831604,0.0
38.0,-0.7922836542129517,-1.0306727886199951,0.0
38.0,-0.7838754057884216,-1.0295510292053223,0.0
38.0,-0.7730861306190491,-1.0251799821853638,0.0
38.0,-0.7683380842208862,-1.0287432670593262,0.0
38.0,-0.7600054740905762,-1.0274608135223389,0.0
38.0,-0.7552469968795776,-1.030963659286499,0.0
38.0,-0.7457746267318726,-1.0279690027236938,0.0
38.0,-0.7410139441490173,-1.0314059257507324,0.0
38.0,-0.731599748134613,-1.0283023118972778,0.0
38.0,-0.7233820557594299,-1.0267689228057861,0.0
38.0,-0.7186272144317627,-1.0301024913787842,0.0
38.0,-0.710446834564209,-1.0284771919250488,0.0
38.0,-0.7056841850280762,-1.0317507982254028,0.0
38.0,-0.6964206695556641,-1.0283784866333008,0.0
38.0,-0.6872035264968872,-1.0249425172805786,0.0
38.0,-0.682457447052002,-1.028108835220337,0.0
38.0,-0.6744017601013184,-1.0262389183044434,0.0
38.0,-0.6696498990058899,-1.029345989227295,0.0
38.0,-0.6616350412368774,-1.0273865461349487,0.0
38.0,-0.6558029055595398,-1.0287480354309082,0.0
38.0,-0.6510396003723145,-1.0317691564559937,0.0
38.0,-0.6430840492248535,-1.0296790599822998,0.0
38.0,-0.6383165717124939,-1.0326412916183472,0.0
38.0,-0.6283168792724609,-1.0270510911941528,0.0
38.0,-0.6204542517662048,-1.0248123407363892,0.0
38.0,-0.6157095432281494,-1.0276700258255005,0.0
38.0,-0.6089117527008057,-1.0270649194717407,0.0
38.0,-0.6041567921638489,-1.0298691987991333,0.0
38.0,-0.5963768362998962,-1.0274622440338135,0.0
38.0,-0.5916200876235962,-1.0302084684371948,0.0
38.0,-0.5828988552093506,-1.0259770154953003,0.0
38.0,-0.5752094388008118,-1.023430585861206,0.0
38.0,-0.5704716444015503,-1.0260790586471558,0.0
38.0,-0.5637940168380737,-1.025200605392456,0.0
38.0,-0.5571368932723999,-1.024282455444336,0.0
38.0,-0.5523952841758728,-1.0268473625183105,0.0
38.0,-0.5457631349563599,-1.0258588790893555,0.0
38.0,-0.5410143733024597,-1.0283712148666382,0.0
38.0,-0.5334851741790771,-1.025538682937622,0.0
38.0,-0.5287380218505859,-1.0279942750930786,0.0
38.0,-0.5221664309501648,-1.0268622636795044,0.0
38.0,-0.5156167149543762,-1.0256916284561157,0.0
38.0,-0.5108690857887268,-1.0280646085739136,0.0
38.0,-0.5034652948379517,-1.0250300168991089,0.0
38.0,-0.49872082471847534,-1.0273468494415283,0.0
38.0,-0.4922355115413666,-1.026035189628601,0.0
38.0,-0.4849162697792053,-1.0228784084320068,0.0
38.0,-0.4801819324493408,-1.0251094102859497,0.0
38.0,-0.47375738620758057,-1.0236884355545044,0.0
38.0,-0.46901941299438477,-1.0258678197860718,0.0
38.0,-0.4618018865585327,-1.022557020187378,0.0
38.0,-0.4562545716762543,-1.0228546857833862,0.0
38.0,-0.4515206515789032,-1.0249532461166382,0.0
38.0,-0.4451814889907837,-1.0233619213104248,0.0
38.0,-0.44044533371925354,-1.02540922164917,0.0
38.0,-0.43413808941841125,-1.023751974105835,0.0
38.0,-0.4278557002544403,-1.0220584869384766,0.0
38.0,-0.4231257736682892,-1.0240256786346436,0.0
38.0,-0.41687634587287903,-1.0222671031951904,0.0
38.0,-0.41214555501937866,-1.0241835117340088,0.0
38.0,-0.40666791796684265,-1.024219274520874,0.0
38.0,-0.40192824602127075,-1.0260885953903198,0.0
38.0,-0.39501744508743286,-1.022339105606079,0.0
38.0,-0.3895743787288666,-1.0222855806350708,0.0
38.0,-0.3848437964916229,-1.0240757465362549,0.0
38.0,-0.38079988956451416,-1.027719497680664,0.0
38.0,-0.37604427337646484,-1.0294691324234009,0.0
38.0,-0.37128064036369324,-1.0311967134475708,0.0
38.0,-0.36584025621414185,-1.0310174226760864,0.0
38.0,-0.36106956005096436,-1.0326977968215942,0.0
38.0,-0.3549884855747223,-1.0305742025375366,0.0
38.0,-0.3502199649810791,-1.032204508781433,0.0
38.0,-0.3441762328147888,-1.0300188064575195,0.0
38.0,-0.3387853503227234,-1.0296992063522339,0.0
38.0,-0.33402103185653687,-1.031254529953003,0.0
38.0,-0.3286421298980713,-1.0308823585510254,0.0
38.0,-0.32387247681617737,-1.0323907136917114,0.0
38.0,-0.31791621446609497,-1.0300549268722534,0.0
38.0,-0.3131504952907562,-1.0315138101577759,0.0
38.0,-0.3072338104248047,-1.0291178226470947,0.0
38.0,-0.30190926790237427,-1.0286082029342651,0.0
38.0,-0.2971504032611847,-1.0299930572509766,0.0
38.0,-0.29183971881866455,-1.029431700706482,0.0
38.0,-0.2870771586894989,-1.0307700634002686,0.0
38.0,-0.28178074955940247,-1.0301570892333984,0.0
38.0,-0.2759774327278137,-1.027585744857788,0.0
38.0,-0.2712235748767853,-1.0288506746292114,0.0
38.0,-0.26596304774284363,-1.0281574726104736,0.0
38.0,-0.26120665669441223,-1.0293761491775513,0.0
38.0,-0.25596168637275696,-1.0286318063735962,0.0
38.0,-0.2507292628288269,-1.02786123752594,0.0
38.0,-0.24597439169883728,-1.029009461402893,0.0
38.0,-0.2407582849264145,-1.0281884670257568,0.0
38.0,-0.23600201308727264,-1.0292905569076538,0.0
38.0,-0.2308027595281601,-1.0284192562103271,0.0
38.0,-0.22561660408973694,-1.0275218486785889,0.0
38.0,-0.22086356580257416,-1.028554081916809,0.0
38.0,-0.21569494903087616,-1.027606725692749,0.0
38.0,-0.2109416425228119,-1.0285929441452026,0.0
38.0,-0.20579108595848083,-1.0275962352752686,0.0
38.0,-0.2010379284620285,-1.0285366773605347,0.0
38.0,-0.1959058940410614,-1.0274906158447266,0.0
38.0,-0.19115333259105682,-1.0283854007720947,0.0
38.0,-0.18639668822288513,-1.029258131980896,0.0
38.0,-0.18094146251678467,-1.026169776916504,0.0
38.0,-0.1761951595544815,-1.026995301246643,0.0
38.0,-0.17111600935459137,-1.025826096534729,0.0
38.0,-0.1660514622926712,-1.0246320962905884,0.0
38.0,-0.16131243109703064,-1.0253888368606567,0.0
38.0,-0.15626828372478485,-1.024146556854248,0.0
38.0,-0.15153160691261292,-1.0248581171035767,0.0
38.0,-0.14650830626487732,-1.0235679149627686,0.0
38.0,-0.14177440106868744,-1.024234414100647,0.0
38.0,-0.13677239418029785,-1.0228965282440186,0.0
38.0,-0.13204170763492584,-1.0235178470611572,0.0
38.0,-0.127308189868927,-1.0241174697875977,0.0
38.0,-0.12233441323041916,-1.0227092504501343,0.0
38.0,-0.11760473996400833,-1.023263931274414,0.0
38.0,-0.11265338212251663,-1.0218087434768677,0.0
38.0,-0.10792797803878784,-1.022318720817566,0.0
38.0,-0.103200264275074,-1.0228067636489868,0.0
38.0,-0.09847034513950348,-1.02327299118042,0.0
38.0,-0.09373831748962402,-1.0237172842025757,0.0
38.0,-0.08883113414049149,-1.022147297859192,0.0
38.0,-0.08410441875457764,-1.0225470066070557,0.0
38.0,-0.07937590032815933,-1.0229250192642212,0.0
38.0,-0.07464569061994553,-1.0232809782028198,0.0
38.0,-0.06991388648748398,-1.0236152410507202,0.0
38.0,-0.06518058478832245,-1.0239274501800537,0.0
38.0,-0.060445886105298996,-1.024217963218689,0.0
38.0,-0.05560130625963211,-1.0224894285202026,0.0
38.0,-0.05087336152791977,-1.022735595703125,0.0
38.0,-0.046144332736730576,-1.02295982837677,0.0
38.0,-0.04141431301832199,-1.0231622457504272,0.0
38.0,-0.03668341040611267,-1.0233427286148071,0.0
38.0,-0.031951725482940674,-1.0235013961791992,0.0
38.0,-0.02716618962585926,-1.0216388702392578,0.0
38.0,-0.02244248241186142,-1.0217535495758057,0.0
38.0,-0.017718294635415077,-1.0218462944030762,0.0
38.0,-0.012993729673326015,-1.0219173431396484,0.0
38.0,-0.008285068906843662,-1.0239665508270264,0.0
38.0,-0.0035438663326203823,-1.0219937562942505,0.0
38.0,0.0011812294833362103,-1.0219992399215698,0.0
38.0,0.005906300153583288,-1.0219829082489014,0.0
38.0,0.010631244629621506,-1.0219446420669556,0.0
38.0,0.01535596139729023,-1.021884560585022,0.0
38.0,0.02008035033941269,-1.0218026638031006,0.0
38.0,0.024804310873150826,-1.0216989517211914,0.0
38.0,0.029527738690376282,-1.0215733051300049,0.0
38.0,0.03425053879618645,-1.0214258432388306,0.0
38.0,0.038972605019807816,-1.0212565660476685,0.0
38.0,0.04369383677840233,-1.0210654735565186,0.0
38.0,0.048414137214422226,-1.0208525657653809,0.0
38.0,0.05313339829444885,-1.0206178426742554,0.0
38.0,0.05785152688622475,-1.020361304283142,0.0
38.0,0.06256841868162155,-1.0200828313827515,0.0
38.0,0.06728397309780121,-1.0197826623916626,0.0
38.0,0.07213899493217468,-1.0214558839797974,0.0
38.0,0.07686079293489456,-1.0211113691329956,0.0
38.0,0.08158095180988312,-1.0207451581954956,0.0
38.0,0.0862993597984314,-1.0203570127487183,0.0
38.0,0.09101593494415283,-1.0199471712112427,0.0
38.0,0.09573055803775787,-1.0195153951644897,0.0
38.0,0.10044313222169876,-1.0190619230270386,0.0
38.0,0.10515356063842773,-1.0185866355895996,0.0
38.0,0.10986173897981644,-1.0180896520614624,0.0
38.0,0.1145675778388977,-1.0175708532333374,0.0
38.0,0.11950390785932541,-1.0190166234970093,0.0
38.0,0.12421392649412155,-1.0184532403945923,0.0
38.0,0.1289212852716446,-1.0178680419921875,0.0
38.0,0.13362589478492737,-1.0172611474990845,0.0
38.0,0.13832764327526093,-1.0166324377059937,0.0
38.0,0.1430264264345169,-1.0159820318222046,0.0
38.0,0.14772216975688934,-1.0153099298477173,0.0
38.0,0.15271183848381042,-1.0165938138961792,0.0
38.0,0.15741030871868134,-1.0158770084381104,0.0
38.0,0.16210539638996124,-1.0151383876800537,0.0
38.0,0.1671215295791626,-1.0163514614105225,0.0
38.0,0.17181871831417084,-1.0155678987503052,0.0
38.0,0.1765122264623642,-1.0147627592086792,0.0
38.0,0.1812019646167755,-1.0139358043670654,0.0
38.0,0.186248779296875,-1.0150543451309204,0.0
38.0,0.19130980968475342,-1.0161479711532593,0.0
38.0,0.19600580632686615,-1.0152525901794434,0.0
38.0,0.20069760084152222,-1.0143355131149292,0.0
38.0,0.20538510382175446,-1.0133967399597168,0.0
38.0,0.21047453582286835,-1.0143946409225464,0.0
38.0,0.2151622176170349,-1.0134106874465942,0.0
38.0,0.22026969492435455,-1.014359474182129,0.0
38.0,0.22539053857326508,-1.0152827501296997,0.0
38.0,0.23008215427398682,-1.0142297744750977,0.0
38.0,0.23567183315753937,-1.0170520544052124,0.0
38.0,0.24037152528762817,-1.0159515142440796,0.0
38.0,0.24553555250167847,-1.0167734622955322,0.0
38.0,0.25119075179100037,-1.0195112228393555,0.0
38.0,0.25590163469314575,-1.018338918685913,0.0
38.0,0.2606070637702942,-1.0171449184417725,0.0
38.0,0.26530691981315613,-1.0159292221069336,0.0
38.0,0.27051541209220886,-1.0166245698928833,0.0
38.0,0.27521276473999023,-1.0153629779815674,0.0
38.0,0.28043636679649353,-1.016007661819458,0.0
38.0,0.28567177057266235,-1.0166256427764893,0.0
38.0,0.2903689742088318,-1.0152939558029175,0.0
38.0,0.2950599491596222,-1.013940691947937,0.0
38.0,0.2997446060180664,-1.0125656127929688,0.0
38.0,0.304999440908432,-1.013084053993225,0.0
38.0,0.3102654218673706,-1.0135754346847534,0.0
38.0,0.31494826078414917,-1.0121301412582397,0.0
38.0,0.3202274441719055,-1.0125702619552612,0.0
38.0,0.32490551471710205,-1.0110788345336914,0.0
38.0,0.330197274684906,-1.0114670991897583,0.0
38.0,0.3361290395259857,-1.0137263536453247,0.0
38.0,0.3408122956752777,-1.0121614933013916,0.0
38.0,0.34678223729133606,-1.014359951019287,0.0
38.0,0.3514682948589325,-1.0127458572387695,0.0
38.0,0.35747572779655457,-1.0148828029632568,0.0
38.0,0.36216408014297485,-1.0132192373275757,0.0
38.0,0.3675265610218048,-1.0134141445159912,0.0
38.0,0.3728986084461212,-1.0135811567306519,0.0
38.0,0.37758079171180725,-1.0118463039398193,0.0
38.0,0.38296276330947876,-1.0119602680206299,0.0
38.0,0.38763734698295593,-1.010178804397583,0.0
38.0,0.39302876591682434,-1.0102397203445435,0.0
38.0,0.39769527316093445,-1.0084118843078613,0.0
38.0,0.40383800864219666,-1.0102766752243042,0.0
38.0,0.41000640392303467,-1.0121060609817505,0.0
38.0,0.4146813750267029,-1.0101996660232544,0.0
38.0,0.42088353633880615,-1.0119649171829224,0.0
38.0,0.4255577027797699,-1.0100082159042358,0.0
38.0,0.4317930042743683,-1.0117088556289673,0.0
38.0,0.4388465881347656,-1.0152090787887573,0.0
38.0,0.44353556632995605,-1.013169288635254,0.0
38.0,0.4498361647129059,-1.0147647857666016,0.0
38.0,0.4545229971408844,-1.01267409324646,0.0
38.0,0.4608548581600189,-1.0142035484313965,0.0
38.0,0.46553897857666016,-1.0120619535446167,0.0
38.0,0.47105735540390015,-1.0117119550704956,0.0
38.0,0.4774349331855774,-1.0131416320800781,0.0
38.0,0.4821139872074127,-1.0109233856201172,0.0
38.0,0.49025973677635193,-1.0158884525299072,0.0
38.0,0.4949513077735901,-1.0136109590530396,0.0
38.0,0.5005182027816772,-1.0131049156188965,0.0
38.0,0.5051968097686768,-1.0107799768447876,0.0
38.0,0.511669397354126,-1.0120030641555786,0.0
38.0,0.5181641578674316,-1.0131880044937134,0.0
38.0,0.5228429436683655,-1.0107815265655518,0.0
38.0,0.5293647646903992,-1.0118976831436157,0.0
38.0,0.5340374708175659,-1.0094393491744995,0.0
38.0,0.5396422743797302,-1.0087231397628784,0.0
38.0,0.5471548438072205,-1.0114946365356445,0.0
38.0,0.5518255233764648,-1.0089541673660278,0.0
38.0,0.5593878030776978,-1.0116428136825562,0.0
38.0,0.5640590786933899,-1.0090458393096924,0.0
38.0,0.5716699957847595,-1.011650800704956,0.0
38.0,0.5793170928955078,-1.014206886291504,0.0
38.0,0.5839999318122864,-1.0115176439285278,0.0
38.0,0.5896783471107483,-1.0105341672897339,0.0
38.0,0.5943440794944763,-1.007797122001648,0.0
38.0,0.6000211238861084,-1.0067565441131592,0.0
38.0,0.6046693325042725,-1.0039716958999634,0.0
38.0,0.6113840937614441,-1.0045822858810425,0.0
38.0,0.6160221695899963,-1.0017448663711548,0.0
38.0,0.6248691082000732,-1.0056811571121216,0.0
38.0,0.6337655186653137,-1.0095570087432861,0.0
38.0,0.6384263038635254,-1.0066161155700684,0.0
38.0,0.6463103294372559,-1.008705496788025,0.0
38.0,0.6509670615196228,-1.005706548690796,0.0
38.0,0.6577989459037781,-1.0060341358184814,0.0
38.0,0.6646475791931152,-1.0063197612762451,0.0
38.0,0.6692931056022644,-1.0032360553741455,0.0
38.0,0.677277147769928,-1.005106806755066,0.0
38.0,0.6819168925285339,-1.001964807510376,0.0
38.0,0.692206621170044,-1.0070421695709229,0.0
38.0,0.7002766728401184,-1.0087599754333496,0.0
38.0,0.7049331068992615,-1.0055115222930908,0.0
38.0,0.713041365146637,-1.0071384906768799,0.0
38.0,0.717690110206604,-1.0038310289382935,0.0
38.0,0.7270063161849976,-1.0069884061813354,0.0
38.0,0.7316542267799377,-1.003616452217102,0.0
38.0,0.7410290837287903,-1.0066657066345215,0.0
38.0,0.7480615377426147,-1.006439208984375,0.0
38.0,0.7527066469192505,-1.0029698610305786,0.0
38.0,0.7633751630783081,-1.0074495077133179,0.0
38.0,0.7680248022079468,-1.0039093494415283,0.0
38.0,0.7787708044052124,-1.0082619190216064,0.0
38.0,0.7834240794181824,-1.004650592803955,0.0
38.0,0.7917719483375549,-1.0057320594787598,0.0
38.0,0.8001465797424316,-1.0067578554153442,0.0
38.0,0.8047926425933838,-1.0030478239059448,0.0
38.0,0.8157156109809875,-1.0070868730545044,0.0
38.0,0.8203630447387695,-1.0033048391342163,0.0
38.0,0.8313586115837097,-1.0072134733200073,0.0
38.0,0.8360064029693604,-1.0033589601516724,0.0
38.0,0.8457857966423035,-1.0056054592132568,0.0
38.0,0.8543092608451843,-1.006258249282837,0.0
38.0,0.8589524626731873,-1.0022977590560913,0.0
38.0,0.8688110113143921,-1.004366159439087,0.0
38.0,0.8734452724456787,-1.0003385543823242,0.0
38.0,0.8846728801727295,-1.0037918090820312,0.0
38.0,0.8946214914321899,-1.005668044090271,0.0
38.0,0.899261474609375,-1.0015212297439575,0.0
38.0,0.910597562789917,-1.0047626495361328,0.0
38.0,0.9152332544326782,-1.0005418062210083,0.0
38.0,0.927989661693573,-1.005116581916809,0.0
38.0,0.9326267838478088,-1.0008153915405273,0.0
38.0,0.9440951347351074,-1.003777027130127,0.0
38.0,0.9556106925010681,-1.0066540241241455,0.0
38.0,0.9602546095848083,-1.0022250413894653,0.0
38.0,0.9746101498603821,-1.0078387260437012,0.0
38.0,0.9792593717575073,-1.0033220052719116,0.0
38.0,0.9965195655822754,-1.0116069316864014,0.0
38.0,1.0011858940124512,-1.0069888830184937,0.0
38.0,1.0199975967407227,-1.0164669752120972,0.0
38.0,1.0403411388397217,-1.0271973609924316,0.0
38.0,1.0450791120529175,-1.0223764181137085,0.0
38.0,1.0670280456542969,-1.0342373847961426,0.0
38.0,1.071798324584961,-1.0292930603027344,0.0
38.0,1.0895859003067017,-1.0367344617843628,0.0
38.0,1.094367504119873,-1.0316858291625977,0.0
38.0,1.1137417554855347,-1.040266990661621,0.0
38.0,1.1346862316131592,-1.050049066543579,0.0
38.0,1.1395288705825806,-1.0447918176651,0.0
38.0,1.1635923385620117,-1.0569943189620972,0.0
38.0,1.1684668064117432,-1.0516033172607422,0.0
38.0,1.1897367238998413,-1.060831069946289,0.0
38.0,1.1946285963058472,-1.0553191900253296,0.0
38.0,1.2145450115203857,-1.0629563331604004,0.0
38.0,1.2390906810760498,-1.0743622779846191,0.0
38.0,1.244044542312622,-1.0686219930648804,0.0
38.0,1.2687727212905884,-1.0797091722488403,0.0
38.0,1.2737510204315186,-1.073831558227539,0.0
38.0,1.297122836112976,-1.0833154916763306,0.0
38.0,1.3021175861358643,-1.077306866645813,0.0
38.0,1.1523998975753784,-0.9444969892501831,0.0
38.0,1.1567543745040894,-0.9391589164733887,0.0
38.0,1.1610840559005737,-0.9338007569313049,0.0
38.0,1.1653889417648315,-0.9284226298332214,0.0
38.0,1.1932193040847778,-0.9416090846061707,0.0
38.0,1.1975599527359009,-0.9360823035240173,0.0
38.0,1.2224334478378296,-0.9464526176452637,0.0
38.0,1.2267961502075195,-0.9407907128334045,0.0
38.0,1.2502447366714478,-0.9496253132820129,0.0
38.0,1.2546218633651733,-0.9438348412513733,0.0
38.0,1.2830288410186768,-0.9559481739997864,0.0
38.0,1.3131835460662842,-0.9690061211585999,0.0
38.0,1.3176496028900146,-0.9629244208335876,0.0
38.0,1.3496309518814087,-0.9767559766769409,0.0
38.0,1.3541324138641357,-0.9705057144165039,0.0
38.0,1.3847006559371948,-0.9827553629875183,0.0
38.0,1.389229416847229,-0.9763428568840027,0.0
38.0,1.4232776165008545,-0.9904729723930359,0.0
38.0,1.452544927597046,-1.0009043216705322,0.0
38.0,1.457157015800476,-0.9941779375076294,0.0
38.0,1.4799680709838867,-0.9997451901435852,0.0
38.0,1.484574556350708,-0.9928920269012451,0.0
38.0,1.5074925422668457,-0.9981634616851807,0.0
38.0,1.5120912790298462,-0.9911831021308899,0.0
38.0,1.536790370941162,-0.9972459077835083,0.0
38.0,1.5683082342147827,-1.0074249505996704,0.0
38.0,1.5729491710662842,-1.0001633167266846,0.0
38.0,1.5826345682144165,-0.9960762858390808,0.0
38.0,1.5872228145599365,-0.9887484908103943,0.0
38.0,1.5798602104187012,-0.9740521907806396,0.0
38.0,1.5758103132247925,-0.9615287780761719,0.0
38.0,1.580238938331604,-0.9542329907417297,0.0
38.0,1.5760496854782104,-0.9417871832847595,0.0
38.0,1.5803871154785156,-0.934490442276001,0.0
38.0,1.5777857303619385,-0.9231337904930115,0.0
38.0,1.5820368528366089,-0.9158291816711426,0.0
38.0,1.581047773361206,-0.9055231213569641,0.0
38.0,1.590437650680542,-0.9011614918708801,0.0
38.0,1.594586968421936,-0.8937987089157104,0.0
38.0,1.612695336341858,-0.8941753506660461,0.0
38.0,1.6168122291564941,-0.8867096900939941,0.0
38.0,1.6367167234420776,-0.8878075480461121,0.0
38.0,1.656665563583374,-0.8887401819229126,0.0
38.0,1.6607568264007568,-0.8810712695121765,0.0
38.0,1.6772102117538452,-0.8798875212669373,0.0
38.0,1.681260347366333,-0.8721237182617188,0.0
38.0,1.4632256031036377,-0.6998961567878723,0.0
38.0,1.4664459228515625,-0.6931236386299133,0.0
38.0,1.469634771347046,-0.6863362789154053,0.0
38.0,1.4727922677993774,-0.6795342564582825,0.0
38.0,1.4904773235321045,-0.6793537139892578,0.0
38.0,1.5081918239593506,-0.6790239810943604,0.0
38.0,1.511315107345581,-0.6720438003540039,0.0
38.0,1.5290555953979492,-0.6714825630187988,0.0
38.0,1.5321438312530518,-0.6644060015678406,0.0
38.0,1.5499076843261719,-0.6636128425598145,0.0
38.0,1.5529593229293823,-0.6564399600028992,0.0
38.0,1.5652064085006714,-0.6531038880348206,0.0
38.0,1.5663599967956543,-0.6450987458229065,0.0
38.0,1.5693258047103882,-0.6378499865531921,0.0
38.0,1.566689133644104,-0.6283540725708008,0.0
38.0,1.5695775747299194,-0.6211040019989014,0.0
38.0,1.5687062740325928,-0.6123860478401184,0.0
38.0,1.56405508518219,-0.6022520661354065,0.0
38.0,1.56682288646698,-0.5950143933296204,0.0
38.0,1.5658111572265625,-0.586361289024353,0.0
38.0,1.5685054063796997,-0.5791156888008118,0.0
38.0,1.5655279159545898,-0.5698055624961853,0.0
38.0,1.5681456327438354,-0.5625614523887634,0.0
38.0,1.5669584274291992,-0.553972065448761,0.0
38.0,1.563836932182312,-0.5447477698326111,0.0
38.0,1.5663387775421143,-0.5375117659568787,0.0
38.0,1.5650177001953125,-0.5289834141731262,0.0
38.0,1.5674467086791992,-0.5217421054840088,0.0
38.0,1.5641405582427979,-0.5126210451126099,0.0
38.0,1.5626870393753052,-0.5041558146476746,0.0
38.0,1.5650012493133545,-0.4969255328178406,0.0
38.0,1.5634640455245972,-0.4884917438030243,0.0
38.0,1.5657057762145996,-0.4812580347061157,0.0
38.0,1.5640852451324463,-0.4728564918041229,0.0
38.0,1.5605034828186035,-0.46391037106513977,0.0
38.0,1.5626317262649536,-0.45669063925743103,0.0
38.0,1.5628042221069336,-0.4489089548587799,0.0
38.0,1.5648629665374756,-0.4416787326335907,0.0
38.0,1.5630335807800293,-0.43337032198905945,0.0
38.0,1.5611611604690552,-0.4250883162021637,0.0
38.0,1.5631097555160522,-0.41786596179008484,0.0
38.0,1.561155915260315,-0.40961945056915283,0.0
38.0,1.563033103942871,-0.4023972749710083,0.0
38.0,1.559059500694275,-0.39369750022888184,0.0
38.0,1.5492147207260132,-0.3836009204387665,0.0
38.0,1.5509716272354126,-0.37643423676490784,0.0
38.0,1.5371297597885132,-0.3655576705932617,0.0
38.0,1.5388033390045166,-0.35844704508781433,0.0
38.0,1.5404441356658936,-0.3513287305831909,0.0
38.0,1.5420520305633545,-0.3442029356956482,0.0
38.0,1.5768907070159912,-0.1499060094356537,0.0
38.0,1.5775668621063232,-0.14261385798454285,0.0
38.0,1.578209400177002,-0.13531865179538727,0.0
38.0,1.5788180828094482,-0.12802055478096008,0.0
38.0,1.5654339790344238,-0.11965276300907135,0.0
38.0,1.5659704208374023,-0.11241389811038971,0.0
38.0,1.5584913492202759,-0.10463672131299973,0.0
38.0,1.5589584112167358,-0.09743011742830276,0.0
38.0,1.5553988218307495,-0.08999038487672806,0.0
38.0,1.5577954053878784,-0.08290452510118484,0.0
38.0,1.5581620931625366,-0.07570137083530426,0.0
38.0,1.5684858560562134,-0.06893568485975266,0.0
38.0,1.5687878131866455,-0.061683252453804016,0.0
38.0,1.5770514011383057,-0.05470684543251991,0.0
38.0,1.585283875465393,-0.047655344009399414,0.0
38.0,1.5854872465133667,-0.040325477719306946,0.0
38.0,1.5976542234420776,-0.03324439749121666,0.0
38.0,1.5977908372879028,-0.02585749141871929,0.0
38.0,1.60989248752594,-0.018608730286359787,0.0
38.0,1.6099612712860107,-0.011165399104356766,0.0
38.0,1.6179957389831543,-0.0037403227761387825,0.0
38.0,1.6259957551956177,0.003758807433769107,0.0
38.0,1.6259609460830688,0.011276351287961006,0.0
38.0,1.6378905773162842,0.01893235184252262,0.0
38.0,1.63778555393219,0.026504727080464363,0.0
38.0,1.6456438302993774,0.034242965281009674,0.0
38.0,1.6454678773880005,0.04185102507472038,0.0
38.0,1.6572513580322266,0.04981875792145729,0.0
38.0,1.6689960956573486,0.05789633467793465,0.0
38.0,1.6687105894088745,0.06561210751533508,0.0
38.0,1.6763817071914673,0.07367774099111557,0.0
38.0,1.6760231256484985,0.08142749220132828,0.0
38.0,1.4324862957000732,0.23724864423274994,0.0
38.0,1.431374192237854,0.24386903643608093,0.0
38.0,1.4302313327789307,0.2504841983318329,0.0
38.0,1.4290579557418823,0.25709402561187744,0.0
38.0,1.4376877546310425,0.26551443338394165,0.0
38.0,1.436444878578186,0.27215856313705444,0.0
38.0,1.4351712465286255,0.27879688143730164,0.0
38.0,1.4338668584823608,0.2854292392730713,0.0
38.0,1.4462496042251587,0.2948521673679352,0.0
38.0,1.45857572555542,0.3043956756591797,0.0
38.0,1.4571528434753418,0.3111359477043152,0.0
38.0,1.4674224853515625,0.32042959332466125,0.0
38.0,1.4659253358840942,0.3272106349468231,0.0
38.0,1.4780464172363281,0.337097704410553,0.0
38.0,1.4901070594787598,0.3471037447452545,0.0
38.0,1.4884862899780273,0.3539893627166748,0.0
38.0,1.5062694549560547,0.3655846118927002,0.0
38.0,1.5045630931854248,0.3725447654724121,0.0
38.0,1.5241551399230957,0.3848833441734314,0.0
38.0,1.5223593711853027,0.39192599058151245,0.0
38.0,1.5418107509613037,0.4045436382293701,0.0
38.0,1.5631097555160522,0.41786593198776245,0.0
38.0,1.5611611604690552,0.4250883162021637,0.0
38.0,1.5803792476654053,0.438179612159729,0.0
38.0,1.578336477279663,0.4454815983772278,0.0
38.0,1.591638207435608,0.4571914076805115,0.0
38.0,1.5895073413848877,0.46454524993896484,0.0
38.0,1.59884512424469,0.4753086566925049,0.0
38.0,1.6100314855575562,0.48674702644348145,0.0
38.0,1.6077638864517212,0.4941856265068054,0.0
38.0,1.6207337379455566,0.5063852071762085,0.0
38.0,1.6183751821517944,0.5138730406761169,0.0
38.0,1.6293059587478638,0.5256484150886536,0.0
38.0,1.6268582344055176,0.5331757068634033,0.0
38.0,1.6376591920852661,0.5451130867004395,0.0
38.0,1.6483843326568604,0.5571616888046265,0.0
38.0,1.645790696144104,0.5647768378257751,0.0
38.0,1.654494047164917,0.576327383518219,0.0
38.0,1.6518118381500244,0.5839705467224121,0.0
38.0,1.6622719764709473,0.5963286757469177,0.0
38.0,1.6594971418380737,0.6040076017379761,0.0
38.0,1.4334187507629395,0.5292396545410156,0.0
38.0,1.4309566020965576,0.5358612537384033,0.0
38.0,1.4396820068359375,0.5467315912246704,0.0
38.0,1.4371389150619507,0.5533819198608398,0.0
38.0,1.451332688331604,0.5665661692619324,0.0
38.0,1.448697805404663,0.5732701420783997,0.0
38.0,1.462738275527954,0.5866623520851135,0.0
38.0,1.460010290145874,0.5934188365936279,0.0
38.0,1.4720455408096313,0.6062557101249695,0.0
38.0,1.4839929342269897,0.6192164421081543,0.0
38.0,1.4811142683029175,0.6260708570480347,0.0
38.0,1.4965894222259521,0.640783965587616,0.0
38.0,1.4936108589172363,0.6476963758468628,0.0
38.0,1.5125747919082642,0.6642450094223022,0.0
38.0,1.509487509727478,0.6712310910224915,0.0
38.0,1.522781252861023,0.6855924725532532,0.0
38.0,1.5305145978927612,0.6976025104522705,0.0
38.0,1.5272729396820068,0.7046712040901184,0.0
38.0,1.5294349193572998,0.7142636179924011,0.0
38.0,1.5261163711547852,0.7213271260261536,0.0
38.0,1.5281777381896973,0.7309643030166626,0.0
38.0,1.5301826000213623,0.7406358122825623,0.0
38.0,1.5267419815063477,0.7477025389671326,0.0
38.0,1.5286449193954468,0.7574170231819153,0.0
38.0,1.5251268148422241,0.7644764184951782,0.0
38.0,1.5269274711608887,0.7742329239845276,0.0
38.0,1.5233315229415894,0.7812842130661011,0.0
38.0,1.5232537984848022,0.7901606559753418,0.0
38.0,1.5266685485839844,0.8009113073348999,0.0
38.0,1.5229493379592896,0.807961106300354,0.0
38.0,1.526247262954712,0.818775475025177,0.0
38.0,1.5224454402923584,0.8258231282234192,0.0
38.0,1.523871898651123,0.8357383608818054,0.0
38.0,1.5217407941818237,0.8437446355819702,0.0
38.0,1.517823576927185,0.8507711887359619,0.0
38.0,1.5121338367462158,0.8567936420440674,0.0
38.0,1.508156418800354,0.8637756705284119,0.0
38.0,1.4851068258285522,0.8597171306610107,0.0
38.0,1.2561761140823364,1.130540370941162,0.0
38.0,1.2509357929229736,1.136336088180542,0.0
38.0,1.2456687688827515,1.1421074867248535,0.0
38.0,1.24037504196167,1.1478544473648071,0.0
38.0,1.2248235940933228,1.144020676612854,0.0
38.0,1.2195212841033936,1.149671196937561,0.0
38.0,1.2069482803344727,1.1484041213989258,0.0
38.0,1.2016258239746094,1.1539719104766846,0.0
38.0,1.191969394683838,1.155339241027832,0.0
38.0,1.183755874633789,1.1580406427383423,0.0
38.0,1.1783891916275024,1.163501262664795,0.0
38.0,1.1659139394760132,1.1618781089782715,0.0
38.0,1.1605297327041626,1.1672561168670654,0.0
38.0,1.1438921689987183,1.1612107753753662,0.0
38.0,1.1315265893936157,1.1593307256698608,0.0
38.0,1.1261544227600098,1.1645498275756836,0.0
38.0,0.97475266456604,1.286410927772522,0.0
38.0,0.9687947034835815,1.2909038066864014,0.0
38.0,0.962816059589386,1.2953691482543945,0.0
38.0,0.9568167924880981,1.2998067140579224,0.0
38.0,0.9389035105705261,1.3004907369613647,0.0
38.0,0.9328808188438416,1.3048176765441895,0.0
38.0,0.926838219165802,1.3091168403625488,0.0
38.0,0.9207757711410522,1.3133879899978638,0.0
38.0,0.9112721085548401,1.3127022981643677,0.0
38.0,0.9051932692527771,1.316901445388794,0.0
38.0,0.8968445062637329,1.317765474319458,0.0
38.0,0.8896247744560242,1.3202393054962158,0.0
38.0,0.8835113048553467,1.3243381977081299,0.0
38.0,0.8762767314910889,1.326740026473999,0.0
38.0,0.8701333403587341,1.3307772874832153,0.0
38.0,0.8628846406936646,1.3331069946289062,0.0
38.0,0.8567119836807251,1.3370821475982666,0.0
38.0,0.8505209684371948,1.3410288095474243,0.0
38.0,0.8443118333816528,1.3449467420578003,0.0
38.0,0.8380845785140991,1.3488359451293945,0.0
38.0,0.8318394422531128,1.3526962995529175,0.0
38.0,0.8255765438079834,1.3565278053283691,0.0
38.0,0.8192960023880005,1.3603302240371704,0.0
38.0,0.8119739294052124,1.3623855113983154,0.0
38.0,0.805666446685791,1.3661249876022339,0.0
38.0,0.7993417382240295,1.3698352575302124,0.0
38.0,0.7929999232292175,1.373516321182251,0.0
38.0,0.7856492400169373,1.3754312992095947,0.0
38.0,0.7792816758155823,1.3790489435195923,0.0
38.0,0.7728975415229797,1.3826371431350708,0.0
38.0,0.7664967775344849,1.3861957788467407,0.0
38.0,0.7600797414779663,1.3897247314453125,0.0
38.0,0.7536463737487793,1.3932240009307861,0.0
38.0,0.7471969127655029,1.396693468093872,0.0
38.0,0.7416667342185974,1.4019010066986084,0.0
38.0,0.7351773381233215,1.4053149223327637,0.0
38.0,0.7286721467971802,1.4086989164352417,0.0
38.0,0.7285260558128357,1.4245173931121826,0.0
38.0,0.7219322323799133,1.4278703927993774,0.0
38.0,0.4747956097126007,0.9499543309211731,0.0
38.0,0.47039854526519775,0.9521393179893494,0.0
38.0,0.46599140763282776,0.9543039798736572,0.0
38.0,0.45983579754829407,0.9528457522392273,0.0
38.0,0.455425500869751,0.9549615383148193,0.0
38.0,0.4484478533267975,0.9516294598579407,0.0
38.0,0.4440433084964752,0.953692615032196,0.0
38.0,0.43795767426490784,0.9521013498306274,0.0
38.0,0.4318963289260864,0.9504744410514832,0.0
38.0,0.4274972975254059,0.9524610638618469,0.0
38.0,0.42227864265441895,0.9525989890098572,0.0
38.0,0.4178699254989624,0.9545411467552185,0.0
38.0,0.41186508536338806,0.9527912139892578,0.0
38.0,0.4058854281902313,0.9510063529014587,0.0
38.0,0.4014842212200165,0.9528727531433105,0.0
38.0,0.3955383598804474,0.9510254263877869,0.0
38.0,0.39113718271255493,0.952843964099884,0.0
38.0,0.3852258324623108,0.950934886932373,0.0
38.0,0.3800828456878662,0.9508486390113831,0.0
38.0,0.37568265199661255,0.9525957703590393,0.0
38.0,0.3698241114616394,0.9505946040153503,0.0
38.0,0.3654251992702484,0.9522942900657654,0.0
38.0,0.3603106141090393,0.9521030783653259,0.0
38.0,0.35380715131759644,0.9481373429298401,0.0
38.0,0.3494197726249695,0.9497630000114441,0.0
38.0,0.34434306621551514,0.9494881629943848,0.0
38.0,0.3399495482444763,0.9510700702667236,0.0
38.0,0.3348843455314636,0.9507452249526978,0.0
38.0,0.32917362451553345,0.9485043883323669,0.0
38.0,0.3247848153114319,0.9500161409378052,0.0
38.0,0.319112628698349,0.9477167725563049,0.0
38.0,0.3147275745868683,0.9491820335388184,0.0
38.0,0.3097151219844818,0.9487257599830627,0.0
38.0,0.3053255081176758,0.9501475691795349,0.0
38.0,0.30032628774642944,0.9496421217918396,0.0
38.0,0.29533830285072327,0.9491108059883118,0.0
38.0,0.2909470498561859,0.9504660964012146,0.0
38.0,0.2853964567184448,0.9479709267616272,0.0
38.0,0.28101059794425964,0.9492802619934082,0.0
38.0,0.2760598659515381,0.948648989200592,0.0
38.0,0.2705710828304291,0.9460694193840027,0.0
38.0,0.2661941647529602,0.9473102688789368,0.0
38.0,0.2612794041633606,0.9466028809547424,0.0
38.0,0.2569001317024231,0.9478007555007935,0.0
38.0,0.2520010471343994,0.9470456838607788,0.0
38.0,0.24711446464061737,0.9462655186653137,0.0
38.0,0.24273689091205597,0.9473978877067566,0.0
38.0,0.23786669969558716,0.9465703368186951,0.0
38.0,0.2334877997636795,0.947659969329834,0.0
38.0,0.22863443195819855,0.9467852115631104,0.0
38.0,0.22425465285778046,0.9478321671485901,0.0
38.0,0.21941860020160675,0.9469105005264282,0.0
38.0,0.21459588408470154,0.9459643959999084,0.0
38.0,0.21022003889083862,0.9469464421272278,0.0
38.0,0.2054152935743332,0.9459537863731384,0.0
38.0,0.20103959739208221,0.9468933939933777,0.0
38.0,0.19625328481197357,0.9458544850349426,0.0
38.0,0.19148088991641998,0.9447915554046631,0.0
38.0,0.18711072206497192,0.9456667304039001,0.0
38.0,0.18273654580116272,0.9465216994285583,0.0
38.0,0.17835846543312073,0.9473564624786377,0.0
38.0,0.17325468361377716,0.9442366361618042,0.0
38.0,0.16853544116020203,0.9430587291717529,0.0
38.0,0.16417351365089417,0.9438278675079346,0.0
38.0,0.160141721367836,0.9465487599372864,0.0
38.0,0.15576376020908356,0.9472790360450745,0.0
38.0,0.1510670930147171,0.9460141062736511,0.0
38.0,0.1466917097568512,0.9467024803161621,0.0
38.0,0.14201606810092926,0.9453927278518677,0.0
38.0,0.13735570013523102,0.9440600872039795,0.0
38.0,0.13298949599266052,0.9446850419044495,0.0
38.0,0.12835079431533813,0.9433080554008484,0.0
38.0,0.12398815900087357,0.9438914060592651,0.0
38.0,0.11962287127971649,0.944454550743103,0.0
38.0,0.11501289159059525,0.9430121779441833,0.0
38.0,0.11065176874399185,0.9435338973999023,0.0
38.0,0.10628827661275864,0.9440353512763977,0.0
38.0,0.10192251205444336,0.9445167183876038,0.0
38.0,0.09734919667243958,0.942988395690918,0.0
38.0,0.09298837184906006,0.9434283971786499,0.0
38.0,0.08862555772066116,0.9438482522964478,0.0
38.0,0.08408308029174805,0.9422557950019836,0.0
38.0,0.07972577959299088,0.9426344633102417,0.0
38.0,0.07520744204521179,0.9409993886947632,0.0
38.0,0.07085604965686798,0.9413370490074158,0.0
38.0,0.0665031373500824,0.9416545629501343,0.0
38.0,0.0621488057076931,0.9419519901275635,0.0
38.0,0.05779314786195755,0.9422292709350586,0.0
38.0,0.05343625321984291,0.9424864053726196,0.0
38.0,0.049078214913606644,0.9427233338356018,0.0
38.0,0.04471912980079651,0.9429401755332947,0.0
38.0,0.04027358070015907,0.9411386847496033,0.0
38.0,0.035921916365623474,0.9413148164749146,0.0
38.0,0.03156948462128639,0.9414708018302917,0.0
38.0,0.02721637673676014,0.9416067004203796,0.0
38.0,0.022862685844302177,0.9417225122451782,0.0
38.0,0.018508508801460266,0.941818118095398,0.0
38.0,0.014153935015201569,0.9418936371803284,0.0
38.0,0.009799058549106121,0.9419490098953247,0.0
38.0,0.005443972535431385,0.941984236240387,0.0
38.0,0.0010887705720961094,0.9419993162155151,0.0
38.0,-0.0032664549071341753,0.941994309425354,0.0
38.0,-0.007621610537171364,0.9419691562652588,0.0
38.0,-0.011976603418588638,0.9419238567352295,0.0
38.0,-0.01633133925497532,0.9418584108352661,0.0
38.0,-0.020685726776719093,0.9417728185653687,0.0
38.0,-0.0250396728515625,0.9416671395301819,0.0
38.0,-0.02945549041032791,0.9435403347015381,0.0
38.0,-0.03381751477718353,0.9433940649032593,0.0
38.0,-0.038178812712430954,0.9432276487350464,0.0
38.0,-0.04244917258620262,0.9410430192947388,0.0
38.0,-0.04679951071739197,0.9408367276191711,0.0
38.0,-0.05114884674549103,0.9406102895736694,0.0
38.0,-0.05549709498882294,0.9403637647628784,0.0
38.0,-0.05984415113925934,0.9400971531867981,0.0
38.0,-0.06418993324041367,0.9398103952407837,0.0
38.0,-0.06853433698415756,0.9395036101341248,0.0
38.0,-0.07287728041410446,0.9391766786575317,0.0
38.0,-0.0772186666727066,0.9388297200202942,0.0
38.0,-0.08173156529664993,0.9404551982879639,0.0
38.0,-0.08607876300811768,0.9400672912597656,0.0
38.0,-0.09042412787675858,0.9396592378616333,0.0
38.0,-0.09476755559444427,0.9392311573028564,0.0
38.0,-0.09910895675420761,0.9387829303741455,0.0
38.0,-0.10366740822792053,0.9403026103973389,0.0
38.0,-0.10801366716623306,0.9398132562637329,0.0
38.0,-0.11235762387514114,0.9393038749694824,0.0
38.0,-0.11669917404651642,0.9387743473052979,0.0
38.0,-0.12103822827339172,0.9382247924804688,0.0
38.0,-0.12563976645469666,0.9396375417709351,0.0
38.0,-0.12998270988464355,0.9390466213226318,0.0
38.0,-0.1343228816986084,0.9384356141090393,0.0
38.0,-0.13895271718502045,0.9397830367088318,0.0
38.0,-0.14329619705677032,0.9391305446624756,0.0
38.0,-0.14763662219047546,0.9384579658508301,0.0
38.0,-0.1519738882780075,0.93776535987854,0.0
38.0,-0.1563078910112381,0.9370527267456055,0.0
38.0,-0.16063857078552246,0.9363200664520264,0.0
38.0,-0.16531310975551605,0.9375370144844055,0.0
38.0,-0.17000232636928558,0.9387306571006775,0.0
38.0,-0.1743406057357788,0.9379346370697021,0.0
38.0,-0.17904974520206451,0.9390831589698792,0.0
38.0,-0.1833895593881607,0.9382452964782715,0.0
38.0,-0.18772545456886292,0.9373874068260193,0.0
38.0,-0.1924591362476349,0.9384686946868896,0.0
38.0,-0.1967959702014923,0.9375688433647156,0.0
38.0,-0.20112860202789307,0.936648964881897,0.0
38.0,-0.2054569274187088,0.9357090592384338,0.0
38.0,-0.21021881699562073,0.9367005825042725,0.0
38.0,-0.21499426662921906,0.9376680850982666,0.0
38.0,-0.2193271517753601,0.9366641044616699,0.0
38.0,-0.22458532452583313,0.9395304322242737,0.0
38.0,-0.22892671823501587,0.9384820461273193,0.0
38.0,-0.23374615609645844,0.939354419708252,0.0
38.0,-0.23808665573596954,0.9382636547088623,0.0
38.0,-0.24242204427719116,0.9371528625488281,0.0
38.0,-0.24726209044456482,0.9379560351371765,0.0
38.0,-0.25159597396850586,0.9368028044700623,0.0
38.0,-0.2569798231124878,0.9394878149032593,0.0
38.0,-0.26132068037986755,0.9382896423339844,0.0
38.0,-0.2656559348106384,0.9370714426040649,0.0
38.0,-0.27053990960121155,0.9377548694610596,0.0
38.0,-0.27487263083457947,0.9364940524101257,0.0
38.0,-0.2803437113761902,0.9390460252761841,0.0
38.0,-0.2846822738647461,0.9377398490905762,0.0
38.0,-0.2896045744419098,0.9383246898651123,0.0
38.0,-0.2939396798610687,0.9369757175445557,0.0
38.0,-0.29826852679252625,0.9356066584587097,0.0
38.0,-0.3038235604763031,0.938023030757904,0.0
38.0,-0.30815714597702026,0.9366083145141602,0.0
38.0,-0.31311798095703125,0.9370704889297485,0.0
38.0,-0.31744706630706787,0.9356127977371216,0.0
38.0,-0.32242071628570557,0.9360260963439941,0.0
38.0,-0.32674485445022583,0.9345254302024841,0.0
38.0,-0.33173084259033203,0.9348896145820618,0.0
38.0,-0.33672717213630676,0.9352276921272278,0.0
38.0,-0.341047465801239,0.9336608648300171,0.0
38.0,-0.34605535864830017,0.9339494705200195,0.0
38.0,-0.3503696620464325,0.9323395490646362,0.0
38.0,-0.3561008870601654,0.9344475269317627,0.0
38.0,-0.3611381947994232,0.9346566796302795,0.0
38.0,-0.36545559763908386,0.932977020740509,0.0
38.0,-0.37124133110046387,0.934995174407959,0.0
38.0,-0.3755601942539215,0.9332687854766846,0.0
38.0,-0.38213664293289185,0.9370781779289246,0.0
38.0,-0.3879925608634949,0.9389983415603638,0.0
38.0,-0.39232975244522095,0.9371944665908813,0.0
38.0,-0.3974393904209137,0.937211811542511,0.0
38.0,-0.40176820755004883,0.9353642463684082,0.0
38.0,-0.4068862497806549,0.9353306889533997,0.0
38.0,-0.41120630502700806,0.9334395527839661,0.0
38.0,-0.41714704036712646,0.9351814985275269,0.0
38.0,-0.4222894310951233,0.9350655674934387,0.0
38.0,-0.4266080856323242,0.9331032037734985,0.0
38.0,-0.4317575991153717,0.932935893535614,0.0
38.0,-0.43606629967689514,0.9309297204017639,0.0
38.0,-0.44293591380119324,0.9343253374099731,0.0
38.0,-0.4472509026527405,0.9322674870491028,0.0
38.0,-0.45330315828323364,0.9337881207466125,0.0
38.0,-0.45937904715538025,0.9352726936340332,0.0
38.0,-0.46369826793670654,0.9331387877464294,0.0
38.0,-0.4698041081428528,0.9345588088035583,0.0
38.0,-0.4741199016571045,0.9323767423629761,0.0
38.0,-0.4802550673484802,0.933731734752655,0.0
38.0,-0.486412912607193,0.9350500106811523,0.0
38.0,-0.49073082208633423,0.9327911138534546,0.0
38.0,-0.49691689014434814,0.9340436458587646,0.0
38.0,-0.501230001449585,0.9317362308502197,0.0
38.0,-0.5074437260627747,0.9329227805137634,0.0
38.0,-1.1144236326217651,1.961529016494751,0.0
38.0,-1.1234806776046753,1.9563556909561157,0.0
38.0,-1.1325136423110962,1.9511405229568481,0.0
38.0,-1.1415222883224487,1.9458836317062378,0.0
38.0,-1.1545864343643188,1.947466492652893,0.0
38.0,-1.1697453260421753,1.9524015188217163,0.0
38.0,-1.1787595748901367,1.9469724893569946,0.0
38.0,-1.1919233798980713,1.9483259916305542,0.0
38.0,-1.200918436050415,1.9427945613861084,0.0
38.0,-1.2141257524490356,1.9440069198608398,0.0
38.0,-1.2295042276382446,1.9485212564468384,0.0
38.0,-1.2384997606277466,1.942815899848938,0.0
38.0,-1.253966212272644,1.9471580982208252,0.0
38.0,-1.2629551887512207,1.9413397312164307,0.0
38.0,-1.276310682296753,1.9421653747558594,0.0
38.0,-1.2852764129638672,1.9362437725067139,0.0
38.0,-1.3031249046325684,1.9435701370239258,0.0
38.0,-1.3165827989578247,1.9441486597061157,0.0
38.0,-1.3255572319030762,1.938040852546692,0.0
38.0,-1.3413234949111938,1.9417648315429688,0.0
38.0,-1.3502867221832275,1.9355427026748657,0.0
38.0,-1.366132378578186,1.939089059829712,0.0
38.0,-1.384358286857605,1.9457893371582031,0.0
38.0,-1.3933396339416504,1.9393681287765503,0.0
38.0,-1.4093378782272339,1.9426186084747314,0.0
38.0,-1.4183043241500854,1.9360820055007935,0.0
38.0,-1.4343764781951904,1.9391512870788574,0.0
38.0,-1.4505072832107544,1.9421133995056152,0.0
38.0,-1.4594709873199463,1.9353864192962646,0.0
38.0,-1.475672721862793,1.9381657838821411,0.0
38.0,-1.484617829322815,1.931322455406189,0.0
38.0,-1.503340721130371,1.9370777606964111,0.0
38.0,-1.5122805833816528,1.930106520652771,0.0
38.0,-1.5236696004867554,1.9262313842773438,0.0
38.0,-1.5250709056854248,1.9097892045974731,0.0
38.0,-1.5338842868804932,1.9027178287506104,0.0
38.0,-1.5275160074234009,1.8769910335540771,0.0
38.0,-1.536177635192871,1.8699086904525757,0.0
38.0,-1.529486060142517,1.844312310218811,0.0
38.0,-1.5200234651565552,1.815751314163208,0.0
38.0,-1.5284020900726318,1.8087042570114136,0.0
38.0,-1.5211730003356934,1.7833589315414429,0.0
38.0,-1.5294018983840942,1.7763069868087769,0.0
38.0,-1.5218546390533447,1.7511019706726074,0.0
38.0,-1.5141074657440186,1.7260053157806396,0.0
38.0,-1.5220712423324585,1.7189866304397583,0.0
38.0,-1.5166749954223633,1.6970188617706299,0.0
38.0,-1.5245047807693481,1.689988613128662,0.0
38.0,-1.516144037246704,1.6651761531829834,0.0
38.0,-1.5238265991210938,1.6581486463546753,0.0
38.0,-1.5178755521774292,1.6364223957061768,0.0
38.0,-1.5117563009262085,1.6147868633270264,0.0
38.0,-1.519205927848816,1.6077800989151,0.0
38.0,-1.5128198862075806,1.5862659215927124,0.0
38.0,-1.5034939050674438,1.5619635581970215,0.0
38.0,-1.5106992721557617,1.5549956560134888,0.0
38.0,-1.5066704750061035,1.5365701913833618,0.0
38.0,-1.5137585401535034,1.5295878648757935,0.0
38.0,-1.5066802501678467,1.5084224939346313,0.0
38.0,-1.5136381387710571,1.5014405250549316,0.0
38.0,-1.5062994956970215,1.4804073572158813,0.0
38.0,-1.5016647577285767,1.4622650146484375,0.0
38.0,-1.5084092617034912,1.4553065299987793,0.0
38.0,-1.5006643533706665,1.4344972372055054,0.0
38.0,-1.5072804689407349,1.4275438785552979,0.0
38.0,-1.5021969079971313,1.4096113443374634,0.0
38.0,-1.49551522731781,1.3903950452804565,0.0
38.0,-1.5019276142120361,1.3834657669067383,0.0
38.0,-1.4979668855667114,1.3670697212219238,0.0
38.0,-1.504271388053894,1.360129475593567,0.0
38.0,-1.4986261129379272,1.3424842357635498,0.0
38.0,-1.4928501844406128,1.324920654296875,0.0
38.0,-1.4989597797393799,1.3180044889450073,0.0
38.0,-1.49297297000885,1.3005505800247192,0.0
38.0,-1.4989699125289917,1.293634057044983,0.0
38.0,-1.4958140850067139,1.278891921043396,0.0
38.0,-1.4910279512405396,1.2629139423370361,0.0
38.0,-1.4968509674072266,1.2560068368911743,0.0
38.0,-1.4918758869171143,1.2401236295700073,0.0
38.0,-1.4975934028625488,1.233212947845459,0.0
38.0,-1.492430567741394,1.2174263000488281,0.0
38.0,-1.4855984449386597,1.2004570960998535,0.0
38.0,-1.4911327362060547,1.1935757398605347,0.0
38.0,-1.4872322082519531,1.1792134046554565,0.0
38.0,-1.4926682710647583,1.172324776649475,0.0
38.0,-1.4886009693145752,1.1580429077148438,0.0
38.0,-1.482849359512329,1.1426030397415161,0.0
38.0,-1.4881161451339722,1.135735034942627,0.0
38.0,-1.483778476715088,1.121606707572937,0.0
38.0,-1.4889482259750366,1.1147346496582031,0.0
38.0,-1.4844468832015991,1.1006914377212524,0.0
38.0,-1.4798476696014404,1.0867136716842651,0.0
38.0,-1.484856128692627,1.0798602104187012,0.0
38.0,-1.480095386505127,1.0659706592559814,0.0
38.0,-1.4850080013275146,1.059116244316101,0.0
38.0,-1.4800869226455688,1.0453165769577026,0.0
38.0,-1.4849040508270264,1.0384624004364014,0.0
38.0,-1.4814680814743042,1.025892972946167,0.0
38.0,-1.4762983322143555,1.0122466087341309,0.0
38.0,-1.4809625148773193,1.0054103136062622,0.0
38.0,-1.4772956371307373,0.992974042892456,0.0
38.0,-1.4818707704544067,0.986133337020874,0.0
38.0,-1.4780635833740234,0.973770022392273,0.0
38.0,-1.474173903465271,0.9614630937576294,0.0
38.0,-1.4786033630371094,0.9546371698379517,0.0
38.0,-1.4762601852416992,0.9434826970100403,0.0
38.0,-1.4806065559387207,0.9366472959518433,0.0
38.0,-1.4747505187988281,0.9234234690666199,0.0
38.0,-1.4705040454864502,0.9113275408744812,0.0
38.0,-1.4747017621994019,0.9045190811157227,0.0
38.0,-1.4703195095062256,0.8925023674964905,0.0
38.0,-1.4744302034378052,0.8856949806213379,0.0
38.0,-1.469913363456726,0.8737589716911316,0.0
38.0,-1.4670417308807373,0.8628977537155151,0.0
38.0,-1.4710155725479126,0.8561058640480042,0.0
38.0,-1.4680250883102417,0.8453036546707153,0.0
38.0,-1.4719176292419434,0.8385074138641357,0.0
38.0,-1.4688091278076172,0.8277654647827148,0.0
38.0,-1.4726204872131348,0.8209657669067383,0.0
38.0,-1.4693949222564697,0.8102854490280151,0.0
38.0,-1.4661022424697876,0.7996525168418884,0.0
38.0,-1.4697836637496948,0.7928656339645386,0.0
38.0,-1.4663752317428589,0.7822962403297424,0.0
38.0,-1.4699764251708984,0.7755082845687866,0.0
38.0,-1.4664534330368042,0.7650036811828613,0.0
38.0,-1.4646421670913696,0.755465030670166,0.0
38.0,-1.4681192636489868,0.748685359954834,0.0
38.0,-1.4644215106964111,0.7382882833480835,0.0
38.0,-1.4678192138671875,0.731509804725647,0.0
38.0,-1.4640090465545654,0.7211805582046509,0.0
38.0,-1.4601348638534546,0.7109021544456482,0.0
38.0,-1.4634060859680176,0.7041438221931458,0.0
38.0,-1.459421157836914,0.6939351558685303,0.0
38.0,-1.4626139402389526,0.6871802806854248,0.0
38.0,-1.4603331089019775,0.6778844594955444,0.0
38.0,-1.4579976797103882,0.6686244010925293,0.0
38.0,-1.461073398590088,0.6618764400482178,0.0
38.0,-1.4586411714553833,0.6526637077331543,0.0
38.0,-1.461643099784851,0.6459129452705383,0.0
38.0,-1.4591145515441895,0.6367484927177429,0.0
38.0,-1.4546959400177002,0.6268298029899597,0.0
38.0,-1.4575785398483276,0.6200975179672241,0.0
38.0,-1.4548978805541992,0.6110286712646484,0.0
38.0,-1.4577072858810425,0.604295551776886,0.0
38.0,-1.4549325704574585,0.5952775478363037,0.0
38.0,-1.4576691389083862,0.5885445475578308,0.0
38.0,-1.4548007249832153,0.5795782804489136,0.0
38.0,-1.4518805742263794,0.5706511735916138,0.0
38.0,-1.4545032978057861,0.563932478427887,0.0
38.0,-1.4533590078353882,0.5557730197906494,0.0
38.0,-1.4559129476547241,0.5490476489067078,0.0
38.0,-1.4528120756149292,0.5402193665504456,0.0
38.0,-1.4496608972549438,0.5314316153526306,0.0
38.0,-1.4521023035049438,0.5247235894203186,0.0
38.0,-1.4488605260849,0.5159913897514343,0.0
38.0,-1.4512306451797485,0.5092872381210327,0.0
38.0,-1.4516795873641968,0.5019186735153198,0.0
38.0,-1.4483050107955933,0.493267297744751,0.0
38.0,-1.4505701065063477,0.4865659475326538,0.0
38.0,-1.447106957435608,0.47797247767448425,0.0
38.0,-1.4493013620376587,0.4712768495082855,0.0
38.0,-1.4457502365112305,0.4627421200275421,0.0
38.0,-1.4440590143203735,0.4548512399196625,0.0
38.0,-1.4461466073989868,0.4481699466705322,0.0
38.0,-1.4443769454956055,0.4403126835823059,0.0
38.0,-1.4463971853256226,0.4336300790309906,0.0
38.0,-1.4445499181747437,0.42580726742744446,0.0
38.0,-1.4426610469818115,0.41801080107688904,0.0
38.0,-1.4445782899856567,0.41133636236190796,0.0
38.0,-1.4426125288009644,0.40357550978660583,0.0
38.0,-1.4444630146026611,0.3969014585018158,0.0
38.0,-1.4424206018447876,0.3891769349575043,0.0
38.0,-1.4442044496536255,0.3825039267539978,0.0
38.0,-1.4420862197875977,0.37481653690338135,0.0
38.0,-1.4399276971817017,0.3671569228172302,0.0
38.0,-1.4416097402572632,0.3604956567287445,0.0
38.0,-1.4413186311721802,0.35335052013397217,0.0
38.0,-1.442936897277832,0.34668299555778503,0.0
38.0,-1.4406307935714722,0.33909159898757935,0.0
38.0,-1.438285231590271,0.3315289318561554,0.0
38.0,-1.439802646636963,0.3248756527900696,0.0
38.0,-1.4393362998962402,0.31778424978256226,0.0
38.0,-1.4407901763916016,0.3111262619495392,0.0
38.0,-1.438299536705017,0.3036354184150696,0.0
38.0,-1.4357703924179077,0.2961742579936981,0.0
38.0,-1.4371243715286255,0.28953298926353455,0.0
38.0,-1.4364852905273438,0.28249961137771606,0.0
38.0,-1.43777596950531,0.2758551836013794,0.0
38.0,-1.4370701313018799,0.2688370943069458,0.0
38.0,-1.4382977485656738,0.2621901333332062,0.0
38.0,-1.4355560541152954,0.25483837723731995,0.0
38.0,-1.4347481727600098,0.24785807728767395,0.0
38.0,-1.4358787536621094,0.2412220537662506,0.0
38.0,-1.4350048303604126,0.23425865173339844,0.0
38.0,-1.436072587966919,0.22762158513069153,0.0
38.0,-1.433156132698059,0.22037173807621002,0.0
38.0,-1.4341596364974976,0.21374337375164032,0.0
38.0,-1.4351325035095215,0.2071104347705841,0.0
38.0,-1.4340938329696655,0.2001965492963791,0.0
38.0,-1.4350041151046753,0.1935640573501587,0.0
38.0,-1.429934024810791,0.1861528754234314,0.0
38.0,-1.4287949800491333,0.1792907565832138,0.0
38.0,-1.4296085834503174,0.172682985663414,0.0
38.0,-1.4284049272537231,0.16584086418151855,0.0
38.0,-1.4291564226150513,0.15923504531383514,0.0
38.0,-1.4298774003982544,0.15262581408023834,0.0
38.0,-1.4285781383514404,0.14581026136875153,0.0
38.0,-1.4292370080947876,0.13920384645462036,0.0
38.0,-1.4278738498687744,0.13240979611873627,0.0
38.0,-1.4284707307815552,0.1258067935705185,0.0
38.0,-1.4270440340042114,0.11903484910726547,0.0
38.0,-1.4275791645050049,0.11243581771850586,0.0
38.0,-1.4260891675949097,0.10568656772375107,0.0
38.0,-1.4265625476837158,0.09909209609031677,0.0
38.0,-1.427005410194397,0.09249550849199295,0.0
38.0,-1.4254214763641357,0.08577680587768555,0.0
38.0,-1.4258028268814087,0.07918563485145569,0.0
38.0,-1.4261536598205566,0.07259277254343033,0.0
38.0,-1.424476146697998,0.06590592116117477,0.0
38.0,-1.424765706062317,0.05931933596730232,0.0
38.0,-1.4230260848999023,0.05265752226114273,0.0
38.0,-1.423254370689392,0.04607778042554855,0.0
38.0,-1.4234521389007568,0.039497051388025284,0.0
38.0,-1.4216201305389404,0.03286925330758095,0.0
38.0,-1.4217568635940552,0.0262962207198143,0.0
38.0,-1.421863317489624,0.019722629338502884,0.0
38.0,-1.4219392538070679,0.013148615136742592,0.0
38.0,-1.4219849109649658,0.006574319209903479,0.0
38.0,-1.4220000505447388,-1.1636915075996512e-07,0.0
39.0,-1.4199999570846558,1.2414034245011862e-07,0.0
39.0,-1.4199848175048828,-0.006565064657479525,0.0
39.0,-1.4199392795562744,-0.013130112551152706,0.0
39.0,-1.4198633432388306,-0.01969487965106964,0.0
39.0,-1.4197571277618408,-0.026259226724505424,0.0
39.0,-1.4196205139160156,-0.03282301127910614,0.0
39.0,-1.4194536209106445,-0.039386097341775894,0.0
39.0,-1.4172574281692505,-0.04588362202048302,0.0
39.0,-1.4170300960540771,-0.05243564024567604,0.0
39.0,-1.4167726039886475,-0.05898653715848923,0.0
39.0,-1.4184825420379639,-0.06562861055135727,0.0
39.0,-1.4181640148162842,-0.07218608260154724,0.0
39.0,-1.4198120832443237,-0.07885292172431946,0.0
39.0,-1.4194324016571045,-0.08541639894247055,0.0
39.0,-1.4190223217010498,-0.0919780507683754,0.0
39.0,-1.4185818433761597,-0.09853773564100266,0.0
39.0,-1.4181110858917236,-0.10509531199932098,0.0
39.0,-1.4176100492477417,-0.11165064573287964,0.0
39.0,-1.4170787334442139,-0.11820358783006668,0.0
39.0,-1.4165170192718506,-0.12475401163101196,0.0
39.0,-1.4179165363311768,-0.1314864307641983,0.0
39.0,-1.4172935485839844,-0.13804058730602264,0.0
39.0,-1.414650559425354,-0.14438870549201965,0.0
39.0,-1.4139678478240967,-0.1509276181459427,0.0
39.0,-1.4152425527572632,-0.15768477320671082,0.0
39.0,-1.416485071182251,-0.16445693373680115,0.0
39.0,-1.4157096147537231,-0.17100411653518677,0.0
39.0,-1.4149038791656494,-0.1775476336479187,0.0
39.0,-1.4140678644180298,-0.1840873658657074,0.0
39.0,-1.4171656370162964,-0.19115786254405975,0.0
39.0,-1.416266679763794,-0.1977079063653946,0.0
39.0,-1.4153375625610352,-0.20425371825695038,0.0
39.0,-1.414378046989441,-0.21079516410827637,0.0
39.0,-1.415365219116211,-0.2176360934972763,0.0
39.0,-1.4163191318511963,-0.22449061274528503,0.0
39.0,-1.4152661561965942,-0.23103637993335724,0.0
39.0,-1.4141827821731567,-0.23757721483707428,0.0
39.0,-1.4130693674087524,-0.24411296844482422,0.0
39.0,-1.413894772529602,-0.2509930729866028,0.0
39.0,-1.4127192497253418,-0.25752735137939453,0.0
39.0,-1.4115134477615356,-0.26405614614486694,0.0
39.0,-1.4122416973114014,-0.2709560990333557,0.0
39.0,-1.4109739065170288,-0.2774825394153595,0.0
39.0,-1.4116365909576416,-0.28439804911613464,0.0
39.0,-1.412265419960022,-0.29132556915283203,0.0
39.0,-1.4109033346176147,-0.29785189032554626,0.0
39.0,-1.411466121673584,-0.30479398369789124,0.0
39.0,-1.4100419282913208,-0.31131646037101746,0.0
39.0,-1.4105384349822998,-0.31827250123023987,0.0
39.0,-1.409051775932312,-0.3247905373573303,0.0
39.0,-1.4094818830490112,-0.33175987005233765,0.0
39.0,-1.407932996749878,-0.3382728695869446,0.0
39.0,-1.4102389812469482,-0.34573110938072205,0.0
39.0,-1.410565733909607,-0.35273265838623047,0.0
39.0,-1.4089198112487793,-0.3592504560947418,0.0
39.0,-1.4072438478469849,-0.36576056480407715,0.0
39.0,-1.405537724494934,-0.3722628653049469,0.0
39.0,-1.4076634645462036,-0.3797991871833801,0.0
39.0,-1.4078210592269897,-0.38683319091796875,0.0
39.0,-1.406017541885376,-0.3933379352092743,0.0
39.0,-1.4061075448989868,-0.40038201212882996,0.0
39.0,-1.4042413234710693,-0.40687867999076843,0.0
39.0,-1.4061819314956665,-0.41449761390686035,0.0
39.0,-1.408082127571106,-0.42214319109916687,0.0
39.0,-1.4061152935028076,-0.42864876985549927,0.0
39.0,-1.4060288667678833,-0.4357371926307678,0.0
39.0,-1.4039992094039917,-0.442233145236969,0.0
39.0,-1.4057492017745972,-0.44993895292282104,0.0
39.0,-1.4036539793014526,-0.4564334452152252,0.0
39.0,-1.4053269624710083,-0.46417272090911865,0.0
39.0,-1.405061960220337,-0.4713011384010315,0.0
39.0,-1.4028680324554443,-0.47779223322868347,0.0
39.0,-1.4044243097305298,-0.485580176115036,0.0
39.0,-1.402164340019226,-0.49206817150115967,0.0
39.0,-1.4036425352096558,-0.499887615442276,0.0
39.0,-1.4031972885131836,-0.5070515275001526,0.0
39.0,-1.400838017463684,-0.5135335922241211,0.0
39.0,-1.402198076248169,-0.5213988423347473,0.0
39.0,-1.3997724056243896,-0.5278761982917786,0.0
39.0,-1.4010529518127441,-0.5357708930969238,0.0
39.0,-1.4041552543640137,-0.5444117784500122,0.0
39.0,-1.401623249053955,-0.5508978962898254,0.0
39.0,-1.4027771949768066,-0.5588526129722595,0.0
39.0,-1.4001784324645996,-0.5653321743011475,0.0
39.0,-1.4012519121170044,-0.5733144283294678,0.0
39.0,-1.3985862731933594,-0.5797867774963379,0.0
39.0,-1.39957857131958,-0.587795615196228,0.0
39.0,-1.400526762008667,-0.5958260297775269,0.0
39.0,-1.3977570533752441,-0.6022948026657104,0.0
39.0,-1.4004566669464111,-0.6111505031585693,0.0
39.0,-1.3976161479949951,-0.6176188588142395,0.0
39.0,-1.4002225399017334,-0.6265245079994202,0.0
39.0,-1.4009544849395752,-0.6346421241760254,0.0
39.0,-1.3980052471160889,-0.6411124467849731,0.0
39.0,-1.3986544609069824,-0.6492533087730408,0.0
39.0,-1.3956377506256104,-0.6557128429412842,0.0
39.0,-1.3980097770690918,-0.6647348999977112,0.0
39.0,-1.3949215412139893,-0.6711912751197815,0.0
39.0,-1.3971980810165405,-0.6802598834037781,0.0
39.0,-1.3994203805923462,-0.6893637180328369,0.0
39.0,-1.3962182998657227,-0.6958264112472534,0.0
39.0,-1.3983439207077026,-0.7049752473831177,0.0
39.0,-1.3950695991516113,-0.7114328145980835,0.0
39.0,-1.3970979452133179,-0.720625638961792,0.0
39.0,-1.3937513828277588,-0.7270772457122803,0.0
39.0,-1.395681619644165,-0.7363129258155823,0.0
39.0,-1.397556185722351,-0.7455819845199585,0.0
39.0,-1.3940942287445068,-0.7520354390144348,0.0
39.0,-1.3958698511123657,-0.7613458633422852,0.0
39.0,-1.3923349380493164,-0.7677913308143616,0.0
39.0,-1.3940107822418213,-0.7771419882774353,0.0
39.0,-1.3956300020217896,-0.7865244746208191,0.0
39.0,-1.3919787406921387,-0.7929686307907104,0.0
39.0,-1.3952305316925049,-0.8033877611160278,0.0
39.0,-1.3915011882781982,-0.809829831123352,0.0
39.0,-1.3929139375686646,-0.8192965984344482,0.0
39.0,-1.395987868309021,-0.8298155069351196,0.0
39.0,-1.3921363353729248,-0.8362607955932617,0.0
39.0,-1.3933842182159424,-0.8458016514778137,0.0
39.0,-1.3894588947296143,-0.8522347211837769,0.0
39.0,-1.3923038244247437,-0.8628638386726379,0.0
39.0,-1.388299584388733,-0.8692917823791504,0.0
39.0,-1.389336347579956,-0.8789088129997253,0.0
39.0,-1.3919987678527832,-0.889630913734436,0.0
39.0,-1.3878707885742188,-0.89605712890625,0.0
39.0,-1.3920891284942627,-0.9079270958900452,0.0
39.0,-1.3878766298294067,-0.9143534898757935,0.0
39.0,-1.3902944326400757,-0.9251924753189087,0.0
39.0,-1.3860020637512207,-0.9316104650497437,0.0
39.0,-1.3882989883422852,-0.942501962184906,0.0
39.0,-1.3905246257781982,-0.9534345269203186,0.0
39.0,-1.3861016035079956,-0.9598532319068909,0.0
39.0,-1.3882049322128296,-0.9708362817764282,0.0
39.0,-1.3837015628814697,-0.9772440791130066,0.0
39.0,-1.3873101472854614,-0.9894375801086426,0.0
39.0,-1.3892123699188232,-1.000516414642334,0.0
39.0,-1.3845717906951904,-1.006928563117981,0.0
39.0,-1.387961745262146,-1.019237995147705,0.0
39.0,-1.3832346200942993,-1.0256441831588745,0.0
39.0,-1.378477931022644,-1.0320284366607666,0.0
39.0,-1.3736916780471802,-1.0383906364440918,0.0
39.0,-1.3593369722366333,-1.0374503135681152,0.0
39.0,-1.3418519496917725,-1.033958077430725,0.0
39.0,-1.3370572328567505,-1.0401508808135986,0.0
39.0,-1.3196508884429932,-1.0364389419555664,0.0
39.0,-1.3148448467254639,-1.0425291061401367,0.0
39.0,-1.2943968772888184,-1.0360987186431885,0.0
39.0,-1.2771480083465576,-1.0320159196853638,0.0
39.0,-1.2723629474639893,-1.0379096269607544,0.0
39.0,-1.2551994323730469,-1.0336103439331055,0.0
39.0,-1.250407338142395,-1.0394026041030884,0.0
39.0,-1.2333316802978516,-1.0348880290985107,0.0
39.0,-1.2178508043289185,-1.031530499458313,0.0
39.0,-1.2130687236785889,-1.0371500253677368,0.0
39.0,-1.1976618766784668,-1.0336005687713623,0.0
39.0,-1.1928703784942627,-1.0391267538070679,0.0
39.0,-1.1790415048599243,-1.0367069244384766,0.0
39.0,-1.162269115447998,-1.0315263271331787,0.0
39.0,-1.1574875116348267,-1.0368889570236206,0.0
39.0,-1.1408132314682007,-1.0314985513687134,0.0
39.0,-1.136031985282898,-1.0367618799209595,0.0
39.0,-1.1224004030227661,-1.0338730812072754,0.0
39.0,-1.1102845668792725,-1.0322422981262207,0.0
39.0,-1.105500340461731,-1.0373644828796387,0.0
39.0,-1.0905276536941528,-1.0328376293182373,0.0
39.0,-1.0857408046722412,-1.0378684997558594,0.0
39.0,-1.0694161653518677,-1.0317678451538086,0.0
39.0,-1.056037187576294,-1.0283294916152954,0.0
39.0,-1.0512715578079224,-1.033200979232788,0.0
39.0,-1.0379638671875,-1.0295994281768799,0.0
39.0,-1.03319251537323,-1.0343873500823975,0.0
39.0,-1.0199581384658813,-1.0306237936019897,0.0
39.0,-1.0151822566986084,-1.0353285074234009,0.0
39.0,-1.0048102140426636,-1.0342729091644287,0.0
39.0,-0.9916956424713135,-1.0302618741989136,0.0
39.0,-0.9869217872619629,-1.0348358154296875,0.0
39.0,-0.9752587676048279,-1.0321192741394043,0.0
39.0,-0.9636421203613281,-1.0293171405792236,0.0
39.0,-0.95887291431427,-1.0337613821029663,0.0
39.0,-0.9459633827209473,-1.0293480157852173,0.0
39.0,-0.9411942362785339,-1.0337104797363281,0.0
39.0,-0.9297067523002625,-1.0306257009506226,0.0
39.0,-0.9249318242073059,-1.0349130630493164,0.0
39.0,-0.9135079383850098,-1.0316914319992065,0.0
39.0,-0.9034526348114014,-1.0298899412155151,0.0
39.0,-0.8986814022064209,-1.0340559482574463,0.0
39.0,-0.8873662352561951,-1.0306217670440674,0.0
39.0,-0.8761021494865417,-1.0271052122116089,0.0
39.0,-0.8713441491127014,-1.0311447381973267,0.0
39.0,-0.8614321947097778,-1.0290279388427734,0.0
39.0,-0.8566654324531555,-1.0329996347427368,0.0
39.0,-0.8468020558357239,-1.030767798423767,0.0
39.0,-0.8420273661613464,-1.0346719026565552,0.0
39.0,-0.832213819026947,-1.0323256254196167,0.0
39.0,-0.8211920261383057,-1.0283479690551758,0.0
39.0,-0.8164287805557251,-1.03213369846344,0.0
39.0,-0.8067141175270081,-1.0296000242233276,0.0
39.0,-0.8019452691078186,-1.0333187580108643,0.0
39.0,-0.7922836542129517,-1.0306727886199951,0.0
39.0,-0.782663881778717,-1.0279598236083984,0.0
39.0,-0.7779028415679932,-1.0315674543380737,0.0
39.0,-0.7683380842208862,-1.0287432670593262,0.0
39.0,-0.7635735869407654,-1.0322846174240112,0.0
39.0,-0.7552469968795776,-1.030963659286499,0.0
39.0,-0.7457746267318726,-1.0279690027236938,0.0
39.0,-0.7410139441490173,-1.0314059257507324,0.0
39.0,-0.731599748134613,-1.0283023118972778,0.0
39.0,-0.726837694644928,-1.031673789024353,0.0
39.0,-0.7186272144317627,-1.0301024913787842,0.0
39.0,-0.710446834564209,-1.0284771919250488,0.0
39.0,-0.7056841850280762,-1.0317507982254028,0.0
39.0,-0.6952992081642151,-1.0267224311828613,0.0
39.0,-0.6905449032783508,-1.029926061630249,0.0
39.0,-0.682457447052002,-1.028108835220337,0.0
39.0,-0.6733033657073975,-1.0245674848556519,0.0
39.0,-0.668559193611145,-1.0276694297790527,0.0
39.0,-0.6605521440505981,-1.025705099105835,0.0
39.0,-0.6558029055595398,-1.0287480354309082,0.0
39.0,-0.64783775806427,-1.0266947746276855,0.0
39.0,-0.6399056911468506,-1.024590015411377,0.0
39.0,-0.6351617574691772,-1.0275375843048096,0.0
39.0,-0.6272732019424438,-1.025344967842102,0.0
39.0,-0.6225259304046631,-1.0282341241836548,0.0
39.0,-0.6157095432281494,-1.0276700258255005,0.0
39.0,-0.6109516620635986,-1.030505657196045,0.0
39.0,-0.6031447649002075,-1.028144121170044,0.0
39.0,-0.5953727960586548,-1.0257325172424316,0.0
39.0,-0.5906240940093994,-1.02847421169281,0.0
39.0,-0.5838868618011475,-1.027716040611267,0.0
39.0,-0.5791290998458862,-1.0304045677185059,0.0
39.0,-0.5714434385299683,-1.0278270244598389,0.0
39.0,-0.5637940168380737,-1.025200605392456,0.0
39.0,-0.5590481162071228,-1.0277962684631348,0.0
39.0,-0.5523952841758728,-1.0268473625183105,0.0
39.0,-0.5476418733596802,-1.0293903350830078,0.0
39.0,-0.5400832295417786,-1.0266011953353882,0.0
39.0,-0.5334851741790771,-1.025538682937622,0.0
39.0,-0.5287380218505859,-1.0279942750930786,0.0
39.0,-0.5221664309501648,-1.0268622636795044,0.0
39.0,-0.517413318157196,-1.0292654037475586,0.0
39.0,-0.5099790692329407,-1.0262736082077026,0.0
39.0,-0.5034652948379517,-1.0250300168991089,0.0
39.0,-0.49872082471847534,-1.0273468494415283,0.0
39.0,-0.49137043952941895,-1.024232029914856,0.0
39.0,-0.48662978410720825,-1.0264928340911865,0.0
39.0,-0.4801819324493408,-1.0251094102859497,0.0
39.0,-0.47375738620758057,-1.0236884355545044,0.0
39.0,-0.46901941299438477,-1.0258678197860718,0.0
39.0,-0.4618018865585327,-1.022557020187378,0.0
39.0,-0.4570693075656891,-1.0246812105178833,0.0
39.0,-0.4515206515789032,-1.0249532461166382,0.0
39.0,-0.4467770755290985,-1.0270298719406128,0.0
39.0,-0.44044533371925354,-1.02540922164917,0.0
39.0,-0.43413808941841125,-1.023751974105835,0.0
39.0,-0.4294002652168274,-1.0257482528686523,0.0
39.0,-0.42388951778411865,-1.025874137878418,0.0
39.0,-0.4191419780254364,-1.0278229713439941,0.0
39.0,-0.4128921926021576,-1.0260390043258667,0.0
39.0,-0.40666791796684265,-1.024219274520874,0.0
39.0,-0.40192824602127075,-1.0260885953903198,0.0
39.0,-0.39501744508743286,-1.022339105606079,0.0
39.0,-0.39028656482696533,-1.0241544246673584,0.0
39.0,-0.3848437964916229,-1.0240757465362549,0.0
39.0,-0.38149479031562805,-1.0295950174331665,0.0
39.0,-0.3767305314540863,-1.0313477516174316,0.0
39.0,-0.37128064036369324,-1.0311967134475708,0.0
39.0,-0.3665090799331665,-1.0329022407531738,0.0
39.0,-0.36106956005096436,-1.0326977968215942,0.0
39.0,-0.3549884855747223,-1.0305742025375366,0.0
39.0,-0.3502199649810791,-1.032204508781433,0.0
39.0,-0.3441762328147888,-1.0300188064575195,0.0
39.0,-0.3394103944301605,-1.0315990447998047,0.0
39.0,-0.33402103185653687,-1.031254529953003,0.0
39.0,-0.3292495906352997,-1.032787799835205,0.0
39.0,-0.32327380776405334,-1.030482530593872,0.0
39.0,-0.31791621446609497,-1.0300549268722534,0.0
39.0,-0.3131504952907562,-1.0315138101577759,0.0
39.0,-0.3072338104248047,-1.0291178226470947,0.0
39.0,-0.3024725317955017,-1.0305272340774536,0.0
39.0,-0.2971504032611847,-1.0299930572509766,0.0
39.0,-0.29183971881866455,-1.029431700706482,0.0
39.0,-0.2870771586894989,-1.0307700634002686,0.0
39.0,-0.28125306963920593,-1.0282279253005981,0.0
39.0,-0.27649617195129395,-1.0295172929763794,0.0
39.0,-0.2712235748767853,-1.0288506746292114,0.0
39.0,-0.26596304774284363,-1.0281574726104736,0.0
39.0,-0.26120665669441223,-1.0293761491775513,0.0
39.0,-0.25596168637275696,-1.0286318063735962,0.0
39.0,-0.2512032091617584,-1.0298042297363281,0.0
39.0,-0.24597439169883728,-1.029009461402893,0.0
39.0,-0.2407582849264145,-1.0281884670257568,0.0
39.0,-0.23600201308727264,-1.0292905569076538,0.0
39.0,-0.2308027595281601,-1.0284192562103271,0.0
39.0,-0.22604551911354065,-1.0294753313064575,0.0
39.0,-0.22086356580257416,-1.028554081916809,0.0
39.0,-0.21569494903087616,-1.027606725692749,0.0
39.0,-0.2109416425228119,-1.0285929441452026,0.0
39.0,-0.20579108595848083,-1.0275962352752686,0.0
39.0,-0.2010379284620285,-1.0285366773605347,0.0
39.0,-0.1959058940410614,-1.0274906158447266,0.0
39.0,-0.19115333259105682,-1.0283854007720947,0.0
39.0,-0.18639668822288513,-1.029258131980896,0.0
39.0,-0.18128874897956848,-1.028139352798462,0.0
39.0,-0.17653334140777588,-1.0289665460586548,0.0
39.0,-0.1714451014995575,-1.0277990102767944,0.0
39.0,-0.1666913628578186,-1.028580665588379,0.0
39.0,-0.16131243109703064,-1.0253888368606567,0.0
39.0,-0.15626828372478485,-1.024146556854248,0.0
39.0,-0.15153160691261292,-1.0248581171035767,0.0
39.0,-0.14650830626487732,-1.0235679149627686,0.0
39.0,-0.14177440106868744,-1.024234414100647,0.0
39.0,-0.13677239418029785,-1.0228965282440186,0.0
39.0,-0.13204170763492584,-1.0235178470611572,0.0
39.0,-0.127308189868927,-1.0241174697875977,0.0
39.0,-0.12233441323041916,-1.0227092504501343,0.0
39.0,-0.11760473996400833,-1.023263931274414,0.0
39.0,-0.11265338212251663,-1.0218087434768677,0.0
39.0,-0.10792797803878784,-1.022318720817566,0.0
39.0,-0.103200264275074,-1.0228067636489868,0.0
39.0,-0.09827876836061478,-1.0212821960449219,0.0
39.0,-0.09355594962835312,-1.0217256546020508,0.0
39.0,-0.08883113414049149,-1.022147297859192,0.0
39.0,-0.08410441875457764,-1.0225470066070557,0.0
39.0,-0.07937590032815933,-1.0229250192642212,0.0
39.0,-0.07464569061994553,-1.0232809782028198,0.0
39.0,-0.06991388648748398,-1.0236152410507202,0.0
39.0,-0.06518058478832245,-1.0239274501800537,0.0
39.0,-0.060445886105298996,-1.024217963218689,0.0
39.0,-0.055709902197122574,-1.0244864225387573,0.0
39.0,-0.050972722470760345,-1.024733066558838,0.0
39.0,-0.046144332736730576,-1.02295982837677,0.0
39.0,-0.04141431301832199,-1.0231622457504272,0.0
39.0,-0.03668341040611267,-1.0233427286148071,0.0
39.0,-0.031951725482940674,-1.0235013961791992,0.0
39.0,-0.02716618962585926,-1.0216388702392578,0.0
39.0,-0.02244248241186142,-1.0217535495758057,0.0
39.0,-0.017718294635415077,-1.0218462944030762,0.0
39.0,-0.012993729673326015,-1.0219173431396484,0.0
39.0,-0.008268886245787144,-1.0219664573669434,0.0
39.0,-0.0035438663326203823,-1.0219937562942505,0.0
39.0,0.0011812294833362103,-1.0219992399215698,0.0
39.0,0.005906300153583288,-1.0219829082489014,0.0
39.0,0.010631244629621506,-1.0219446420669556,0.0
39.0,0.01535596139729023,-1.021884560585022,0.0
39.0,0.02008035033941269,-1.0218026638031006,0.0
39.0,0.024804310873150826,-1.0216989517211914,0.0
39.0,0.029527738690376282,-1.0215733051300049,0.0
39.0,0.03425053879618645,-1.0214258432388306,0.0
39.0,0.038972605019807816,-1.0212565660476685,0.0
39.0,0.04369383677840233,-1.0210654735565186,0.0
39.0,0.048414137214422226,-1.0208525657653809,0.0
39.0,0.05313339829444885,-1.0206178426742554,0.0
39.0,0.05785152688622475,-1.020361304283142,0.0
39.0,0.062690868973732,-1.0220792293548584,0.0
39.0,0.06741565465927124,-1.0217784643173218,0.0
39.0,0.07213899493217468,-1.0214558839797974,0.0
39.0,0.07686079293489456,-1.0211113691329956,0.0
39.0,0.08142160624265671,-1.0187513828277588,0.0
39.0,0.0862993597984314,-1.0203570127487183,0.0
39.0,0.09101593494415283,-1.0199471712112427,0.0
39.0,0.09573055803775787,-1.0195153951644897,0.0
39.0,0.10044313222169876,-1.0190619230270386,0.0
39.0,0.10515356063842773,-1.0185866355895996,0.0
39.0,0.11007631570100784,-1.0200780630111694,0.0
39.0,0.11479133367538452,-1.0195581912994385,0.0
39.0,0.11950390785932541,-1.0190166234970093,0.0
39.0,0.12421392649412155,-1.0184532403945923,0.0
39.0,0.1289212852716446,-1.0178680419921875,0.0
39.0,0.13362589478492737,-1.0172611474990845,0.0
39.0,0.13832764327526093,-1.0166324377059937,0.0
39.0,0.1430264264345169,-1.0159820318222046,0.0
39.0,0.14772216975688934,-1.0153099298477173,0.0
39.0,0.15271183848381042,-1.0165938138961792,0.0
39.0,0.15741030871868134,-1.0158770084381104,0.0
39.0,0.16210539638996124,-1.0151383876800537,0.0
39.0,0.16679702699184418,-1.0143779516220093,0.0
39.0,0.17181871831417084,-1.0155678987503052,0.0
39.0,0.1768549680709839,-1.0167330503463745,0.0
39.0,0.18155381083488464,-1.0159045457839966,0.0
39.0,0.186248779296875,-1.0150543451309204,0.0
39.0,0.1909397542476654,-1.0141823291778564,0.0
39.0,0.19600580632686615,-1.0152525901794434,0.0
39.0,0.20108579099178314,-1.016297459602356,0.0
39.0,0.20578236877918243,-1.0153568983078003,0.0
39.0,0.21047453582286835,-1.0143946409225464,0.0
39.0,0.2151622176170349,-1.0134106874465942,0.0
39.0,0.22026969492435455,-1.014359474182129,0.0
39.0,0.22495709359645844,-1.013330340385437,0.0
39.0,0.23008215427398682,-1.0142297744750977,0.0
39.0,0.23522035777568817,-1.0151036977767944,0.0
39.0,0.2399110496044159,-1.0140053033828735,0.0
39.0,0.24553555250167847,-1.0167734622955322,0.0
39.0,0.25023385882377625,-1.015627384185791,0.0
39.0,0.255414217710495,-1.0163992643356323,0.0
39.0,0.2606070637702942,-1.0171449184417725,0.0
39.0,0.26530691981315613,-1.0159292221069336,0.0
39.0,0.27051541209220886,-1.0166245698928833,0.0
39.0,0.27521276473999023,-1.0153629779815674,0.0
39.0,0.28043636679649353,-1.016007661819458,0.0
39.0,0.28567177057266235,-1.0166256427764893,0.0
39.0,0.2903689742088318,-1.0152939558029175,0.0
39.0,0.2950599491596222,-1.013940691947937,0.0
39.0,0.2997446060180664,-1.0125656127929688,0.0
39.0,0.304999440908432,-1.013084053993225,0.0
39.0,0.3096800446510315,-1.0116630792617798,0.0
39.0,0.31494826078414917,-1.0121301412582397,0.0
39.0,0.32143354415893555,-1.0163840055465698,0.0
39.0,0.3261292278766632,-1.0148869752883911,0.0
39.0,0.3314386010169983,-1.0152696371078491,0.0
39.0,0.3361290395259857,-1.0137263536453247,0.0
39.0,0.3414505422115326,-1.0140570402145386,0.0
39.0,0.3461352586746216,-1.0124675035476685,0.0
39.0,0.3514682948589325,-1.0127458572387695,0.0
39.0,0.35747572779655457,-1.0148828029632568,0.0
39.0,0.36216408014297485,-1.0132192373275757,0.0
39.0,0.3675265610218048,-1.0134141445159912,0.0
39.0,0.37220802903175354,-1.0117040872573853,0.0
39.0,0.37827998399734497,-1.0137200355529785,0.0
39.0,0.3836706280708313,-1.0138307809829712,0.0
39.0,0.3883538544178009,-1.0120460987091064,0.0
39.0,0.39375388622283936,-1.0121036767959595,0.0
39.0,0.3984290063381195,-1.0102723836898804,0.0
39.0,0.40383800864219666,-1.0102766752243042,0.0
39.0,0.40850457549095154,-1.0083987712860107,0.0
39.0,0.41392189264297485,-1.0083495378494263,0.0
39.0,0.42088353633880615,-1.0119649171829224,0.0
39.0,0.4255577027797699,-1.0100082159042358,0.0
39.0,0.433363139629364,-1.015387773513794,0.0
39.0,0.4380530118942261,-1.0133733749389648,0.0
39.0,0.4443376660346985,-1.0150015354156494,0.0
39.0,0.4498361647129059,-1.0147647857666016,0.0
39.0,0.4545229971408844,-1.01267409324646,0.0
39.0,0.4600274860858917,-1.0123826265335083,0.0
39.0,0.46470317244529724,-1.0102449655532837,0.0
39.0,0.4702131152153015,-1.0098987817764282,0.0
39.0,0.4748772382736206,-1.007714033126831,0.0
39.0,0.4821139872074127,-1.0109233856201172,0.0
39.0,0.48939049243927,-1.0140873193740845,0.0
39.0,0.494073748588562,-1.0118138790130615,0.0
39.0,0.5005182027816772,-1.0131049156188965,0.0
39.0,0.5051968097686768,-1.0107799768447876,0.0
39.0,0.5125718712806702,-1.0137879848480225,0.0
39.0,0.5172535181045532,-1.0114073753356934,0.0
39.0,0.5237618684768677,-1.012557864189148,0.0
39.0,0.5293647646903992,-1.0118976831436157,0.0
39.0,0.5340374708175659,-1.0094393491744995,0.0
39.0,0.5396422743797302,-1.0087231397628784,0.0
39.0,0.5443001985549927,-1.006217360496521,0.0
39.0,0.5518255233764648,-1.0089541673660278,0.0
39.0,0.5603556036949158,-1.0133930444717407,0.0
39.0,0.5650349259376526,-1.010791540145874,0.0
39.0,0.5726540088653564,-1.0133920907974243,0.0
39.0,0.5773331522941589,-1.0107336044311523,0.0
39.0,0.5849999189376831,-1.0132497549057007,0.0
39.0,0.5906863808631897,-1.0122617483139038,0.0
39.0,0.5953601002693176,-1.0095199346542358,0.0
39.0,0.6030929088592529,-1.0119105577468872,0.0
39.0,0.6077648997306824,-1.0091114044189453,0.0
39.0,0.6145034432411194,-1.0097076892852783,0.0
39.0,0.6191651225090027,-1.006855845451355,0.0
39.0,0.6259245872497559,-1.0073798894882202,0.0
39.0,0.63057541847229,-1.0044753551483154,0.0
39.0,0.6394974589347839,-1.0083049535751343,0.0
39.0,0.6463103294372559,-1.008705496788025,0.0
39.0,0.6509670615196228,-1.005706548690796,0.0
39.0,0.6577989459037781,-1.0060341358184814,0.0
39.0,0.6624431610107422,-1.0029821395874023,0.0
39.0,0.670403003692627,-1.0048998594284058,0.0
39.0,0.6783947348594666,-1.006765365600586,0.0
39.0,0.6830421686172485,-1.0036181211471558,0.0
39.0,0.692206621170044,-1.0070421695709229,0.0
39.0,0.6968551278114319,-1.003831148147583,0.0
39.0,0.7060811519622803,-1.00714910030365,0.0
39.0,0.7107300758361816,-1.0038739442825317,0.0
39.0,0.7188532948493958,-1.0054579973220825,0.0
39.0,0.7293477654457092,-1.010231614112854,0.0
39.0,0.734010636806488,-1.0068488121032715,0.0
39.0,0.7422147393226624,-1.008276343345642,0.0
39.0,0.7468684315681458,-1.0048340559005737,0.0
39.0,0.7539072036743164,-1.0045695304870605,0.0
39.0,0.7633751630783081,-1.0074495077133179,0.0
39.0,0.7680248022079468,-1.0039093494415283,0.0
39.0,0.7787708044052124,-1.0082619190216064,0.0
39.0,0.7834240794181824,-1.004650592803955,0.0
39.0,0.7930091023445129,-1.0073035955429077,0.0
39.0,0.7976577281951904,-1.0036264657974243,0.0
39.0,0.8072958588600159,-1.0061676502227783,0.0
39.0,0.8144568204879761,-1.0055327415466309,0.0
39.0,0.8190970420837402,-1.0017565488815308,0.0
39.0,0.8313586115837097,-1.0072134733200073,0.0
39.0,0.8360064029693604,-1.0033589601516724,0.0
39.0,0.8470731377601624,-1.0071361064910889,0.0
39.0,0.8517204523086548,-1.0032089948654175,0.0
39.0,0.8602538704872131,-1.0038163661956787,0.0
39.0,0.8714279532432556,-1.007391333580017,0.0
39.0,0.8760762214660645,-1.0033516883850098,0.0
39.0,0.8859952092170715,-1.005292296409607,0.0
39.0,0.8906335830688477,-1.0011851787567139,0.0
39.0,0.9019339084625244,-1.0044975280761719,0.0
39.0,0.9132837653160095,-1.0077265501022339,0.0
39.0,0.9179331064224243,-1.003493309020996,0.0
39.0,0.9293463826179504,-1.006585955619812,0.0
39.0,0.9339902400970459,-1.0022785663604736,0.0
39.0,0.9454653859138489,-1.005233883857727,0.0
39.0,0.9501028060913086,-1.0008519887924194,0.0
39.0,0.9630218744277954,-1.0051133632659912,0.0
39.0,0.9773908257484436,-1.0107141733169556,0.0
39.0,0.982053279876709,-1.0061845779418945,0.0
39.0,0.9993267059326172,-1.0144566297531128,0.0
39.0,1.004006266593933,-1.0098254680633545,0.0
39.0,1.0228309631347656,-1.0192904472351074,0.0
39.0,1.0431874990463257,-1.0300077199935913,0.0
39.0,1.0479384660720825,-1.0251736640930176,0.0
39.0,1.0684641599655151,-1.035629391670227,0.0
39.0,1.073240876197815,-1.0306785106658936,0.0
39.0,1.0924837589263916,-1.0394917726516724,0.0
39.0,1.097278118133545,-1.0344297885894775,0.0
39.0,1.1195881366729736,-1.0457276105880737,0.0
39.0,1.1420257091522217,-1.0568411350250244,0.0
39.0,1.146899700164795,-1.0515497922897339,0.0
39.0,1.1665531396865845,-1.0596837997436523,0.0
39.0,1.1714400053024292,-1.054279088973999,0.0
39.0,1.1942150592803955,-1.0648242235183716,0.0
39.0,1.1991252899169922,-1.0592914819717407,0.0
39.0,1.2190601825714111,-1.0669078826904297,0.0
39.0,1.2406017780303955,-1.0756725072860718,0.0
39.0,1.2455617189407349,-1.0699251890182495,0.0
39.0,1.271818995475769,-1.082301378250122,0.0
39.0,1.2768092155456543,-1.0764098167419434,0.0
39.0,1.1554934978485107,-0.9470325112342834,0.0
39.0,1.1598596572875977,-0.9416801333427429,0.0
39.0,1.164201021194458,-0.9363075494766235,0.0
39.0,1.1685174703598022,-0.9309150576591492,0.0
39.0,1.1947892904281616,-0.9428480267524719,0.0
39.0,1.199135661125183,-0.937313973903656,0.0
39.0,1.2240147590637207,-0.9476770162582397,0.0
39.0,1.228383183479309,-0.9420077800750732,0.0
39.0,1.2566152811050415,-0.9544641375541687,0.0
39.0,1.261014699935913,-0.9486441612243652,0.0
39.0,1.2910478115081787,-0.9619228839874268,0.0
39.0,1.322839379310608,-0.97613126039505,0.0
39.0,1.3273382186889648,-0.9700047969818115,0.0
39.0,1.3593522310256958,-0.9837914109230042,0.0
39.0,1.3638861179351807,-0.9774960875511169,0.0
39.0,1.3944865465164185,-0.9897006750106812,0.0
39.0,1.3990473747253418,-0.9832428693771362,0.0
39.0,1.428202509880066,-0.9939002394676208,0.0
39.0,1.455838680267334,-1.003173828125,0.0
39.0,1.460461139678955,-0.9964322447776794,0.0
39.0,1.4832826852798462,-1.0019842386245728,0.0
39.0,1.4878994226455688,-0.9951157569885254,0.0
39.0,1.510827660560608,-1.0003718137741089,0.0
39.0,1.5154366493225098,-0.9933760166168213,0.0
39.0,1.540145754814148,-0.9994232654571533,0.0
39.0,1.5649428367614746,-1.005263090133667,0.0
39.0,1.5695738792419434,-0.9980170130729675,0.0
39.0,1.5792492628097534,-0.9939456582069397,0.0
39.0,1.5838277339935303,-0.9866335391998291,0.0
39.0,1.5764553546905518,-0.9719529747962952,0.0
39.0,1.5809321403503418,-0.9646540284156799,0.0
39.0,1.576814889907837,-0.9521653056144714,0.0
39.0,1.5743329524993896,-0.9407612681388855,0.0
39.0,1.5786656141281128,-0.9334725141525269,0.0
39.0,1.5760595798492432,-0.9221237897872925,0.0
39.0,1.580306053161621,-0.9148272275924683,0.0
39.0,1.5827832221984863,-0.9065171480178833,0.0
39.0,1.5921777486801147,-0.9021475315093994,0.0
39.0,1.5963317155838013,-0.8947766423225403,0.0
39.0,1.6161936521530151,-0.8961150646209717,0.0
39.0,1.6203194856643677,-0.8886331915855408,0.0
39.0,1.640232801437378,-0.8897148370742798,0.0
39.0,1.6584279537200928,-0.8896856307983398,0.0
39.0,1.662523627281189,-0.8820085525512695,0.0
39.0,1.6807523965835571,-0.8817457556724548,0.0
39.0,1.684810996055603,-0.8739655613899231,0.0
39.0,1.4650298357009888,-0.7007591128349304,0.0
39.0,1.4682540893554688,-0.6939782500267029,0.0
39.0,1.4714468717575073,-0.6871825456619263,0.0
39.0,1.474608302116394,-0.6803721785545349,0.0
39.0,1.494117021560669,-0.6810126304626465,0.0
39.0,1.5118391513824463,-0.6806660890579224,0.0
39.0,1.5149699449539185,-0.6736690402030945,0.0
39.0,1.5327180624008179,-0.673090934753418,0.0
39.0,1.5358136892318726,-0.6659973859786987,0.0
39.0,1.5535849332809448,-0.6651872992515564,0.0
39.0,1.5566437244415283,-0.6579973697662354,0.0
39.0,1.5652064085006714,-0.6531038880348206,0.0
39.0,1.5663599967956543,-0.6450987458229065,0.0
39.0,1.5693258047103882,-0.6378499865531921,0.0
39.0,1.566689133644104,-0.6283540725708008,0.0
39.0,1.5695775747299194,-0.6211040019989014,0.0
39.0,1.5668432712554932,-0.6116587519645691,0.0
39.0,1.56405508518219,-0.6022520661354065,0.0
39.0,1.56682288646698,-0.5950143933296204,0.0
39.0,1.5639381408691406,-0.5856598615646362,0.0
39.0,1.5666290521621704,-0.5784229636192322,0.0
39.0,1.5655279159545898,-0.5698055624961853,0.0
39.0,1.5643805265426636,-0.5612107515335083,0.0
39.0,1.5669584274291992,-0.553972065448761,0.0
39.0,1.563836932182312,-0.5447477698326111,0.0
39.0,1.5663387775421143,-0.5375117659568787,0.0
39.0,1.5650177001953125,-0.5289834141731262,0.0
39.0,1.5674467086791992,-0.5217421054840088,0.0
39.0,1.5641405582427979,-0.5126210451126099,0.0
39.0,1.5626870393753052,-0.5041558146476746,0.0
39.0,1.5650012493133545,-0.4969255328178406,0.0
39.0,1.5634640455245972,-0.4884917438030243,0.0
39.0,1.5618822574615479,-0.48008278012275696,0.0
39.0,1.5640852451324463,-0.4728564918041229,0.0
39.0,1.5605034828186035,-0.46391037106513977,0.0
39.0,1.5626317262649536,-0.45669063925743103,0.0
39.0,1.5628042221069336,-0.4489089548587799,0.0
39.0,1.5648629665374756,-0.4416787326335907,0.0
39.0,1.5611063241958618,-0.43283596634864807,0.0
39.0,1.5611611604690552,-0.4250883162021637,0.0
39.0,1.5631097555160522,-0.41786596179008484,0.0
39.0,1.561155915260315,-0.40961945056915283,0.0
39.0,1.563033103942871,-0.4023972749710083,0.0
39.0,1.5571202039718628,-0.3932077884674072,0.0
39.0,1.5453319549560547,-0.3826395273208618,0.0
39.0,1.5470845699310303,-0.37549081444740295,0.0
39.0,1.533238172531128,-0.36463218927383423,0.0
39.0,1.534907579421997,-0.357539564371109,0.0
39.0,1.5345942974090576,-0.34999457001686096,0.0
39.0,1.5689265727996826,-0.14914891123771667,0.0
39.0,1.5695993900299072,-0.14189358055591583,0.0
39.0,1.5702385902404785,-0.13463522493839264,0.0
39.0,1.570844292640686,-0.12737399339675903,0.0
39.0,1.5634396076202393,-0.11950033158063889,0.0
39.0,1.56397545337677,-0.11227069050073624,0.0
39.0,1.5564957857131958,-0.10450273752212524,0.0
39.0,1.556962251663208,-0.09730536490678787,0.0
39.0,1.5553988218307495,-0.08999038487672806,0.0
39.0,1.5597927570343018,-0.08301081508398056,0.0
39.0,1.5601598024368286,-0.07579842954874039,0.0
39.0,1.5684858560562134,-0.06893568485975266,0.0
39.0,1.5687878131866455,-0.061683252453804016,0.0
39.0,1.5790503025054932,-0.054776184260845184,0.0
39.0,1.5872830152511597,-0.0477154441177845,0.0
39.0,1.5874866247177124,-0.04037633165717125,0.0
39.0,1.5976542234420776,-0.03324439749121666,0.0
39.0,1.5977908372879028,-0.02585749141871929,0.0
39.0,1.60989248752594,-0.018608730286359787,0.0
39.0,1.6099612712860107,-0.011165399104356766,0.0
39.0,1.6179957389831543,-0.0037403227761387825,0.0
39.0,1.6279957294464111,0.0037634307518601418,0.0
39.0,1.6279609203338623,0.01129022054374218,0.0
39.0,1.6378905773162842,0.01893235184252262,0.0
39.0,1.63778555393219,0.026504727080464363,0.0
39.0,1.649642825126648,0.034326180815696716,0.0
39.0,1.6494665145874023,0.04195272549986839,0.0
39.0,1.6612495183944702,0.04993894696235657,0.0
39.0,1.6709949970245361,0.05796567723155022,0.0
39.0,1.6707091331481934,0.06569068878889084,0.0
39.0,1.4324862957000732,0.23724864423274994,0.0
39.0,1.431374192237854,0.24386903643608093,0.0
39.0,1.4302313327789307,0.2504841983318329,0.0
39.0,1.4290579557418823,0.25709402561187744,0.0
39.0,1.44162118434906,0.2662408649921417,0.0
39.0,1.4403748512268066,0.272903174161911,0.0
39.0,1.4390977621078491,0.2795596420764923,0.0
39.0,1.437789797782898,0.28621014952659607,0.0
39.0,1.4501690864562988,0.29565122723579407,0.0
39.0,1.4624913930892944,0.3052128255367279,0.0
39.0,1.4610645771026611,0.3119712173938751,0.0
39.0,1.4713305234909058,0.3212829530239105,0.0
39.0,1.4698293209075928,0.32808202505111694,0.0
39.0,1.4799963235855103,0.33754241466522217,0.0
39.0,1.49205482006073,0.3475574851036072,0.0
39.0,1.4904320240020752,0.35445207357406616,0.0
39.0,1.5082131624221802,0.366056352853775,0.0
39.0,1.5065046548843384,0.37302547693252563,0.0
39.0,1.5280333757400513,0.38586267828941345,0.0
39.0,1.5262330770492554,0.3929232358932495,0.0
39.0,1.5456798076629639,0.40555882453918457,0.0
39.0,1.5650418996810913,0.418382465839386,0.0
39.0,1.5630908012390137,0.42561376094818115,0.0
39.0,1.5823065042495728,0.4387139678001404,0.0
39.0,1.58026123046875,0.4460248649120331,0.0
39.0,1.5935604572296143,0.4577435553073883,0.0
39.0,1.5914270877838135,0.4651062786579132,0.0
39.0,1.6026793718338013,0.47644850611686707,0.0
39.0,1.6138602495193481,0.4879045784473419,0.0
39.0,1.6115872859954834,0.4953608214855194,0.0
39.0,1.6226428747177124,0.5069816708564758,0.0
39.0,1.6202815771102905,0.514478325843811,0.0
39.0,1.6312092542648315,0.5262625217437744,0.0
39.0,1.6287587881088257,0.5337985754013062,0.0
39.0,1.639556884765625,0.545744776725769,0.0
39.0,1.6502790451049805,0.557802140712738,0.0
39.0,1.6476824283599854,0.5654259920120239,0.0
39.0,1.6563827991485596,0.576985239982605,0.0
39.0,1.6536974906921387,0.5846371650695801,0.0
39.0,1.423190951347351,0.5105599761009216,0.0
39.0,1.4358502626419067,0.5226067900657654,0.0
39.0,1.4334187507629395,0.5292396545410156,0.0
39.0,1.4309566020965576,0.5358612537384033,0.0
39.0,1.4434216022491455,0.5481517314910889,0.0
39.0,1.4408718347549438,0.5548193454742432,0.0
39.0,1.4531958103179932,0.5672934651374817,0.0
39.0,1.4505574703216553,0.5740060210227966,0.0
39.0,1.4645944833755493,0.5874068140983582,0.0
39.0,1.4618630409240723,0.594171941280365,0.0
39.0,1.4738948345184326,0.6070173382759094,0.0
39.0,1.4876844882965088,0.6207567453384399,0.0
39.0,1.484798550605774,0.6276282072067261,0.0
39.0,1.5021051168441772,0.6431455016136169,0.0
39.0,1.4991154670715332,0.6500834226608276,0.0
39.0,1.5144060850143433,0.6650491952896118,0.0
39.0,1.511315107345581,0.6720437407493591,0.0
39.0,1.5246050357818604,0.686413586139679,0.0
39.0,1.5305145978927612,0.6976025104522705,0.0
39.0,1.5272729396820068,0.7046712040901184,0.0
39.0,1.5294349193572998,0.7142636179924011,0.0
39.0,1.5261163711547852,0.7213271260261536,0.0
39.0,1.5281777381896973,0.7309643030166626,0.0
39.0,1.5301826000213623,0.7406358122825623,0.0
39.0,1.5267419815063477,0.7477025389671326,0.0
39.0,1.5286449193954468,0.7574170231819153,0.0
39.0,1.5251268148422241,0.7644764184951782,0.0
39.0,1.5269274711608887,0.7742329239845276,0.0
39.0,1.5233315229415894,0.7812842130661011,0.0
39.0,1.525029182434082,0.7910816073417664,0.0
39.0,1.5284396409988403,0.8018404245376587,0.0
39.0,1.5247161388397217,0.808898389339447,0.0
39.0,1.526247262954712,0.818775475025177,0.0
39.0,1.5224454402923584,0.8258231282234192,0.0
39.0,1.523871898651123,0.8357383608818054,0.0
39.0,1.5217407941818237,0.8437446355819702,0.0
39.0,1.517823576927185,0.8507711887359619,0.0
39.0,1.5121338367462158,0.8567936420440674,0.0
39.0,1.508156418800354,0.8637756705284119,0.0
39.0,1.4851068258285522,0.8597171306610107,0.0
39.0,1.4811161756515503,0.8665741682052612,0.0
39.0,1.2561761140823364,1.130540370941162,0.0
39.0,1.2509357929229736,1.136336088180542,0.0
39.0,1.2456687688827515,1.1421074867248535,0.0
39.0,1.24037504196167,1.1478544473648071,0.0
39.0,1.2248235940933228,1.144020676612854,0.0
39.0,1.2195212841033936,1.149671196937561,0.0
39.0,1.2069482803344727,1.1484041213989258,0.0
39.0,1.2016258239746094,1.1539719104766846,0.0
39.0,1.191969394683838,1.155339241027832,0.0
39.0,1.183755874633789,1.1580406427383423,0.0
39.0,1.1783891916275024,1.163501262664795,0.0
39.0,1.1659139394760132,1.1618781089782715,0.0
39.0,1.1605297327041626,1.1672561168670654,0.0
39.0,1.1438921689987183,1.1612107753753662,0.0
39.0,1.1315265893936157,1.1593307256698608,0.0
39.0,1.1261544227600098,1.1645498275756836,0.0
39.0,0.97475266456604,1.286410927772522,0.0
39.0,0.9687947034835815,1.2909038066864014,0.0
39.0,0.962816059589386,1.2953691482543945,0.0
39.0,0.9568167924880981,1.2998067140579224,0.0
39.0,0.9389035105705261,1.3004907369613647,0.0
39.0,0.9328808188438416,1.3048176765441895,0.0
39.0,0.926838219165802,1.3091168403625488,0.0
39.0,0.9207757711410522,1.3133879899978638,0.0
39.0,0.9112721085548401,1.3127022981643677,0.0
39.0,0.9051932692527771,1.316901445388794,0.0
39.0,0.8968445062637329,1.317765474319458,0.0
39.0,0.8907423615455627,1.3218978643417358,0.0
39.0,0.8824014067649841,1.3226745128631592,0.0
39.0,0.8762767314910889,1.326740026473999,0.0
39.0,0.8701333403587341,1.3307772874832153,0.0
39.0,0.8628846406936646,1.3331069946289062,0.0
39.0,0.8567119836807251,1.3370821475982666,0.0
39.0,0.8505209684371948,1.3410288095474243,0.0
39.0,0.8443118333816528,1.3449467420578003,0.0
39.0,0.8380845785140991,1.3488359451293945,0.0
39.0,0.8318394422531128,1.3526962995529175,0.0
39.0,0.8255765438079834,1.3565278053283691,0.0
39.0,0.8192960023880005,1.3603302240371704,0.0
39.0,0.8119739294052124,1.3623855113983154,0.0
39.0,0.805666446685791,1.3661249876022339,0.0
39.0,0.7983337640762329,1.3681079149246216,0.0
39.0,0.7919999361038208,1.3717842102050781,0.0
39.0,0.7856492400169373,1.3754312992095947,0.0
39.0,0.7792816758155823,1.3790489435195923,0.0
39.0,0.7728975415229797,1.3826371431350708,0.0
39.0,0.7674645781517029,1.3879460096359253,0.0
39.0,0.7610393762588501,1.3914793729782104,0.0
39.0,0.7536463737487793,1.3932240009307861,0.0
39.0,0.7471969127655029,1.396693468093872,0.0
39.0,0.7407315373420715,1.4001331329345703,0.0
39.0,0.7342502474784851,1.4035428762435913,0.0
39.0,0.7277532815933228,1.4069225788116455,0.0
39.0,0.47828006744384766,0.9459640979766846,0.0
39.0,0.4739013910293579,0.948165237903595,0.0
39.0,0.46951261162757874,0.9503461122512817,0.0
39.0,0.4651137888431549,0.9525067210197449,0.0
39.0,0.45896655321121216,0.9510445594787598,0.0
39.0,0.4545646011829376,0.9531563520431519,0.0
39.0,0.4484478533267975,0.9516294598579407,0.0
39.0,0.4440433084964752,0.953692615032196,0.0
39.0,0.43795767426490784,0.9521013498306274,0.0
39.0,0.4318963289260864,0.9504744410514832,0.0
39.0,0.4274972975254059,0.9524610638618469,0.0
39.0,0.4214681088924408,0.9507704973220825,0.0
39.0,0.41706782579421997,0.9527089595794678,0.0
39.0,0.4110715091228485,0.9509554505348206,0.0
39.0,0.4051003158092499,0.9491668343544006,0.0
39.0,0.4007076323032379,0.9510295987129211,0.0
39.0,0.3947703242301941,0.9491788148880005,0.0
39.0,0.3903777003288269,0.9509938359260559,0.0
39.0,0.3852258324623108,0.950934886932373,0.0
39.0,0.3808251619338989,0.9527057409286499,0.0
39.0,0.3749488592147827,0.9507350921630859,0.0
39.0,0.3698241114616394,0.9505946040153503,0.0
39.0,0.3654251992702484,0.9522942900657654,0.0
39.0,0.35960274934768677,0.9502325654029846,0.0
39.0,0.35450640320777893,0.9500111937522888,0.0
39.0,0.35011035203933716,0.9516400694847107,0.0
39.0,0.3450249433517456,0.9513683319091797,0.0
39.0,0.3406227231025696,0.9529533386230469,0.0
39.0,0.3355487883090973,0.9526315927505493,0.0
39.0,0.33114081621170044,0.9541727900505066,0.0
39.0,0.3247848153114319,0.9500161409378052,0.0
39.0,0.319112628698349,0.9477167725563049,0.0
39.0,0.3147275745868683,0.9491820335388184,0.0
39.0,0.3097151219844818,0.9487257599830627,0.0
39.0,0.3053255081176758,0.9501475691795349,0.0
39.0,0.29972323775291443,0.9477351903915405,0.0
39.0,0.29533830285072327,0.9491108059883118,0.0
39.0,0.2909470498561859,0.9504660964012146,0.0
39.0,0.2853964567184448,0.9479709267616272,0.0
39.0,0.28101059794425964,0.9492802619934082,0.0
39.0,0.2755010426044464,0.9467286467552185,0.0
39.0,0.2711210250854492,0.9479922652244568,0.0
39.0,0.2661941647529602,0.9473102688789368,0.0
39.0,0.2612794041633606,0.9466028809547424,0.0
39.0,0.2569001317024231,0.9478007555007935,0.0
39.0,0.2520010471343994,0.9470456838607788,0.0
39.0,0.24711446464061737,0.9462655186653137,0.0
39.0,0.24273689091205597,0.9473978877067566,0.0
39.0,0.23786669969558716,0.9465703368186951,0.0
39.0,0.2334877997636795,0.947659969329834,0.0
39.0,0.22863443195819855,0.9467852115631104,0.0
39.0,0.22425465285778046,0.9478321671485901,0.0
39.0,0.21941860020160675,0.9469105005264282,0.0
39.0,0.21459588408470154,0.9459643959999084,0.0
39.0,0.21022003889083862,0.9469464421272278,0.0
39.0,0.2054152935743332,0.9459537863731384,0.0
39.0,0.20103959739208221,0.9468933939933777,0.0
39.0,0.19625328481197357,0.9458544850349426,0.0
39.0,0.19148088991641998,0.9447915554046631,0.0
39.0,0.18711072206497192,0.9456667304039001,0.0
39.0,0.18235743045806885,0.9445579648017883,0.0
39.0,0.1779884397983551,0.9453909993171692,0.0
39.0,0.17325468361377716,0.9442366361618042,0.0
39.0,0.16853544116020203,0.9430587291717529,0.0
39.0,0.16417351365089417,0.9438278675079346,0.0
39.0,0.15980809926986694,0.9445767998695374,0.0
39.0,0.15543925762176514,0.945305585861206,0.0
39.0,0.1510670930147171,0.9460141062736511,0.0
39.0,0.1466917097568512,0.9467024803161621,0.0
39.0,0.14201606810092926,0.9453927278518677,0.0
39.0,0.13735570013523102,0.9440600872039795,0.0
39.0,0.13298949599266052,0.9446850419044495,0.0
39.0,0.1286204308271408,0.9452897906303406,0.0
39.0,0.12424863874912262,0.9458743333816528,0.0
39.0,0.11987417936325073,0.9464386701583862,0.0
39.0,0.11501289159059525,0.9430121779441833,0.0
39.0,0.11065176874399185,0.9435338973999023,0.0
39.0,0.10628827661275864,0.9440353512763977,0.0
39.0,0.10192251205444336,0.9445167183876038,0.0
39.0,0.09734919667243958,0.942988395690918,0.0
39.0,0.09298837184906006,0.9434283971786499,0.0
39.0,0.08862555772066116,0.9438482522964478,0.0
39.0,0.08426084369421005,0.9442479014396667,0.0
39.0,0.07989433407783508,0.9446274042129517,0.0
39.0,0.0753667801618576,0.9429929852485657,0.0
39.0,0.0710061639547348,0.9433313608169556,0.0
39.0,0.06664403527975082,0.9436495900154114,0.0
39.0,0.062280476093292236,0.9439476132392883,0.0
39.0,0.057915590703487396,0.9442254900932312,0.0
39.0,0.05343625321984291,0.9424864053726196,0.0
39.0,0.049078214913606644,0.9427233338356018,0.0
39.0,0.04471912980079651,0.9429401755332947,0.0
39.0,0.04027358070015907,0.9411386847496033,0.0
39.0,0.035921916365623474,0.9413148164749146,0.0
39.0,0.03156948462128639,0.9414708018302917,0.0
39.0,0.02721637673676014,0.9416067004203796,0.0
39.0,0.022862685844302177,0.9417225122451782,0.0
39.0,0.018508508801460266,0.941818118095398,0.0
39.0,0.014153935015201569,0.9418936371803284,0.0
39.0,0.009799058549106121,0.9419490098953247,0.0
39.0,0.005443972535431385,0.941984236240387,0.0
39.0,0.0010887705720961094,0.9419993162155151,0.0
39.0,-0.0032664549071341753,0.941994309425354,0.0
39.0,-0.007621610537171364,0.9419691562652588,0.0
39.0,-0.011976603418588638,0.9419238567352295,0.0
39.0,-0.01633133925497532,0.9418584108352661,0.0
39.0,-0.020685726776719093,0.9417728185653687,0.0
39.0,-0.0250396728515625,0.9416671395301819,0.0
39.0,-0.02945549041032791,0.9435403347015381,0.0
39.0,-0.03381751477718353,0.9433940649032593,0.0
39.0,-0.038178812712430954,0.9432276487350464,0.0
39.0,-0.04244917258620262,0.9410430192947388,0.0
39.0,-0.04679951071739197,0.9408367276191711,0.0
39.0,-0.05114884674549103,0.9406102895736694,0.0
39.0,-0.05549709498882294,0.9403637647628784,0.0
39.0,-0.05984415113925934,0.9400971531867981,0.0
39.0,-0.06418993324041367,0.9398103952407837,0.0
39.0,-0.06853433698415756,0.9395036101341248,0.0
39.0,-0.07287728041410446,0.9391766786575317,0.0
39.0,-0.0772186666727066,0.9388297200202942,0.0
39.0,-0.08173156529664993,0.9404551982879639,0.0
39.0,-0.08607876300811768,0.9400672912597656,0.0
39.0,-0.09042412787675858,0.9396592378616333,0.0
39.0,-0.09476755559444427,0.9392311573028564,0.0
39.0,-0.09910895675420761,0.9387829303741455,0.0
39.0,-0.10366740822792053,0.9403026103973389,0.0
39.0,-0.10801366716623306,0.9398132562637329,0.0
39.0,-0.11235762387514114,0.9393038749694824,0.0
39.0,-0.11694590002298355,0.9407591223716736,0.0
39.0,-0.12129412591457367,0.940208375453949,0.0
39.0,-0.12563976645469666,0.9396375417709351,0.0
39.0,-0.12998270988464355,0.9390466213226318,0.0
39.0,-0.1343228816986084,0.9384356141090393,0.0
39.0,-0.13866019248962402,0.9378045797348022,0.0
39.0,-0.14329619705677032,0.9391305446624756,0.0
39.0,-0.14763662219047546,0.9384579658508301,0.0
39.0,-0.1519738882780075,0.93776535987854,0.0
39.0,-0.1563078910112381,0.9370527267456055,0.0
39.0,-0.16063857078552246,0.9363200664520264,0.0
39.0,-0.16566039621829987,0.9395065903663635,0.0
39.0,-0.17035871744155884,0.9406986236572266,0.0
39.0,-0.1747061014175415,0.9399009346961975,0.0
39.0,-0.17904974520206451,0.9390831589698792,0.0
39.0,-0.1833895593881607,0.9382452964782715,0.0
39.0,-0.18772545456886292,0.9373874068260193,0.0
39.0,-0.1924591362476349,0.9384686946868896,0.0
39.0,-0.1967959702014923,0.9375688433647156,0.0
39.0,-0.20112860202789307,0.936648964881897,0.0
39.0,-0.2054569274187088,0.9357090592384338,0.0
39.0,-0.21021881699562073,0.9367005825042725,0.0
39.0,-0.2145472764968872,0.9357186555862427,0.0
39.0,-0.2193271517753601,0.9366641044616699,0.0
39.0,-0.22458532452583313,0.9395304322242737,0.0
39.0,-0.22892671823501587,0.9384820461273193,0.0
39.0,-0.23374615609645844,0.939354419708252,0.0
39.0,-0.23808665573596954,0.9382636547088623,0.0
39.0,-0.24292293190956116,0.9390891790390015,0.0
39.0,-0.24726209044456482,0.9379560351371765,0.0
39.0,-0.25159597396850586,0.9368028044700623,0.0
39.0,-0.2569798231124878,0.9394878149032593,0.0
39.0,-0.26132068037986755,0.9382896423339844,0.0
39.0,-0.2656559348106384,0.9370714426040649,0.0
39.0,-0.27053990960121155,0.9377548694610596,0.0
39.0,-0.27487263083457947,0.9364940524101257,0.0
39.0,-0.2803437113761902,0.9390460252761841,0.0
39.0,-0.2846822738647461,0.9377398490905762,0.0
39.0,-0.2896045744419098,0.9383246898651123,0.0
39.0,-0.2939396798610687,0.9369757175445557,0.0
39.0,-0.298876017332077,0.937512218952179,0.0
39.0,-0.30320730805397034,0.9361203908920288,0.0
39.0,-0.30815714597702026,0.9366083145141602,0.0
39.0,-0.31311798095703125,0.9370704889297485,0.0
39.0,-0.31744706630706787,0.9356127977371216,0.0
39.0,-0.32242071628570557,0.9360260963439941,0.0
39.0,-0.32674485445022583,0.9345254302024841,0.0
39.0,-0.33173084259033203,0.9348896145820618,0.0
39.0,-0.33740466833114624,0.9371094107627869,0.0
39.0,-0.3417336642742157,0.9355394840240479,0.0
39.0,-0.34675025939941406,0.9358249306678772,0.0
39.0,-0.3510732352733612,0.934211790561676,0.0
39.0,-0.3561008870601654,0.9344475269317627,0.0
39.0,-0.3618590235710144,0.9365222454071045,0.0
39.0,-0.3661850392818451,0.9348392486572266,0.0
39.0,-0.37197938561439514,0.9368540048599243,0.0
39.0,-0.37630683183670044,0.9351241588592529,0.0
39.0,-0.38213664293289185,0.9370781779289246,0.0
39.0,-0.38646501302719116,0.9353014230728149,0.0
39.0,-0.3915574550628662,0.9353495836257935,0.0
39.0,-0.3974393904209137,0.937211811542511,0.0
39.0,-0.40176820755004883,0.9353642463684082,0.0
39.0,-0.4068862497806549,0.9353306889533997,0.0
39.0,-0.41120630502700806,0.9334395527839661,0.0
39.0,-0.41633227467536926,0.933354914188385,0.0
39.0,-0.4222894310951233,0.9350655674934387,0.0
39.0,-0.4266080856323242,0.9331032037734985,0.0
39.0,-0.4325975775718689,0.9347509145736694,0.0
39.0,-0.4369146525859833,0.9327408671379089,0.0
39.0,-0.44293591380119324,0.9343253374099731,0.0
39.0,-0.4472509026527405,0.9322674870491028,0.0
39.0,-0.45330315828323364,0.9337881207466125,0.0
39.0,-0.45937904715538025,0.9352726936340332,0.0
39.0,-0.46369826793670654,0.9331387877464294,0.0
39.0,-0.4698041081428528,0.9345588088035583,0.0
39.0,-0.4741199016571045,0.9323767423629761,0.0
39.0,-0.4802550673484802,0.933731734752655,0.0
39.0,-0.48456692695617676,0.9315013885498047,0.0
39.0,-0.49073082208633423,0.9327911138534546,0.0
39.0,-0.49691689014434814,0.9340436458587646,0.0
39.0,-0.501230001449585,0.9317362308502197,0.0
39.0,-0.5074437260627747,0.9329227805137634,0.0
39.0,-0.5117515325546265,0.9305667281150818,0.0
39.0,-1.1144236326217651,1.961529016494751,0.0
39.0,-1.1234806776046753,1.9563556909561157,0.0
39.0,-1.1325136423110962,1.9511405229568481,0.0
39.0,-1.1415222883224487,1.9458836317062378,0.0
39.0,-1.1566263437271118,1.9509072303771973,0.0
39.0,-1.1656336784362793,1.945538878440857,0.0
39.0,-1.1787595748901367,1.9469724893569946,0.0
39.0,-1.1919233798980713,1.9483259916305542,0.0
39.0,-1.200918436050415,1.9427945613861084,0.0
39.0,-1.2141257524490356,1.9440069198608398,0.0
39.0,-1.2231006622314453,1.9383728504180908,0.0
39.0,-1.2384997606277466,1.942815899848938,0.0
39.0,-1.253966212272644,1.9471580982208252,0.0
39.0,-1.2629551887512207,1.9413397312164307,0.0
39.0,-1.2785075902938843,1.945508360862732,0.0
39.0,-1.2874886989593506,1.939576506614685,0.0
39.0,-1.3031249046325684,1.9435701370239258,0.0
39.0,-1.318825602531433,1.947460651397705,0.0
39.0,-1.3278154134750366,1.9413424730300903,0.0
39.0,-1.3435970544815063,1.9450560808181763,0.0
39.0,-1.352575421333313,1.9388233423233032,0.0
39.0,-1.3684360980987549,1.9423589706420898,0.0
39.0,-1.3774017095565796,1.9360114336013794,0.0
39.0,-1.3933396339416504,1.9393681287765503,0.0
39.0,-1.4116867780685425,1.9458563327789307,0.0
39.0,-1.420668125152588,1.939308762550354,0.0
39.0,-1.4367551803588867,1.9423670768737793,0.0
39.0,-1.4457200765609741,1.9357037544250488,0.0
39.0,-1.4594709873199463,1.9353864192962646,0.0
39.0,-1.4780957698822021,1.9413483142852783,0.0
39.0,-1.4870555400848389,1.9344937801361084,0.0
39.0,-1.503340721130371,1.9370777606964111,0.0
39.0,-1.5122805833816528,1.930106520652771,0.0
39.0,-1.5236696004867554,1.9262313842773438,0.0
39.0,-1.5225749015808105,1.9066635370254517,0.0
39.0,-1.5313738584518433,1.8996037244796753,0.0
39.0,-1.5249910354614258,1.873888373374939,0.0
39.0,-1.5336384773254395,1.866817831993103,0.0
39.0,-1.526932716369629,1.8412333726882935,0.0
39.0,-1.5354291200637817,1.8341541290283203,0.0
39.0,-1.5258203744888306,1.8056490421295166,0.0
39.0,-1.518576979637146,1.7803155183792114,0.0
39.0,-1.5267918109893799,1.77327561378479,0.0
39.0,-1.5192307233810425,1.7480828762054443,0.0
39.0,-1.527296543121338,1.7410402297973633,0.0
39.0,-1.5194196701049805,1.7159919738769531,0.0
39.0,-1.5140094757080078,1.6940364837646484,0.0
39.0,-1.5218254327774048,1.6870185136795044,0.0
39.0,-1.5134509801864624,1.6622183322906494,0.0
39.0,-1.5211198329925537,1.6552033424377441,0.0
39.0,-1.5151551961898804,1.6334896087646484,0.0
39.0,-1.50902259349823,1.61186683177948,0.0
39.0,-1.5164587497711182,1.6048728227615356,0.0
39.0,-1.5100593566894531,1.5833712816238403,0.0
39.0,-1.5173636674880981,1.5763728618621826,0.0
39.0,-1.5106992721557617,1.5549956560134888,0.0
39.0,-1.5066704750061035,1.5365701913833618,0.0
39.0,-1.5137585401535034,1.5295878648757935,0.0
39.0,-1.503853440284729,1.5055924654006958,0.0
39.0,-1.5107983350753784,1.4986236095428467,0.0
39.0,-1.5062994956970215,1.4804073572158813,0.0
39.0,-1.5016647577285767,1.4622650146484375,0.0
39.0,-1.5084092617034912,1.4553065299987793,0.0
39.0,-1.5006643533706665,1.4344972372055054,0.0
39.0,-1.5072804689407349,1.4275438785552979,0.0
39.0,-1.5021969079971313,1.4096113443374634,0.0
39.0,-1.5086979866027832,1.402651071548462,0.0
39.0,-1.5033985376358032,1.3848206996917725,0.0
39.0,-1.4979668855667114,1.3670697212219238,0.0
39.0,-1.504271388053894,1.360129475593567,0.0
39.0,-1.4986261129379272,1.3424842357635498,0.0
39.0,-1.4928501844406128,1.324920654296875,0.0
39.0,-1.4989597797393799,1.3180044889450073,0.0
39.0,-1.49297297000885,1.3005505800247192,0.0
39.0,-1.4989699125289917,1.293634057044983,0.0
39.0,-1.4958140850067139,1.278891921043396,0.0
39.0,-1.5017108917236328,1.2719625234603882,0.0
39.0,-1.4968509674072266,1.2560068368911743,0.0
39.0,-1.4903377294540405,1.2388451099395752,0.0
39.0,-1.4960495233535767,1.2319414615631104,0.0
39.0,-1.4908808469772339,1.2161622047424316,0.0
39.0,-1.4964877367019653,1.2092562913894653,0.0
39.0,-1.4926941394805908,1.194825530052185,0.0
39.0,-1.4872322082519531,1.1792134046554565,0.0
39.0,-1.4926682710647583,1.172324776649475,0.0
39.0,-1.4886009693145752,1.1580429077148438,0.0
39.0,-1.4939390420913696,1.1511482000350952,0.0
39.0,-1.4881161451339722,1.135735034942627,0.0
39.0,-1.483778476715088,1.121606707572937,0.0
39.0,-1.4889482259750366,1.1147346496582031,0.0
39.0,-1.4844468832015991,1.1006914377212524,0.0
39.0,-1.4895199537277222,1.0938165187835693,0.0
39.0,-1.484856128692627,1.0798602104187012,0.0
39.0,-1.480095386505127,1.0659706592559814,0.0
39.0,-1.4850080013275146,1.059116244316101,0.0
39.0,-1.4800869226455688,1.0453165769577026,0.0
39.0,-1.4849040508270264,1.0384624004364014,0.0
39.0,-1.4798238277435303,1.024754285812378,0.0
39.0,-1.4845458269119263,1.0179016590118408,0.0
39.0,-1.4809625148773193,1.0054103136062622,0.0
39.0,-1.4756357669830322,0.9918583035469055,0.0
39.0,-1.480205774307251,0.9850252866744995,0.0
39.0,-1.4780635833740234,0.973770022392273,0.0
39.0,-1.4825499057769775,0.9669259786605835,0.0
39.0,-1.4786033630371094,0.9546371698379517,0.0
39.0,-1.4745750427246094,0.9424057006835938,0.0
39.0,-1.4789164066314697,0.9355781078338623,0.0
39.0,-1.4747505187988281,0.9234234690666199,0.0
39.0,-1.4705040454864502,0.9113275408744812,0.0
39.0,-1.4747017621994019,0.9045190811157227,0.0
39.0,-1.4703195095062256,0.8925023674964905,0.0
39.0,-1.4744302034378052,0.8856949806213379,0.0
39.0,-1.469913363456726,0.8737589716911316,0.0
39.0,-1.4739373922348022,0.8669536709785461,0.0
39.0,-1.4710155725479126,0.8561058640480042,0.0
39.0,-1.4680250883102417,0.8453036546707153,0.0
39.0,-1.4719176292419434,0.8385074138641357,0.0
39.0,-1.4688091278076172,0.8277654647827148,0.0
39.0,-1.4726204872131348,0.8209657669067383,0.0
39.0,-1.4693949222564697,0.8102854490280151,0.0
39.0,-1.4661022424697876,0.7996525168418884,0.0
39.0,-1.4697836637496948,0.7928656339645386,0.0
39.0,-1.4663752317428589,0.7822962403297424,0.0
39.0,-1.4699764251708984,0.7755082845687866,0.0
39.0,-1.4664534330368042,0.7650036811828613,0.0
39.0,-1.4699746370315552,0.7582155466079712,0.0
39.0,-1.4681192636489868,0.748685359954834,0.0
39.0,-1.4626356363296509,0.7373879551887512,0.0
39.0,-1.4660292863845825,0.7306177616119385,0.0
39.0,-1.4622149467468262,0.7202967405319214,0.0
39.0,-1.4601348638534546,0.7109021544456482,0.0
39.0,-1.4634060859680176,0.7041438221931458,0.0
39.0,-1.459421157836914,0.6939351558685303,0.0
39.0,-1.4626139402389526,0.6871802806854248,0.0
39.0,-1.4603331089019775,0.6778844594955444,0.0
39.0,-1.463451623916626,0.6711255311965942,0.0
39.0,-1.461073398590088,0.6618764400482178,0.0
39.0,-1.4586411714553833,0.6526637077331543,0.0
39.0,-1.461643099784851,0.6459129452705383,0.0
39.0,-1.4591145515441895,0.6367484927177429,0.0
39.0,-1.4620429277420044,0.6299956440925598,0.0
39.0,-1.4575785398483276,0.6200975179672241,0.0
39.0,-1.4548978805541992,0.6110286712646484,0.0
39.0,-1.4577072858810425,0.604295551776886,0.0
39.0,-1.4549325704574585,0.5952775478363037,0.0
39.0,-1.4576691389083862,0.5885445475578308,0.0
39.0,-1.4548007249832153,0.5795782804489136,0.0
39.0,-1.4518805742263794,0.5706511735916138,0.0
39.0,-1.4545032978057861,0.563932478427887,0.0
39.0,-1.451490879058838,0.5550586581230164,0.0
39.0,-1.4540417194366455,0.5483419299125671,0.0
39.0,-1.4528120756149292,0.5402193665504456,0.0
39.0,-1.455294132232666,0.5334967374801636,0.0
39.0,-1.4521023035049438,0.5247235894203186,0.0
39.0,-1.4488605260849,0.5159913897514343,0.0
39.0,-1.4512306451797485,0.5092872381210327,0.0
39.0,-1.4516795873641968,0.5019186735153198,0.0
39.0,-1.4483050107955933,0.493267297744751,0.0
39.0,-1.4505701065063477,0.4865659475326538,0.0
39.0,-1.447106957435608,0.47797247767448425,0.0
39.0,-1.4493013620376587,0.4712768495082855,0.0
39.0,-1.4476549625396729,0.4633517861366272,0.0
39.0,-1.4497817754745483,0.45665380358695984,0.0
39.0,-1.4461466073989868,0.4481699466705322,0.0
39.0,-1.4443769454956055,0.4403126835823059,0.0
39.0,-1.4463971853256226,0.4336300790309906,0.0
39.0,-1.4445499181747437,0.42580726742744446,0.0
39.0,-1.4465030431747437,0.4191240072250366,0.0
39.0,-1.4445782899856567,0.41133636236190796,0.0
39.0,-1.4426125288009644,0.40357550978660583,0.0
39.0,-1.4444630146026611,0.3969014585018158,0.0
39.0,-1.4424206018447876,0.3891769349575043,0.0
39.0,-1.4442044496536255,0.3825039267539978,0.0
39.0,-1.4420862197875977,0.37481653690338135,0.0
39.0,-1.4399276971817017,0.3671569228172302,0.0
39.0,-1.4416097402572632,0.3604956567287445,0.0
39.0,-1.4413186311721802,0.35335052013397217,0.0
39.0,-1.442936897277832,0.34668299555778503,0.0
39.0,-1.4406307935714722,0.33909159898757935,0.0
39.0,-1.4421831369400024,0.33242738246917725,0.0
39.0,-1.439802646636963,0.3248756527900696,0.0
39.0,-1.4373834133148193,0.3173530697822571,0.0
39.0,-1.4388352632522583,0.3107041120529175,0.0
39.0,-1.438299536705017,0.3036354184150696,0.0
39.0,-1.439687967300415,0.29698237776756287,0.0
39.0,-1.4371243715286255,0.28953298926353455,0.0
39.0,-1.4364852905273438,0.28249961137771606,0.0
39.0,-1.43777596950531,0.2758551836013794,0.0
39.0,-1.4370701313018799,0.2688370943069458,0.0
39.0,-1.4382977485656738,0.2621901333332062,0.0
39.0,-1.4355560541152954,0.25483837723731995,0.0
39.0,-1.4367189407348633,0.24819853901863098,0.0
39.0,-1.4358787536621094,0.2412220537662506,0.0
39.0,-1.4350048303604126,0.23425865173339844,0.0
39.0,-1.436072587966919,0.22762158513069153,0.0
39.0,-1.433156132698059,0.22037173807621002,0.0
39.0,-1.4341596364974976,0.21374337375164032,0.0
39.0,-1.4311734437942505,0.2065390944480896,0.0
39.0,-1.4301323890686035,0.19964352250099182,0.0
39.0,-1.4310400485992432,0.19302935898303986,0.0
39.0,-1.429934024810791,0.1861528754234314,0.0
39.0,-1.4307793378829956,0.1795397698879242,0.0
39.0,-1.4296085834503174,0.172682985663414,0.0
39.0,-1.4303916692733765,0.16607153415679932,0.0
39.0,-1.4311442375183105,0.1594565212726593,0.0
39.0,-1.4298774003982544,0.15262581408023834,0.0
39.0,-1.430567741394043,0.14601333439350128,0.0
39.0,-1.4292370080947876,0.13920384645462036,0.0
39.0,-1.4278738498687744,0.13240979611873627,0.0
39.0,-1.4284707307815552,0.1258067935705185,0.0
39.0,-1.429037094116211,0.11920109391212463,0.0
39.0,-1.4295729398727417,0.11259284615516663,0.0
39.0,-1.4280837774276733,0.10583438724279404,0.0
39.0,-1.4285577535629272,0.09923069179058075,0.0
39.0,-1.427005410194397,0.09249550849199295,0.0
39.0,-1.4254214763641357,0.08577680587768555,0.0
39.0,-1.4258028268814087,0.07918563485145569,0.0
39.0,-1.4241563081741333,0.0724911019206047,0.0
39.0,-1.424476146697998,0.06590592116117477,0.0
39.0,-1.424765706062317,0.05931933596730232,0.0
39.0,-1.4230260848999023,0.05265752226114273,0.0
39.0,-1.423254370689392,0.04607778042554855,0.0
39.0,-1.4234521389007568,0.039497051388025284,0.0
39.0,-1.4236195087432861,0.03291548043489456,0.0
39.0,-1.4217568635940552,0.0262962207198143,0.0
39.0,-1.421863317489624,0.019722629338502884,0.0
39.0,-1.4219392538070679,0.013148615136742592,0.0
39.0,-1.4219849109649658,0.006574319209903479,0.0
39.0,-1.4220000505447388,-1.1636915075996512e-07,0.0
40.0,-1.4199999570846558,1.2414034245011862e-07,0.0
40.0,-1.4199848175048828,-0.006565064657479525,0.0
40.0,-1.4199392795562744,-0.013130112551152706,0.0
40.0,-1.4198633432388306,-0.01969487965106964,0.0
40.0,-1.4197571277618408,-0.026259226724505424,0.0
40.0,-1.4196205139160156,-0.03282301127910614,0.0
40.0,-1.4194536209106445,-0.039386097341775894,0.0
40.0,-1.4312502145767212,-0.04633663594722748,0.0
40.0,-1.4310206174850464,-0.05295334383845329,0.0
40.0,-1.4287621974945068,-0.05948571860790253,0.0
40.0,-1.420480489730835,-0.0657210499048233,0.0
40.0,-1.420161485671997,-0.07228775322437286,0.0
40.0,-1.4218089580535889,-0.07896382361650467,0.0
40.0,-1.4214286804199219,-0.08553653210401535,0.0
40.0,-1.4190223217010498,-0.0919780507683754,0.0
40.0,-1.4185818433761597,-0.09853773564100266,0.0
40.0,-1.4181110858917236,-0.10509531199932098,0.0
40.0,-1.4176100492477417,-0.11165064573287964,0.0
40.0,-1.4170787334442139,-0.11820358783006668,0.0
40.0,-1.4185093641281128,-0.12492947280406952,0.0
40.0,-1.4179165363311768,-0.1314864307641983,0.0
40.0,-1.4172935485839844,-0.13804058730602264,0.0
40.0,-1.414650559425354,-0.14438870549201965,0.0
40.0,-1.4139678478240967,-0.1509276181459427,0.0
40.0,-1.4152425527572632,-0.15768477320671082,0.0
40.0,-1.4144984483718872,-0.16422627866268158,0.0
40.0,-1.4157096147537231,-0.17100411653518677,0.0
40.0,-1.4168882369995117,-0.1777966469526291,0.0
40.0,-1.4160510301589966,-0.184345543384552,0.0
40.0,-1.415183663368225,-0.19089050590991974,0.0
40.0,-1.416266679763794,-0.1977079063653946,0.0
40.0,-1.4153375625610352,-0.20425371825695038,0.0
40.0,-1.4163563251495361,-0.21108999848365784,0.0
40.0,-1.415365219116211,-0.2176360934972763,0.0
40.0,-1.4143438339233398,-0.2241775244474411,0.0
40.0,-1.4132922887802124,-0.23071415722370148,0.0
40.0,-1.4141827821731567,-0.23757721483707428,0.0
40.0,-1.4130693674087524,-0.24411296844482422,0.0
40.0,-1.4119255542755127,-0.2506435215473175,0.0
40.0,-1.4127192497253418,-0.25752735137939453,0.0
40.0,-1.4115134477615356,-0.26405614614486694,0.0
40.0,-1.4122416973114014,-0.2709560990333557,0.0
40.0,-1.4129364490509033,-0.27786847949028015,0.0
40.0,-1.4116365909576416,-0.28439804911613464,0.0
40.0,-1.410306692123413,-0.29092150926589966,0.0
40.0,-1.4089465141296387,-0.2974388003349304,0.0
40.0,-1.4095112085342407,-0.30437183380126953,0.0
40.0,-1.4119948148727417,-0.31174764037132263,0.0
40.0,-1.4105384349822998,-0.31827250123023987,0.0
40.0,-1.4110007286071777,-0.32523974776268005,0.0
40.0,-1.4094818830490112,-0.33175987005233765,0.0
40.0,-1.4118224382400513,-0.33920735120773315,0.0
40.0,-1.4102389812469482,-0.34573110938072205,0.0
40.0,-1.410565733909607,-0.35273265838623047,0.0
40.0,-1.4089198112487793,-0.3592504560947418,0.0
40.0,-1.4072438478469849,-0.36576056480407715,0.0
40.0,-1.4094043970108032,-0.3732869625091553,0.0
40.0,-1.4076634645462036,-0.3797991871833801,0.0
40.0,-1.4078210592269897,-0.38683319091796875,0.0
40.0,-1.406017541885376,-0.3933379352092743,0.0
40.0,-1.4061075448989868,-0.40038201212882996,0.0
40.0,-1.4080833196640015,-0.407991886138916,0.0
40.0,-1.4061819314956665,-0.41449761390686035,0.0
40.0,-1.4061663150787354,-0.4215688407421112,0.0
40.0,-1.4042022228240967,-0.42806556820869446,0.0
40.0,-1.4060288667678833,-0.4357371926307678,0.0
40.0,-1.407814383506775,-0.44343483448028564,0.0
40.0,-1.4057492017745972,-0.44993895292282104,0.0
40.0,-1.407457947731018,-0.4576704204082489,0.0
40.0,-1.4053269624710083,-0.46417272090911865,0.0
40.0,-1.405061960220337,-0.4713011384010315,0.0
40.0,-1.4066543579101562,-0.47908180952072144,0.0
40.0,-1.4044243097305298,-0.485580176115036,0.0
40.0,-1.405938744544983,-0.4933927357196808,0.0
40.0,-1.4036425352096558,-0.499887615442276,0.0
40.0,-1.4031972885131836,-0.5070515275001526,0.0
40.0,-1.400838017463684,-0.5135335922241211,0.0
40.0,-1.4003233909606934,-0.5207017660140991,0.0
40.0,-1.403515100479126,-0.529287576675415,0.0
40.0,-1.4010529518127441,-0.5357708930969238,0.0
40.0,-1.4022904634475708,-0.5436887145042419,0.0
40.0,-1.3997617959976196,-0.5501662492752075,0.0
40.0,-1.4009191989898682,-0.558112382888794,0.0
40.0,-1.4020328521728516,-0.5660809278488159,0.0
40.0,-1.3994007110595703,-0.5725570321083069,0.0
40.0,-1.4022812843322754,-0.5813185572624207,0.0
40.0,-1.39957857131958,-0.587795615196228,0.0
40.0,-1.400526762008667,-0.5958260297775269,0.0
40.0,-1.3977570533752441,-0.6022948026657104,0.0
40.0,-1.4004566669464111,-0.6111505031585693,0.0
40.0,-1.4012748003005981,-0.619235634803772,0.0
40.0,-1.3983968496322632,-0.6257076263427734,0.0
40.0,-1.4009544849395752,-0.6346421241760254,0.0
40.0,-1.3980052471160889,-0.6411124467849731,0.0
40.0,-1.3986544609069824,-0.6492533087730408,0.0
40.0,-1.3956377506256104,-0.6557128429412842,0.0
40.0,-1.3980097770690918,-0.6647348999977112,0.0
40.0,-1.400328278541565,-0.673792839050293,0.0
40.0,-1.3971980810165405,-0.6802598834037781,0.0
40.0,-1.3994203805923462,-0.6893637180328369,0.0
40.0,-1.3962182998657227,-0.6958264112472534,0.0
40.0,-1.3965580463409424,-0.7040749192237854,0.0
40.0,-1.4004148244857788,-0.7141585946083069,0.0
40.0,-1.3970979452133179,-0.720625638961792,0.0
40.0,-1.3990709781646729,-0.7298523187637329,0.0
40.0,-1.395681619644165,-0.7363129258155823,0.0
40.0,-1.397556185722351,-0.7455819845199585,0.0
40.0,-1.3993748426437378,-0.7548840641975403,0.0
40.0,-1.3958698511123657,-0.7613458633422852,0.0
40.0,-1.3975889682769775,-0.7706886529922485,0.0
40.0,-1.3940107822418213,-0.7771419882774353,0.0
40.0,-1.3938877582550049,-0.7855426073074341,0.0
40.0,-1.3902409076690674,-0.791978657245636,0.0
40.0,-1.393497347831726,-0.8023898005485535,0.0
40.0,-1.3966870307922363,-0.8128478527069092,0.0
40.0,-1.3929139375686646,-0.8192965984344482,0.0
40.0,-1.3942686319351196,-0.8287935853004456,0.0
40.0,-1.390421986579895,-0.8352309465408325,0.0
40.0,-1.391674518585205,-0.8447638750076294,0.0
40.0,-1.3962782621383667,-0.8564174771308899,0.0
40.0,-1.3923038244247437,-0.8628638386726379,0.0
40.0,-1.3950800895690918,-0.8735374212265015,0.0
40.0,-1.391026496887207,-0.8799780607223511,0.0
40.0,-1.3919987678527832,-0.889630913734436,0.0
40.0,-1.3878707885742188,-0.89605712890625,0.0
40.0,-1.3904139995574951,-0.9068344831466675,0.0
40.0,-1.392886996269226,-0.9176544547080994,0.0
40.0,-1.38862943649292,-0.924084484577179,0.0
40.0,-1.3926416635513306,-0.9360732436180115,0.0
40.0,-1.3882989883422852,-0.942501962184906,0.0
40.0,-1.3905246257781982,-0.9534345269203186,0.0
40.0,-1.3926786184310913,-0.9644076824188232,0.0
40.0,-1.3882049322128296,-0.9708362817764282,0.0
40.0,-1.3902361392974854,-0.9818592071533203,0.0
40.0,-1.3856818675994873,-0.9882762432098389,0.0
40.0,-1.3892123699188232,-1.000516414642334,0.0
40.0,-1.3845717906951904,-1.006928563117981,0.0
40.0,-1.3863496780395508,-1.0180542469024658,0.0
40.0,-1.380021572113037,-1.0232617855072021,0.0
40.0,-1.3752758502960205,-1.02963125705719,0.0
40.0,-1.360927939414978,-1.0287424325942993,0.0
40.0,-1.3561571836471558,-1.0350234508514404,0.0
40.0,-1.3418519496917725,-1.033958077430725,0.0
40.0,-1.3260071277618408,-1.0315545797348022,0.0
40.0,-1.3212237358093262,-1.0376741886138916,0.0
40.0,-1.3038748502731323,-1.033831000328064,0.0
40.0,-1.2990810871124268,-1.0398482084274292,0.0
40.0,-1.2818148136138916,-1.0357871055603027,0.0
40.0,-1.2770122289657593,-1.0417022705078125,0.0
40.0,-1.2582871913909912,-1.0361530780792236,0.0
40.0,-1.24117910861969,-1.0317317247390747,0.0
40.0,-1.2363957166671753,-1.037459135055542,0.0
40.0,-1.219377040863037,-1.0328232049942017,0.0
40.0,-1.203947901725769,-1.0293519496917725,0.0
40.0,-1.1991759538650513,-1.0349072217941284,0.0
40.0,-1.1838220357894897,-1.0312446355819702,0.0
40.0,-1.1790415048599243,-1.0367069244384766,0.0
40.0,-1.1637649536132812,-1.0328538417816162,0.0
40.0,-1.1589772701263428,-1.038223385810852,0.0
40.0,-1.14378023147583,-1.0341812372207642,0.0
40.0,-1.1301229000091553,-1.0313690900802612,0.0
40.0,-1.1253423690795898,-1.0365830659866333,0.0
40.0,-1.1102845668792725,-1.0322422981262207,0.0
40.0,-1.0952911376953125,-1.0277845859527588,0.0
40.0,-1.0905276536941528,-1.0328376293182373,0.0
40.0,-1.0756207704544067,-1.0281946659088135,0.0
40.0,-1.0708554983139038,-1.0331566333770752,0.0
40.0,-1.0574699640274048,-1.0297247171401978,0.0
40.0,-1.0526978969573975,-1.0346027612686157,0.0
40.0,-1.0393837690353394,-1.0310078859329224,0.0
40.0,-1.0261255502700806,-1.027312159538269,0.0
40.0,-1.0213649272918701,-1.0320453643798828,0.0
40.0,-1.0095813274383545,-1.029616355895996,0.0
40.0,-0.9964483380317688,-1.0256658792495728,0.0
40.0,-0.9916956424713135,-1.0302618741989136,0.0
40.0,-0.9800202250480652,-1.0275992155075073,0.0
40.0,-0.9752587676048279,-1.0321192741394043,0.0
40.0,-0.9650089740753174,-1.030777096748352,0.0
40.0,-0.9602330327033997,-1.035227656364441,0.0
40.0,-0.9473166465759277,-1.030820608139038,0.0
40.0,-0.9358082413673401,-1.0277951955795288,0.0
40.0,-0.9310463666915894,-1.0321108102798462,0.0
40.0,-0.9196008443832397,-1.028948187828064,0.0
40.0,-0.9148337841033936,-1.033188819885254,0.0
40.0,-0.9034526348114014,-1.0298899412155151,0.0
40.0,-0.8934336304664612,-1.0280176401138306,0.0
40.0,-0.8886711597442627,-1.032137393951416,0.0
40.0,-0.8774001002311707,-1.028626799583435,0.0
40.0,-0.872635006904602,-1.03267240524292,0.0
40.0,-0.8614321947097778,-1.0290279388427734,0.0
40.0,-0.8515586256980896,-1.0268417596817017,0.0
40.0,-0.8468020558357239,-1.030767798423767,0.0
40.0,-0.8369777202606201,-1.0284669399261475,0.0
40.0,-0.832213819026947,-1.0323256254196167,0.0
40.0,-0.8224400281906128,-1.0299108028411865,0.0
40.0,-0.8114656805992126,-1.0258593559265137,0.0
40.0,-0.8067141175270081,-1.0296000242233276,0.0
40.0,-0.7982666492462158,-1.0285788774490356,0.0
40.0,-0.7935026288032532,-1.0322585105895996,0.0
40.0,-0.7838754057884216,-1.0295510292053223,0.0
40.0,-0.7742902636528015,-1.0267767906188965,0.0
40.0,-0.7695348262786865,-1.0303456783294678,0.0
40.0,-0.7600054740905762,-1.0274608135223389,0.0
40.0,-0.7552469968795776,-1.030963659286499,0.0
40.0,-0.7457746267318726,-1.0279690027236938,0.0
40.0,-0.7375131249427795,-1.0265332460403442,0.0
40.0,-0.7327591776847839,-1.0299320220947266,0.0
40.0,-0.7245339155197144,-1.028403878211975,0.0
40.0,-0.7197715044021606,-1.0317426919937134,0.0
40.0,-0.710446834564209,-1.0284771919250488,0.0
40.0,-0.7056841850280762,-1.0317507982254028,0.0
40.0,-0.6964206695556641,-1.0283784866333008,0.0
40.0,-0.6883172988891602,-1.0266036987304688,0.0
40.0,-0.6835635304450989,-1.0297751426696777,0.0
40.0,-0.6744017601013184,-1.0262389183044434,0.0
40.0,-0.6663779616355896,-1.0243165493011475,0.0
40.0,-0.6616350412368774,-1.0273865461349487,0.0
40.0,-0.6558029055595398,-1.0287480354309082,0.0
40.0,-0.6510396003723145,-1.0317691564559937,0.0
40.0,-0.6430840492248535,-1.0296790599822998,0.0
40.0,-0.6383165717124939,-1.0326412916183472,0.0
40.0,-0.6283168792724609,-1.0270510911941528,0.0
40.0,-0.6204542517662048,-1.0248123407363892,0.0
40.0,-0.6157095432281494,-1.0276700258255005,0.0
40.0,-0.6089117527008057,-1.0270649194717407,0.0
40.0,-0.6041567921638489,-1.0298691987991333,0.0
40.0,-0.5963768362998962,-1.0274622440338135,0.0
40.0,-0.5876361131668091,-1.023271083831787,0.0
40.0,-0.5828988552093506,-1.0259770154953003,0.0
40.0,-0.5761893391609192,-1.0251740217208862,0.0
40.0,-0.5714434385299683,-1.0278270244598389,0.0
40.0,-0.5637940168380737,-1.025200605392456,0.0
40.0,-0.5571368932723999,-1.024282455444336,0.0
40.0,-0.5523952841758728,-1.0268473625183105,0.0
40.0,-0.5457631349563599,-1.0258588790893555,0.0
40.0,-0.5410143733024597,-1.0283712148666382,0.0
40.0,-0.5334851741790771,-1.025538682937622,0.0
40.0,-0.5269083976745605,-1.0244370698928833,0.0
40.0,-0.5221664309501648,-1.0268622636795044,0.0
40.0,-0.5156167149543762,-1.0256916284561157,0.0
40.0,-0.5108690857887268,-1.0280646085739136,0.0
40.0,-0.5034652948379517,-1.0250300168991089,0.0
40.0,-0.49872082471847534,-1.0273468494415283,0.0
40.0,-0.49137043952941895,-1.024232029914856,0.0
40.0,-0.4849162697792053,-1.0228784084320068,0.0
40.0,-0.4801819324493408,-1.0251094102859497,0.0
40.0,-0.47375738620758057,-1.0236884355545044,0.0
40.0,-0.46901941299438477,-1.0258678197860718,0.0
40.0,-0.4618018865585327,-1.022557020187378,0.0
40.0,-0.4562545716762543,-1.0228546857833862,0.0
40.0,-0.4515206515789032,-1.0249532461166382,0.0
40.0,-0.4451814889907837,-1.0233619213104248,0.0
40.0,-0.44044533371925354,-1.02540922164917,0.0
40.0,-0.43413808941841125,-1.023751974105835,0.0
40.0,-0.4278557002544403,-1.0220584869384766,0.0
40.0,-0.4231257736682892,-1.0240256786346436,0.0
40.0,-0.41687634587287903,-1.0222671031951904,0.0
40.0,-0.41214555501937866,-1.0241835117340088,0.0
40.0,-0.40666791796684265,-1.024219274520874,0.0
40.0,-0.4011988043785095,-1.0242263078689575,0.0
40.0,-0.3964591324329376,-1.026070237159729,0.0
40.0,-0.39028656482696533,-1.0241544246673584,0.0
40.0,-0.38554733991622925,-1.02594792842865,0.0
40.0,-0.38079988956451416,-1.027719497680664,0.0
40.0,-0.37604427337646484,-1.0294691324234009,0.0
40.0,-0.37128064036369324,-1.0311967134475708,0.0
40.0,-0.36584025621414185,-1.0310174226760864,0.0
40.0,-0.36106956005096436,-1.0326977968215942,0.0
40.0,-0.3549884855747223,-1.0305742025375366,0.0
40.0,-0.3502199649810791,-1.032204508781433,0.0
40.0,-0.3441762328147888,-1.0300188064575195,0.0
40.0,-0.3387853503227234,-1.0296992063522339,0.0
40.0,-0.33402103185653687,-1.031254529953003,0.0
40.0,-0.3286421298980713,-1.0308823585510254,0.0
40.0,-0.32387247681617737,-1.0323907136917114,0.0
40.0,-0.31791621446609497,-1.0300549268722534,0.0
40.0,-0.3131504952907562,-1.0315138101577759,0.0
40.0,-0.3072338104248047,-1.0291178226470947,0.0
40.0,-0.30190926790237427,-1.0286082029342651,0.0
40.0,-0.2971504032611847,-1.0299930572509766,0.0
40.0,-0.29183971881866455,-1.029431700706482,0.0
40.0,-0.2870771586894989,-1.0307700634002686,0.0
40.0,-0.28178074955940247,-1.0301570892333984,0.0
40.0,-0.2759774327278137,-1.027585744857788,0.0
40.0,-0.2712235748767853,-1.0288506746292114,0.0
40.0,-0.26596304774284363,-1.0281574726104736,0.0
40.0,-0.26120665669441223,-1.0293761491775513,0.0
40.0,-0.25596168637275696,-1.0286318063735962,0.0
40.0,-0.2507292628288269,-1.02786123752594,0.0
40.0,-0.24597439169883728,-1.029009461402893,0.0
40.0,-0.2407582849264145,-1.0281884670257568,0.0
40.0,-0.23600201308727264,-1.0292905569076538,0.0
40.0,-0.2308027595281601,-1.0284192562103271,0.0
40.0,-0.22561660408973694,-1.0275218486785889,0.0
40.0,-0.22086356580257416,-1.028554081916809,0.0
40.0,-0.21569494903087616,-1.027606725692749,0.0
40.0,-0.2109416425228119,-1.0285929441452026,0.0
40.0,-0.20579108595848083,-1.0275962352752686,0.0
40.0,-0.2006542831659317,-1.026573896408081,0.0
40.0,-0.1959058940410614,-1.0274906158447266,0.0
40.0,-0.19115333259105682,-1.0283854007720947,0.0
40.0,-0.18639668822288513,-1.029258131980896,0.0
40.0,-0.18094146251678467,-1.026169776916504,0.0
40.0,-0.1761951595544815,-1.026995301246643,0.0
40.0,-0.17111600935459137,-1.025826096534729,0.0
40.0,-0.1660514622926712,-1.0246320962905884,0.0
40.0,-0.16131243109703064,-1.0253888368606567,0.0
40.0,-0.15626828372478485,-1.024146556854248,0.0
40.0,-0.15153160691261292,-1.0248581171035767,0.0
40.0,-0.14650830626487732,-1.0235679149627686,0.0
40.0,-0.14150016009807587,-1.022253155708313,0.0
40.0,-0.13677239418029785,-1.0228965282440186,0.0
40.0,-0.13204170763492584,-1.0235178470611572,0.0
40.0,-0.127308189868927,-1.0241174697875977,0.0
40.0,-0.12233441323041916,-1.0227092504501343,0.0
40.0,-0.11760473996400833,-1.023263931274414,0.0
40.0,-0.11265338212251663,-1.0218087434768677,0.0
40.0,-0.10792797803878784,-1.022318720817566,0.0
40.0,-0.103200264275074,-1.0228067636489868,0.0
40.0,-0.09847034513950348,-1.02327299118042,0.0
40.0,-0.09373831748962402,-1.0237172842025757,0.0
40.0,-0.08883113414049149,-1.022147297859192,0.0
40.0,-0.08410441875457764,-1.0225470066070557,0.0
40.0,-0.07937590032815933,-1.0229250192642212,0.0
40.0,-0.0745001882314682,-1.0212863683700562,0.0
40.0,-0.06977760046720505,-1.0216199159622192,0.0
40.0,-0.0650535300374031,-1.021931529045105,0.0
40.0,-0.06032806262373924,-1.0222214460372925,0.0
40.0,-0.05560130625963211,-1.0224894285202026,0.0
40.0,-0.05087336152791977,-1.022735595703125,0.0
40.0,-0.046144332736730576,-1.02295982837677,0.0
40.0,-0.04141431301832199,-1.0231622457504272,0.0
40.0,-0.03668341040611267,-1.0233427286148071,0.0
40.0,-0.031951725482940674,-1.0235013961791992,0.0
40.0,-0.02716618962585926,-1.0216388702392578,0.0
40.0,-0.02244248241186142,-1.0217535495758057,0.0
40.0,-0.017718294635415077,-1.0218462944030762,0.0
40.0,-0.012993729673326015,-1.0219173431396484,0.0
40.0,-0.008268886245787144,-1.0219664573669434,0.0
40.0,-0.0035438663326203823,-1.0219937562942505,0.0
40.0,0.0011812294833362103,-1.0219992399215698,0.0
40.0,0.005906300153583288,-1.0219829082489014,0.0
40.0,0.010631244629621506,-1.0219446420669556,0.0
40.0,0.01535596139729023,-1.021884560585022,0.0
40.0,0.02008035033941269,-1.0218026638031006,0.0
40.0,0.024804310873150826,-1.0216989517211914,0.0
40.0,0.029527738690376282,-1.0215733051300049,0.0
40.0,0.03425053879618645,-1.0214258432388306,0.0
40.0,0.038972605019807816,-1.0212565660476685,0.0
40.0,0.04369383677840233,-1.0210654735565186,0.0
40.0,0.048414137214422226,-1.0208525657653809,0.0
40.0,0.05313339829444885,-1.0206178426742554,0.0
40.0,0.05785152688622475,-1.020361304283142,0.0
40.0,0.062690868973732,-1.0220792293548584,0.0
40.0,0.06741565465927124,-1.0217784643173218,0.0
40.0,0.07213899493217468,-1.0214558839797974,0.0
40.0,0.07686079293489456,-1.0211113691329956,0.0
40.0,0.08158095180988312,-1.0207451581954956,0.0
40.0,0.0862993597984314,-1.0203570127487183,0.0
40.0,0.09101593494415283,-1.0199471712112427,0.0
40.0,0.09591752290725708,-1.021506667137146,0.0
40.0,0.10063930600881577,-1.0210522413253784,0.0
40.0,0.10535893589258194,-1.0205761194229126,0.0
40.0,0.10986173897981644,-1.0180896520614624,0.0
40.0,0.1145675778388977,-1.0175708532333374,0.0
40.0,0.11950390785932541,-1.0190166234970093,0.0
40.0,0.12421392649412155,-1.0184532403945923,0.0
40.0,0.1289212852716446,-1.0178680419921875,0.0
40.0,0.13362589478492737,-1.0172611474990845,0.0
40.0,0.13832764327526093,-1.0166324377059937,0.0
40.0,0.1433052271604538,-1.0179624557495117,0.0
40.0,0.14801011979579926,-1.0172890424728394,0.0
40.0,0.15271183848381042,-1.0165938138961792,0.0
40.0,0.15741030871868134,-1.0158770084381104,0.0
40.0,0.16242077946662903,-1.0171133279800415,0.0
40.0,0.1671215295791626,-1.0163514614105225,0.0
40.0,0.17181871831417084,-1.0155678987503052,0.0
40.0,0.1765122264623642,-1.0147627592086792,0.0
40.0,0.1812019646167755,-1.0139358043670654,0.0
40.0,0.186248779296875,-1.0150543451309204,0.0
40.0,0.19130980968475342,-1.0161479711532593,0.0
40.0,0.19600580632686615,-1.0152525901794434,0.0
40.0,0.20108579099178314,-1.016297459602356,0.0
40.0,0.20578236877918243,-1.0153568983078003,0.0
40.0,0.21047453582286835,-1.0143946409225464,0.0
40.0,0.2151622176170349,-1.0134106874465942,0.0
40.0,0.22026969492435455,-1.014359474182129,0.0
40.0,0.22539053857326508,-1.0152827501296997,0.0
40.0,0.23008215427398682,-1.0142297744750977,0.0
40.0,0.23567183315753937,-1.0170520544052124,0.0
40.0,0.24037152528762817,-1.0159515142440796,0.0
40.0,0.24553555250167847,-1.0167734622955322,0.0
40.0,0.25119075179100037,-1.0195112228393555,0.0
40.0,0.25590163469314575,-1.018338918685913,0.0
40.0,0.26110348105430603,-1.0190824270248413,0.0
40.0,0.26581230759620667,-1.0178643465042114,0.0
40.0,0.27051541209220886,-1.0166245698928833,0.0
40.0,0.27521276473999023,-1.0153629779815674,0.0
40.0,0.28043636679649353,-1.016007661819458,0.0
40.0,0.28567177057266235,-1.0166256427764893,0.0
40.0,0.2903689742088318,-1.0152939558029175,0.0
40.0,0.2950599491596222,-1.013940691947937,0.0
40.0,0.2997446060180664,-1.0125656127929688,0.0
40.0,0.304999440908432,-1.013084053993225,0.0
40.0,0.3102654218673706,-1.0135754346847534,0.0
40.0,0.31494826078414917,-1.0121301412582397,0.0
40.0,0.3202274441719055,-1.0125702619552612,0.0
40.0,0.32490551471710205,-1.0110788345336914,0.0
40.0,0.330197274684906,-1.0114670991897583,0.0
40.0,0.3361290395259857,-1.0137263536453247,0.0
40.0,0.3408122956752777,-1.0121614933013916,0.0
40.0,0.34678223729133606,-1.014359951019287,0.0
40.0,0.3514682948589325,-1.0127458572387695,0.0
40.0,0.35747572779655457,-1.0148828029632568,0.0
40.0,0.36216408014297485,-1.0132192373275757,0.0
40.0,0.3675265610218048,-1.0134141445159912,0.0
40.0,0.3728986084461212,-1.0135811567306519,0.0
40.0,0.37758079171180725,-1.0118463039398193,0.0
40.0,0.38296276330947876,-1.0119602680206299,0.0
40.0,0.38763734698295593,-1.010178804397583,0.0
40.0,0.39302876591682434,-1.0102397203445435,0.0
40.0,0.39769527316093445,-1.0084118843078613,0.0
40.0,0.40458035469055176,-1.0121338367462158,0.0
40.0,0.4107573330402374,-1.0139597654342651,0.0
40.0,0.4154408574104309,-1.0120497941970825,0.0
40.0,0.42088353633880615,-1.0119649171829224,0.0
40.0,0.4255577027797699,-1.0100082159042358,0.0
40.0,0.43100792169570923,-1.0098694562911987,0.0
40.0,0.4380530118942261,-1.0133733749389648,0.0
40.0,0.4427335262298584,-1.011337161064148,0.0
40.0,0.4498361647129059,-1.0147647857666016,0.0
40.0,0.4545229971408844,-1.01267409324646,0.0
40.0,0.4608548581600189,-1.0142035484313965,0.0
40.0,0.46553897857666016,-1.0120619535446167,0.0
40.0,0.4702131152153015,-1.0098987817764282,0.0
40.0,0.4774349331855774,-1.0131416320800781,0.0
40.0,0.4821139872074127,-1.0109233856201172,0.0
40.0,0.48939049243927,-1.0140873193740845,0.0
40.0,0.494073748588562,-1.0118138790130615,0.0
40.0,0.499632328748703,-1.0113117694854736,0.0
40.0,0.5043026804924011,-1.008991003036499,0.0
40.0,0.511669397354126,-1.0120030641555786,0.0
40.0,0.5181641578674316,-1.0131880044937134,0.0
40.0,0.5228429436683655,-1.0107815265655518,0.0
40.0,0.5293647646903992,-1.0118976831436157,0.0
40.0,0.5340374708175659,-1.0094393491744995,0.0
40.0,0.5396422743797302,-1.0087231397628784,0.0
40.0,0.5471548438072205,-1.0114946365356445,0.0
40.0,0.5518255233764648,-1.0089541673660278,0.0
40.0,0.5593878030776978,-1.0116428136825562,0.0
40.0,0.5640590786933899,-1.0090458393096924,0.0
40.0,0.5716699957847595,-1.011650800704956,0.0
40.0,0.5763411521911621,-1.0089969635009766,0.0
40.0,0.5829999446868896,-1.0097856521606445,0.0
40.0,0.5896783471107483,-1.0105341672897339,0.0
40.0,0.5943440794944763,-1.007797122001648,0.0
40.0,0.6030929088592529,-1.0119105577468872,0.0
40.0,0.6077648997306824,-1.0091114044189453,0.0
40.0,0.6155431866645813,-1.0114160776138306,0.0
40.0,0.6202127933502197,-1.0085594654083252,0.0
40.0,0.6269801259040833,-1.0090787410736084,0.0
40.0,0.6337655186653137,-1.0095570087432861,0.0
40.0,0.6384263038635254,-1.0066161155700684,0.0
40.0,0.6463103294372559,-1.008705496788025,0.0
40.0,0.6509670615196228,-1.005706548690796,0.0
40.0,0.6577989459037781,-1.0060341358184814,0.0
40.0,0.6646475791931152,-1.0063197612762451,0.0
40.0,0.6692931056022644,-1.0032360553741455,0.0
40.0,0.6783947348594666,-1.006765365600586,0.0
40.0,0.6830421686172485,-1.0036181211471558,0.0
40.0,0.692206621170044,-1.0070421695709229,0.0
40.0,0.6968551278114319,-1.003831148147583,0.0
40.0,0.7060811519622803,-1.00714910030365,0.0
40.0,0.713041365146637,-1.0071384906768799,0.0
40.0,0.717690110206604,-1.0038310289382935,0.0
40.0,0.7258356213569641,-1.0053669214248657,0.0
40.0,0.7304760813713074,-1.002000331878662,0.0
40.0,0.739843487739563,-1.0050550699234009,0.0
40.0,0.7444823384284973,-1.0016237497329712,0.0
40.0,0.7539072036743164,-1.0045695304870605,0.0
40.0,0.7633751630783081,-1.0074495077133179,0.0
40.0,0.7680248022079468,-1.0039093494415283,0.0
40.0,0.7787708044052124,-1.0082619190216064,0.0
40.0,0.7834240794181824,-1.004650592803955,0.0
40.0,0.7917719483375549,-1.0057320594787598,0.0
40.0,0.8001465797424316,-1.0067578554153442,0.0
40.0,0.8047926425933838,-1.0030478239059448,0.0
40.0,0.8144568204879761,-1.0055327415466309,0.0
40.0,0.8190970420837402,-1.0017565488815308,0.0
40.0,0.8313586115837097,-1.0072134733200073,0.0
40.0,0.8360064029693604,-1.0033589601516724,0.0
40.0,0.8457857966423035,-1.0056054592132568,0.0
40.0,0.8543092608451843,-1.006258249282837,0.0
40.0,0.8589524626731873,-1.0022977590560913,0.0
40.0,0.8701195120811462,-1.0058788061141968,0.0
40.0,0.8747608065605164,-1.001845121383667,0.0
40.0,0.8846728801727295,-1.0037918090820312,0.0
40.0,0.8893043398857117,-0.9996909499168396,0.0
40.0,0.899261474609375,-1.0015212297439575,0.0
40.0,0.910597562789917,-1.0047626495361328,0.0
40.0,0.9152332544326782,-1.0005418062210083,0.0
40.0,0.927989661693573,-1.005116581916809,0.0
40.0,0.9326267838478088,-1.0008153915405273,0.0
40.0,0.9454653859138489,-1.005233883857727,0.0
40.0,0.9501028060913086,-1.0008519887924194,0.0
40.0,0.9630218744277954,-1.0051133632659912,0.0
40.0,0.9773908257484436,-1.0107141733169556,0.0
40.0,0.982053279876709,-1.0061845779418945,0.0
40.0,0.9993267059326172,-1.0144566297531128,0.0
40.0,1.004006266593933,-1.0098254680633545,0.0
40.0,1.0228309631347656,-1.0192904472351074,0.0
40.0,1.041764259338379,-1.0286024808883667,0.0
40.0,1.0465087890625,-1.0237751007080078,0.0
40.0,1.0670280456542969,-1.0342373847961426,0.0
40.0,1.071798324584961,-1.0292930603027344,0.0
40.0,1.0924837589263916,-1.0394917726516724,0.0
40.0,1.097278118133545,-1.0344297885894775,0.0
40.0,1.1195881366729736,-1.0457276105880737,0.0
40.0,1.140557885169983,-1.0554827451705933,0.0
40.0,1.14542555809021,-1.0501981973648071,0.0
40.0,1.1665531396865845,-1.0596837997436523,0.0
40.0,1.1714400053024292,-1.054279088973999,0.0
40.0,1.1927223205566406,-1.0634931325912476,0.0
40.0,1.1976264715194702,-1.0579674243927002,0.0
40.0,1.2190601825714111,-1.0669078826904297,0.0
40.0,1.2239798307418823,-1.0612603425979614,0.0
40.0,1.2455617189407349,-1.0699251890182495,0.0
40.0,1.271818995475769,-1.082301378250122,0.0
40.0,1.2768092155456543,-1.0764098167419434,0.0
40.0,1.1771494150161743,-0.9647814631462097,0.0
40.0,1.181597352027893,-0.9593287110328674,0.0
40.0,1.186020016670227,-0.9538555145263672,0.0
40.0,1.1904174089431763,-0.948361873626709,0.0
40.0,1.215199589729309,-0.9589545130729675,0.0
40.0,1.2196202278137207,-0.9533259272575378,0.0
40.0,1.2240147590637207,-0.9476770162582397,0.0
40.0,1.228383183479309,-0.9420077800750732,0.0
40.0,1.2534300088882446,-0.9520447254180908,0.0
40.0,1.257818341255188,-0.9462394714355469,0.0
40.0,1.2878402471542358,-0.9595329165458679,0.0
40.0,1.3180114030838013,-0.972568690776825,0.0
40.0,1.3224939107894897,-0.966464638710022,0.0
40.0,1.352871298789978,-0.9791011214256287,0.0
40.0,1.3573836088180542,-0.9728358387947083,0.0
40.0,1.3879625797271729,-0.9850704669952393,0.0
40.0,1.3925021886825562,-0.9786428809165955,0.0
40.0,1.4249192476272583,-0.991615355014801,0.0
40.0,1.455838680267334,-1.003173828125,0.0
40.0,1.460461139678955,-0.9964322447776794,0.0
40.0,1.4832826852798462,-1.0019842386245728,0.0
40.0,1.4878994226455688,-0.9951157569885254,0.0
40.0,1.510827660560608,-1.0003718137741089,0.0
40.0,1.5154366493225098,-0.9933760166168213,0.0
40.0,1.5384681224822998,-0.9983345866203308,0.0
40.0,1.5649428367614746,-1.005263090133667,0.0
40.0,1.5695738792419434,-0.9980170130729675,0.0
40.0,1.5792492628097534,-0.9939456582069397,0.0
40.0,1.5838277339935303,-0.9866335391998291,0.0
40.0,1.5764553546905518,-0.9719529747962952,0.0
40.0,1.5809321403503418,-0.9646540284156799,0.0
40.0,1.576814889907837,-0.9521653056144714,0.0
40.0,1.5743329524993896,-0.9407612681388855,0.0
40.0,1.5786656141281128,-0.9334725141525269,0.0
40.0,1.5760595798492432,-0.9221237897872925,0.0
40.0,1.580306053161621,-0.9148272275924683,0.0
40.0,1.581047773361206,-0.9055231213569641,0.0
40.0,1.5921777486801147,-0.9021475315093994,0.0
40.0,1.5963317155838013,-0.8947766423225403,0.0
40.0,1.6161936521530151,-0.8961150646209717,0.0
40.0,1.6203194856643677,-0.8886331915855408,0.0
40.0,1.640232801437378,-0.8897148370742798,0.0
40.0,1.6443288326263428,-0.8821219205856323,0.0
40.0,1.662523627281189,-0.8820085525512695,0.0
40.0,1.6807523965835571,-0.8817457556724548,0.0
40.0,1.684810996055603,-0.8739655613899231,0.0
40.0,1.4650298357009888,-0.7007591128349304,0.0
40.0,1.4682540893554688,-0.6939782500267029,0.0
40.0,1.4714468717575073,-0.6871825456619263,0.0
40.0,1.474608302116394,-0.6803721785545349,0.0
40.0,1.4904773235321045,-0.6793537139892578,0.0
40.0,1.5081918239593506,-0.6790239810943604,0.0
40.0,1.511315107345581,-0.6720438003540039,0.0
40.0,1.5327180624008179,-0.673090934753418,0.0
40.0,1.5358136892318726,-0.6659973859786987,0.0
40.0,1.5535849332809448,-0.6651872992515564,0.0
40.0,1.5566437244415283,-0.6579973697662354,0.0
40.0,1.5652064085006714,-0.6531038880348206,0.0
40.0,1.564510703086853,-0.6443371176719666,0.0
40.0,1.56747305393219,-0.6370969414710999,0.0
40.0,1.566689133644104,-0.6283540725708008,0.0
40.0,1.5695775747299194,-0.6211040019989014,0.0
40.0,1.5668432712554932,-0.6116587519645691,0.0
40.0,1.56405508518219,-0.6022520661354065,0.0
40.0,1.56682288646698,-0.5950143933296204,0.0
40.0,1.5639381408691406,-0.5856598615646362,0.0
40.0,1.5666290521621704,-0.5784229636192322,0.0
40.0,1.5655279159545898,-0.5698055624961853,0.0
40.0,1.5681456327438354,-0.5625614523887634,0.0
40.0,1.5650728940963745,-0.553305447101593,0.0
40.0,1.563836932182312,-0.5447477698326111,0.0
40.0,1.5663387775421143,-0.5375117659568787,0.0
40.0,1.5631229877471924,-0.5283430218696594,0.0
40.0,1.5655490159988403,-0.521110475063324,0.0
40.0,1.5641405582427979,-0.5126210451126099,0.0
40.0,1.5626870393753052,-0.5041558146476746,0.0
40.0,1.5650012493133545,-0.4969255328178406,0.0
40.0,1.5634640455245972,-0.4884917438030243,0.0
40.0,1.5657057762145996,-0.4812580347061157,0.0
40.0,1.5621708631515503,-0.4722777307033539,0.0
40.0,1.5605034828186035,-0.46391037106513977,0.0
40.0,1.5626317262649536,-0.45669063925743103,0.0
40.0,1.5628042221069336,-0.4489089548587799,0.0
40.0,1.5648629665374756,-0.4416787326335907,0.0
40.0,1.5630335807800293,-0.43337032198905945,0.0
40.0,1.5611611604690552,-0.4250883162021637,0.0
40.0,1.5631097555160522,-0.41786596179008484,0.0
40.0,1.561155915260315,-0.40961945056915283,0.0
40.0,1.563033103942871,-0.4023972749710083,0.0
40.0,1.5571202039718628,-0.3932077884674072,0.0
40.0,1.5472733974456787,-0.38312023878097534,0.0
40.0,1.5490281581878662,-0.3759625256061554,0.0
40.0,1.5371297597885132,-0.3655576705932617,0.0
40.0,1.5388033390045166,-0.35844704508781433,0.0
40.0,1.5365442037582397,-0.35043928027153015,0.0
40.0,1.538148045539856,-0.343331515789032,0.0
40.0,1.5709176063537598,-0.14933818578720093,0.0
40.0,1.5715912580490112,-0.1420736461877823,0.0
40.0,1.5722312927246094,-0.1348060816526413,0.0
40.0,1.5728377103805542,-0.1275356262922287,0.0
40.0,1.5634396076202393,-0.11950033158063889,0.0
40.0,1.56397545337677,-0.11227069050073624,0.0
40.0,1.5564957857131958,-0.10450273752212524,0.0
40.0,1.556962251663208,-0.09730536490678787,0.0
40.0,1.5553988218307495,-0.08999038487672806,0.0
40.0,1.5577954053878784,-0.08290452510118484,0.0
40.0,1.5581620931625366,-0.07570137083530426,0.0
40.0,1.5684858560562134,-0.06893568485975266,0.0
40.0,1.5687878131866455,-0.061683252453804016,0.0
40.0,1.5790503025054932,-0.054776184260845184,0.0
40.0,1.5872830152511597,-0.0477154441177845,0.0
40.0,1.5874866247177124,-0.04037633165717125,0.0
40.0,1.5976542234420776,-0.03324439749121666,0.0
40.0,1.5977908372879028,-0.02585749141871929,0.0
40.0,1.607892632484436,-0.01858561486005783,0.0
40.0,1.6179611682891846,-0.011220879852771759,0.0
40.0,1.6179957389831543,-0.0037403227761387825,0.0
40.0,1.6279957294464111,0.0037634307518601418,0.0
40.0,1.6279609203338623,0.01129022054374218,0.0
40.0,1.6378905773162842,0.01893235184252262,0.0
40.0,1.63778555393219,0.026504727080464363,0.0
40.0,1.6456438302993774,0.034242965281009674,0.0
40.0,1.6574640274047852,0.04215613380074501,0.0
40.0,1.6572513580322266,0.04981875792145729,0.0
40.0,1.6689960956573486,0.05789633467793465,0.0
40.0,1.6687105894088745,0.06561210751533508,0.0
40.0,1.4324862957000732,0.23724864423274994,0.0
40.0,1.431374192237854,0.24386903643608093,0.0
40.0,1.4302313327789307,0.2504841983318329,0.0
40.0,1.4290579557418823,0.25709402561187744,0.0
40.0,1.4396544694900513,0.2658776640892029,0.0
40.0,1.4384098052978516,0.2725308835506439,0.0
40.0,1.4371345043182373,0.279178261756897,0.0
40.0,1.4358283281326294,0.2858196794986725,0.0
40.0,1.4482094049453735,0.2952516973018646,0.0
40.0,1.460533618927002,0.3048042356967926,0.0
40.0,1.4591087102890015,0.31155356764793396,0.0
40.0,1.4693764448165894,0.3208562731742859,0.0
40.0,1.4678772687911987,0.32764631509780884,0.0
40.0,1.4780464172363281,0.337097704410553,0.0
40.0,1.4901070594787598,0.3471037447452545,0.0
40.0,1.4884862899780273,0.3539893627166748,0.0
40.0,1.5062694549560547,0.3655846118927002,0.0
40.0,1.5045630931854248,0.3725447654724121,0.0
40.0,1.5260941982269287,0.3853730261325836,0.0
40.0,1.5242961645126343,0.392424613237381,0.0
40.0,1.547614336013794,0.4060663878917694,0.0
40.0,1.5669740438461304,0.41889896988868713,0.0
40.0,1.5650205612182617,0.4261392056941986,0.0
40.0,1.5823065042495728,0.4387139678001404,0.0
40.0,1.58026123046875,0.4460248649120331,0.0
40.0,1.5935604572296143,0.4577435553073883,0.0
40.0,1.5914270877838135,0.4651062786579132,0.0
40.0,1.6026793718338013,0.47644850611686707,0.0
40.0,1.6138602495193481,0.4879045784473419,0.0
40.0,1.6115872859954834,0.4953608214855194,0.0
40.0,1.6226428747177124,0.5069816708564758,0.0
40.0,1.6202815771102905,0.514478325843811,0.0
40.0,1.6312092542648315,0.5262625217437744,0.0
40.0,1.6287587881088257,0.5337985754013062,0.0
40.0,1.6376591920852661,0.5451130867004395,0.0
40.0,1.6483843326568604,0.5571616888046265,0.0
40.0,1.645790696144104,0.5647768378257751,0.0
40.0,1.6563827991485596,0.576985239982605,0.0
40.0,1.6536974906921387,0.5846371650695801,0.0
40.0,1.6660369634628296,0.5976793169975281,0.0
40.0,1.6632559299468994,0.6053756475448608,0.0
40.0,1.4334187507629395,0.5292396545410156,0.0
40.0,1.4309566020965576,0.5358612537384033,0.0
40.0,1.4434216022491455,0.5481517314910889,0.0
40.0,1.4408718347549438,0.5548193454742432,0.0
40.0,1.4531958103179932,0.5672934651374817,0.0
40.0,1.4505574703216553,0.5740060210227966,0.0
40.0,1.4645944833755493,0.5874068140983582,0.0
40.0,1.4618630409240723,0.594171941280365,0.0
40.0,1.4738948345184326,0.6070173382759094,0.0
40.0,1.4876844882965088,0.6207567453384399,0.0
40.0,1.484798550605774,0.6276282072067261,0.0
40.0,1.5021051168441772,0.6431455016136169,0.0
40.0,1.4991154670715332,0.6500834226608276,0.0
40.0,1.5144060850143433,0.6650491952896118,0.0
40.0,1.511315107345581,0.6720437407493591,0.0
40.0,1.5246050357818604,0.686413586139679,0.0
40.0,1.5305145978927612,0.6976025104522705,0.0
40.0,1.5272729396820068,0.7046712040901184,0.0
40.0,1.5294349193572998,0.7142636179924011,0.0
40.0,1.5261163711547852,0.7213271260261536,0.0
40.0,1.5299819707870483,0.7318272590637207,0.0
40.0,1.52658212184906,0.7388931512832642,0.0
40.0,1.5285381078720093,0.748582124710083,0.0
40.0,1.5304369926452637,0.7583049535751343,0.0
40.0,1.5269147157669067,0.765372633934021,0.0
40.0,1.528711199760437,0.7751374244689941,0.0
40.0,1.5251110792160034,0.7821969389915466,0.0
40.0,1.525029182434082,0.7910816073417664,0.0
40.0,1.5284396409988403,0.8018404245376587,0.0
40.0,1.5247161388397217,0.808898389339447,0.0
40.0,1.526247262954712,0.818775475025177,0.0
40.0,1.5224454402923584,0.8258231282234192,0.0
40.0,1.523871898651123,0.8357383608818054,0.0
40.0,1.5199916362762451,0.8427748680114746,0.0
40.0,1.517823576927185,0.8507711887359619,0.0
40.0,1.5121338367462158,0.8567936420440674,0.0
40.0,1.508156418800354,0.8637756705284119,0.0
40.0,1.4851068258285522,0.8597171306610107,0.0
40.0,1.4811161756515503,0.8665741682052612,0.0
40.0,1.2561761140823364,1.130540370941162,0.0
40.0,1.2509357929229736,1.136336088180542,0.0
40.0,1.2456687688827515,1.1421074867248535,0.0
40.0,1.24037504196167,1.1478544473648071,0.0
40.0,1.2248235940933228,1.144020676612854,0.0
40.0,1.2195212841033936,1.149671196937561,0.0
40.0,1.2069482803344727,1.1484041213989258,0.0
40.0,1.2016258239746094,1.1539719104766846,0.0
40.0,1.191969394683838,1.155339241027832,0.0
40.0,1.183755874633789,1.1580406427383423,0.0
40.0,1.1783891916275024,1.163501262664795,0.0
40.0,1.1673306226730347,1.1632899045944214,0.0
40.0,1.1619397401809692,1.1686744689941406,0.0
40.0,1.1495064496994019,1.1669100522994995,0.0
40.0,1.1357173919677734,1.1636245250701904,0.0
40.0,1.130325436592102,1.1688629388809204,0.0
40.0,0.97475266456604,1.286410927772522,0.0
40.0,0.9687947034835815,1.2909038066864014,0.0
40.0,0.962816059589386,1.2953691482543945,0.0
40.0,0.9568167924880981,1.2998067140579224,0.0
40.0,0.9377328157424927,1.2988691329956055,0.0
40.0,0.9317176342010498,1.30319082736969,0.0
40.0,0.925682544708252,1.30748450756073,0.0
40.0,0.9196276664733887,1.3117502927780151,0.0
40.0,0.910131573677063,1.3110592365264893,0.0
40.0,0.9040603041648865,1.3152531385421753,0.0
40.0,0.8968445062637329,1.317765474319458,0.0
40.0,0.8907423615455627,1.3218978643417358,0.0
40.0,0.8835113048553467,1.3243381977081299,0.0
40.0,0.8762767314910889,1.326740026473999,0.0
40.0,0.8701333403587341,1.3307772874832153,0.0
40.0,0.8628846406936646,1.3331069946289062,0.0
40.0,0.8567119836807251,1.3370821475982666,0.0
40.0,0.8505209684371948,1.3410288095474243,0.0
40.0,0.8443118333816528,1.3449467420578003,0.0
40.0,0.8380845785140991,1.3488359451293945,0.0
40.0,0.8318394422531128,1.3526962995529175,0.0
40.0,0.8255765438079834,1.3565278053283691,0.0
40.0,0.8182640671730042,1.358616828918457,0.0
40.0,0.8119739294052124,1.3623855113983154,0.0
40.0,0.805666446685791,1.3661249876022339,0.0
40.0,0.7983337640762329,1.3681079149246216,0.0
40.0,0.7919999361038208,1.3717842102050781,0.0
40.0,0.7856492400169373,1.3754312992095947,0.0
40.0,0.7792816758155823,1.3790489435195923,0.0
40.0,0.7728975415229797,1.3826371431350708,0.0
40.0,0.7664967775344849,1.3861957788467407,0.0
40.0,0.7600797414779663,1.3897247314453125,0.0
40.0,0.7536463737487793,1.3932240009307861,0.0
40.0,0.7471969127655029,1.396693468093872,0.0
40.0,0.7407315373420715,1.4001331329345703,0.0
40.0,0.7351773381233215,1.4053149223327637,0.0
40.0,0.7286721467971802,1.4086989164352417,0.0
40.0,0.47828006744384766,0.9459640979766846,0.0
40.0,0.4739013910293579,0.948165237903595,0.0
40.0,0.46951261162757874,0.9503461122512817,0.0
40.0,0.4651137888431549,0.9525067210197449,0.0
40.0,0.45896655321121216,0.9510445594787598,0.0
40.0,0.4545646011829376,0.9531563520431519,0.0
40.0,0.4484478533267975,0.9516294598579407,0.0
40.0,0.4440433084964752,0.953692615032196,0.0
40.0,0.43795767426490784,0.9521013498306274,0.0
40.0,0.4318963289260864,0.9504744410514832,0.0
40.0,0.4274972975254059,0.9524610638618469,0.0
40.0,0.4214681088924408,0.9507704973220825,0.0
40.0,0.41706782579421997,0.9527089595794678,0.0
40.0,0.4110715091228485,0.9509554505348206,0.0
40.0,0.4051003158092499,0.9491668343544006,0.0
40.0,0.4007076323032379,0.9510295987129211,0.0
40.0,0.3947703242301941,0.9491788148880005,0.0
40.0,0.3903777003288269,0.9509938359260559,0.0
40.0,0.3852258324623108,0.950934886932373,0.0
40.0,0.3808251619338989,0.9527057409286499,0.0
40.0,0.3749488592147827,0.9507350921630859,0.0
40.0,0.3698241114616394,0.9505946040153503,0.0
40.0,0.3654251992702484,0.9522942900657654,0.0
40.0,0.35960274934768677,0.9502325654029846,0.0
40.0,0.35450640320777893,0.9500111937522888,0.0
40.0,0.35011035203933716,0.9516400694847107,0.0
40.0,0.3450249433517456,0.9513683319091797,0.0
40.0,0.3406227231025696,0.9529533386230469,0.0
40.0,0.3355487883090973,0.9526315927505493,0.0
40.0,0.33114081621170044,0.9541727900505066,0.0
40.0,0.3247848153114319,0.9500161409378052,0.0
40.0,0.319112628698349,0.9477167725563049,0.0
40.0,0.3147275745868683,0.9491820335388184,0.0
40.0,0.3097151219844818,0.9487257599830627,0.0
40.0,0.3053255081176758,0.9501475691795349,0.0
40.0,0.29972323775291443,0.9477351903915405,0.0
40.0,0.2947440445423126,0.9472010731697083,0.0
40.0,0.2903616428375244,0.9485536813735962,0.0
40.0,0.2853964567184448,0.9479709267616272,0.0
40.0,0.28101059794425964,0.9492802619934082,0.0
40.0,0.2760598659515381,0.948648989200592,0.0
40.0,0.2705710828304291,0.9460694193840027,0.0
40.0,0.2661941647529602,0.9473102688789368,0.0
40.0,0.2612794041633606,0.9466028809547424,0.0
40.0,0.2569001317024231,0.9478007555007935,0.0
40.0,0.2520010471343994,0.9470456838607788,0.0
40.0,0.24711446464061737,0.9462655186653137,0.0
40.0,0.24273689091205597,0.9473978877067566,0.0
40.0,0.23786669969558716,0.9465703368186951,0.0
40.0,0.2334877997636795,0.947659969329834,0.0
40.0,0.22863443195819855,0.9467852115631104,0.0
40.0,0.22425465285778046,0.9478321671485901,0.0
40.0,0.21941860020160675,0.9469105005264282,0.0
40.0,0.21459588408470154,0.9459643959999084,0.0
40.0,0.21022003889083862,0.9469464421272278,0.0
40.0,0.2054152935743332,0.9459537863731384,0.0
40.0,0.20103959739208221,0.9468933939933777,0.0
40.0,0.19625328481197357,0.9458544850349426,0.0
40.0,0.19148088991641998,0.9447915554046631,0.0
40.0,0.18711072206497192,0.9456667304039001,0.0
40.0,0.18235743045806885,0.9445579648017883,0.0
40.0,0.1779884397983551,0.9453909993171692,0.0
40.0,0.17361563444137573,0.9462038278579712,0.0
40.0,0.16853544116020203,0.9430587291717529,0.0
40.0,0.16417351365089417,0.9438278675079346,0.0
40.0,0.15980809926986694,0.9445767998695374,0.0
40.0,0.15543925762176514,0.945305585861206,0.0
40.0,0.1510670930147171,0.9460141062736511,0.0
40.0,0.1466917097568512,0.9467024803161621,0.0
40.0,0.14201606810092926,0.9453927278518677,0.0
40.0,0.13764365017414093,0.9460391998291016,0.0
40.0,0.1332682967185974,0.9466654658317566,0.0
40.0,0.1286204308271408,0.9452897906303406,0.0
40.0,0.12424863874912262,0.9458743333816528,0.0
40.0,0.11987417936325073,0.9464386701583862,0.0
40.0,0.11501289159059525,0.9430121779441833,0.0
40.0,0.11065176874399185,0.9435338973999023,0.0
40.0,0.10628827661275864,0.9440353512763977,0.0
40.0,0.10192251205444336,0.9445167183876038,0.0
40.0,0.09734919667243958,0.942988395690918,0.0
40.0,0.09279219061136246,0.9414380192756653,0.0
40.0,0.08843857795000076,0.9418569803237915,0.0
40.0,0.08408308029174805,0.9422557950019836,0.0
40.0,0.07972577959299088,0.9426344633102417,0.0
40.0,0.0753667801618576,0.9429929852485657,0.0
40.0,0.0710061639547348,0.9433313608169556,0.0
40.0,0.06664403527975082,0.9436495900154114,0.0
40.0,0.0621488057076931,0.9419519901275635,0.0
40.0,0.05779314786195755,0.9422292709350586,0.0
40.0,0.05343625321984291,0.9424864053726196,0.0
40.0,0.049078214913606644,0.9427233338356018,0.0
40.0,0.04471912980079651,0.9429401755332947,0.0
40.0,0.04027358070015907,0.9411386847496033,0.0
40.0,0.035921916365623474,0.9413148164749146,0.0
40.0,0.03156948462128639,0.9414708018302917,0.0
40.0,0.02721637673676014,0.9416067004203796,0.0
40.0,0.022862685844302177,0.9417225122451782,0.0
40.0,0.018508508801460266,0.941818118095398,0.0
40.0,0.014153935015201569,0.9418936371803284,0.0
40.0,0.009799058549106121,0.9419490098953247,0.0
40.0,0.005443972535431385,0.941984236240387,0.0
40.0,0.0010887705720961094,0.9419993162155151,0.0
40.0,-0.0032664549071341753,0.941994309425354,0.0
40.0,-0.007621610537171364,0.9419691562652588,0.0
40.0,-0.011976603418588638,0.9419238567352295,0.0
40.0,-0.01633133925497532,0.9418584108352661,0.0
40.0,-0.020685726776719093,0.9417728185653687,0.0
40.0,-0.0250396728515625,0.9416671395301819,0.0
40.0,-0.029393082484602928,0.941541314125061,0.0
40.0,-0.033745866268873215,0.9413953423500061,0.0
40.0,-0.03809792548418045,0.9412292242050171,0.0
40.0,-0.04244917258620262,0.9410430192947388,0.0
40.0,-0.04679951071739197,0.9408367276191711,0.0
40.0,-0.05114884674549103,0.9406102895736694,0.0
40.0,-0.05549709498882294,0.9403637647628784,0.0
40.0,-0.05984415113925934,0.9400971531867981,0.0
40.0,-0.06418993324041367,0.9398103952407837,0.0
40.0,-0.06853433698415756,0.9395036101341248,0.0
40.0,-0.07287728041410446,0.9391766786575317,0.0
40.0,-0.0772186666727066,0.9388297200202942,0.0
40.0,-0.08173156529664993,0.9404551982879639,0.0
40.0,-0.08607876300811768,0.9400672912597656,0.0
40.0,-0.09042412787675858,0.9396592378616333,0.0
40.0,-0.09476755559444427,0.9392311573028564,0.0
40.0,-0.09910895675420761,0.9387829303741455,0.0
40.0,-0.10366740822792053,0.9403026103973389,0.0
40.0,-0.10801366716623306,0.9398132562637329,0.0
40.0,-0.11235762387514114,0.9393038749694824,0.0
40.0,-0.11694590002298355,0.9407591223716736,0.0
40.0,-0.12129412591457367,0.940208375453949,0.0
40.0,-0.12563976645469666,0.9396375417709351,0.0
40.0,-0.12998270988464355,0.9390466213226318,0.0
40.0,-0.1343228816986084,0.9384356141090393,0.0
40.0,-0.13866019248962402,0.9378045797348022,0.0
40.0,-0.14299452304840088,0.9371534585952759,0.0
40.0,-0.14763662219047546,0.9384579658508301,0.0
40.0,-0.1519738882780075,0.93776535987854,0.0
40.0,-0.1563078910112381,0.9370527267456055,0.0
40.0,-0.16063857078552246,0.9363200664520264,0.0
40.0,-0.16566039621829987,0.9395065903663635,0.0
40.0,-0.17035871744155884,0.9406986236572266,0.0
40.0,-0.1747061014175415,0.9399009346961975,0.0
40.0,-0.17904974520206451,0.9390831589698792,0.0
40.0,-0.1833895593881607,0.9382452964782715,0.0
40.0,-0.18811818957328796,0.9393484592437744,0.0
40.0,-0.1928609311580658,0.9404278993606567,0.0
40.0,-0.19720681011676788,0.9395262002944946,0.0
40.0,-0.2015484869480133,0.9386043548583984,0.0
40.0,-0.2058858424425125,0.9376624822616577,0.0
40.0,-0.2106567770242691,0.9386520981788635,0.0
40.0,-0.21544122695922852,0.9396175146102905,0.0
40.0,-0.21978312730789185,0.9386113882064819,0.0
40.0,-0.22458532452583313,0.9395304322242737,0.0
40.0,-0.22892671823501587,0.9384820461273193,0.0
40.0,-0.23374615609645844,0.939354419708252,0.0
40.0,-0.23808665573596954,0.9382636547088623,0.0
40.0,-0.24292293190956116,0.9390891790390015,0.0
40.0,-0.24777190387248993,0.9398899078369141,0.0
40.0,-0.2521147131919861,0.9387343525886536,0.0
40.0,-0.2569798231124878,0.9394878149032593,0.0
40.0,-0.26132068037986755,0.9382896423339844,0.0
40.0,-0.2662014365196228,0.9389956593513489,0.0
40.0,-0.27109429240226746,0.9396764636039734,0.0
40.0,-0.2754358649253845,0.9384130239486694,0.0
40.0,-0.2803437113761902,0.9390460252761841,0.0
40.0,-0.2846822738647461,0.9377398490905762,0.0
40.0,-0.2896045744419098,0.9383246898651123,0.0
40.0,-0.2939396798610687,0.9369757175445557,0.0
40.0,-0.298876017332077,0.937512218952179,0.0
40.0,-0.30320730805397034,0.9361203908920288,0.0
40.0,-0.30815714597702026,0.9366083145141602,0.0
40.0,-0.31311798095703125,0.9370704889297485,0.0
40.0,-0.31744706630706787,0.9356127977371216,0.0
40.0,-0.32242071628570557,0.9360260963439941,0.0
40.0,-0.32674485445022583,0.9345254302024841,0.0
40.0,-0.33173084259033203,0.9348896145820618,0.0
40.0,-0.33672717213630676,0.9352276921272278,0.0
40.0,-0.341047465801239,0.9336608648300171,0.0
40.0,-0.34605535864830017,0.9339494705200195,0.0
40.0,-0.3503696620464325,0.9323395490646362,0.0
40.0,-0.3561008870601654,0.9344475269317627,0.0
40.0,-0.3618590235710144,0.9365222454071045,0.0
40.0,-0.3661850392818451,0.9348392486572266,0.0
40.0,-0.37197938561439514,0.9368540048599243,0.0
40.0,-0.37630683183670044,0.9351241588592529,0.0
40.0,-0.38213664293289185,0.9370781779289246,0.0
40.0,-0.38646501302719116,0.9353014230728149,0.0
40.0,-0.39232975244522095,0.9371944665908813,0.0
40.0,-0.3974393904209137,0.937211811542511,0.0
40.0,-0.40176820755004883,0.9353642463684082,0.0
40.0,-0.4068862497806549,0.9353306889533997,0.0
40.0,-0.41120630502700806,0.9334395527839661,0.0
40.0,-0.4179617762565613,0.9370080232620239,0.0
40.0,-0.4222894310951233,0.9350655674934387,0.0
40.0,-0.4274396598339081,0.9349220991134644,0.0
40.0,-0.4325975775718689,0.9347509145736694,0.0
40.0,-0.4369146525859833,0.9327408671379089,0.0
40.0,-0.44293591380119324,0.9343253374099731,0.0
40.0,-0.4472509026527405,0.9322674870491028,0.0
40.0,-0.45330315828323364,0.9337881207466125,0.0
40.0,-0.45937904715538025,0.9352726936340332,0.0
40.0,-0.46369826793670654,0.9331387877464294,0.0
40.0,-0.4698041081428528,0.9345588088035583,0.0
40.0,-0.4741199016571045,0.9323767423629761,0.0
40.0,-0.4811698794364929,0.9355103373527527,0.0
40.0,-0.48548996448516846,0.9332757592201233,0.0
40.0,-0.4916619658470154,0.9345611333847046,0.0
40.0,-0.4978562295436859,0.935809314250946,0.0
40.0,-0.5021774768829346,0.9334975481033325,0.0
40.0,-0.5074437260627747,0.9329227805137634,0.0
40.0,-0.5117515325546265,0.9305667281150818,0.0
40.0,-1.1163995265960693,1.9650068283081055,0.0
40.0,-1.1254725456237793,1.9598243236541748,0.0
40.0,-1.1345216035842896,1.9545998573303223,0.0
40.0,-1.143546223640442,1.949333667755127,0.0
40.0,-1.1566263437271118,1.9509072303771973,0.0
40.0,-1.1656336784362793,1.945538878440857,0.0
40.0,-1.1787595748901367,1.9469724893569946,0.0
40.0,-1.1919233798980713,1.9483259916305542,0.0
40.0,-1.200918436050415,1.9427945613861084,0.0
40.0,-1.2141257524490356,1.9440069198608398,0.0
40.0,-1.2231006622314453,1.9383728504180908,0.0
40.0,-1.2384997606277466,1.942815899848938,0.0
40.0,-1.253966212272644,1.9471580982208252,0.0
40.0,-1.2629551887512207,1.9413397312164307,0.0
40.0,-1.2785075902938843,1.945508360862732,0.0
40.0,-1.2874886989593506,1.939576506614685,0.0
40.0,-1.3031249046325684,1.9435701370239258,0.0
40.0,-1.3120968341827393,1.9375245571136475,0.0
40.0,-1.3278154134750366,1.9413424730300903,0.0
40.0,-1.3435970544815063,1.9450560808181763,0.0
40.0,-1.352575421333313,1.9388233423233032,0.0
40.0,-1.3684360980987549,1.9423589706420898,0.0
40.0,-1.3774017095565796,1.9360114336013794,0.0
40.0,-1.3933396339416504,1.9393681287765503,0.0
40.0,-1.4116867780685425,1.9458563327789307,0.0
40.0,-1.420668125152588,1.939308762550354,0.0
40.0,-1.4367551803588867,1.9423670768737793,0.0
40.0,-1.4457200765609741,1.9357037544250488,0.0
40.0,-1.4618792533874512,1.9385801553726196,0.0
40.0,-1.4708263874053955,1.9318006038665771,0.0
40.0,-1.4870555400848389,1.9344937801361084,0.0
40.0,-1.5057933330535889,1.9402378797531128,0.0
40.0,-1.5147476196289062,1.9332553148269653,0.0
40.0,-1.5236696004867554,1.9262313842773438,0.0
40.0,-1.5325590372085571,1.9191663265228271,0.0
40.0,-1.5313738584518433,1.8996037244796753,0.0
40.0,-1.5249910354614258,1.873888373374939,0.0
40.0,-1.5336384773254395,1.866817831993103,0.0
40.0,-1.526932716369629,1.8412333726882935,0.0
40.0,-1.5354291200637817,1.8341541290283203,0.0
40.0,-1.5258203744888306,1.8056490421295166,0.0
40.0,-1.5341522693634033,1.7985752820968628,0.0
40.0,-1.5267918109893799,1.77327561378479,0.0
40.0,-1.5192307233810425,1.7480828762054443,0.0
40.0,-1.527296543121338,1.7410402297973633,0.0
40.0,-1.5194196701049805,1.7159919738769531,0.0
40.0,-1.5273370742797852,1.7089487314224243,0.0
40.0,-1.5218254327774048,1.6870185136795044,0.0
40.0,-1.5134509801864624,1.6622183322906494,0.0
40.0,-1.5211198329925537,1.6552033424377441,0.0
40.0,-1.5151551961898804,1.6334896087646484,0.0
40.0,-1.522691249847412,1.626466989517212,0.0
40.0,-1.5164587497711182,1.6048728227615356,0.0
40.0,-1.5100593566894531,1.5833712816238403,0.0
40.0,-1.5173636674880981,1.5763728618621826,0.0
40.0,-1.507912039756775,1.5521266460418701,0.0
40.0,-1.515071988105774,1.5451384782791138,0.0
40.0,-1.5081312656402588,1.5239017009735107,0.0
40.0,-1.503853440284729,1.5055924654006958,0.0
40.0,-1.5107983350753784,1.4986236095428467,0.0
40.0,-1.5062994956970215,1.4804073572158813,0.0
40.0,-1.5131278038024902,1.4734272956848145,0.0
40.0,-1.5026520490646362,1.4497520923614502,0.0
40.0,-1.4977729320526123,1.4317333698272705,0.0
40.0,-1.5043762922286987,1.4247932434082031,0.0
40.0,-1.4992800951004028,1.4068742990493774,0.0
40.0,-1.5057685375213623,1.3999274969100952,0.0
40.0,-1.50045645236969,1.3821107149124146,0.0
40.0,-1.4964895248413086,1.3657214641571045,0.0
40.0,-1.5027878284454346,1.358788013458252,0.0
40.0,-1.4971363544464111,1.3411496877670288,0.0
40.0,-1.5033210515975952,1.3342136144638062,0.0
40.0,-1.4959558248519897,1.3153630495071411,0.0
40.0,-1.5020211935043335,1.308432698249817,0.0
40.0,-1.4974558353424072,1.2923274040222168,0.0
40.0,-1.4942938089370728,1.2775921821594238,0.0
40.0,-1.5001846551895142,1.2706698179244995,0.0
40.0,-1.49531888961792,1.2547212839126587,0.0
40.0,-1.5011038780212402,1.247794508934021,0.0
40.0,-1.494505524635315,1.2306702136993408,0.0
40.0,-1.4908808469772339,1.2161622047424316,0.0
40.0,-1.4964877367019653,1.2092562913894653,0.0
40.0,-1.4926941394805908,1.194825530052185,0.0
40.0,-1.4982022047042847,1.1879115104675293,0.0
40.0,-1.4926682710647583,1.172324776649475,0.0
40.0,-1.4870222806930542,1.1568148136138916,0.0
40.0,-1.4923547506332397,1.1499273777008057,0.0
40.0,-1.486526370048523,1.134521722793579,0.0
40.0,-1.491755723953247,1.1276367902755737,0.0
40.0,-1.485746145248413,1.1123372316360474,0.0
40.0,-1.4812337160110474,1.0983089208602905,0.0
40.0,-1.4862958192825317,1.0914489030838013,0.0
40.0,-1.483238697052002,1.0786839723587036,0.0
40.0,-1.4882099628448486,1.071814775466919,0.0
40.0,-1.4833797216415405,1.057955026626587,0.0
40.0,-1.4800869226455688,1.0453165769577026,0.0
40.0,-1.4849040508270264,1.0384624004364014,0.0
40.0,-1.4798238277435303,1.024754285812378,0.0
40.0,-1.4845458269119263,1.0179016590118408,0.0
40.0,-1.4809625148773193,1.0054103136062622,0.0
40.0,-1.4855951070785522,0.9985525012016296,0.0
40.0,-1.480205774307251,0.9850252866744995,0.0
40.0,-1.476393461227417,0.9726697206497192,0.0
40.0,-1.4808746576309204,0.9658334255218506,0.0
40.0,-1.4769231081008911,0.9535523653030396,0.0
40.0,-1.4813159704208374,0.9467138051986694,0.0
40.0,-1.4755359888076782,0.9334396719932556,0.0
40.0,-1.471360206604004,0.9213006496429443,0.0
40.0,-1.4756040573120117,0.9144881367683411,0.0
40.0,-1.4712920188903809,0.9024276733398438,0.0
40.0,-1.475448489189148,0.8956156969070435,0.0
40.0,-1.4727157354354858,0.8846651315689087,0.0
40.0,-1.469913363456726,0.8737589716911316,0.0
40.0,-1.4739373922348022,0.8669536709785461,0.0
40.0,-1.4710155725479126,0.8561058640480042,0.0
40.0,-1.4749579429626465,0.8492956757545471,0.0
40.0,-1.4719176292419434,0.8385074138641357,0.0
40.0,-1.4688091278076172,0.8277654647827148,0.0
40.0,-1.4726204872131348,0.8209657669067383,0.0
40.0,-1.4693949222564697,0.8102854490280151,0.0
40.0,-1.4731254577636719,0.8034831881523132,0.0
40.0,-1.4697836637496948,0.7928656339645386,0.0
40.0,-1.4734336137771606,0.7860618233680725,0.0
40.0,-1.4682074785232544,0.7745750546455383,0.0
40.0,-1.4664534330368042,0.7650036811828613,0.0
40.0,-1.4699746370315552,0.7582155466079712,0.0
40.0,-1.4663375616073608,0.7477768063545227,0.0
40.0,-1.469779133796692,0.7409893870353699,0.0
40.0,-1.4660292863845825,0.7306177616119385,0.0
40.0,-1.460420846939087,0.7194129824638367,0.0
40.0,-1.4637314081192017,0.7126532196998596,0.0
40.0,-1.4616038799285889,0.7032766938209534,0.0
40.0,-1.459421157836914,0.6939351558685303,0.0
40.0,-1.4626139402389526,0.6871802806854248,0.0
40.0,-1.4603331089019775,0.6778844594955444,0.0
40.0,-1.463451623916626,0.6711255311965942,0.0
40.0,-1.4592516422271729,0.6610511541366577,0.0
40.0,-1.4622923135757446,0.654297411441803,0.0
40.0,-1.4598137140274048,0.6451044678688049,0.0
40.0,-1.4572815895080566,0.6359485387802124,0.0
40.0,-1.4602062702178955,0.6292042136192322,0.0
40.0,-1.4557381868362427,0.6193145513534546,0.0
40.0,-1.4585858583450317,0.6125775575637817,0.0
40.0,-1.4558597803115845,0.603529691696167,0.0
40.0,-1.4549325704574585,0.5952775478363037,0.0
40.0,-1.4576691389083862,0.5885445475578308,0.0
40.0,-1.4548007249832153,0.5795782804489136,0.0
40.0,-1.4574646949768066,0.572845995426178,0.0
40.0,-1.4545032978057861,0.563932478427887,0.0
40.0,-1.4570950269699097,0.5572017431259155,0.0
40.0,-1.4540417194366455,0.5483419299125671,0.0
40.0,-1.4528120756149292,0.5402193665504456,0.0
40.0,-1.455294132232666,0.5334967374801636,0.0
40.0,-1.4521023035049438,0.5247235894203186,0.0
40.0,-1.4545128345489502,0.5180043578147888,0.0
40.0,-1.4512306451797485,0.5092872381210327,0.0
40.0,-1.4497894048690796,0.5012651681900024,0.0
40.0,-1.4520914554595947,0.49455690383911133,0.0
40.0,-1.448673963546753,0.485929936170578,0.0
40.0,-1.4509050846099854,0.4792269766330719,0.0
40.0,-1.4493013620376587,0.4712768495082855,0.0
40.0,-1.4457502365112305,0.4627421200275421,0.0
40.0,-1.4478741884231567,0.4560529291629791,0.0
40.0,-1.4461466073989868,0.4481699466705322,0.0
40.0,-1.448203206062317,0.4414790868759155,0.0
40.0,-1.4463971853256226,0.4336300790309906,0.0
40.0,-1.4445499181747437,0.42580726742744446,0.0
40.0,-1.4465030431747437,0.4191240072250366,0.0
40.0,-1.4445782899856567,0.41133636236190796,0.0
40.0,-1.4464645385742188,0.4046531319618225,0.0
40.0,-1.4425344467163086,0.3963715732097626,0.0
40.0,-1.440489649772644,0.38865596055984497,0.0
40.0,-1.4422712326049805,0.3819918930530548,0.0
40.0,-1.440150499343872,0.37431344389915466,0.0
40.0,-1.4418656826019287,0.367651104927063,0.0
40.0,-1.4416097402572632,0.3604956567287445,0.0
40.0,-1.4432610273361206,0.35382673144340515,0.0
40.0,-1.4409922361373901,0.34621575474739075,0.0
40.0,-1.4406307935714722,0.33909159898757935,0.0
40.0,-1.4421831369400024,0.33242738246917725,0.0
40.0,-1.439802646636963,0.3248756527900696,0.0
40.0,-1.4412893056869507,0.31821542978286743,0.0
40.0,-1.436880350112915,0.31028199195861816,0.0
40.0,-1.436342716217041,0.30322232842445374,0.0
40.0,-1.4377292394638062,0.2965783476829529,0.0
40.0,-1.4371243715286255,0.28953298926353455,0.0
40.0,-1.4384477138519287,0.2828855514526367,0.0
40.0,-1.4358118772506714,0.275478333234787,0.0
40.0,-1.435104250907898,0.26846933364868164,0.0
40.0,-1.4363301992416382,0.26183146238327026,0.0
40.0,-1.4355560541152954,0.25483837723731995,0.0
40.0,-1.4367189407348633,0.24819853901863098,0.0
40.0,-1.4358787536621094,0.2412220537662506,0.0
40.0,-1.4369786977767944,0.2345808744430542,0.0
40.0,-1.4340972900390625,0.2273084968328476,0.0
40.0,-1.433156132698059,0.22037173807621002,0.0
40.0,-1.4341596364974976,0.21374337375164032,0.0
40.0,-1.4311734437942505,0.2065390944480896,0.0
40.0,-1.4321130514144897,0.19992002844810486,0.0
40.0,-1.4310400485992432,0.19302935898303986,0.0
40.0,-1.429934024810791,0.1861528754234314,0.0
40.0,-1.4307793378829956,0.1795397698879242,0.0
40.0,-1.4296085834503174,0.172682985663414,0.0
40.0,-1.4303916692733765,0.16607153415679932,0.0
40.0,-1.4311442375183105,0.1594565212726593,0.0
40.0,-1.4298774003982544,0.15262581408023834,0.0
40.0,-1.430567741394043,0.14601333439350128,0.0
40.0,-1.4292370080947876,0.13920384645462036,0.0
40.0,-1.4298652410507202,0.13259446620941162,0.0
40.0,-1.4284707307815552,0.1258067935705185,0.0
40.0,-1.429037094116211,0.11920109391212463,0.0
40.0,-1.4295729398727417,0.11259284615516663,0.0
40.0,-1.4280837774276733,0.10583438724279404,0.0
40.0,-1.4285577535629272,0.09923069179058075,0.0
40.0,-1.4250096082687378,0.09236614406108856,0.0
40.0,-1.4254214763641357,0.08577680587768555,0.0
40.0,-1.4258028268814087,0.07918563485145569,0.0
40.0,-1.4241563081741333,0.0724911019206047,0.0
40.0,-1.424476146697998,0.06590592116117477,0.0
40.0,-1.424765706062317,0.05931933596730232,0.0
40.0,-1.4250247478485107,0.0527314767241478,0.0
40.0,-1.4252532720565796,0.046142496168613434,0.0
40.0,-1.4234521389007568,0.039497051388025284,0.0
40.0,-1.4236195087432861,0.03291548043489456,0.0
40.0,-1.4217568635940552,0.0262962207198143,0.0
40.0,-1.421863317489624,0.019722629338502884,0.0
40.0,-1.4219392538070679,0.013148615136742592,0.0
40.0,-1.4219849109649658,0.006574319209903479,0.0
40.0,-1.4220000505447388,-1.1636915075996512e-07,0.0
41.0,-1.4199999570846558,1.2414034245011862e-07,0.0
41.0,-1.4199848175048828,-0.006565064657479525,0.0
41.0,-1.4199392795562744,-0.013130112551152706,0.0
41.0,-1.4198633432388306,-0.01969487965106964,0.0
41.0,-1.4197571277618408,-0.026259226724505424,0.0
41.0,-1.4196205139160156,-0.03282301127910614,0.0
41.0,-1.4194536209106445,-0.039386097341775894,0.0
41.0,-1.4172574281692505,-0.04588362202048302,0.0
41.0,-1.4170300960540771,-0.05243564024567604,0.0
41.0,-1.4167726039886475,-0.05898653715848923,0.0
41.0,-1.4184825420379639,-0.06562861055135727,0.0
41.0,-1.4181640148162842,-0.07218608260154724,0.0
41.0,-1.4198120832443237,-0.07885292172431946,0.0
41.0,-1.4194324016571045,-0.08541639894247055,0.0
41.0,-1.4190223217010498,-0.0919780507683754,0.0
41.0,-1.4185818433761597,-0.09853773564100266,0.0
41.0,-1.4181110858917236,-0.10509531199932098,0.0
41.0,-1.4176100492477417,-0.11165064573287964,0.0
41.0,-1.4170787334442139,-0.11820358783006668,0.0
41.0,-1.4165170192718506,-0.12475401163101196,0.0
41.0,-1.415925145149231,-0.13130176067352295,0.0
41.0,-1.4153029918670654,-0.1378467082977295,0.0
41.0,-1.414650559425354,-0.14438870549201965,0.0
41.0,-1.4139678478240967,-0.1509276181459427,0.0
41.0,-1.4152425527572632,-0.15768477320671082,0.0
41.0,-1.416485071182251,-0.16445693373680115,0.0
41.0,-1.4157096147537231,-0.17100411653518677,0.0
41.0,-1.4149038791656494,-0.1775476336479187,0.0
41.0,-1.4140678644180298,-0.1840873658657074,0.0
41.0,-1.4132015705108643,-0.19062316417694092,0.0
41.0,-1.4142858982086182,-0.19743138551712036,0.0
41.0,-1.4133580923080444,-0.20396804809570312,0.0
41.0,-1.414378046989441,-0.21079516410827637,0.0
41.0,-1.415365219116211,-0.2176360934972763,0.0
41.0,-1.4143438339233398,-0.2241775244474411,0.0
41.0,-1.4152661561965942,-0.23103637993335724,0.0
41.0,-1.4141827821731567,-0.23757721483707428,0.0
41.0,-1.4130693674087524,-0.24411296844482422,0.0
41.0,-1.413894772529602,-0.2509930729866028,0.0
41.0,-1.4127192497253418,-0.25752735137939453,0.0
41.0,-1.4134793281555176,-0.2644239068031311,0.0
41.0,-1.4122416973114014,-0.2709560990333557,0.0
41.0,-1.4129364490509033,-0.27786847949028015,0.0
41.0,-1.4116365909576416,-0.28439804911613464,0.0
41.0,-1.410306692123413,-0.29092150926589966,0.0
41.0,-1.4109033346176147,-0.29785189032554626,0.0
41.0,-1.4095112085342407,-0.30437183380126953,0.0
41.0,-1.4119948148727417,-0.31174764037132263,0.0
41.0,-1.4105384349822998,-0.31827250123023987,0.0
41.0,-1.4110007286071777,-0.32523974776268005,0.0
41.0,-1.4094818830490112,-0.33175987005233765,0.0
41.0,-1.4098777770996094,-0.33874011039733887,0.0
41.0,-1.4121814966201782,-0.34620729088783264,0.0
41.0,-1.410565733909607,-0.35273265838623047,0.0
41.0,-1.4089198112487793,-0.3592504560947418,0.0
41.0,-1.4072438478469849,-0.36576056480407715,0.0
41.0,-1.4074710607528687,-0.3727749288082123,0.0
41.0,-1.4076634645462036,-0.3797991871833801,0.0
41.0,-1.4058924913406372,-0.38630327582359314,0.0
41.0,-1.407943606376648,-0.3938767611980438,0.0
41.0,-1.4061075448989868,-0.40038201212882996,0.0
41.0,-1.4061622619628906,-0.40743526816368103,0.0
41.0,-1.4042636156082153,-0.4139321446418762,0.0
41.0,-1.4061663150787354,-0.4215688407421112,0.0
41.0,-1.4080283641815186,-0.4292319416999817,0.0
41.0,-1.4060288667678833,-0.4357371926307678,0.0
41.0,-1.4059067964553833,-0.4428339898586273,0.0
41.0,-1.4038443565368652,-0.44932928681373596,0.0
41.0,-1.4055559635162354,-0.45705196261405945,0.0
41.0,-1.4053269624710083,-0.46417272090911865,0.0
41.0,-1.4031658172607422,-0.4706651270389557,0.0
41.0,-1.4047611951828003,-0.47843700647354126,0.0
41.0,-1.4025341272354126,-0.48492664098739624,0.0
41.0,-1.4040515422821045,-0.4927304685115814,0.0
41.0,-1.4036425352096558,-0.499887615442276,0.0
41.0,-1.4013164043426514,-0.5063718557357788,0.0
41.0,-1.402715802192688,-0.5142219662666321,0.0
41.0,-1.4003233909606934,-0.5207017660140991,0.0
41.0,-1.403515100479126,-0.529287576675415,0.0
41.0,-1.4010529518127441,-0.5357708930969238,0.0
41.0,-1.4041552543640137,-0.5444117784500122,0.0
41.0,-1.4053459167480469,-0.5523610711097717,0.0
41.0,-1.4027771949768066,-0.5588526129722595,0.0
41.0,-1.4020328521728516,-0.5660809278488159,0.0
41.0,-1.3994007110595703,-0.5725570321083069,0.0
41.0,-1.4004337787628174,-0.5805526971817017,0.0
41.0,-1.4032665491104126,-0.5893445014953613,0.0
41.0,-1.400526762008667,-0.5958260297775269,0.0
41.0,-1.401430606842041,-0.6038777232170105,0.0
41.0,-1.3986237049102783,-0.6103506088256836,0.0
41.0,-1.3994455337524414,-0.6184272170066833,0.0
41.0,-1.3965712785720825,-0.6248907446861267,0.0
41.0,-1.3991327285766602,-0.6338168382644653,0.0
41.0,-1.3998231887817383,-0.6419461369514465,0.0
41.0,-1.3968403339385986,-0.6484111547470093,0.0
41.0,-1.397447943687439,-0.6565633416175842,0.0
41.0,-1.394397497177124,-0.663017213344574,0.0
41.0,-1.3985260725021362,-0.6729256510734558,0.0
41.0,-1.3953999280929565,-0.6793843507766724,0.0
41.0,-1.3958321809768677,-0.6875961422920227,0.0
41.0,-1.3980083465576172,-0.6967185139656067,0.0
41.0,-1.3947722911834717,-0.7031745910644531,0.0
41.0,-1.3950695991516113,-0.7114328145980835,0.0
41.0,-1.3917654752731323,-0.7178751230239868,0.0
41.0,-1.3937513828277588,-0.7270772457122803,0.0
41.0,-1.397450566291809,-0.7372461557388306,0.0
41.0,-1.3940271139144897,-0.7436992526054382,0.0
41.0,-1.3976147174835205,-0.7539345622062683,0.0
41.0,-1.3941140174865723,-0.760388195514679,0.0
41.0,-1.395837664604187,-0.7697228789329529,0.0
41.0,-1.3975046873092651,-0.7790897488594055,0.0
41.0,-1.3938877582550049,-0.7855426073074341,0.0
41.0,-1.3954542875289917,-0.7949485182762146,0.0
41.0,-1.3917640447616577,-0.8013917207717896,0.0
41.0,-1.3932297229766846,-0.8108358383178711,0.0
41.0,-1.3894660472869873,-0.8172686100006104,0.0
41.0,-1.3925495147705078,-0.8277716636657715,0.0
41.0,-1.3938509225845337,-0.8372907042503357,0.0
41.0,-1.3899649381637573,-0.8437260985374451,0.0
41.0,-1.3928685188293457,-0.854326069355011,0.0
41.0,-1.3889037370681763,-0.8607566952705383,0.0
41.0,-1.3916897773742676,-0.8714145421981812,0.0
41.0,-1.3876460790634155,-0.8778395056724548,0.0
41.0,-1.3903136253356934,-0.8885539174079895,0.0
41.0,-1.3929115533828735,-0.8993116021156311,0.0
41.0,-1.3887388706207275,-0.9057419300079346,0.0
41.0,-1.3912168741226196,-0.9165541529655457,0.0
41.0,-1.3869644403457642,-0.9229764938354492,0.0
41.0,-1.3893219232559204,-0.9338418841362,0.0
41.0,-1.391608476638794,-0.9447486996650696,0.0
41.0,-1.38722562789917,-0.9511725306510925,0.0
41.0,-1.389390230178833,-0.9621304869651794,0.0
41.0,-1.3849270343780518,-0.9685438871383667,0.0
41.0,-1.3886024951934814,-0.9807054400444031,0.0
41.0,-1.3889384269714355,-0.9905988574028015,0.0
41.0,-1.3843436241149902,-0.9970098733901978,0.0
41.0,-1.3861892223358154,-1.0081048011779785,0.0
41.0,-1.3815135955810547,-1.0145028829574585,0.0
41.0,-1.3864476680755615,-1.0280267000198364,0.0
41.0,-1.381679892539978,-1.0344257354736328,0.0
41.0,-1.3736916780471802,-1.0383906364440918,0.0
41.0,-1.354567289352417,-1.0338101387023926,0.0
41.0,-1.3497731685638428,-1.0400617122650146,0.0
41.0,-1.3291643857955933,-1.0340107679367065,0.0
41.0,-1.3243695497512817,-1.040144920349121,0.0
41.0,-1.3070091009140015,-1.036316156387329,0.0
41.0,-1.28971266746521,-1.0323492288589478,0.0
41.0,-1.284925937652588,-1.0383011102676392,0.0
41.0,-1.2661638259887695,-1.0328528881072998,0.0
41.0,-1.261375069618225,-1.0386956930160522,0.0
41.0,-1.2457932233810425,-1.0355671644210815,0.0
41.0,-1.228735327720642,-1.0310312509536743,0.0
41.0,-1.2239553928375244,-1.0367010831832886,0.0
41.0,-1.2069882154464722,-1.0319514274597168,0.0
41.0,-1.2022042274475098,-1.0375207662582397,0.0
41.0,-1.1883461475372314,-1.035185694694519,0.0
41.0,-1.1715316772460938,-1.0301035642623901,0.0
41.0,-1.1667566299438477,-1.0355089902877808,0.0
41.0,-1.1515288352966309,-1.0315510034561157,0.0
41.0,-1.1467472314834595,-1.036863923072815,0.0
41.0,-1.1330775022506714,-1.0340654850006104,0.0
41.0,-1.1179871559143066,-1.0298080444335938,0.0
41.0,-1.113214135169983,-1.0349658727645874,0.0
41.0,-1.0982080698013306,-1.0305217504501343,0.0
41.0,-1.093431830406189,-1.0355881452560425,0.0
41.0,-1.0799578428268433,-1.0323405265808105,0.0
41.0,-1.0665374994277954,-1.028990626335144,0.0
41.0,-1.061768651008606,-1.0339106321334839,0.0
41.0,-1.0484187602996826,-1.0303971767425537,0.0
41.0,-1.043643593788147,-1.0352333784103394,0.0
41.0,-1.0303657054901123,-1.0315572023391724,0.0
41.0,-1.025585412979126,-1.0363099575042725,0.0
41.0,-1.0123817920684814,-1.0324723720550537,0.0
41.0,-1.0006293058395386,-1.0299694538116455,0.0
41.0,-0.9958566427230835,-1.0345847606658936,0.0
41.0,-0.9841611981391907,-1.031941294670105,0.0
41.0,-0.9725115895271301,-1.0292119979858398,0.0
41.0,-0.9677428007125854,-1.033697247505188,0.0
41.0,-0.9561527371406555,-1.030828833580017,0.0
41.0,-0.9513766169548035,-1.0352383852005005,0.0
41.0,-0.938501238822937,-1.0307528972625732,0.0
41.0,-0.9337256550788879,-1.035080909729004,0.0
41.0,-0.9209335446357727,-1.0304393768310547,0.0
41.0,-0.9108561873435974,-1.0286966562271118,0.0
41.0,-0.9060904383659363,-1.032896876335144,0.0
41.0,-0.8947455883026123,-1.029527187347412,0.0
41.0,-0.884756326675415,-1.0275903940200806,0.0
41.0,-0.8799959421157837,-1.0316699743270874,0.0
41.0,-0.870053231716156,-1.029617190361023,0.0
41.0,-0.8652836680412292,-1.0336287021636963,0.0
41.0,-0.8541120886802673,-1.0299206972122192,0.0
41.0,-0.8493412137031555,-1.0338586568832397,0.0
41.0,-0.8382401466369629,-1.0300180912017822,0.0
41.0,-0.8271929025650024,-1.0260974168777466,0.0
41.0,-0.8224400281906128,-1.0299108028411865,0.0
41.0,-0.812706470489502,-1.0274279117584229,0.0
41.0,-0.80794757604599,-1.0311743021011353,0.0
41.0,-0.7982666492462158,-1.0285788774490356,0.0
41.0,-0.789845883846283,-1.0275015830993652,0.0
41.0,-0.7850869297981262,-1.0311423540115356,0.0
41.0,-0.7754944562911987,-1.0283735990524292,0.0
41.0,-0.7707316279411316,-1.0319480895996094,0.0
41.0,-0.7611948251724243,-1.0290687084197998,0.0
41.0,-0.7517012357711792,-1.0261234045028687,0.0
41.0,-0.7469490170478821,-1.029587745666504,0.0
41.0,-0.7386800646781921,-1.0281574726104736,0.0
41.0,-0.7339186072349548,-1.0315617322921753,0.0
41.0,-0.7245339155197144,-1.028403878211975,0.0
41.0,-0.7151942253112793,-1.025181531906128,0.0
41.0,-0.710446834564209,-1.0284771919250488,0.0
41.0,-0.7011678218841553,-1.0251476764678955,0.0
41.0,-0.6964206695556641,-1.0283784866333008,0.0
41.0,-0.6883172988891602,-1.0266036987304688,0.0
41.0,-0.6813514232635498,-1.026442527770996,0.0
41.0,-0.6765984892845154,-1.0295816659927368,0.0
41.0,-0.6674685478210449,-1.0259929895401,0.0
41.0,-0.662717878818512,-1.0290679931640625,0.0
41.0,-0.6547278165817261,-1.0270615816116333,0.0
41.0,-0.6467704772949219,-1.025003433227539,0.0
41.0,-0.642024576663971,-1.0279827117919922,0.0
41.0,-0.6341102123260498,-1.0258363485336304,0.0
41.0,-0.6293606162071228,-1.028757095336914,0.0
41.0,-0.6214901208877563,-1.0265233516693115,0.0
41.0,-0.6167374849319458,-1.0293856859207153,0.0
41.0,-0.6099317073822021,-1.0287853479385376,0.0
41.0,-0.6021327972412109,-1.0264191627502441,0.0
41.0,-0.5973808765411377,-1.0291920900344849,0.0
41.0,-0.5886321663856506,-1.0250054597854614,0.0
41.0,-0.5838868618011475,-1.027716040611267,0.0
41.0,-0.5771692395210266,-1.0269174575805664,0.0
41.0,-0.5704716444015503,-1.0260790586471558,0.0
41.0,-0.5657215714454651,-1.0287055969238281,0.0
41.0,-0.5580925345420837,-1.0260393619537354,0.0
41.0,-0.5533427596092224,-1.0286086797714233,0.0
41.0,-0.5467025637626648,-1.0276246070861816,0.0
41.0,-0.5391520857810974,-1.0248311758041382,0.0
41.0,-0.5344080924987793,-1.027312994003296,0.0
41.0,-0.5269083976745605,-1.0244370698928833,0.0
41.0,-0.5221664309501648,-1.0268622636795044,0.0
41.0,-0.5156167149543762,-1.0256916284561157,0.0
41.0,-0.5090890526771545,-1.0244824886322021,0.0
41.0,-0.5043470859527588,-1.0268253087997437,0.0
41.0,-0.49697399139404297,-1.0237483978271484,0.0
41.0,-0.4922355115413666,-1.026035189628601,0.0
41.0,-0.4857729971408844,-1.0246855020523071,0.0
41.0,-0.47848519682884216,-1.0214871168136597,0.0
41.0,-0.47375738620758057,-1.0236884355545044,0.0
41.0,-0.46735620498657227,-1.0222299098968506,0.0
41.0,-0.46262505650520325,-1.0243797302246094,0.0
41.0,-0.4570693075656891,-1.0246812105178833,0.0
41.0,-0.4523269236087799,-1.0267834663391113,0.0
41.0,-0.4459792673587799,-1.025195837020874,0.0
41.0,-0.43965595960617065,-1.023571491241455,0.0
41.0,-0.43491891026496887,-1.0255931615829468,0.0
41.0,-0.42862799763679504,-1.0239033699035645,0.0
41.0,-0.42236196994781494,-1.0221772193908691,0.0
41.0,-0.4176315367221832,-1.0241190195083618,0.0
41.0,-0.41139891743659973,-1.0223281383514404,0.0
41.0,-0.40666791796684265,-1.024219274520874,0.0
41.0,-0.4011988043785095,-1.0242263078689575,0.0
41.0,-0.3964591324329376,-1.026070237159729,0.0
41.0,-0.3909987807273865,-1.0260233879089355,0.0
41.0,-0.38554733991622925,-1.02594792842865,0.0
41.0,-0.38079988956451416,-1.027719497680664,0.0
41.0,-0.37604427337646484,-1.0294691324234009,0.0
41.0,-0.37128064036369324,-1.0311967134475708,0.0
41.0,-0.36584025621414185,-1.0310174226760864,0.0
41.0,-0.3604094982147217,-1.0308098793029785,0.0
41.0,-0.35563981533050537,-1.0324652194976807,0.0
41.0,-0.3495773673057556,-1.0303105115890503,0.0
41.0,-0.3448100984096527,-1.0319157838821411,0.0
41.0,-0.3387853503227234,-1.0296992063522339,0.0
41.0,-0.33402103185653687,-1.031254529953003,0.0
41.0,-0.3280346691608429,-1.0289767980575562,0.0
41.0,-0.3226751387119293,-1.0285741090774536,0.0
41.0,-0.31791621446609497,-1.0300549268722534,0.0
41.0,-0.3125694990158081,-1.0296000242233276,0.0
41.0,-0.3078059256076813,-1.0310341119766235,0.0
41.0,-0.3024725317955017,-1.0305272340774536,0.0
41.0,-0.29659605026245117,-1.028071403503418,0.0
41.0,-0.29183971881866455,-1.029431700706482,0.0
41.0,-0.28654053807258606,-1.0288432836532593,0.0
41.0,-0.28178074955940247,-1.0301570892333984,0.0
41.0,-0.2759774327278137,-1.027585744857788,0.0
41.0,-0.270713746547699,-1.0269168615341187,0.0
41.0,-0.26596304774284363,-1.0281574726104736,0.0
41.0,-0.26071470975875854,-1.027437448501587,0.0
41.0,-0.25596168637275696,-1.0286318063735962,0.0
41.0,-0.2507292628288269,-1.02786123752594,0.0
41.0,-0.24550941586494446,-1.027064323425293,0.0
41.0,-0.2407582849264145,-1.0281884670257568,0.0
41.0,-0.23555505275726318,-1.0273411273956299,0.0
41.0,-0.2308027595281601,-1.0284192562103271,0.0
41.0,-0.22561660408973694,-1.0275218486785889,0.0
41.0,-0.22086356580257416,-1.028554081916809,0.0
41.0,-0.21569494903087616,-1.027606725692749,0.0
41.0,-0.21053984761238098,-1.0266337394714355,0.0
41.0,-0.20579108595848083,-1.0275962352752686,0.0
41.0,-0.2006542831659317,-1.026573896408081,0.0
41.0,-0.1959058940410614,-1.0274906158447266,0.0
41.0,-0.19078783690929413,-1.0264190435409546,0.0
41.0,-0.18568389117717743,-1.0253221988677979,0.0
41.0,-0.18094146251678467,-1.026169776916504,0.0
41.0,-0.17585696280002594,-1.0250240564346313,0.0
41.0,-0.17111600935459137,-1.025826096534729,0.0
41.0,-0.1660514622926712,-1.0246320962905884,0.0
41.0,-0.16131243109703064,-1.0253888368606567,0.0
41.0,-0.15626828372478485,-1.024146556854248,0.0
41.0,-0.1512390822172165,-1.022879719734192,0.0
41.0,-0.14650830626487732,-1.0235679149627686,0.0
41.0,-0.14150016009807587,-1.022253155708313,0.0
41.0,-0.13677239418029785,-1.0228965282440186,0.0
41.0,-0.13204170763492584,-1.0235178470611572,0.0
41.0,-0.12706147134304047,-1.0221327543258667,0.0
41.0,-0.12233441323041916,-1.0227092504501343,0.0
41.0,-0.11760473996400833,-1.023263931274414,0.0
41.0,-0.11287254840135574,-1.0237966775894165,0.0
41.0,-0.10792797803878784,-1.022318720817566,0.0
41.0,-0.103200264275074,-1.0228067636489868,0.0
41.0,-0.09847034513950348,-1.02327299118042,0.0
41.0,-0.09373831748962402,-1.0237172842025757,0.0
41.0,-0.08900429308414459,-1.0241397619247437,0.0
41.0,-0.08426836133003235,-1.0245403051376343,0.0
41.0,-0.07953062653541565,-1.0249189138412476,0.0
41.0,-0.07464569061994553,-1.0232809782028198,0.0
41.0,-0.06977760046720505,-1.0216199159622192,0.0
41.0,-0.0650535300374031,-1.021931529045105,0.0
41.0,-0.06032806262373924,-1.0222214460372925,0.0
41.0,-0.05560130625963211,-1.0224894285202026,0.0
41.0,-0.05087336152791977,-1.022735595703125,0.0
41.0,-0.046144332736730576,-1.02295982837677,0.0
41.0,-0.04141431301832199,-1.0231622457504272,0.0
41.0,-0.03668341040611267,-1.0233427286148071,0.0
41.0,-0.031951725482940674,-1.0235013961791992,0.0
41.0,-0.02716618962585926,-1.0216388702392578,0.0
41.0,-0.02244248241186142,-1.0217535495758057,0.0
41.0,-0.017718294635415077,-1.0218462944030762,0.0
41.0,-0.012993729673326015,-1.0219173431396484,0.0
41.0,-0.008268886245787144,-1.0219664573669434,0.0
41.0,-0.0035438663326203823,-1.0219937562942505,0.0
41.0,0.0011812294833362103,-1.0219992399215698,0.0
41.0,0.005906300153583288,-1.0219829082489014,0.0
41.0,0.010631244629621506,-1.0219446420669556,0.0
41.0,0.01535596139729023,-1.021884560585022,0.0
41.0,0.02008035033941269,-1.0218026638031006,0.0
41.0,0.024804310873150826,-1.0216989517211914,0.0
41.0,0.029527738690376282,-1.0215733051300049,0.0
41.0,0.03425053879618645,-1.0214258432388306,0.0
41.0,0.038972605019807816,-1.0212565660476685,0.0
41.0,0.04369383677840233,-1.0210654735565186,0.0
41.0,0.048414137214422226,-1.0208525657653809,0.0
41.0,0.05313339829444885,-1.0206178426742554,0.0
41.0,0.05785152688622475,-1.020361304283142,0.0
41.0,0.06256841868162155,-1.0200828313827515,0.0
41.0,0.06728397309780121,-1.0197826623916626,0.0
41.0,0.07199808955192566,-1.019460678100586,0.0
41.0,0.07686079293489456,-1.0211113691329956,0.0
41.0,0.08158095180988312,-1.0207451581954956,0.0
41.0,0.0862993597984314,-1.0203570127487183,0.0
41.0,0.09101593494415283,-1.0199471712112427,0.0
41.0,0.09573055803775787,-1.0195153951644897,0.0
41.0,0.10044313222169876,-1.0190619230270386,0.0
41.0,0.10515356063842773,-1.0185866355895996,0.0
41.0,0.10986173897981644,-1.0180896520614624,0.0
41.0,0.11479133367538452,-1.0195581912994385,0.0
41.0,0.11950390785932541,-1.0190166234970093,0.0
41.0,0.12421392649412155,-1.0184532403945923,0.0
41.0,0.1289212852716446,-1.0178680419921875,0.0
41.0,0.13362589478492737,-1.0172611474990845,0.0
41.0,0.13832764327526093,-1.0166324377059937,0.0
41.0,0.1433052271604538,-1.0179624557495117,0.0
41.0,0.14801011979579926,-1.0172890424728394,0.0
41.0,0.15271183848381042,-1.0165938138961792,0.0
41.0,0.15741030871868134,-1.0158770084381104,0.0
41.0,0.16210539638996124,-1.0151383876800537,0.0
41.0,0.1671215295791626,-1.0163514614105225,0.0
41.0,0.17181871831417084,-1.0155678987503052,0.0
41.0,0.1765122264623642,-1.0147627592086792,0.0
41.0,0.18155381083488464,-1.0159045457839966,0.0
41.0,0.186248779296875,-1.0150543451309204,0.0
41.0,0.19130980968475342,-1.0161479711532593,0.0
41.0,0.19600580632686615,-1.0152525901794434,0.0
41.0,0.20108579099178314,-1.016297459602356,0.0
41.0,0.20578236877918243,-1.0153568983078003,0.0
41.0,0.21047453582286835,-1.0143946409225464,0.0
41.0,0.21557757258415222,-1.015367031097412,0.0
41.0,0.22026969492435455,-1.014359474182129,0.0
41.0,0.22539053857326508,-1.0152827501296997,0.0
41.0,0.23008215427398682,-1.0142297744750977,0.0
41.0,0.23522035777568817,-1.0151036977767944,0.0
41.0,0.24083200097084045,-1.0178978443145752,0.0
41.0,0.24553555250167847,-1.0167734622955322,0.0
41.0,0.2507123053073883,-1.0175693035125732,0.0
41.0,0.255414217710495,-1.0163992643356323,0.0
41.0,0.2606070637702942,-1.0171449184417725,0.0
41.0,0.26581230759620667,-1.0178643465042114,0.0
41.0,0.27051541209220886,-1.0166245698928833,0.0
41.0,0.2757359743118286,-1.0172933340072632,0.0
41.0,0.28043636679649353,-1.016007661819458,0.0
41.0,0.28567177057266235,-1.0166256427764893,0.0
41.0,0.2903689742088318,-1.0152939558029175,0.0
41.0,0.2950599491596222,-1.013940691947937,0.0
41.0,0.3003123104572296,-1.0144833326339722,0.0
41.0,0.304999440908432,-1.013084053993225,0.0
41.0,0.3102654218673706,-1.0135754346847534,0.0
41.0,0.31494826078414917,-1.0121301412582397,0.0
41.0,0.3202274441719055,-1.0125702619552612,0.0
41.0,0.3261292278766632,-1.0148869752883911,0.0
41.0,0.33081793785095215,-1.0133683681488037,0.0
41.0,0.3367585241794586,-1.0156248807907104,0.0
41.0,0.3414505422115326,-1.0140570402145386,0.0
41.0,0.34742918610572815,-1.0162523984909058,0.0
41.0,0.35212400555610657,-1.0146352052688599,0.0
41.0,0.35747572779655457,-1.0148828029632568,0.0
41.0,0.3628372251987457,-1.015102505683899,0.0
41.0,0.3675265610218048,-1.0134141445159912,0.0
41.0,0.3728986084461212,-1.0135811567306519,0.0
41.0,0.37758079171180725,-1.0118463039398193,0.0
41.0,0.38296276330947876,-1.0119602680206299,0.0
41.0,0.3883538544178009,-1.0120460987091064,0.0
41.0,0.39302876591682434,-1.0102397203445435,0.0
41.0,0.39916279911994934,-1.012133002281189,0.0
41.0,0.40383800864219666,-1.0102766752243042,0.0
41.0,0.4107573330402374,-1.0139597654342651,0.0
41.0,0.4154408574104309,-1.0120497941970825,0.0
41.0,0.42088353633880615,-1.0119649171829224,0.0
41.0,0.42633432149887085,-1.0118513107299805,0.0
41.0,0.43100792169570923,-1.0098694562911987,0.0
41.0,0.4372594654560089,-1.0115375518798828,0.0
41.0,0.44193148612976074,-1.0095051527023315,0.0
41.0,0.4490256607532501,-1.0129363536834717,0.0
41.0,0.4553419351577759,-1.0144987106323242,0.0
41.0,0.4600274860858917,-1.0123826265335083,0.0
41.0,0.46553897857666016,-1.0120619535446167,0.0
41.0,0.4702131152153015,-1.0098987817764282,0.0
41.0,0.4774349331855774,-1.0131416320800781,0.0
41.0,0.4821139872074127,-1.0109233856201172,0.0
41.0,0.48852118849754333,-1.0122859477996826,0.0
41.0,0.494073748588562,-1.0118138790130615,0.0
41.0,0.49874645471572876,-1.0095187425613403,0.0
41.0,0.5060909390449524,-1.0125689506530762,0.0
41.0,0.5107670426368713,-1.0102182626724243,0.0
41.0,0.5172535181045532,-1.0114073753356934,0.0
41.0,0.5219240784645081,-1.009005069732666,0.0
41.0,0.5293647646903992,-1.0118976831436157,0.0
41.0,0.5349727869033813,-1.0112073421478271,0.0
41.0,0.5396422743797302,-1.0087231397628784,0.0
41.0,0.5462033152580261,-1.0097355842590332,0.0
41.0,0.5508658289909363,-1.0071995258331299,0.0
41.0,0.5584200620651245,-1.0098927021026611,0.0
41.0,0.5660107731819153,-1.0125372409820557,0.0
41.0,0.5706861019134521,-1.0099095106124878,0.0
41.0,0.5783251523971558,-1.0124702453613281,0.0
41.0,0.5829999446868896,-1.0097856521606445,0.0
41.0,0.5896783471107483,-1.0105341672897339,0.0
41.0,0.5953601002693176,-1.0095199346542358,0.0
41.0,0.6000211238861084,-1.0067565441131592,0.0
41.0,0.6067330241203308,-1.0073981285095215,0.0
41.0,0.6113840937614441,-1.0045822858810425,0.0
41.0,0.6191651225090027,-1.006855845451355,0.0
41.0,0.6238135695457458,-1.003982424736023,0.0
41.0,0.6327021718025208,-1.007863163948059,0.0
41.0,0.6416398286819458,-1.0116828680038452,0.0
41.0,0.6463103294372559,-1.008705496788025,0.0
41.0,0.6531406044960022,-1.0090645551681519,0.0
41.0,0.6577989459037781,-1.0060341358184814,0.0
41.0,0.6646475791931152,-1.0063197612762451,0.0
41.0,0.6692931056022644,-1.0032360553741455,0.0
41.0,0.677277147769928,-1.005106806755066,0.0
41.0,0.6852927207946777,-1.0069249868392944,0.0
41.0,0.6899408102035522,-1.0037459135055542,0.0
41.0,0.6991361379623413,-1.0071169137954712,0.0
41.0,0.7037849426269531,-1.0038738250732422,0.0
41.0,0.713041365146637,-1.0071384906768799,0.0
41.0,0.717690110206604,-1.0038310289382935,0.0
41.0,0.7246649265289307,-1.003745436668396,0.0
41.0,0.734010636806488,-1.0068488121032715,0.0
41.0,0.7386578321456909,-1.0034444332122803,0.0
41.0,0.7480615377426147,-1.006439208984375,0.0
41.0,0.7527066469192505,-1.0029698610305786,0.0
41.0,0.76216721534729,-1.0058553218841553,0.0
41.0,0.7716704607009888,-1.0086747407913208,0.0
41.0,0.7763256430625916,-1.005096197128296,0.0
41.0,0.7858837842941284,-1.0078048706054688,0.0
41.0,0.7905348539352417,-1.0041606426239014,0.0
41.0,0.8001465797424316,-1.0067578554153442,0.0
41.0,0.8097991347312927,-1.0092875957489014,0.0
41.0,0.8144568204879761,-1.0055327415466309,0.0
41.0,0.8241610527038574,-1.007949709892273,0.0
41.0,0.8288123607635498,-1.0041285753250122,0.0
41.0,0.839847207069397,-1.0079686641693115,0.0
41.0,0.8444984555244446,-1.0040749311447144,0.0
41.0,0.8530148267745972,-1.0047335624694824,0.0
41.0,0.8576509356498718,-1.0007790327072144,0.0
41.0,0.8688110113143921,-1.004366159439087,0.0
41.0,0.8800225257873535,-1.0078712701797485,0.0
41.0,0.8846728801727295,-1.0037918090820312,0.0
41.0,0.8946214914321899,-1.005668044090271,0.0
41.0,0.899261474609375,-1.0015212297439575,0.0
41.0,0.9092545509338379,-1.0032806396484375,0.0
41.0,0.9206328392028809,-1.0064446926116943,0.0
41.0,0.9252762198448181,-1.0021775960922241,0.0
41.0,0.9380807280540466,-1.0066680908203125,0.0
41.0,0.9427249431610107,-1.0023202896118164,0.0
41.0,0.9542337656021118,-1.0052034854888916,0.0
41.0,0.9588709473609924,-1.0007809400558472,0.0
41.0,0.9732198715209961,-1.0064010620117188,0.0
41.0,0.9904349446296692,-1.0147721767425537,0.0
41.0,0.9951160550117493,-1.0101821422576904,0.0
41.0,1.0124669075012207,-1.018335223197937,0.0
41.0,1.0171642303466797,-1.0136433839797974,0.0
41.0,1.0346484184265137,-1.0215765237808228,0.0
41.0,1.039360523223877,-1.0167820453643799,0.0
41.0,1.0612837076187134,-1.0286695957183838,0.0
41.0,1.0818960666656494,-1.0389903783798218,0.0
41.0,1.0866881608963013,-1.0339772701263428,0.0
41.0,1.1074649095535278,-1.044033169746399,0.0
41.0,1.1122801303863525,-1.0389018058776855,0.0
41.0,1.1332184076309204,-1.048690676689148,0.0
41.0,1.1380547285079956,-1.0434402227401733,0.0
41.0,1.1621119976043701,-1.0556495189666748,0.0
41.0,1.1833328008651733,-1.0649824142456055,0.0
41.0,1.1882439851760864,-1.0595000982284546,0.0
41.0,1.2081187963485718,-1.0672361850738525,0.0
41.0,1.2130401134490967,-1.0616391897201538,0.0
41.0,1.2360684871673584,-1.0717419385910034,0.0
41.0,1.2607330083847046,-1.082957148551941,0.0
41.0,1.2657264471054077,-1.0771167278289795,0.0
41.0,1.2905712127685547,-1.0880117416381836,0.0
41.0,1.2955877780914307,-1.082033395767212,0.0
41.0,1.1694151163101196,-0.9584425687789917,0.0
41.0,1.1738338470458984,-0.9530256390571594,0.0
41.0,1.1782275438308716,-0.9475883841514587,0.0
41.0,1.18259596824646,-0.9421308636665344,0.0
41.0,1.2104896306991577,-0.9552376866340637,0.0
41.0,1.214893102645874,-0.9496309161186218,0.0
41.0,1.2192705869674683,-0.9440038800239563,0.0
41.0,1.2458409070968628,-0.955395519733429,0.0
41.0,1.2502447366714478,-0.9496253132820129,0.0
41.0,1.2769972085952759,-0.9606675505638123,0.0
41.0,1.28142511844635,-0.9547532796859741,0.0
41.0,1.3115742206573486,-0.9678186178207397,0.0
41.0,1.3160347938537598,-0.9617444276809692,0.0
41.0,1.3463904857635498,-0.9744107723236084,0.0
41.0,1.376891016960144,-0.9868167042732239,0.0
41.0,1.3814387321472168,-0.9804403185844421,0.0
41.0,1.4121378660202026,-0.9924427270889282,0.0
41.0,1.4167112112045288,-0.9859033226966858,0.0
41.0,1.4476042985916138,-0.9974998235702515,0.0
41.0,1.4522006511688232,-0.9907963275909424,0.0
41.0,1.4766534566879272,-0.9975060820579529,0.0
41.0,1.4995366334915161,-1.0028988122940063,0.0
41.0,1.5041574239730835,-0.9959551692008972,0.0
41.0,1.527145266532898,-1.0010510683059692,0.0
41.0,1.5317572355270386,-0.993979811668396,0.0
41.0,1.55652916431427,-0.9998584389686584,0.0
41.0,1.5611352920532227,-0.9926513433456421,0.0
41.0,1.5758639574050903,-0.9918149709701538,0.0
41.0,1.575339913368225,-0.981346070766449,0.0
41.0,1.5798602104187012,-0.9740521907806396,0.0
41.0,1.5758103132247925,-0.9615287780761719,0.0
41.0,1.580238938331604,-0.9542329907417297,0.0
41.0,1.5777666568756104,-0.9428131580352783,0.0
41.0,1.5752224922180176,-0.9314365983009338,0.0
41.0,1.579512119293213,-0.9241437911987305,0.0
41.0,1.5785751342773438,-0.9138252139091492,0.0
41.0,1.5827832221984863,-0.9065171480178833,0.0
41.0,1.5869574546813965,-0.8991896510124207,0.0
41.0,1.5910978317260742,-0.8918429017066956,0.0
41.0,1.6109462976455688,-0.8932055830955505,0.0
41.0,1.6308410167694092,-0.8944035172462463,0.0
41.0,1.6349587440490723,-0.8868539929389954,0.0
41.0,1.6531407833099365,-0.8868492245674133,0.0
41.0,1.6572233438491821,-0.8791967034339905,0.0
41.0,1.6754391193389893,-0.8789583444595337,0.0
41.0,1.6794849634170532,-0.8712027668952942,0.0
41.0,1.6941725015640259,-0.8689048886299133,0.0
41.0,1.4581739902496338,-0.7057823538780212,0.0
41.0,1.4614214897155762,-0.6990331411361694,0.0
41.0,1.4646377563476562,-0.692268967628479,0.0
41.0,1.4678226709365845,-0.6854900121688843,0.0
41.0,1.4855045080184937,-0.68539959192276,0.0
41.0,1.4886574745178223,-0.6785241961479187,0.0
41.0,1.5081918239593506,-0.6790239810943604,0.0
41.0,1.511315107345581,-0.6720438003540039,0.0
41.0,1.5272244215011597,-0.6706783771514893,0.0
41.0,1.5449881553649902,-0.6699758768081665,0.0
41.0,1.5480692386627197,-0.6628256440162659,0.0
41.0,1.5603280067443848,-0.6595547199249268,0.0
41.0,1.5633606910705566,-0.6523337364196777,0.0
41.0,1.5663599967956543,-0.6450987458229065,0.0
41.0,1.5693258047103882,-0.6378499865531921,0.0
41.0,1.5685455799102783,-0.629098653793335,0.0
41.0,1.565858244895935,-0.6196321845054626,0.0
41.0,1.5687062740325928,-0.6123860478401184,0.0
41.0,1.5659215450286865,-0.6029707193374634,0.0
41.0,1.5686925649642944,-0.5957244634628296,0.0
41.0,1.5658111572265625,-0.586361289024353,0.0
41.0,1.5647529363632202,-0.5777302384376526,0.0
41.0,1.567407250404358,-0.5704895853996277,0.0
41.0,1.5643805265426636,-0.5612107515335083,0.0
41.0,1.5669584274291992,-0.553972065448761,0.0
41.0,1.565725564956665,-0.5454056859016418,0.0
41.0,1.5625553131103516,-0.5362133979797363,0.0
41.0,1.5650177001953125,-0.5289834141731262,0.0
41.0,1.563651442527771,-0.5204788446426392,0.0
41.0,1.566041111946106,-0.5132439136505127,0.0
41.0,1.564590573310852,-0.5047699213027954,0.0
41.0,1.566907525062561,-0.49753081798553467,0.0
41.0,1.5634640455245972,-0.4884917438030243,0.0
41.0,1.5618822574615479,-0.48008278012275696,0.0
41.0,1.5640852451324463,-0.4728564918041229,0.0
41.0,1.5624206066131592,-0.46448028087615967,0.0
41.0,1.5645513534545898,-0.4572516679763794,0.0
41.0,1.5628042221069336,-0.4489089548587799,0.0
41.0,1.5629380941390991,-0.441135436296463,0.0
41.0,1.5649608373641968,-0.4339046776294708,0.0
41.0,1.5630908012390137,-0.42561376094818115,0.0
41.0,1.5650418996810913,-0.418382465839386,0.0
41.0,1.561155915260315,-0.40961945056915283,0.0
41.0,1.5591593980789185,-0.40140002965927124,0.0
41.0,1.560998558998108,-0.39418715238571167,0.0
41.0,1.5550388097763062,-0.38504305481910706,0.0
41.0,1.5568023920059204,-0.37784940004348755,0.0
41.0,1.5429668426513672,-0.3669458329677582,0.0
41.0,1.5446468591690063,-0.35980820655822754,0.0
41.0,1.54629385471344,-0.3526628911495209,0.0
41.0,1.5788816213607788,-0.15009528398513794,0.0
41.0,1.5795587301254272,-0.1427939236164093,0.0
41.0,1.5802019834518433,-0.13548950850963593,0.0
41.0,1.580811619758606,-0.12818220257759094,0.0
41.0,1.5654339790344238,-0.11965276300907135,0.0
41.0,1.5659704208374023,-0.11241389811038971,0.0
41.0,1.5584913492202759,-0.10463672131299973,0.0
41.0,1.552970051765442,-0.09705586731433868,0.0
41.0,1.5534021854400635,-0.08987487107515335,0.0
41.0,1.5577954053878784,-0.08290452510118484,0.0
41.0,1.5581620931625366,-0.07570137083530426,0.0
41.0,1.564489722251892,-0.06876004487276077,0.0
41.0,1.572784662246704,-0.06184040382504463,0.0
41.0,1.5730538368225098,-0.05456817150115967,0.0
41.0,1.5832847356796265,-0.047595251351594925,0.0
41.0,1.583487868309021,-0.04027462750673294,0.0
41.0,1.593654990196228,-0.03316117823123932,0.0
41.0,1.6037899255752563,-0.025954576209187508,0.0
41.0,1.6038928031921387,-0.01853938028216362,0.0
41.0,1.6159611940383911,-0.01120700966566801,0.0
41.0,1.6159957647323608,-0.0037356994580477476,0.0
41.0,1.6239956617355347,0.0037541838828474283,0.0
41.0,1.6239608526229858,0.011262480169534683,0.0
41.0,1.6318910121917725,0.018863001838326454,0.0
41.0,1.643784761428833,0.026601815596222878,0.0
41.0,1.6436442136764526,0.03420136123895645,0.0
41.0,1.6554646492004395,0.042105283588171005,0.0
41.0,1.6552523374557495,0.0497586615383625,0.0
41.0,1.6669973134994507,0.05782699957489967,0.0
41.0,1.6667121648788452,0.06553353369235992,0.0
41.0,1.6743836402893066,0.07358992844820023,0.0
41.0,1.4305132627487183,0.23692186176776886,0.0
41.0,1.4294025897979736,0.24353311955928802,0.0
41.0,1.428261399269104,0.25013917684555054,0.0
41.0,1.4270895719528198,0.25673988461494446,0.0
41.0,1.4376877546310425,0.26551443338394165,0.0
41.0,1.436444878578186,0.27215856313705444,0.0
41.0,1.4351712465286255,0.27879688143730164,0.0
41.0,1.4456359148025513,0.287771999835968,0.0
41.0,1.444290041923523,0.29445263743400574,0.0
41.0,1.4546600580215454,0.3035784959793091,0.0
41.0,1.453240990638733,0.31030067801475525,0.0
41.0,1.4654685258865356,0.320002943277359,0.0
41.0,1.4776371717453003,0.329824835062027,0.0
41.0,1.476096510887146,0.3366529941558838,0.0
41.0,1.4881591796875,0.34665003418922424,0.0
41.0,1.4865405559539795,0.35352662205696106,0.0
41.0,1.5023823976516724,0.3646411895751953,0.0
41.0,1.5006804466247559,0.37158337235450745,0.0
41.0,1.5202767848968506,0.38390398025512695,0.0
41.0,1.5397909879684448,0.3964136838912964,0.0
41.0,1.537941813468933,0.40352848172187805,0.0
41.0,1.5592453479766846,0.41683289408683777,0.0
41.0,1.5573015213012695,0.4240373969078064,0.0
41.0,1.5765247344970703,0.43711090087890625,0.0
41.0,1.5898852348327637,0.44874122738838196,0.0
41.0,1.5877935886383057,0.45608705282211304,0.0
41.0,1.5991058349609375,0.46735048294067383,0.0
41.0,1.5969280004501343,0.474738746881485,0.0
41.0,1.6081169843673706,0.48616823554039,0.0
41.0,1.6058521270751953,0.49359795451164246,0.0
41.0,1.61882483959198,0.5057887434959412,0.0
41.0,1.6164690256118774,0.5132677555084229,0.0
41.0,1.6274025440216064,0.5250343680381775,0.0
41.0,1.6363608837127686,0.5362900495529175,0.0
41.0,1.633863925933838,0.5438498258590698,0.0
41.0,1.6445949077606201,0.5558808445930481,0.0
41.0,1.6420072317123413,0.5634784698486328,0.0
41.0,1.652605414390564,0.5756694674491882,0.0
41.0,1.6612399816513062,0.5873036980628967,0.0
41.0,1.6585068702697754,0.5949779748916626,0.0
41.0,1.4584029912948608,0.5308153033256531,0.0
41.0,1.4559332132339478,0.5375523567199707,0.0
41.0,1.453432321548462,0.5442779064178467,0.0
41.0,1.437812328338623,0.546021580696106,0.0
41.0,1.4352725744247437,0.552663266658783,0.0
41.0,1.4476066827774048,0.5651115775108337,0.0
41.0,1.4449784755706787,0.5717983841896057,0.0
41.0,1.4590257406234741,0.5851733684539795,0.0
41.0,1.4711271524429321,0.597937285900116,0.0
41.0,1.4683469533920288,0.6047325134277344,0.0
41.0,1.4803013801574707,0.6176760792732239,0.0
41.0,1.4774298667907715,0.6245134472846985,0.0
41.0,1.4965894222259521,0.640783965587616,0.0
41.0,1.5137947797775269,0.656449019908905,0.0
41.0,1.5107436180114746,0.6634408235549927,0.0
41.0,1.5222798585891724,0.6769195199012756,0.0
41.0,1.5191339254379272,0.6839503645896912,0.0
41.0,1.5268747806549072,0.6959435343742371,0.0
41.0,1.5236408710479736,0.7029953598976135,0.0
41.0,1.5276228189468384,0.7134173512458801,0.0
41.0,1.5297328233718872,0.7230364680290222,0.0
41.0,1.5263735055923462,0.7301012873649597,0.0
41.0,1.5283823013305664,0.7397644519805908,0.0
41.0,1.5249457359313965,0.7468228340148926,0.0
41.0,1.5268528461456299,0.7565290927886963,0.0
41.0,1.523338794708252,0.7635802030563354,0.0
41.0,1.5251436233520508,0.7733284831047058,0.0
41.0,1.5268906354904175,0.7831096053123474,0.0
41.0,1.5232537984848022,0.7901606559753418,0.0
41.0,1.524897575378418,0.7999821901321411,0.0
41.0,1.521182656288147,0.8070237636566162,0.0
41.0,1.5244848728179932,0.8178300261497498,0.0
41.0,1.5259613990783691,0.8277303576469421,0.0
41.0,1.5221182107925415,0.8347765803337097,0.0
41.0,1.5217407941818237,0.8437446355819702,0.0
41.0,1.517823576927185,0.8507711887359619,0.0
41.0,1.5138739347457886,0.8577795624732971,0.0
41.0,1.5098918676376343,0.8647696375846863,0.0
41.0,1.5058776140213013,0.8717411756515503,0.0
41.0,1.48456871509552,0.8685941696166992,0.0
41.0,1.4805370569229126,0.8754485845565796,0.0
41.0,1.2576627731323242,1.13187837600708,0.0
41.0,1.2524162530899048,1.1376808881759644,0.0
41.0,1.2471429109573364,1.1434590816497803,0.0
41.0,1.2418429851531982,1.1492128372192383,0.0
41.0,1.2262850999832153,1.1453858613967896,0.0
41.0,1.22097647190094,1.151043176651001,0.0
41.0,1.2069482803344727,1.1484041213989258,0.0
41.0,1.1987407207489014,1.1512012481689453,0.0
41.0,1.1934055089950562,1.1567312479019165,0.0
41.0,1.183755874633789,1.1580406427383423,0.0
41.0,1.1783891916275024,1.163501262664795,0.0
41.0,1.1673306226730347,1.1632899045944214,0.0
41.0,1.152068853378296,1.158746361732483,0.0
41.0,1.14669930934906,1.164060354232788,0.0
41.0,1.1329234838485718,1.1607619524002075,0.0
41.0,1.1275447607040405,1.165987491607666,0.0
41.0,0.97475266456604,1.286410927772522,0.0
41.0,0.9687947034835815,1.2909038066864014,0.0
41.0,0.962816059589386,1.2953691482543945,0.0
41.0,0.9568167924880981,1.2998067140579224,0.0
41.0,0.9389035105705261,1.3004907369613647,0.0
41.0,0.9328808188438416,1.3048176765441895,0.0
41.0,0.926838219165802,1.3091168403625488,0.0
41.0,0.9207757711410522,1.3133879899978638,0.0
41.0,0.9112721085548401,1.3127022981643677,0.0
41.0,0.9051932692527771,1.316901445388794,0.0
41.0,0.8968445062637329,1.317765474319458,0.0
41.0,0.8896247744560242,1.3202393054962158,0.0
41.0,0.8835113048553467,1.3243381977081299,0.0
41.0,0.8762767314910889,1.326740026473999,0.0
41.0,0.8701333403587341,1.3307772874832153,0.0
41.0,0.8628846406936646,1.3331069946289062,0.0
41.0,0.8567119836807251,1.3370821475982666,0.0
41.0,0.8505209684371948,1.3410288095474243,0.0
41.0,0.8443118333816528,1.3449467420578003,0.0
41.0,0.8380845785140991,1.3488359451293945,0.0
41.0,0.8318394422531128,1.3526962995529175,0.0
41.0,0.8245367407798767,1.3548191785812378,0.0
41.0,0.8182640671730042,1.358616828918457,0.0
41.0,0.8119739294052124,1.3623855113983154,0.0
41.0,0.805666446685791,1.3661249876022339,0.0
41.0,0.7993417382240295,1.3698352575302124,0.0
41.0,0.7929999232292175,1.373516321182251,0.0
41.0,0.7856492400169373,1.3754312992095947,0.0
41.0,0.7792816758155823,1.3790489435195923,0.0
41.0,0.7728975415229797,1.3826371431350708,0.0
41.0,0.7664967775344849,1.3861957788467407,0.0
41.0,0.7600797414779663,1.3897247314453125,0.0
41.0,0.7536463737487793,1.3932240009307861,0.0
41.0,0.7481403350830078,1.3984569311141968,0.0
41.0,0.7416667342185974,1.4019010066986084,0.0
41.0,0.7351773381233215,1.4053149223327637,0.0
41.0,0.7286721467971802,1.4086989164352417,0.0
41.0,0.7239727973937988,1.415614128112793,0.0
41.0,0.7174201607704163,1.4189462661743164,0.0
41.0,0.4747956097126007,0.9499543309211731,0.0
41.0,0.47039854526519775,0.9521393179893494,0.0
41.0,0.46599140763282776,0.9543039798736572,0.0
41.0,0.45983579754829407,0.9528457522392273,0.0
41.0,0.455425500869751,0.9549615383148193,0.0
41.0,0.4484478533267975,0.9516294598579407,0.0
41.0,0.4423549175262451,0.9500663876533508,0.0
41.0,0.43795767426490784,0.9521013498306274,0.0
41.0,0.4318963289260864,0.9504744410514832,0.0
41.0,0.4274972975254059,0.9524610638618469,0.0
41.0,0.42227864265441895,0.9525989890098572,0.0
41.0,0.4162657856941223,0.9508768320083618,0.0
41.0,0.41186508536338806,0.9527912139892578,0.0
41.0,0.4058854281902313,0.9510063529014587,0.0
41.0,0.4014842212200165,0.9528727531433105,0.0
41.0,0.3955383598804474,0.9510254263877869,0.0
41.0,0.39113718271255493,0.952843964099884,0.0
41.0,0.3852258324623108,0.950934886932373,0.0
41.0,0.3800828456878662,0.9508486390113831,0.0
41.0,0.37568265199661255,0.9525957703590393,0.0
41.0,0.3705492615699768,0.9524585008621216,0.0
41.0,0.3661417067050934,0.9541614651679993,0.0
41.0,0.3603106141090393,0.9521030783653259,0.0
41.0,0.35380715131759644,0.9481373429298401,0.0
41.0,0.3494197726249695,0.9497630000114441,0.0
41.0,0.34366121888160706,0.9476080536842346,0.0
41.0,0.33927640318870544,0.9491868019104004,0.0
41.0,0.3348843455314636,0.9507452249526978,0.0
41.0,0.32917362451553345,0.9485043883323669,0.0
41.0,0.3247848153114319,0.9500161409378052,0.0
41.0,0.319112628698349,0.9477167725563049,0.0
41.0,0.3147275745868683,0.9491820335388184,0.0
41.0,0.3097151219844818,0.9487257599830627,0.0
41.0,0.3053255081176758,0.9501475691795349,0.0
41.0,0.30032628774642944,0.9496421217918396,0.0
41.0,0.29533830285072327,0.9491108059883118,0.0
41.0,0.2909470498561859,0.9504660964012146,0.0
41.0,0.2853964567184448,0.9479709267616272,0.0
41.0,0.28101059794425964,0.9492802619934082,0.0
41.0,0.2760598659515381,0.948648989200592,0.0
41.0,0.2711210250854492,0.9479922652244568,0.0
41.0,0.2667351961135864,0.9492356777191162,0.0
41.0,0.2618115544319153,0.9485308527946472,0.0
41.0,0.2574233412742615,0.949731171131134,0.0
41.0,0.2520010471343994,0.9470456838607788,0.0
41.0,0.24711446464061737,0.9462655186653137,0.0
41.0,0.24273689091205597,0.9473978877067566,0.0
41.0,0.23786669969558716,0.9465703368186951,0.0
41.0,0.2334877997636795,0.947659969329834,0.0
41.0,0.22863443195819855,0.9467852115631104,0.0
41.0,0.22379417717456818,0.9458858966827393,0.0
41.0,0.21941860020160675,0.9469105005264282,0.0
41.0,0.21459588408470154,0.9459643959999084,0.0
41.0,0.21022003889083862,0.9469464421272278,0.0
41.0,0.2054152935743332,0.9459537863731384,0.0
41.0,0.2006242275238037,0.944936990737915,0.0
41.0,0.19625328481197357,0.9458544850349426,0.0
41.0,0.19148088991641998,0.9447915554046631,0.0
41.0,0.18711072206497192,0.9456667304039001,0.0
41.0,0.18235743045806885,0.9445579648017883,0.0
41.0,0.1779884397983551,0.9453909993171692,0.0
41.0,0.17325468361377716,0.9442366361618042,0.0
41.0,0.16853544116020203,0.9430587291717529,0.0
41.0,0.16417351365089417,0.9438278675079346,0.0
41.0,0.15980809926986694,0.9445767998695374,0.0
41.0,0.15543925762176514,0.945305585861206,0.0
41.0,0.15075170993804932,0.9440391063690186,0.0
41.0,0.14638546109199524,0.9447259902954102,0.0
41.0,0.14201606810092926,0.9453927278518677,0.0
41.0,0.13764365017414093,0.9460391998291016,0.0
41.0,0.1332682967185974,0.9466654658317566,0.0
41.0,0.12835079431533813,0.9433080554008484,0.0
41.0,0.12398815900087357,0.9438914060592651,0.0
41.0,0.11962287127971649,0.944454550743103,0.0
41.0,0.11501289159059525,0.9430121779441833,0.0
41.0,0.11065176874399185,0.9435338973999023,0.0
41.0,0.10628827661275864,0.9440353512763977,0.0
41.0,0.10192251205444336,0.9445167183876038,0.0
41.0,0.09734919667243958,0.942988395690918,0.0
41.0,0.09298837184906006,0.9434283971786499,0.0
41.0,0.08862555772066116,0.9438482522964478,0.0
41.0,0.08408308029174805,0.9422557950019836,0.0
41.0,0.07972577959299088,0.9426344633102417,0.0
41.0,0.0753667801618576,0.9429929852485657,0.0
41.0,0.0710061639547348,0.9433313608169556,0.0
41.0,0.06664403527975082,0.9436495900154114,0.0
41.0,0.0621488057076931,0.9419519901275635,0.0
41.0,0.05779314786195755,0.9422292709350586,0.0
41.0,0.05343625321984291,0.9424864053726196,0.0
41.0,0.049078214913606644,0.9427233338356018,0.0
41.0,0.04471912980079651,0.9429401755332947,0.0
41.0,0.04027358070015907,0.9411386847496033,0.0
41.0,0.035921916365623474,0.9413148164749146,0.0
41.0,0.03156948462128639,0.9414708018302917,0.0
41.0,0.02721637673676014,0.9416067004203796,0.0
41.0,0.022862685844302177,0.9417225122451782,0.0
41.0,0.018508508801460266,0.941818118095398,0.0
41.0,0.014153935015201569,0.9418936371803284,0.0
41.0,0.009799058549106121,0.9419490098953247,0.0
41.0,0.005443972535431385,0.941984236240387,0.0
41.0,0.0010887705720961094,0.9419993162155151,0.0
41.0,-0.0032664549071341753,0.941994309425354,0.0
41.0,-0.007621610537171364,0.9419691562652588,0.0
41.0,-0.011976603418588638,0.9419238567352295,0.0
41.0,-0.01633133925497532,0.9418584108352661,0.0
41.0,-0.020685726776719093,0.9417728185653687,0.0
41.0,-0.0250396728515625,0.9416671395301819,0.0
41.0,-0.029393082484602928,0.941541314125061,0.0
41.0,-0.033745866268873215,0.9413953423500061,0.0
41.0,-0.03809792548418045,0.9412292242050171,0.0
41.0,-0.04244917258620262,0.9410430192947388,0.0
41.0,-0.04679951071739197,0.9408367276191711,0.0
41.0,-0.05114884674549103,0.9406102895736694,0.0
41.0,-0.05549709498882294,0.9403637647628784,0.0
41.0,-0.05984415113925934,0.9400971531867981,0.0
41.0,-0.0643262192606926,0.9418057799339294,0.0
41.0,-0.06867984682321548,0.941498339176178,0.0
41.0,-0.07303201407194138,0.9411707520484924,0.0
41.0,-0.07738261669874191,0.9408230185508728,0.0
41.0,-0.08173156529664993,0.9404551982879639,0.0
41.0,-0.08607876300811768,0.9400672912597656,0.0
41.0,-0.09042412787675858,0.9396592378616333,0.0
41.0,-0.09476755559444427,0.9392311573028564,0.0
41.0,-0.09910895675420761,0.9387829303741455,0.0
41.0,-0.10366740822792053,0.9403026103973389,0.0
41.0,-0.10801366716623306,0.9398132562637329,0.0
41.0,-0.11235762387514114,0.9393038749694824,0.0
41.0,-0.11694590002298355,0.9407591223716736,0.0
41.0,-0.12129412591457367,0.940208375453949,0.0
41.0,-0.12563976645469666,0.9396375417709351,0.0
41.0,-0.12998270988464355,0.9390466213226318,0.0
41.0,-0.1343228816986084,0.9384356141090393,0.0
41.0,-0.13866019248962402,0.9378045797348022,0.0
41.0,-0.14299452304840088,0.9371534585952759,0.0
41.0,-0.14763662219047546,0.9384579658508301,0.0
41.0,-0.1519738882780075,0.93776535987854,0.0
41.0,-0.1563078910112381,0.9370527267456055,0.0
41.0,-0.16097676753997803,0.9382912516593933,0.0
41.0,-0.16531310975551605,0.9375370144844055,0.0
41.0,-0.17035871744155884,0.9406986236572266,0.0
41.0,-0.1747061014175415,0.9399009346961975,0.0
41.0,-0.17942433059215546,0.9410477876663208,0.0
41.0,-0.1837732195854187,0.9402081966400146,0.0
41.0,-0.18811818957328796,0.9393484592437744,0.0
41.0,-0.1924591362476349,0.9384686946868896,0.0
41.0,-0.1967959702014923,0.9375688433647156,0.0
41.0,-0.2015484869480133,0.9386043548583984,0.0
41.0,-0.2058858424425125,0.9376624822616577,0.0
41.0,-0.2106567770242691,0.9386520981788635,0.0
41.0,-0.21544122695922852,0.9396175146102905,0.0
41.0,-0.21978312730789185,0.9386113882064819,0.0
41.0,-0.2241203337907791,0.9375852346420288,0.0
41.0,-0.22845274209976196,0.9365389943122864,0.0
41.0,-0.23326322436332703,0.9374136328697205,0.0
41.0,-0.23759473860263824,0.9363251328468323,0.0
41.0,-0.24242204427719116,0.9371528625488281,0.0
41.0,-0.24726209044456482,0.9379560351371765,0.0
41.0,-0.25159597396850586,0.9368028044700623,0.0
41.0,-0.25645214319229126,0.9375587105751038,0.0
41.0,-0.2607840895652771,0.9363629817962646,0.0
41.0,-0.2656559348106384,0.9370714426040649,0.0
41.0,-0.27053990960121155,0.9377548694610596,0.0
41.0,-0.27487263083457947,0.9364940524101257,0.0
41.0,-0.2803437113761902,0.9390460252761841,0.0
41.0,-0.2846822738647461,0.9377398490905762,0.0
41.0,-0.2896045744419098,0.9383246898651123,0.0
41.0,-0.2939396798610687,0.9369757175445557,0.0
41.0,-0.29826852679252625,0.9356066584587097,0.0
41.0,-0.3038235604763031,0.938023030757904,0.0
41.0,-0.30815714597702026,0.9366083145141602,0.0
41.0,-0.31311798095703125,0.9370704889297485,0.0
41.0,-0.31744706630706787,0.9356127977371216,0.0
41.0,-0.32242071628570557,0.9360260963439941,0.0
41.0,-0.3274049460887909,0.9364133477210999,0.0
41.0,-0.33173084259033203,0.9348896145820618,0.0
41.0,-0.33672717213630676,0.9352276921272278,0.0
41.0,-0.341047465801239,0.9336608648300171,0.0
41.0,-0.34605535864830017,0.9339494705200195,0.0
41.0,-0.3503696620464325,0.9323395490646362,0.0
41.0,-0.3561008870601654,0.9344475269317627,0.0
41.0,-0.3611381947994232,0.9346566796302795,0.0
41.0,-0.36545559763908386,0.932977020740509,0.0
41.0,-0.37124133110046387,0.934995174407959,0.0
41.0,-0.3755601942539215,0.9332687854766846,0.0
41.0,-0.38213664293289185,0.9370781779289246,0.0
41.0,-0.3879925608634949,0.9389983415603638,0.0
41.0,-0.39232975244522095,0.9371944665908813,0.0
41.0,-0.3974393904209137,0.937211811542511,0.0
41.0,-0.40176820755004883,0.9353642463684082,0.0
41.0,-0.4068862497806549,0.9353306889533997,0.0
41.0,-0.41120630502700806,0.9334395527839661,0.0
41.0,-0.41714704036712646,0.9351814985275269,0.0
41.0,-0.4222894310951233,0.9350655674934387,0.0
41.0,-0.4266080856323242,0.9331032037734985,0.0
41.0,-0.4317575991153717,0.932935893535614,0.0
41.0,-0.43606629967689514,0.9309297204017639,0.0
41.0,-0.4420791268348694,0.9325180649757385,0.0
41.0,-0.44638577103614807,0.9304642081260681,0.0
41.0,-0.45330315828323364,0.9337881207466125,0.0
41.0,-0.45937904715538025,0.9352726936340332,0.0
41.0,-0.46369826793670654,0.9331387877464294,0.0
41.0,-0.4698041081428528,0.9345588088035583,0.0
41.0,-0.4741199016571045,0.9323767423629761,0.0
41.0,-0.4802550673484802,0.933731734752655,0.0
41.0,-0.486412912607193,0.9350500106811523,0.0
41.0,-0.49073082208633423,0.9327911138534546,0.0
41.0,-0.49691689014434814,0.9340436458587646,0.0
41.0,-0.501230001449585,0.9317362308502197,0.0
41.0,-0.5074437260627747,0.9329227805137634,0.0
41.0,-1.112447738647461,1.9580512046813965,0.0
41.0,-1.1214886903762817,1.952886939048767,0.0
41.0,-1.1305055618286133,1.9476810693740845,0.0
41.0,-1.1394983530044556,1.942433476448059,0.0
41.0,-1.1545864343643188,1.947466492652893,0.0
41.0,-1.1697453260421753,1.9524015188217163,0.0
41.0,-1.1787595748901367,1.9469724893569946,0.0
41.0,-1.1919233798980713,1.9483259916305542,0.0
41.0,-1.200918436050415,1.9427945613861084,0.0
41.0,-1.2141257524490356,1.9440069198608398,0.0
41.0,-1.2295042276382446,1.9485212564468384,0.0
41.0,-1.2384997606277466,1.942815899848938,0.0
41.0,-1.253966212272644,1.9471580982208252,0.0
41.0,-1.2629551887512207,1.9413397312164307,0.0
41.0,-1.276310682296753,1.9421653747558594,0.0
41.0,-1.2852764129638672,1.9362437725067139,0.0
41.0,-1.3031249046325684,1.9435701370239258,0.0
41.0,-1.318825602531433,1.947460651397705,0.0
41.0,-1.3278154134750366,1.9413424730300903,0.0
41.0,-1.3413234949111938,1.9417648315429688,0.0
41.0,-1.3502867221832275,1.9355427026748657,0.0
41.0,-1.366132378578186,1.939089059829712,0.0
41.0,-1.384358286857605,1.9457893371582031,0.0
41.0,-1.3933396339416504,1.9393681287765503,0.0
41.0,-1.4093378782272339,1.9426186084747314,0.0
41.0,-1.4183043241500854,1.9360820055007935,0.0
41.0,-1.4343764781951904,1.9391512870788574,0.0
41.0,-1.4505072832107544,1.9421133995056152,0.0
41.0,-1.4594709873199463,1.9353864192962646,0.0
41.0,-1.4780957698822021,1.9413483142852783,0.0
41.0,-1.4870555400848389,1.9344937801361084,0.0
41.0,-1.503340721130371,1.9370777606964111,0.0
41.0,-1.5122805833816528,1.930106520652771,0.0
41.0,-1.5236696004867554,1.9262313842773438,0.0
41.0,-1.5250709056854248,1.9097892045974731,0.0
41.0,-1.5338842868804932,1.9027178287506104,0.0
41.0,-1.5275160074234009,1.8769910335540771,0.0
41.0,-1.536177635192871,1.8699086904525757,0.0
41.0,-1.529486060142517,1.844312310218811,0.0
41.0,-1.5200234651565552,1.815751314163208,0.0
41.0,-1.5284020900726318,1.8087042570114136,0.0
41.0,-1.5211730003356934,1.7833589315414429,0.0
41.0,-1.5294018983840942,1.7763069868087769,0.0
41.0,-1.5218546390533447,1.7511019706726074,0.0
41.0,-1.5299344062805176,1.7440471649169922,0.0
41.0,-1.5220712423324585,1.7189866304397583,0.0
41.0,-1.5166749954223633,1.6970188617706299,0.0
41.0,-1.5245047807693481,1.689988613128662,0.0
41.0,-1.5188369750976562,1.6681337356567383,0.0
41.0,-1.5265332460403442,1.661093831062317,0.0
41.0,-1.5178755521774292,1.6364223957061768,0.0
41.0,-1.5117563009262085,1.6147868633270264,0.0
41.0,-1.519205927848816,1.6077800989151,0.0
41.0,-1.5128198862075806,1.5862659215927124,0.0
41.0,-1.5201376676559448,1.5792546272277832,0.0
41.0,-1.5134865045547485,1.5578646659851074,0.0
41.0,-1.5066704750061035,1.5365701913833618,0.0
41.0,-1.5137585401535034,1.5295878648757935,0.0
41.0,-1.5066802501678467,1.5084224939346313,0.0
41.0,-1.5136381387710571,1.5014405250549316,0.0
41.0,-1.5062994956970215,1.4804073572158813,0.0
41.0,-1.5016647577285767,1.4622650146484375,0.0
41.0,-1.5084092617034912,1.4553065299987793,0.0
41.0,-1.5006643533706665,1.4344972372055054,0.0
41.0,-1.5072804689407349,1.4275438785552979,0.0
41.0,-1.5021969079971313,1.4096113443374634,0.0
41.0,-1.4969799518585205,1.3917566537857056,0.0
41.0,-1.5033985376358032,1.3848206996917725,0.0
41.0,-1.4979668855667114,1.3670697212219238,0.0
41.0,-1.504271388053894,1.360129475593567,0.0
41.0,-1.4986261129379272,1.3424842357635498,0.0
41.0,-1.4928501844406128,1.324920654296875,0.0
41.0,-1.4989597797393799,1.3180044889450073,0.0
41.0,-1.49297297000885,1.3005505800247192,0.0
41.0,-1.4989699125289917,1.293634057044983,0.0
41.0,-1.4958140850067139,1.278891921043396,0.0
41.0,-1.4910279512405396,1.2629139423370361,0.0
41.0,-1.4968509674072266,1.2560068368911743,0.0
41.0,-1.4918758869171143,1.2401236295700073,0.0
41.0,-1.4975934028625488,1.233212947845459,0.0
41.0,-1.495530128479004,1.2199547290802002,0.0
41.0,-1.5011544227600098,1.2130272388458252,0.0
41.0,-1.495816946029663,1.1973252296447754,0.0
41.0,-1.4887993335723877,1.1804560422897339,0.0
41.0,-1.4942411184310913,1.1735601425170898,0.0
41.0,-1.4886009693145752,1.1580429077148438,0.0
41.0,-1.482849359512329,1.1426030397415161,0.0
41.0,-1.4881161451339722,1.135735034942627,0.0
41.0,-1.483778476715088,1.121606707572937,0.0
41.0,-1.4889482259750366,1.1147346496582031,0.0
41.0,-1.4844468832015991,1.1006914377212524,0.0
41.0,-1.4895199537277222,1.0938165187835693,0.0
41.0,-1.483238697052002,1.0786839723587036,0.0
41.0,-1.480095386505127,1.0659706592559814,0.0
41.0,-1.4850080013275146,1.059116244316101,0.0
41.0,-1.4800869226455688,1.0453165769577026,0.0
41.0,-1.4849040508270264,1.0384624004364014,0.0
41.0,-1.4831123352050781,1.027031660079956,0.0
41.0,-1.4779478311538696,1.0133776664733887,0.0
41.0,-1.4826172590255737,1.0065337419509888,0.0
41.0,-1.4789555072784424,0.9940897226333618,0.0
41.0,-1.4835357666015625,0.9872413277626038,0.0
41.0,-1.4797337055206299,0.9748703241348267,0.0
41.0,-1.4842250347137451,0.9680185317993164,0.0
41.0,-1.480283498764038,0.9557219743728638,0.0
41.0,-1.4762601852416992,0.9434826970100403,0.0
41.0,-1.4806065559387207,0.9366472959518433,0.0
41.0,-1.4764455556869507,0.92448490858078,0.0
41.0,-1.4722040891647339,0.9123810529708862,0.0
41.0,-1.4764065742492676,0.9055647850036621,0.0
41.0,-1.4703195095062256,0.8925023674964905,0.0
41.0,-1.4744302034378052,0.8856949806213379,0.0
41.0,-1.4716325998306274,0.8747808933258057,0.0
41.0,-1.475661277770996,0.8679676651954651,0.0
41.0,-1.472744107246399,0.8571118712425232,0.0
41.0,-1.4697582721710205,0.8463016152381897,0.0
41.0,-1.473655343055725,0.8394973278045654,0.0
41.0,-1.4705514907836914,0.8287473917007446,0.0
41.0,-1.474367380142212,0.8219396471977234,0.0
41.0,-1.4693949222564697,0.8102854490280151,0.0
41.0,-1.467858076095581,0.8006102442741394,0.0
41.0,-1.4715439081192017,0.7938152551651001,0.0
41.0,-1.468139886856079,0.7832376956939697,0.0
41.0,-1.471745491027832,0.7764415740966797,0.0
41.0,-1.4664534330368042,0.7650036811828613,0.0
41.0,-1.462864637374878,0.754548192024231,0.0
41.0,-1.4663375616073608,0.7477768063545227,0.0
41.0,-1.4644215106964111,0.7382882833480835,0.0
41.0,-1.4678192138671875,0.731509804725647,0.0
41.0,-1.4640090465545654,0.7211805582046509,0.0
41.0,-1.4601348638534546,0.7109021544456482,0.0
41.0,-1.4634060859680176,0.7041438221931458,0.0
41.0,-1.4612274169921875,0.6947939991950989,0.0
41.0,-1.4644240140914917,0.6880307793617249,0.0
41.0,-1.4603331089019775,0.6778844594955444,0.0
41.0,-1.4561797380447388,0.6677907705307007,0.0
41.0,-1.4592516422271729,0.6610511541366577,0.0
41.0,-1.4568156003952026,0.6518468260765076,0.0
41.0,-1.4598137140274048,0.6451044678688049,0.0
41.0,-1.4572815895080566,0.6359485387802124,0.0
41.0,-1.4602062702178955,0.6292042136192322,0.0
41.0,-1.4575785398483276,0.6200975179672241,0.0
41.0,-1.4548978805541992,0.6110286712646484,0.0
41.0,-1.4577072858810425,0.604295551776886,0.0
41.0,-1.4549325704574585,0.5952775478363037,0.0
41.0,-1.4576691389083862,0.5885445475578308,0.0
41.0,-1.4548007249832153,0.5795782804489136,0.0
41.0,-1.4518805742263794,0.5706511735916138,0.0
41.0,-1.4545032978057861,0.563932478427887,0.0
41.0,-1.4533590078353882,0.5557730197906494,0.0
41.0,-1.4559129476547241,0.5490476489067078,0.0
41.0,-1.4528120756149292,0.5402193665504456,0.0
41.0,-1.4515385627746582,0.5321199893951416,0.0
41.0,-1.4539833068847656,0.5254032611846924,0.0
41.0,-1.4488605260849,0.5159913897514343,0.0
41.0,-1.4512306451797485,0.5092872381210327,0.0
41.0,-1.4497894048690796,0.5012651681900024,0.0
41.0,-1.4483050107955933,0.493267297744751,0.0
41.0,-1.4505701065063477,0.4865659475326538,0.0
41.0,-1.447106957435608,0.47797247767448425,0.0
41.0,-1.4493013620376587,0.4712768495082855,0.0
41.0,-1.4457502365112305,0.4627421200275421,0.0
41.0,-1.4478741884231567,0.4560529291629791,0.0
41.0,-1.4461466073989868,0.4481699466705322,0.0
41.0,-1.4443769454956055,0.4403126835823059,0.0
41.0,-1.4463971853256226,0.4336300790309906,0.0
41.0,-1.4445499181747437,0.42580726742744446,0.0
41.0,-1.4465030431747437,0.4191240072250366,0.0
41.0,-1.4445782899856567,0.41133636236190796,0.0
41.0,-1.4426125288009644,0.40357550978660583,0.0
41.0,-1.4444630146026611,0.3969014585018158,0.0
41.0,-1.4424206018447876,0.3891769349575043,0.0
41.0,-1.4442044496536255,0.3825039267539978,0.0
41.0,-1.4420862197875977,0.37481653690338135,0.0
41.0,-1.4399276971817017,0.3671569228172302,0.0
41.0,-1.4416097402572632,0.3604956567287445,0.0
41.0,-1.4393761157989502,0.3528743088245392,0.0
41.0,-1.4409922361373901,0.34621575474739075,0.0
41.0,-1.4406307935714722,0.33909159898757935,0.0
41.0,-1.4421831369400024,0.33242738246917725,0.0
41.0,-1.439802646636963,0.3248756527900696,0.0
41.0,-1.4393362998962402,0.31778424978256226,0.0
41.0,-1.4407901763916016,0.3111262619495392,0.0
41.0,-1.436342716217041,0.30322232842445374,0.0
41.0,-1.4377292394638062,0.2965783476829529,0.0
41.0,-1.4371243715286255,0.28953298926353455,0.0
41.0,-1.4364852905273438,0.28249961137771606,0.0
41.0,-1.43777596950531,0.2758551836013794,0.0
41.0,-1.4370701313018799,0.2688370943069458,0.0
41.0,-1.4382977485656738,0.2621901333332062,0.0
41.0,-1.4355560541152954,0.25483837723731995,0.0
41.0,-1.4347481727600098,0.24785807728767395,0.0
41.0,-1.4358787536621094,0.2412220537662506,0.0
41.0,-1.4350048303604126,0.23425865173339844,0.0
41.0,-1.436072587966919,0.22762158513069153,0.0
41.0,-1.433156132698059,0.22037173807621002,0.0
41.0,-1.4341596364974976,0.21374337375164032,0.0
41.0,-1.4311734437942505,0.2065390944480896,0.0
41.0,-1.4301323890686035,0.19964352250099182,0.0
41.0,-1.4310400485992432,0.19302935898303986,0.0
41.0,-1.4319171905517578,0.186411052942276,0.0
41.0,-1.4287949800491333,0.1792907565832138,0.0
41.0,-1.4296085834503174,0.172682985663414,0.0
41.0,-1.4284049272537231,0.16584086418151855,0.0
41.0,-1.4291564226150513,0.15923504531383514,0.0
41.0,-1.4298774003982544,0.15262581408023834,0.0
41.0,-1.430567741394043,0.14601333439350128,0.0
41.0,-1.4292370080947876,0.13920384645462036,0.0
41.0,-1.4278738498687744,0.13240979611873627,0.0
41.0,-1.4284707307815552,0.1258067935705185,0.0
41.0,-1.4270440340042114,0.11903484910726547,0.0
41.0,-1.4275791645050049,0.11243581771850586,0.0
41.0,-1.4280837774276733,0.10583438724279404,0.0
41.0,-1.4265625476837158,0.09909209609031677,0.0
41.0,-1.427005410194397,0.09249550849199295,0.0
41.0,-1.4254214763641357,0.08577680587768555,0.0
41.0,-1.4258028268814087,0.07918563485145569,0.0
41.0,-1.4261536598205566,0.07259277254343033,0.0
41.0,-1.4264739751815796,0.06599835306406021,0.0
41.0,-1.424765706062317,0.05931933596730232,0.0
41.0,-1.4230260848999023,0.05265752226114273,0.0
41.0,-1.423254370689392,0.04607778042554855,0.0
41.0,-1.4234521389007568,0.039497051388025284,0.0
41.0,-1.4236195087432861,0.03291548043489456,0.0
41.0,-1.4217568635940552,0.0262962207198143,0.0
41.0,-1.421863317489624,0.019722629338502884,0.0
41.0,-1.4219392538070679,0.013148615136742592,0.0
41.0,-1.4199848175048828,0.006565072573721409,0.0
41.0,-1.4199999570846558,-1.1620547724078278e-07,0.0
42.0,-1.4220000505447388,1.2431519280653447e-07,0.0
42.0,-1.4199848175048828,-0.006565064657479525,0.0
42.0,-1.4199392795562744,-0.013130112551152706,0.0
42.0,-1.4198633432388306,-0.01969487965106964,0.0
42.0,-1.4197571277618408,-0.026259226724505424,0.0
42.0,-1.4196205139160156,-0.03282301127910614,0.0
42.0,-1.4194536209106445,-0.039386097341775894,0.0
42.0,-1.419256329536438,-0.0459483377635479,0.0
42.0,-1.4210275411605835,-0.05258355662226677,0.0
42.0,-1.420769214630127,-0.059152934700250626,0.0
42.0,-1.420480489730835,-0.0657210499048233,0.0
42.0,-1.420161485671997,-0.07228775322437286,0.0
42.0,-1.4198120832443237,-0.07885292172431946,0.0
42.0,-1.4194324016571045,-0.08541639894247055,0.0
42.0,-1.4190223217010498,-0.0919780507683754,0.0
42.0,-1.4185818433761597,-0.09853773564100266,0.0
42.0,-1.4181110858917236,-0.10509531199932098,0.0
42.0,-1.4176100492477417,-0.11165064573287964,0.0
42.0,-1.4190717935562134,-0.11836984008550644,0.0
42.0,-1.4185093641281128,-0.12492947280406952,0.0
42.0,-1.4179165363311768,-0.1314864307641983,0.0
42.0,-1.4172935485839844,-0.13804058730602264,0.0
42.0,-1.4166401624679565,-0.1445917785167694,0.0
42.0,-1.4159564971923828,-0.15113988518714905,0.0
42.0,-1.4152425527572632,-0.15768477320671082,0.0
42.0,-1.4144984483718872,-0.16422627866268158,0.0
42.0,-1.4137240648269653,-0.1707642823457718,0.0
42.0,-1.4129194021224976,-0.1772986203432083,0.0
42.0,-1.4140678644180298,-0.1840873658657074,0.0
42.0,-1.4132015705108643,-0.19062316417694092,0.0
42.0,-1.4142858982086182,-0.19743138551712036,0.0
42.0,-1.4133580923080444,-0.20396804809570312,0.0
42.0,-1.414378046989441,-0.21079516410827637,0.0
42.0,-1.415365219116211,-0.2176360934972763,0.0
42.0,-1.4143438339233398,-0.2241775244474411,0.0
42.0,-1.4152661561965942,-0.23103637993335724,0.0
42.0,-1.4141827821731567,-0.23757721483707428,0.0
42.0,-1.4130693674087524,-0.24411296844482422,0.0
42.0,-1.413894772529602,-0.2509930729866028,0.0
42.0,-1.4127192497253418,-0.25752735137939453,0.0
42.0,-1.4134793281555176,-0.2644239068031311,0.0
42.0,-1.4122416973114014,-0.2709560990333557,0.0
42.0,-1.4129364490509033,-0.27786847949028015,0.0
42.0,-1.4116365909576416,-0.28439804911613464,0.0
42.0,-1.410306692123413,-0.29092150926589966,0.0
42.0,-1.4109033346176147,-0.29785189032554626,0.0
42.0,-1.4095112085342407,-0.30437183380126953,0.0
42.0,-1.4100419282913208,-0.31131646037101746,0.0
42.0,-1.4085874557495117,-0.3178322911262512,0.0
42.0,-1.4110007286071777,-0.32523974776268005,0.0
42.0,-1.4094818830490112,-0.33175987005233765,0.0
42.0,-1.4118224382400513,-0.33920735120773315,0.0
42.0,-1.4121814966201782,-0.34620729088783264,0.0
42.0,-1.410565733909607,-0.35273265838623047,0.0
42.0,-1.4089198112487793,-0.3592504560947418,0.0
42.0,-1.4072438478469849,-0.36576056480407715,0.0
42.0,-1.4074710607528687,-0.3727749288082123,0.0
42.0,-1.4095945358276367,-0.3803201913833618,0.0
42.0,-1.4078210592269897,-0.38683319091796875,0.0
42.0,-1.407943606376648,-0.3938767611980438,0.0
42.0,-1.4061075448989868,-0.40038201212882996,0.0
42.0,-1.4061622619628906,-0.40743526816368103,0.0
42.0,-1.4081003665924072,-0.41506311297416687,0.0
42.0,-1.4061663150787354,-0.4215688407421112,0.0
42.0,-1.4080283641815186,-0.4292319416999817,0.0
42.0,-1.4060288667678833,-0.4357371926307678,0.0
42.0,-1.4059067964553833,-0.4428339898586273,0.0
42.0,-1.4038443565368652,-0.44932928681373596,0.0
42.0,-1.4055559635162354,-0.45705196261405945,0.0
42.0,-1.4053269624710083,-0.46417272090911865,0.0
42.0,-1.4031658172607422,-0.4706651270389557,0.0
42.0,-1.4047611951828003,-0.47843700647354126,0.0
42.0,-1.4025341272354126,-0.48492664098739624,0.0
42.0,-1.4040515422821045,-0.4927304685115814,0.0
42.0,-1.4036425352096558,-0.499887615442276,0.0
42.0,-1.4013164043426514,-0.5063718557357788,0.0
42.0,-1.402715802192688,-0.5142219662666321,0.0
42.0,-1.4003233909606934,-0.5207017660140991,0.0
42.0,-1.403515100479126,-0.529287576675415,0.0
42.0,-1.4010529518127441,-0.5357708930969238,0.0
42.0,-1.4041552543640137,-0.5444117784500122,0.0
42.0,-1.4053459167480469,-0.5523610711097717,0.0
42.0,-1.4027771949768066,-0.5588526129722595,0.0
42.0,-1.4020328521728516,-0.5660809278488159,0.0
42.0,-1.3994007110595703,-0.5725570321083069,0.0
42.0,-1.4004337787628174,-0.5805526971817017,0.0
42.0,-1.4032665491104126,-0.5893445014953613,0.0
42.0,-1.400526762008667,-0.5958260297775269,0.0
42.0,-1.401430606842041,-0.6038777232170105,0.0
42.0,-1.3986237049102783,-0.6103506088256836,0.0
42.0,-1.3994455337524414,-0.6184272170066833,0.0
42.0,-1.402048110961914,-0.6273413300514221,0.0
42.0,-1.3991327285766602,-0.6338168382644653,0.0
42.0,-1.3998231887817383,-0.6419461369514465,0.0
42.0,-1.3968403339385986,-0.6484111547470093,0.0
42.0,-1.399258017539978,-0.6574137806892395,0.0
42.0,-1.396203637123108,-0.6638760566711426,0.0
42.0,-1.3985260725021362,-0.6729256510734558,0.0
42.0,-1.3953999280929565,-0.6793843507766724,0.0
42.0,-1.3958321809768677,-0.6875961422920227,0.0
42.0,-1.3980083465576172,-0.6967185139656067,0.0
42.0,-1.3947722911834717,-0.7031745910644531,0.0
42.0,-1.3950695991516113,-0.7114328145980835,0.0
42.0,-1.3917654752731323,-0.7178751230239868,0.0
42.0,-1.395524501800537,-0.7280022501945496,0.0
42.0,-1.397450566291809,-0.7372461557388306,0.0
42.0,-1.3940271139144897,-0.7436992526054382,0.0
42.0,-1.3958543539047241,-0.7529850006103516,0.0
42.0,-1.3923581838607788,-0.759430468082428,0.0
42.0,-1.394086241722107,-0.7687571048736572,0.0
42.0,-1.3975046873092651,-0.7790897488594055,0.0
42.0,-1.3938877582550049,-0.7855426073074341,0.0
42.0,-1.3954542875289917,-0.7949485182762146,0.0
42.0,-1.3917640447616577,-0.8013917207717896,0.0
42.0,-1.3932297229766846,-0.8108358383178711,0.0
42.0,-1.3894660472869873,-0.8172686100006104,0.0
42.0,-1.3925495147705078,-0.8277716636657715,0.0
42.0,-1.3938509225845337,-0.8372907042503357,0.0
42.0,-1.3899649381637573,-0.8437260985374451,0.0
42.0,-1.3928685188293457,-0.854326069355011,0.0
42.0,-1.3889037370681763,-0.8607566952705383,0.0
42.0,-1.3916897773742676,-0.8714145421981812,0.0
42.0,-1.3876460790634155,-0.8778395056724548,0.0
42.0,-1.3903136253356934,-0.8885539174079895,0.0
42.0,-1.3929115533828735,-0.8993116021156311,0.0
42.0,-1.3887388706207275,-0.9057419300079346,0.0
42.0,-1.3912168741226196,-0.9165541529655457,0.0
42.0,-1.3869644403457642,-0.9229764938354492,0.0
42.0,-1.3893219232559204,-0.9338418841362,0.0
42.0,-1.391608476638794,-0.9447486996650696,0.0
42.0,-1.38722562789917,-0.9511725306510925,0.0
42.0,-1.3910343647003174,-0.9632691144943237,0.0
42.0,-1.3865660429000854,-0.9696900844573975,0.0
42.0,-1.3886024951934814,-0.9807054400444031,0.0
42.0,-1.3840535879135132,-0.9871149659156799,0.0
42.0,-1.3843436241149902,-0.9970098733901978,0.0
42.0,-1.3861892223358154,-1.0081048011779785,0.0
42.0,-1.3815135955810547,-1.0145028829574585,0.0
42.0,-1.3816280364990234,-1.024453043937683,0.0
42.0,-1.3768768310546875,-1.030829906463623,0.0
42.0,-1.3689053058624268,-1.034772515296936,0.0
42.0,-1.351387619972229,-1.0313833951950073,0.0
42.0,-1.3466047048568726,-1.0376203060150146,0.0
42.0,-1.3275858163833618,-1.0327826738357544,0.0
42.0,-1.3227967023849487,-1.0389095544815063,0.0
42.0,-1.308576226234436,-1.037558674812317,0.0
42.0,-1.28971266746521,-1.0323492288589478,0.0
42.0,-1.284925937652588,-1.0383011102676392,0.0
42.0,-1.2646141052246094,-1.0315886735916138,0.0
42.0,-1.259831190109253,-1.0374244451522827,0.0
42.0,-1.2427172660827637,-1.0330102443695068,0.0
42.0,-1.2256711721420288,-1.028460144996643,0.0
42.0,-1.2209031581878662,-1.0341157913208008,0.0
42.0,-1.205467939376831,-1.0306516885757446,0.0
42.0,-1.2006900310516357,-1.036213994026184,0.0
42.0,-1.1883461475372314,-1.035185694694519,0.0
42.0,-1.1835473775863647,-1.0406688451766968,0.0
42.0,-1.1667566299438477,-1.0355089902877808,0.0
42.0,-1.1500390768051147,-1.0302165746688843,0.0
42.0,-1.1452637910842896,-1.0355225801467896,0.0
42.0,-1.1316001415252686,-1.032717227935791,0.0
42.0,-1.1165162324905396,-1.02845299243927,0.0
42.0,-1.111749291419983,-1.0336041450500488,0.0
42.0,-1.0996664762496948,-1.0318902730941772,0.0
42.0,-1.094883918762207,-1.0369634628295898,0.0
42.0,-1.0814036130905151,-1.0337225198745728,0.0
42.0,-1.0665374994277954,-1.028990626335144,0.0
42.0,-1.061768651008606,-1.0339106321334839,0.0
42.0,-1.0455658435821533,-1.0275932550430298,0.0
42.0,-1.0408036708831787,-1.0324163436889648,0.0
42.0,-1.0289523601531982,-1.0301421880722046,0.0
42.0,-1.0241786241531372,-1.0348883867263794,0.0
42.0,-1.0123817920684814,-1.0324723720550537,0.0
42.0,-0.9992356300354004,-1.028535008430481,0.0
42.0,-0.9944696426391602,-1.0331437587738037,0.0
42.0,-0.9827808737754822,-1.030493974685669,0.0
42.0,-0.9780060052871704,-1.0350266695022583,0.0
42.0,-0.9663759469985962,-1.03223717212677,0.0
42.0,-0.9547926783561707,-1.029362440109253,0.0
42.0,-0.950023353099823,-1.0337657928466797,0.0
42.0,-0.9358082413673401,-1.0277951955795288,0.0
42.0,-0.9310463666915894,-1.0321108102798462,0.0
42.0,-0.9196008443832397,-1.028948187828064,0.0
42.0,-0.9095304012298584,-1.0271992683410645,0.0
42.0,-0.9047715663909912,-1.0313934087753296,0.0
42.0,-0.8934336304664612,-1.0280176401138306,0.0
42.0,-0.8886711597442627,-1.032137393951416,0.0
42.0,-0.8786979913711548,-1.0301483869552612,0.0
42.0,-0.8687623143196106,-1.0280894041061401,0.0
42.0,-0.8639997839927673,-1.0320950746536255,0.0
42.0,-0.8528352975845337,-1.0283812284469604,0.0
42.0,-0.8480715751647949,-1.0323131084442139,0.0
42.0,-0.8382401466369629,-1.0300180912017822,0.0
42.0,-0.8271929025650024,-1.0260974168777466,0.0
42.0,-0.8224400281906128,-1.0299108028411865,0.0
42.0,-0.812706470489502,-1.0274279117584229,0.0
42.0,-0.80794757604599,-1.0311743021011353,0.0
42.0,-0.7982666492462158,-1.0285788774490356,0.0
42.0,-0.788627028465271,-1.0259159803390503,0.0
42.0,-0.7838754057884216,-1.0295510292053223,0.0
42.0,-0.7754944562911987,-1.0283735990524292,0.0
42.0,-0.7707316279411316,-1.0319480895996094,0.0
42.0,-0.7611948251724243,-1.0290687084197998,0.0
42.0,-0.7517012357711792,-1.0261234045028687,0.0
42.0,-0.7469490170478821,-1.029587745666504,0.0
42.0,-0.7375131249427795,-1.0265332460403442,0.0
42.0,-0.7327591776847839,-1.0299320220947266,0.0
42.0,-0.7245339155197144,-1.028403878211975,0.0
42.0,-0.7151942253112793,-1.025181531906128,0.0
42.0,-0.710446834564209,-1.0284771919250488,0.0
42.0,-0.7011678218841553,-1.0251476764678955,0.0
42.0,-0.6964206695556641,-1.0283784866333008,0.0
42.0,-0.6883172988891602,-1.0266036987304688,0.0
42.0,-0.6835635304450989,-1.0297751426696777,0.0
42.0,-0.6765984892845154,-1.0295816659927368,0.0
42.0,-0.6674685478210449,-1.0259929895401,0.0
42.0,-0.662717878818512,-1.0290679931640625,0.0
42.0,-0.6547278165817261,-1.0270615816116333,0.0
42.0,-0.6467704772949219,-1.025003433227539,0.0
42.0,-0.642024576663971,-1.0279827117919922,0.0
42.0,-0.6341102123260498,-1.0258363485336304,0.0
42.0,-0.6293606162071228,-1.028757095336914,0.0
42.0,-0.6214901208877563,-1.0265233516693115,0.0
42.0,-0.6167374849319458,-1.0293856859207153,0.0
42.0,-0.6099317073822021,-1.0287853479385376,0.0
42.0,-0.6021327972412109,-1.0264191627502441,0.0
42.0,-0.5973808765411377,-1.0291920900344849,0.0
42.0,-0.5886321663856506,-1.0250054597854614,0.0
42.0,-0.5838868618011475,-1.027716040611267,0.0
42.0,-0.5771692395210266,-1.0269174575805664,0.0
42.0,-0.5704716444015503,-1.0260790586471558,0.0
42.0,-0.5657215714454651,-1.0287055969238281,0.0
42.0,-0.5580925345420837,-1.0260393619537354,0.0
42.0,-0.5533427596092224,-1.0286086797714233,0.0
42.0,-0.5467025637626648,-1.0276246070861816,0.0
42.0,-0.5391520857810974,-1.0248311758041382,0.0
42.0,-0.5344080924987793,-1.027312994003296,0.0
42.0,-0.5278232097625732,-1.0262157917022705,0.0
42.0,-0.5230730175971985,-1.0286450386047363,0.0
42.0,-0.5156167149543762,-1.0256916284561157,0.0
42.0,-0.5090890526771545,-1.0244824886322021,0.0
42.0,-0.5043470859527588,-1.0268253087997437,0.0
42.0,-0.49784740805625916,-1.0255476236343384,0.0
42.0,-0.4931006133556366,-1.0278383493423462,0.0
42.0,-0.4857729971408844,-1.0246855020523071,0.0
42.0,-0.48103031516075134,-1.0269205570220947,0.0
42.0,-0.47375738620758057,-1.0236884355545044,0.0
42.0,-0.46735620498657227,-1.0222299098968506,0.0
42.0,-0.46262505650520325,-1.0243797302246094,0.0
42.0,-0.4570693075656891,-1.0246812105178833,0.0
42.0,-0.4523269236087799,-1.0267834663391113,0.0
42.0,-0.4459792673587799,-1.025195837020874,0.0
42.0,-0.43965595960617065,-1.023571491241455,0.0
42.0,-0.43491891026496887,-1.0255931615829468,0.0
42.0,-0.42862799763679504,-1.0239033699035645,0.0
42.0,-0.42388951778411865,-1.025874137878418,0.0
42.0,-0.4176315367221832,-1.0241190195083618,0.0
42.0,-0.41139891743659973,-1.0223281383514404,0.0
42.0,-0.40666791796684265,-1.024219274520874,0.0
42.0,-0.4011988043785095,-1.0242263078689575,0.0
42.0,-0.3964591324329376,-1.026070237159729,0.0
42.0,-0.3909987807273865,-1.0260233879089355,0.0
42.0,-0.38554733991622925,-1.02594792842865,0.0
42.0,-0.38079988956451416,-1.027719497680664,0.0
42.0,-0.37604427337646484,-1.0294691324234009,0.0
42.0,-0.37128064036369324,-1.0311967134475708,0.0
42.0,-0.36584025621414185,-1.0310174226760864,0.0
42.0,-0.3604094982147217,-1.0308098793029785,0.0
42.0,-0.35563981533050537,-1.0324652194976807,0.0
42.0,-0.3495773673057556,-1.0303105115890503,0.0
42.0,-0.3448100984096527,-1.0319157838821411,0.0
42.0,-0.3387853503227234,-1.0296992063522339,0.0
42.0,-0.33402103185653687,-1.031254529953003,0.0
42.0,-0.3280346691608429,-1.0289767980575562,0.0
42.0,-0.3226751387119293,-1.0285741090774536,0.0
42.0,-0.31791621446609497,-1.0300549268722534,0.0
42.0,-0.3125694990158081,-1.0296000242233276,0.0
42.0,-0.3078059256076813,-1.0310341119766235,0.0
42.0,-0.30190926790237427,-1.0286082029342651,0.0
42.0,-0.29659605026245117,-1.028071403503418,0.0
42.0,-0.29183971881866455,-1.029431700706482,0.0
42.0,-0.28654053807258606,-1.0288432836532593,0.0
42.0,-0.28178074955940247,-1.0301570892333984,0.0
42.0,-0.2759774327278137,-1.027585744857788,0.0
42.0,-0.270713746547699,-1.0269168615341187,0.0
42.0,-0.26596304774284363,-1.0281574726104736,0.0
42.0,-0.26071470975875854,-1.027437448501587,0.0
42.0,-0.25596168637275696,-1.0286318063735962,0.0
42.0,-0.2507292628288269,-1.02786123752594,0.0
42.0,-0.24550941586494446,-1.027064323425293,0.0
42.0,-0.2407582849264145,-1.0281884670257568,0.0
42.0,-0.23555505275726318,-1.0273411273956299,0.0
42.0,-0.2308027595281601,-1.0284192562103271,0.0
42.0,-0.22561660408973694,-1.0275218486785889,0.0
42.0,-0.22086356580257416,-1.028554081916809,0.0
42.0,-0.21569494903087616,-1.027606725692749,0.0
42.0,-0.21053984761238098,-1.0266337394714355,0.0
42.0,-0.20579108595848083,-1.0275962352752686,0.0
42.0,-0.2006542831659317,-1.026573896408081,0.0
42.0,-0.1959058940410614,-1.0274906158447266,0.0
42.0,-0.19078783690929413,-1.0264190435409546,0.0
42.0,-0.18568389117717743,-1.0253221988677979,0.0
42.0,-0.18094146251678467,-1.026169776916504,0.0
42.0,-0.17585696280002594,-1.0250240564346313,0.0
42.0,-0.17111600935459137,-1.025826096534729,0.0
42.0,-0.1660514622926712,-1.0246320962905884,0.0
42.0,-0.16131243109703064,-1.0253888368606567,0.0
42.0,-0.15626828372478485,-1.024146556854248,0.0
42.0,-0.1512390822172165,-1.022879719734192,0.0
42.0,-0.14650830626487732,-1.0235679149627686,0.0
42.0,-0.14177440106868744,-1.024234414100647,0.0
42.0,-0.1370374709367752,-1.024878978729248,0.0
42.0,-0.13204170763492584,-1.0235178470611572,0.0
42.0,-0.12706147134304047,-1.0221327543258667,0.0
42.0,-0.12233441323041916,-1.0227092504501343,0.0
42.0,-0.11760473996400833,-1.023263931274414,0.0
42.0,-0.11287254840135574,-1.0237966775894165,0.0
42.0,-0.10792797803878784,-1.022318720817566,0.0
42.0,-0.103200264275074,-1.0228067636489868,0.0
42.0,-0.09847034513950348,-1.02327299118042,0.0
42.0,-0.09373831748962402,-1.0237172842025757,0.0
42.0,-0.08900429308414459,-1.0241397619247437,0.0
42.0,-0.08410441875457764,-1.0225470066070557,0.0
42.0,-0.07937590032815933,-1.0229250192642212,0.0
42.0,-0.07464569061994553,-1.0232809782028198,0.0
42.0,-0.06991388648748398,-1.0236152410507202,0.0
42.0,-0.06518058478832245,-1.0239274501800537,0.0
42.0,-0.06032806262373924,-1.0222214460372925,0.0
42.0,-0.05560130625963211,-1.0224894285202026,0.0
42.0,-0.05087336152791977,-1.022735595703125,0.0
42.0,-0.046144332736730576,-1.02295982837677,0.0
42.0,-0.04141431301832199,-1.0231622457504272,0.0
42.0,-0.03668341040611267,-1.0233427286148071,0.0
42.0,-0.031951725482940674,-1.0235013961791992,0.0
42.0,-0.02716618962585926,-1.0216388702392578,0.0
42.0,-0.02244248241186142,-1.0217535495758057,0.0
42.0,-0.017718294635415077,-1.0218462944030762,0.0
42.0,-0.012993729673326015,-1.0219173431396484,0.0
42.0,-0.008268886245787144,-1.0219664573669434,0.0
42.0,-0.0035438663326203823,-1.0219937562942505,0.0
42.0,0.0011812294833362103,-1.0219992399215698,0.0
42.0,0.005906300153583288,-1.0219829082489014,0.0
42.0,0.010631244629621506,-1.0219446420669556,0.0
42.0,0.01535596139729023,-1.021884560585022,0.0
42.0,0.02008035033941269,-1.0218026638031006,0.0
42.0,0.024804310873150826,-1.0216989517211914,0.0
42.0,0.029527738690376282,-1.0215733051300049,0.0
42.0,0.03425053879618645,-1.0214258432388306,0.0
42.0,0.038972605019807816,-1.0212565660476685,0.0
42.0,0.04369383677840233,-1.0210654735565186,0.0
42.0,0.048414137214422226,-1.0208525657653809,0.0
42.0,0.05313339829444885,-1.0206178426742554,0.0
42.0,0.05785152688622475,-1.020361304283142,0.0
42.0,0.06256841868162155,-1.0200828313827515,0.0
42.0,0.06741565465927124,-1.0217784643173218,0.0
42.0,0.07213899493217468,-1.0214558839797974,0.0
42.0,0.07686079293489456,-1.0211113691329956,0.0
42.0,0.08158095180988312,-1.0207451581954956,0.0
42.0,0.0862993597984314,-1.0203570127487183,0.0
42.0,0.09101593494415283,-1.0199471712112427,0.0
42.0,0.09573055803775787,-1.0195153951644897,0.0
42.0,0.10044313222169876,-1.0190619230270386,0.0
42.0,0.10515356063842773,-1.0185866355895996,0.0
42.0,0.11007631570100784,-1.0200780630111694,0.0
42.0,0.11479133367538452,-1.0195581912994385,0.0
42.0,0.11950390785932541,-1.0190166234970093,0.0
42.0,0.12421392649412155,-1.0184532403945923,0.0
42.0,0.1289212852716446,-1.0178680419921875,0.0
42.0,0.13362589478492737,-1.0172611474990845,0.0
42.0,0.13832764327526093,-1.0166324377059937,0.0
42.0,0.1433052271604538,-1.0179624557495117,0.0
42.0,0.14801011979579926,-1.0172890424728394,0.0
42.0,0.15271183848381042,-1.0165938138961792,0.0
42.0,0.15741030871868134,-1.0158770084381104,0.0
42.0,0.16210539638996124,-1.0151383876800537,0.0
42.0,0.1671215295791626,-1.0163514614105225,0.0
42.0,0.17181871831417084,-1.0155678987503052,0.0
42.0,0.1765122264623642,-1.0147627592086792,0.0
42.0,0.18155381083488464,-1.0159045457839966,0.0
42.0,0.186248779296875,-1.0150543451309204,0.0
42.0,0.19130980968475342,-1.0161479711532593,0.0
42.0,0.19600580632686615,-1.0152525901794434,0.0
42.0,0.20108579099178314,-1.016297459602356,0.0
42.0,0.20578236877918243,-1.0153568983078003,0.0
42.0,0.21047453582286835,-1.0143946409225464,0.0
42.0,0.21557757258415222,-1.015367031097412,0.0
42.0,0.22026969492435455,-1.014359474182129,0.0
42.0,0.22539053857326508,-1.0152827501296997,0.0
42.0,0.23052464425563812,-1.016180396080017,0.0
42.0,0.23522035777568817,-1.0151036977767944,0.0
42.0,0.24083200097084045,-1.0178978443145752,0.0
42.0,0.24553555250167847,-1.0167734622955322,0.0
42.0,0.2507123053073883,-1.0175693035125732,0.0
42.0,0.255414217710495,-1.0163992643356323,0.0
42.0,0.2606070637702942,-1.0171449184417725,0.0
42.0,0.26581230759620667,-1.0178643465042114,0.0
42.0,0.27051541209220886,-1.0166245698928833,0.0
42.0,0.2757359743118286,-1.0172933340072632,0.0
42.0,0.28043636679649353,-1.016007661819458,0.0
42.0,0.28567177057266235,-1.0166256427764893,0.0
42.0,0.2903689742088318,-1.0152939558029175,0.0
42.0,0.2950599491596222,-1.013940691947937,0.0
42.0,0.3003123104572296,-1.0144833326339722,0.0
42.0,0.304999440908432,-1.013084053993225,0.0
42.0,0.3102654218673706,-1.0135754346847534,0.0
42.0,0.3155425190925598,-1.0140399932861328,0.0
42.0,0.3202274441719055,-1.0125702619552612,0.0
42.0,0.3261292278766632,-1.0148869752883911,0.0
42.0,0.33081793785095215,-1.0133683681488037,0.0
42.0,0.3367585241794586,-1.0156248807907104,0.0
42.0,0.3414505422115326,-1.0140570402145386,0.0
42.0,0.34742918610572815,-1.0162523984909058,0.0
42.0,0.35277971625328064,-1.0165246725082397,0.0
42.0,0.35747572779655457,-1.0148828029632568,0.0
42.0,0.3628372251987457,-1.015102505683899,0.0
42.0,0.3675265610218048,-1.0134141445159912,0.0
42.0,0.3728986084461212,-1.0135811567306519,0.0
42.0,0.37758079171180725,-1.0118463039398193,0.0
42.0,0.38296276330947876,-1.0119602680206299,0.0
42.0,0.3883538544178009,-1.0120460987091064,0.0
42.0,0.39302876591682434,-1.0102397203445435,0.0
42.0,0.3984290063381195,-1.0102723836898804,0.0
42.0,0.40309563279151917,-1.0084195137023926,0.0
42.0,0.41000640392303467,-1.0121060609817505,0.0
42.0,0.41620033979415894,-1.0139000415802002,0.0
42.0,0.42088353633880615,-1.0119649171829224,0.0
42.0,0.427110880613327,-1.013694405555725,0.0
42.0,0.4317930042743683,-1.0117088556289673,0.0
42.0,0.4372594654560089,-1.0115375518798828,0.0
42.0,0.44193148612976074,-1.0095051527023315,0.0
42.0,0.4490256607532501,-1.0129363536834717,0.0
42.0,0.4553419351577759,-1.0144987106323242,0.0
42.0,0.4600274860858917,-1.0123826265335083,0.0
42.0,0.46553897857666016,-1.0120619535446167,0.0
42.0,0.4702131152153015,-1.0098987817764282,0.0
42.0,0.4774349331855774,-1.0131416320800781,0.0
42.0,0.4821139872074127,-1.0109233856201172,0.0
42.0,0.48852118849754333,-1.0122859477996826,0.0
42.0,0.494073748588562,-1.0118138790130615,0.0
42.0,0.49874645471572876,-1.0095187425613403,0.0
42.0,0.5060909390449524,-1.0125689506530762,0.0
42.0,0.5107670426368713,-1.0102182626724243,0.0
42.0,0.5172535181045532,-1.0114073753356934,0.0
42.0,0.5219240784645081,-1.009005069732666,0.0
42.0,0.5265835523605347,-1.0065813064575195,0.0
42.0,0.5331022143363953,-1.007671594619751,0.0
42.0,0.5377553701400757,-1.0051960945129395,0.0
42.0,0.5462033152580261,-1.0097355842590332,0.0
42.0,0.5537449717521667,-1.0124636888504028,0.0
42.0,0.5584200620651245,-1.0098927021026611,0.0
42.0,0.5660107731819153,-1.0125372409820557,0.0
42.0,0.5706861019134521,-1.0099095106124878,0.0
42.0,0.5773331522941589,-1.0107336044311523,0.0
42.0,0.5819999575614929,-1.0080536603927612,0.0
42.0,0.5896783471107483,-1.0105341672897339,0.0
42.0,0.5953601002693176,-1.0095199346542358,0.0
42.0,0.6000211238861084,-1.0067565441131592,0.0
42.0,0.6067330241203308,-1.0073981285095215,0.0
42.0,0.6113840937614441,-1.0045822858810425,0.0
42.0,0.6191651225090027,-1.006855845451355,0.0
42.0,0.6238135695457458,-1.003982424736023,0.0
42.0,0.631638765335083,-1.0061691999435425,0.0
42.0,0.6416398286819458,-1.0116828680038452,0.0
42.0,0.6463103294372559,-1.008705496788025,0.0
42.0,0.6531406044960022,-1.0090645551681519,0.0
42.0,0.6577989459037781,-1.0060341358184814,0.0
42.0,0.6657498478889465,-1.0079885721206665,0.0
42.0,0.6726229190826416,-1.0082273483276367,0.0
42.0,0.677277147769928,-1.005106806755066,0.0
42.0,0.6852927207946777,-1.0069249868392944,0.0
42.0,0.6899408102035522,-1.0037459135055542,0.0
42.0,0.6991361379623413,-1.0071169137954712,0.0
42.0,0.7037849426269531,-1.0038738250732422,0.0
42.0,0.7118856906890869,-1.005506157875061,0.0
42.0,0.7200165390968323,-1.0070850849151611,0.0
42.0,0.7246649265289307,-1.003745436668396,0.0
42.0,0.734010636806488,-1.0068488121032715,0.0
42.0,0.7386578321456909,-1.0034444332122803,0.0
42.0,0.7480615377426147,-1.006439208984375,0.0
42.0,0.7527066469192505,-1.0029698610305786,0.0
42.0,0.7609593868255615,-1.0042613744735718,0.0
42.0,0.7704552412033081,-1.0070862770080566,0.0
42.0,0.7751031517982483,-1.0035134553909302,0.0
42.0,0.784653902053833,-1.006227731704712,0.0
42.0,0.7892976999282837,-1.002589225769043,0.0
42.0,0.7989022135734558,-1.0051921606063843,0.0
42.0,0.8097991347312927,-1.0092875957489014,0.0
42.0,0.8144568204879761,-1.0055327415466309,0.0
42.0,0.8254269957542419,-1.0094980001449585,0.0
42.0,0.8300854563713074,-1.0056710243225098,0.0
42.0,0.8385668992996216,-1.006432056427002,0.0
42.0,0.8432110548019409,-1.0025442838668823,0.0
42.0,0.8530148267745972,-1.0047335624694824,0.0
42.0,0.8628567457199097,-1.0068535804748535,0.0
42.0,0.8675025701522827,-1.002853512763977,0.0
42.0,0.8787069916725159,-1.0063647031784058,0.0
42.0,0.8833504319190979,-1.0022913217544556,0.0
42.0,0.8932921886444092,-1.004173755645752,0.0
42.0,0.904606282711029,-1.0074738264083862,0.0
42.0,0.9092545509338379,-1.0032806396484375,0.0
42.0,0.9206328392028809,-1.0064446926116943,0.0
42.0,0.9252762198448181,-1.0021775960922241,0.0
42.0,0.9367172122001648,-1.0052047967910767,0.0
42.0,0.9413546323776245,-1.0008633136749268,0.0
42.0,0.952856719493866,-1.0037529468536377,0.0
42.0,0.9671728610992432,-1.0094456672668457,0.0
42.0,0.9718295335769653,-1.0049632787704468,0.0
42.0,0.9890379905700684,-1.013340950012207,0.0
42.0,0.9937124848365784,-1.0087573528289795,0.0
42.0,1.0110567808151245,-1.0169169902801514,0.0
42.0,1.0157476663589478,-1.0122315883636475,0.0
42.0,1.0332252979278564,-1.0201714038848877,0.0
42.0,1.0550867319107056,-1.032166600227356,0.0
42.0,1.0598474740982056,-1.0272775888442993,0.0
42.0,1.0804535150527954,-1.0376050472259521,0.0
42.0,1.0852391719818115,-1.032598614692688,0.0
42.0,1.1045544147491455,-1.0412893295288086,0.0
42.0,1.1093568801879883,-1.0361714363098145,0.0
42.0,1.131750464439392,-1.0473322868347168,0.0
42.0,1.1557446718215942,-1.059659481048584,0.0
42.0,1.160631537437439,-1.0543047189712524,0.0
42.0,1.1803596019744873,-1.0623066425323486,0.0
42.0,1.185258388519287,-1.056838035583496,0.0
42.0,1.2066198587417603,-1.065912127494812,0.0
42.0,1.211535096168518,-1.0603220462799072,0.0
42.0,1.233046293258667,-1.0691214799880981,0.0
42.0,1.2576987743377686,-1.0803507566452026,0.0
42.0,1.262680172920227,-1.0745244026184082,0.0
42.0,1.2875131368637085,-1.0854336023330688,0.0
42.0,1.2925176620483398,-1.0794693231582642,0.0
42.0,1.1663215160369873,-0.9559069871902466,0.0
42.0,1.1707285642623901,-0.95050448179245,0.0
42.0,1.1751105785369873,-0.9450815916061401,0.0
42.0,1.1794674396514893,-0.9396384954452515,0.0
42.0,1.2073495388031006,-0.9527597427368164,0.0
42.0,1.21174156665802,-0.9471675157546997,0.0
42.0,1.216107726097107,-0.9415550827980042,0.0
42.0,1.2442537546157837,-0.9541783928871155,0.0
42.0,1.2486519813537598,-0.9484155774116516,0.0
42.0,1.2753989696502686,-0.9594651460647583,0.0
42.0,1.2798212766647339,-0.9535582661628723,0.0
42.0,1.308355689048767,-0.9654436707496643,0.0
42.0,1.3386415243148804,-0.9782651662826538,0.0
42.0,1.3431501388549805,-0.9720656871795654,0.0
42.0,1.3720141649246216,-0.983321487903595,0.0
42.0,1.3765456676483154,-0.9769676327705383,0.0
42.0,1.407228946685791,-0.9889928102493286,0.0
42.0,1.411786437034607,-0.9824761152267456,0.0
42.0,1.4443105459213257,-0.9952301383018494,0.0
42.0,1.4703737497329712,-1.0031954050064087,0.0
42.0,1.4749962091445923,-0.9963865280151367,0.0
42.0,1.4962116479873657,-1.000675082206726,0.0
42.0,1.5008221864700317,-0.993746817111969,0.0
42.0,1.523800015449524,-0.9988582134246826,0.0
42.0,1.5284017324447632,-0.991802453994751,0.0
42.0,1.5531636476516724,-0.997696578502655,0.0
42.0,1.5678861141204834,-0.9969438910484314,0.0
42.0,1.5724786520004272,-0.9896843433380127,0.0
42.0,1.5787349939346313,-0.9834610819816589,0.0
42.0,1.5832650661468506,-0.9761514663696289,0.0
42.0,1.579224944114685,-0.9636123180389404,0.0
42.0,1.5733908414840698,-0.9500976800918579,0.0
42.0,1.5777666568756104,-0.9428131580352783,0.0
42.0,1.5752224922180176,-0.9314365983009338,0.0
42.0,1.579512119293213,-0.9241437911987305,0.0
42.0,1.5785751342773438,-0.9138252139091492,0.0
42.0,1.5827832221984863,-0.9065171480178833,0.0
42.0,1.5886975526809692,-0.9001755714416504,0.0
42.0,1.603310227394104,-0.8986882567405701,0.0
42.0,1.6074481010437012,-0.8912659287452698,0.0
42.0,1.6273337602615356,-0.8924800753593445,0.0
42.0,1.631442666053772,-0.8849467635154724,0.0
42.0,1.6513783931732178,-0.8859037160873413,0.0
42.0,1.669590711593628,-0.8857578039169312,0.0
42.0,1.6736680269241333,-0.8780292272567749,0.0
42.0,1.4581739902496338,-0.7057823538780212,0.0
42.0,1.4614214897155762,-0.6990331411361694,0.0
42.0,1.4646377563476562,-0.692268967628479,0.0
42.0,1.4678226709365845,-0.6854900121688843,0.0
42.0,1.4836883544921875,-0.6845616698265076,0.0
42.0,1.5013965368270874,-0.6843306422233582,0.0
42.0,1.5045443773269653,-0.6773818135261536,0.0
42.0,1.5222798585891724,-0.6769195199012756,0.0
42.0,1.5253932476043701,-0.6698742508888245,0.0
42.0,1.5431532859802246,-0.6691802144050598,0.0
42.0,1.546230673789978,-0.6620384454727173,0.0
42.0,1.5603280067443848,-0.6595547199249268,0.0
42.0,1.5633606910705566,-0.6523337364196777,0.0
42.0,1.5682092905044556,-0.6458603739738464,0.0
42.0,1.5656201839447021,-0.6363438963890076,0.0
42.0,1.5685455799102783,-0.629098653793335,0.0
42.0,1.565858244895935,-0.6196321845054626,0.0
42.0,1.5687062740325928,-0.6123860478401184,0.0
42.0,1.5677878856658936,-0.6036893725395203,0.0
42.0,1.5649532079696655,-0.5943043828010559,0.0
42.0,1.5676841735839844,-0.587062656879425,0.0
42.0,1.5647529363632202,-0.5777302384376526,0.0
42.0,1.567407250404358,-0.5704895853996277,0.0
42.0,1.5662630796432495,-0.5618861317634583,0.0
42.0,1.5650728940963745,-0.553305447101593,0.0
42.0,1.567614197731018,-0.5460636019706726,0.0
42.0,1.564447045326233,-0.5368626117706299,0.0
42.0,1.5669125318527222,-0.5296238660812378,0.0
42.0,1.5655490159988403,-0.521110475063324,0.0
42.0,1.5641405582427979,-0.5126210451126099,0.0
42.0,1.5664938688278198,-0.5053839683532715,0.0
42.0,1.5630950927734375,-0.4963202476501465,0.0
42.0,1.5653730630874634,-0.48908817768096924,0.0
42.0,1.5618822574615479,-0.48008278012275696,0.0
42.0,1.5602563619613647,-0.47169896960258484,0.0
42.0,1.5624206066131592,-0.46448028087615967,0.0
42.0,1.5626317262649536,-0.45669063925743103,0.0
42.0,1.56472647190094,-0.4494611322879791,0.0
42.0,1.5629380941390991,-0.441135436296463,0.0
42.0,1.5611063241958618,-0.43283596634864807,0.0
42.0,1.5630908012390137,-0.42561376094818115,0.0
42.0,1.5611776113510132,-0.4173494279384613,0.0
42.0,1.5630905628204346,-0.41012707352638245,0.0
42.0,1.5591593980789185,-0.40140002965927124,0.0
42.0,1.560998558998108,-0.39418715238571167,0.0
42.0,1.5550388097763062,-0.38504305481910706,0.0
42.0,1.543197512626648,-0.3745473623275757,0.0
42.0,1.5449126958847046,-0.3674086034297943,0.0
42.0,1.534907579421997,-0.357539564371109,0.0
42.0,1.5365442037582397,-0.35043928027153015,0.0
42.0,1.5622498989105225,-0.15580561757087708,0.0
42.0,1.5629535913467407,-0.14858108758926392,0.0
42.0,1.5636237859725952,-0.14135338366031647,0.0
42.0,1.5642606019973755,-0.13412266969680786,0.0
42.0,1.5568901300430298,-0.1262425035238266,0.0
42.0,1.5574572086334229,-0.11904306709766388,0.0
42.0,1.5579909086227417,-0.11184109002351761,0.0
42.0,1.5584913492202759,-0.10463672131299973,0.0
42.0,1.552970051765442,-0.09705586731433868,0.0
42.0,1.5534021854400635,-0.08987487107515335,0.0
42.0,1.5557982921600342,-0.08279823511838913,0.0
42.0,1.564155101776123,-0.07599253207445145,0.0
42.0,1.564489722251892,-0.06876004487276077,0.0
42.0,1.572784662246704,-0.06184040382504463,0.0
42.0,1.5730538368225098,-0.05456817150115967,0.0
42.0,1.5812857151031494,-0.047535158693790436,0.0
42.0,1.5914853811264038,-0.04047803580760956,0.0
42.0,1.5916554927825928,-0.033119574189186096,0.0
42.0,1.6037899255752563,-0.025954576209187508,0.0
42.0,1.6038928031921387,-0.01853938028216362,0.0
42.0,1.6159611940383911,-0.01120700966566801,0.0
42.0,1.6239956617355347,-0.003754192963242531,0.0
42.0,1.6239956617355347,0.0037541838828474283,0.0
42.0,1.6319607496261597,0.011317960917949677,0.0
42.0,1.6318910121917725,0.018863001838326454,0.0
42.0,1.643784761428833,0.026601815596222878,0.0
42.0,1.6436442136764526,0.03420136123895645,0.0
42.0,1.6534652709960938,0.042054433375597,0.0
42.0,1.6652477979660034,0.05005913972854614,0.0
42.0,1.6649985313415527,0.0577576644718647,0.0
42.0,1.6727075576782227,0.065769262611866,0.0
42.0,1.672385573387146,0.07350210845470428,0.0
42.0,1.4296185970306396,0.22998785972595215,0.0
42.0,1.4285399913787842,0.2365950644016266,0.0
42.0,1.4274308681488037,0.24319720268249512,0.0
42.0,1.4262912273406982,0.2497941553592682,0.0
42.0,1.4349631071090698,0.25815635919570923,0.0
42.0,1.4337542057037354,0.2647879719734192,0.0
42.0,1.4325146675109863,0.2714139223098755,0.0
42.0,1.4312444925308228,0.2780340909957886,0.0
42.0,1.4417129755020142,0.28699108958244324,0.0
42.0,1.4403706789016724,0.29365360736846924,0.0
42.0,1.452702283859253,0.3031699061393738,0.0
42.0,1.4649765491485596,0.31280648708343506,0.0
42.0,1.4635146856307983,0.3195762634277344,0.0
42.0,1.4756851196289062,0.32938912510871887,0.0
42.0,1.4741464853286743,0.3362082540988922,0.0
42.0,1.4862112998962402,0.3461962938308716,0.0
42.0,1.4982149600982666,0.35630300641059875,0.0
42.0,1.4965516328811646,0.3632260262966156,0.0
42.0,1.5162115097045898,0.3754290044307709,0.0
42.0,1.514459490776062,0.38243499398231506,0.0
42.0,1.5378541946411133,0.39591506123542786,0.0
42.0,1.536007285118103,0.4030208885669708,0.0
42.0,1.557313323020935,0.41631636023521423,0.0
42.0,1.5746692419052124,0.4287664294242859,0.0
42.0,1.5726701021194458,0.4360421299934387,0.0
42.0,1.5860357284545898,0.44765469431877136,0.0
42.0,1.583949089050293,0.454982727766037,0.0
42.0,1.5971862077713013,0.4667894244194031,0.0
42.0,1.5950109958648682,0.4741688370704651,0.0
42.0,1.6042882204055786,0.48501071333885193,0.0
42.0,1.617322564125061,0.49712368845939636,0.0
42.0,1.6150068044662476,0.5045958757400513,0.0
42.0,1.6260000467300415,0.5162941217422485,0.0
42.0,1.6235957145690918,0.5238062143325806,0.0
42.0,1.6344603300094604,0.5356671810150146,0.0
42.0,1.6319663524627686,0.543218195438385,0.0
42.0,1.6427001953125,0.5552404522895813,0.0
42.0,1.6533576250076294,0.567373514175415,0.0
42.0,1.650716781616211,0.5750115513801575,0.0
42.0,1.659354329109192,0.5866370797157288,0.0
42.0,1.656624436378479,0.5943025946617126,0.0
42.0,1.44148850440979,0.5246589183807373,0.0
42.0,1.4390474557876587,0.5313178300857544,0.0
42.0,1.4365755319595337,0.5379654169082642,0.0
42.0,1.4340729713439941,0.5446015000343323,0.0
42.0,1.4464709758758545,0.5569753050804138,0.0
42.0,1.4438804388046265,0.5636569261550903,0.0
42.0,1.4579962491989136,0.5769496560096741,0.0
42.0,1.4553132057189941,0.5836843848228455,0.0
42.0,1.467421531677246,0.5964311361312866,0.0
42.0,1.4646482467651367,0.6032091975212097,0.0
42.0,1.478455662727356,0.616905927658081,0.0
42.0,1.492167353630066,0.6307430267333984,0.0
42.0,1.4892351627349854,0.6376351118087769,0.0
42.0,1.50829017162323,0.6540619730949402,0.0
42.0,1.505250096321106,0.6610283851623535,0.0
42.0,1.5204523801803589,0.6761069297790527,0.0
42.0,1.5173102617263794,0.6831293106079102,0.0
42.0,1.5268747806549072,0.6959435343742371,0.0
42.0,1.5309048891067505,0.7063469886779785,0.0
42.0,1.5276228189468384,0.7134173512458801,0.0
42.0,1.5297328233718872,0.7230364680290222,0.0
42.0,1.5263735055923462,0.7301012873649597,0.0
42.0,1.52658212184906,0.7388931512832642,0.0
42.0,1.530334234237671,0.7494617700576782,0.0
42.0,1.5268528461456299,0.7565290927886963,0.0
42.0,1.528702735900879,0.7662689089775085,0.0
42.0,1.5251436233520508,0.7733284831047058,0.0
42.0,1.5268906354904175,0.7831096053123474,0.0
42.0,1.5232537984848022,0.7901606559753418,0.0
42.0,1.524897575378418,0.7999821901321411,0.0
42.0,1.528249740600586,0.8107730150222778,0.0
42.0,1.5244848728179932,0.8178300261497498,0.0
42.0,1.5259613990783691,0.8277303576469421,0.0
42.0,1.5221182107925415,0.8347765803337097,0.0
42.0,1.5217407941818237,0.8437446355819702,0.0
42.0,1.517823576927185,0.8507711887359619,0.0
42.0,1.5138739347457886,0.8577795624732971,0.0
42.0,1.5098918676376343,0.8647696375846863,0.0
42.0,1.5058776140213013,0.8717411756515503,0.0
42.0,1.4828424453735352,0.8675841689109802,0.0
42.0,1.2517163753509521,1.1265265941619873,0.0
42.0,1.2464946508407593,1.1323018074035645,0.0
42.0,1.241246223449707,1.1380527019500732,0.0
42.0,1.2359713315963745,1.1437792778015137,0.0
42.0,1.2189770936965942,1.1385599374771118,0.0
42.0,1.2137001752853394,1.1441835165023804,0.0
42.0,1.2083971500396729,1.149782657623291,0.0
42.0,1.1987407207489014,1.1512012481689453,0.0
42.0,1.1934055089950562,1.1567312479019165,0.0
42.0,1.185185432434082,1.159439206123352,0.0
42.0,1.1741195917129517,1.159285545349121,0.0
42.0,1.1687471866607666,1.1647015810012817,0.0
42.0,1.1562992334365845,1.163001298904419,0.0
42.0,1.1509099006652832,1.1683348417282104,0.0
42.0,1.1329234838485718,1.1607619524002075,0.0
42.0,0.9472625255584717,1.2993682622909546,0.0
42.0,0.9412449598312378,1.3037339448928833,0.0
42.0,0.9352072477340698,1.3080717325210571,0.0
42.0,0.9291495680809021,1.3123815059661865,0.0
42.0,0.9184795618057251,1.310112714767456,0.0
42.0,0.9124126434326172,1.3143452405929565,0.0
42.0,0.9029273986816406,1.3136049509048462,0.0
42.0,0.8968445062637329,1.317765474319458,0.0
42.0,0.8896247744560242,1.3202393054962158,0.0
42.0,0.8835113048553467,1.3243381977081299,0.0
42.0,0.8773789405822754,1.3284088373184204,0.0
42.0,0.8701333403587341,1.3307772874832153,0.0
42.0,0.8639713525772095,1.3347859382629395,0.0
42.0,0.8567119836807251,1.3370821475982666,0.0
42.0,0.8505209684371948,1.3410288095474243,0.0
42.0,0.8443118333816528,1.3449467420578003,0.0
42.0,0.8380845785140991,1.3488359451293945,0.0
42.0,0.8318394422531128,1.3526962995529175,0.0
42.0,0.8255765438079834,1.3565278053283691,0.0
42.0,0.8192960023880005,1.3603302240371704,0.0
42.0,0.8119739294052124,1.3623855113983154,0.0
42.0,0.805666446685791,1.3661249876022339,0.0
42.0,0.7993417382240295,1.3698352575302124,0.0
42.0,0.7929999232292175,1.373516321182251,0.0
42.0,0.7866411805152893,1.3771679401397705,0.0
42.0,0.7802656292915344,1.380790114402771,0.0
42.0,0.7738733887672424,1.3843828439712524,0.0
42.0,0.7674645781517029,1.3879460096359253,0.0
42.0,0.7610393762588501,1.3914793729782104,0.0
42.0,0.7545979619026184,1.3949830532073975,0.0
42.0,0.7481403350830078,1.3984569311141968,0.0
42.0,0.7416667342185974,1.4019010066986084,0.0
42.0,0.7342502474784851,1.4035428762435913,0.0
42.0,0.7277532815933228,1.4069225788116455,0.0
42.0,0.7212408185005188,1.410272240638733,0.0
42.0,0.4818897247314453,0.9531034827232361,0.0
42.0,0.47747802734375,0.9553212523460388,0.0
42.0,0.4730561077594757,0.9575185775756836,0.0
42.0,0.46423622965812683,0.9507095813751221,0.0
42.0,0.45983579754829407,0.9528457522392273,0.0
42.0,0.45370370149612427,0.9513511657714844,0.0
42.0,0.4493004083633423,0.9534386396408081,0.0
42.0,0.443199098110199,0.9518794417381287,0.0
42.0,0.43879345059394836,0.9539183378219604,0.0
42.0,0.4327237010002136,0.9522952437400818,0.0
42.0,0.4274972975254059,0.9524610638618469,0.0
42.0,0.4230891466140747,0.9544273614883423,0.0
42.0,0.4162657856941223,0.9508768320083618,0.0
42.0,0.41186508536338806,0.9527912139892578,0.0
42.0,0.4058854281902313,0.9510063529014587,0.0
42.0,0.39993107318878174,0.9491865038871765,0.0
42.0,0.3955383598804474,0.9510254263877869,0.0
42.0,0.3903777003288269,0.9509938359260559,0.0
42.0,0.38597673177719116,0.9527885317802429,0.0
42.0,0.3800828456878662,0.9508486390113831,0.0
42.0,0.3749488592147827,0.9507350921630859,0.0
42.0,0.3705492615699768,0.9524585008621216,0.0
42.0,0.36470869183540344,0.9504270553588867,0.0
42.0,0.3603106141090393,0.9521030783653259,0.0
42.0,0.35450640320777893,0.9500111937522888,0.0
42.0,0.3487292230129242,0.9478859901428223,0.0
42.0,0.34434306621551514,0.9494881629943848,0.0
42.0,0.3399495482444763,0.9510700702667236,0.0
42.0,0.3355487883090973,0.9526315927505493,0.0
42.0,0.3298293948173523,0.9503939747810364,0.0
42.0,0.32543182373046875,0.9519087076187134,0.0
42.0,0.319112628698349,0.9477167725563049,0.0
42.0,0.31409814953804016,0.9472836852073669,0.0
42.0,0.3097151219844818,0.9487257599830627,0.0
42.0,0.304713636636734,0.9482434391975403,0.0
42.0,0.30032628774642944,0.9496421217918396,0.0
42.0,0.29533830285072327,0.9491108059883118,0.0
42.0,0.2903616428375244,0.9485536813735962,0.0
42.0,0.2859730124473572,0.9498860239982605,0.0
42.0,0.28044286370277405,0.9473625421524048,0.0
42.0,0.2760598659515381,0.948648989200592,0.0
42.0,0.2711210250854492,0.9479922652244568,0.0
42.0,0.2667351961135864,0.9492356777191162,0.0
42.0,0.2618115544319153,0.9485308527946472,0.0
42.0,0.2569001317024231,0.9478007555007935,0.0
42.0,0.25251534581184387,0.9489783644676208,0.0
42.0,0.24711446464061737,0.9462655186653137,0.0
42.0,0.24224050343036652,0.9454604983329773,0.0
42.0,0.23786669969558716,0.9465703368186951,0.0
42.0,0.23300933837890625,0.9457180500030518,0.0
42.0,0.22863443195819855,0.9467852115631104,0.0
42.0,0.22379417717456818,0.9458858966827393,0.0
42.0,0.21941860020160675,0.9469105005264282,0.0
42.0,0.21459588408470154,0.9459643959999084,0.0
42.0,0.20978659391403198,0.9449939727783203,0.0
42.0,0.2054152935743332,0.9459537863731384,0.0
42.0,0.20103959739208221,0.9468933939933777,0.0
42.0,0.1966596096754074,0.9478127360343933,0.0
42.0,0.19187815487384796,0.9467517137527466,0.0
42.0,0.18711072206497192,0.9456667304039001,0.0
42.0,0.18273654580116272,0.9465216994285583,0.0
42.0,0.1779884397983551,0.9453909993171692,0.0
42.0,0.17361563444137573,0.9462038278579712,0.0
42.0,0.16888727247714996,0.9450275301933289,0.0
42.0,0.16451625525951385,0.9457982778549194,0.0
42.0,0.15980809926986694,0.9445767998695374,0.0
42.0,0.15543925762176514,0.945305585861206,0.0
42.0,0.1510670930147171,0.9460141062736511,0.0
42.0,0.14638546109199524,0.9447259902954102,0.0
42.0,0.14201606810092926,0.9453927278518677,0.0
42.0,0.13764365017414093,0.9460391998291016,0.0
42.0,0.13298949599266052,0.9446850419044495,0.0
42.0,0.1286204308271408,0.9452897906303406,0.0
42.0,0.12424863874912262,0.9458743333816528,0.0
42.0,0.11987417936325073,0.9464386701583862,0.0
42.0,0.11525502800941467,0.9449975490570068,0.0
42.0,0.11065176874399185,0.9435338973999023,0.0
42.0,0.10628827661275864,0.9440353512763977,0.0
42.0,0.10192251205444336,0.9445167183876038,0.0
42.0,0.09755457192659378,0.9449778199195862,0.0
42.0,0.09298837184906006,0.9434283971786499,0.0
42.0,0.08862555772066116,0.9438482522964478,0.0
42.0,0.08408308029174805,0.9422557950019836,0.0
42.0,0.07972577959299088,0.9426344633102417,0.0
42.0,0.0753667801618576,0.9429929852485657,0.0
42.0,0.0710061639547348,0.9433313608169556,0.0
42.0,0.06664403527975082,0.9436495900154114,0.0
42.0,0.0621488057076931,0.9419519901275635,0.0
42.0,0.05779314786195755,0.9422292709350586,0.0
42.0,0.05343625321984291,0.9424864053726196,0.0
42.0,0.049078214913606644,0.9427233338356018,0.0
42.0,0.04471912980079651,0.9429401755332947,0.0
42.0,0.04035909101366997,0.9431368708610535,0.0
42.0,0.035921916365623474,0.9413148164749146,0.0
42.0,0.03156948462128639,0.9414708018302917,0.0
42.0,0.02721637673676014,0.9416067004203796,0.0
42.0,0.022862685844302177,0.9417225122451782,0.0
42.0,0.018508508801460266,0.941818118095398,0.0
42.0,0.014153935015201569,0.9418936371803284,0.0
42.0,0.009799058549106121,0.9419490098953247,0.0
42.0,0.005443972535431385,0.941984236240387,0.0
42.0,0.0010887705720961094,0.9419993162155151,0.0
42.0,-0.0032664549071341753,0.941994309425354,0.0
42.0,-0.007621610537171364,0.9419691562652588,0.0
42.0,-0.011976603418588638,0.9419238567352295,0.0
42.0,-0.01633133925497532,0.9418584108352661,0.0
42.0,-0.020685726776719093,0.9417728185653687,0.0
42.0,-0.0250396728515625,0.9416671395301819,0.0
42.0,-0.029393082484602928,0.941541314125061,0.0
42.0,-0.033745866268873215,0.9413953423500061,0.0
42.0,-0.03809792548418045,0.9412292242050171,0.0
42.0,-0.04244917258620262,0.9410430192947388,0.0
42.0,-0.04679951071739197,0.9408367276191711,0.0
42.0,-0.05114884674549103,0.9406102895736694,0.0
42.0,-0.05549709498882294,0.9403637647628784,0.0
42.0,-0.05984415113925934,0.9400971531867981,0.0
42.0,-0.06418993324041367,0.9398103952407837,0.0
42.0,-0.06853433698415756,0.9395036101341248,0.0
42.0,-0.07287728041410446,0.9391766786575317,0.0
42.0,-0.07738261669874191,0.9408230185508728,0.0
42.0,-0.08173156529664993,0.9404551982879639,0.0
42.0,-0.08607876300811768,0.9400672912597656,0.0
42.0,-0.09042412787675858,0.9396592378616333,0.0
42.0,-0.09476755559444427,0.9392311573028564,0.0
42.0,-0.09931892901659012,0.9407718777656555,0.0
42.0,-0.10366740822792053,0.9403026103973389,0.0
42.0,-0.10801366716623306,0.9398132562637329,0.0
42.0,-0.11235762387514114,0.9393038749694824,0.0
42.0,-0.11645245552062988,0.9367896318435669,0.0
42.0,-0.12103822827339172,0.9382247924804688,0.0
42.0,-0.1253746896982193,0.9376551508903503,0.0
42.0,-0.12998270988464355,0.9390466213226318,0.0
42.0,-0.1343228816986084,0.9384356141090393,0.0
42.0,-0.13866019248962402,0.9378045797348022,0.0
42.0,-0.1438995599746704,0.9430847764015198,0.0
42.0,-0.1482582539319992,0.9424093961715698,0.0
42.0,-0.1522938311100006,0.9397396445274353,0.0
42.0,-0.15663696825504303,0.9390255212783813,0.0
42.0,-0.16063857078552246,0.9363200664520264,0.0
42.0,-0.16496580839157104,0.935567319393158,0.0
42.0,-0.17035871744155884,0.9406986236572266,0.0
42.0,-0.1747061014175415,0.9399009346961975,0.0
42.0,-0.17904974520206451,0.9390831589698792,0.0
42.0,-0.1833895593881607,0.9382452964782715,0.0
42.0,-0.18772545456886292,0.9373874068260193,0.0
42.0,-0.1924591362476349,0.9384686946868896,0.0
42.0,-0.19720681011676788,0.9395262002944946,0.0
42.0,-0.2015484869480133,0.9386043548583984,0.0
42.0,-0.2058858424425125,0.9376624822616577,0.0
42.0,-0.21021881699562073,0.9367005825042725,0.0
42.0,-0.21499426662921906,0.9376680850982666,0.0
42.0,-0.2193271517753601,0.9366641044616699,0.0
42.0,-0.2236553579568863,0.9356400370597839,0.0
42.0,-0.22845274209976196,0.9365389943122864,0.0
42.0,-0.23278026282787323,0.9354727864265442,0.0
42.0,-0.23808665573596954,0.9382636547088623,0.0
42.0,-0.24242204427719116,0.9371528625488281,0.0
42.0,-0.24726209044456482,0.9379560351371765,0.0
42.0,-0.2521147131919861,0.9387343525886536,0.0
42.0,-0.25645214319229126,0.9375587105751038,0.0
42.0,-0.26132068037986755,0.9382896423339844,0.0
42.0,-0.2656559348106384,0.9370714426040649,0.0
42.0,-0.27053990960121155,0.9377548694610596,0.0
42.0,-0.2754358649253845,0.9384130239486694,0.0
42.0,-0.2797715663909912,0.937129557132721,0.0
42.0,-0.2852632403373718,0.9396535754203796,0.0
42.0,-0.2896045744419098,0.9383246898651123,0.0
42.0,-0.2939396798610687,0.9369757175445557,0.0
42.0,-0.29826852679252625,0.9356066584587097,0.0
42.0,-0.30320730805397034,0.9361203908920288,0.0
42.0,-0.30753210186958313,0.9347085356712341,0.0
42.0,-0.31311798095703125,0.9370704889297485,0.0
42.0,-0.31808966398239136,0.9375067949295044,0.0
42.0,-0.32242071628570557,0.9360260963439941,0.0
42.0,-0.3274049460887909,0.9364133477210999,0.0
42.0,-0.33173084259033203,0.9348896145820618,0.0
42.0,-0.33672717213630676,0.9352276921272278,0.0
42.0,-0.3417336642742157,0.9355394840240479,0.0
42.0,-0.34605535864830017,0.9339494705200195,0.0
42.0,-0.35177677869796753,0.9360839128494263,0.0
42.0,-0.3561008870601654,0.9344475269317627,0.0
42.0,-0.3611381947994232,0.9346566796302795,0.0
42.0,-0.3669145405292511,0.9367015361785889,0.0
42.0,-0.37124133110046387,0.934995174407959,0.0
42.0,-0.3778000771999359,0.9388349056243896,0.0
42.0,-0.38213664293289185,0.9370781779289246,0.0
42.0,-0.3879925608634949,0.9389983415603638,0.0
42.0,-0.39232975244522095,0.9371944665908813,0.0
42.0,-0.3974393904209137,0.937211811542511,0.0
42.0,-0.40255752205848694,0.9372019171714783,0.0
42.0,-0.4068862497806549,0.9353306889533997,0.0
42.0,-0.41201257705688477,0.9352697730064392,0.0
42.0,-0.41633227467536926,0.933354914188385,0.0
42.0,-0.42146629095077515,0.9332428574562073,0.0
42.0,-0.4274396598339081,0.9349220991134644,0.0
42.0,-0.4317575991153717,0.932935893535614,0.0
42.0,-0.4377630352973938,0.934552013874054,0.0
42.0,-0.4420791268348694,0.9325180649757385,0.0
42.0,-0.4472509026527405,0.9322674870491028,0.0
42.0,-0.45155635476112366,0.9301897287368774,0.0
42.0,-0.45761555433273315,0.9316823482513428,0.0
42.0,-0.4654782712459564,0.9367208480834961,0.0
42.0,-0.4698041081428528,0.9345588088035583,0.0
42.0,-0.4759329557418823,0.9359421730041504,0.0
42.0,-0.4802550673484802,0.933731734752655,0.0
42.0,-0.48548996448516846,0.9332757592201233,0.0
42.0,-0.4897996485233307,0.9310211539268494,0.0
42.0,-0.49691689014434814,0.9340436458587646,0.0
42.0,-0.5021774768829346,0.9334975481033325,0.0
42.0,-0.506488025188446,0.9311658143997192,0.0
42.0,-1.1033830642700195,1.963173508644104,0.0
42.0,-1.112447738647461,1.9580512046813965,0.0
42.0,-1.1214886903762817,1.952886939048767,0.0
42.0,-1.1305055618286133,1.9476810693740845,0.0
42.0,-1.143546223640442,1.949333667755127,0.0
42.0,-1.1525465250015259,1.9440258741378784,0.0
42.0,-1.167689561843872,1.9489703178405762,0.0
42.0,-1.1808311939239502,1.9503942728042603,0.0
42.0,-1.1898359060287476,1.9449139833450317,0.0
42.0,-1.205124855041504,1.9495995044708252,0.0
42.0,-1.2141257524490356,1.9440069198608398,0.0
42.0,-1.2273696660995483,1.9451384544372559,0.0
42.0,-1.2363497018814087,1.9394429922103882,0.0
42.0,-1.251800537109375,1.9437952041625977,0.0
42.0,-1.267317771911621,1.9480454921722412,0.0
42.0,-1.276310682296753,1.9421653747558594,0.0
42.0,-1.2919130325317383,1.9462416172027588,0.0
42.0,-1.3008973598480225,1.940247893333435,0.0
42.0,-1.3165827989578247,1.9441486597061157,0.0
42.0,-1.332331657409668,1.947945475578308,0.0
42.0,-1.3413234949111938,1.9417648315429688,0.0
42.0,-1.3548640012741089,1.9421039819717407,0.0
42.0,-1.3638285398483276,1.935819149017334,0.0
42.0,-1.379720687866211,1.9392708539962769,0.0
42.0,-1.3980073928833008,1.9458651542663574,0.0
42.0,-1.4069888591766357,1.9393807649612427,0.0
42.0,-1.4230319261550903,1.9425355195999146,0.0
42.0,-1.4319977760314941,1.9359354972839355,0.0
42.0,-1.4481137990951538,1.9389086961746216,0.0
42.0,-1.4570626020431519,1.9321928024291992,0.0
42.0,-1.4732495546340942,1.9349831342697144,0.0
42.0,-1.4919310808181763,1.9408363103866577,0.0
42.0,-1.5008883476257324,1.933917760848999,0.0
42.0,-1.5172146558761597,1.9364038705825806,0.0
42.0,-1.526151180267334,1.929368495941162,0.0
42.0,-1.5325590372085571,1.9191663265228271,0.0
42.0,-1.526352882385254,1.8933753967285156,0.0
42.0,-1.5350903272628784,1.8862982988357544,0.0
42.0,-1.526021122932434,1.8575456142425537,0.0
42.0,-1.5345929861068726,1.8504704236984253,0.0
42.0,-1.5277262926101685,1.8249528408050537,0.0
42.0,-1.5361474752426147,1.817870020866394,0.0
42.0,-1.5289604663848877,1.792488694190979,0.0
42.0,-1.5215721130371094,1.767213225364685,0.0
42.0,-1.5297263860702515,1.7601594924926758,0.0
42.0,-1.5193830728530884,1.732019305229187,0.0
42.0,-1.5273746252059937,1.7249760627746582,0.0
42.0,-1.5220059156417847,1.7029837369918823,0.0
42.0,-1.5164668560028076,1.6810781955718994,0.0
42.0,-1.5242228507995605,1.6740490198135376,0.0
42.0,-1.5157066583633423,1.649312973022461,0.0
42.0,-1.5233159065246582,1.6422876119613647,0.0
42.0,-1.517223834991455,1.6206270456314087,0.0
42.0,-1.5109643936157227,1.5990581512451172,0.0
42.0,-1.518341302871704,1.592055320739746,0.0
42.0,-1.5118157863616943,1.570609211921692,0.0
42.0,-1.5190612077713013,1.5636026859283447,0.0
42.0,-1.5094709396362305,1.5394262075424194,0.0
42.0,-1.502503752708435,1.5182154178619385,0.0
42.0,-1.5095069408416748,1.511252522468567,0.0
42.0,-1.505118489265442,1.4929895401000977,0.0
42.0,-1.512005090713501,1.4860148429870605,0.0
42.0,-1.5073963403701782,1.4678462743759155,0.0
42.0,-1.4997735023498535,1.446974754333496,0.0
42.0,-1.5064473152160645,1.4400253295898438,0.0
42.0,-1.5014722347259521,1.422042727470398,0.0
42.0,-1.5080307722091675,1.4150856733322144,0.0
42.0,-1.5013742446899414,1.3958420753479004,0.0
42.0,-1.5078116655349731,1.388885736465454,0.0
42.0,-1.5023986101150513,1.3711141347885132,0.0
42.0,-1.4983372688293457,1.3547639846801758,0.0
42.0,-1.504584789276123,1.3478220701217651,0.0
42.0,-1.498833417892456,1.3302308320999146,0.0
42.0,-1.4929519891738892,1.312721848487854,0.0
42.0,-1.4990051984786987,1.3058053255081177,0.0
42.0,-1.4944275617599487,1.289713978767395,0.0
42.0,-1.500374436378479,1.2827908992767334,0.0
42.0,-1.4956063032150269,1.2667919397354126,0.0
42.0,-1.5014472007751465,1.2598636150360107,0.0
42.0,-1.4964898824691772,1.2439590692520142,0.0
42.0,-1.4914177656173706,1.2281274795532227,0.0
42.0,-1.4970799684524536,1.2212189435958862,0.0
42.0,-1.4918208122253418,1.205485224723816,0.0
42.0,-1.4973783493041992,1.1985750198364258,0.0
42.0,-1.4919337034225464,1.182941198348999,0.0
42.0,-1.4879496097564697,1.1686187982559204,0.0
42.0,-1.4933366775512695,1.161726951599121,0.0
42.0,-1.4891862869262695,1.1474859714508057,0.0
42.0,-1.4944757223129272,1.140588641166687,0.0
42.0,-1.4885648488998413,1.1252247095108032,0.0
42.0,-1.482544183731079,1.1099400520324707,0.0
42.0,-1.4876599311828613,1.1030738353729248,0.0
42.0,-1.4830718040466309,1.0890812873840332,0.0
42.0,-1.488091230392456,1.0822129249572754,0.0
42.0,-1.4849642515182495,1.0694772005081177,0.0
42.0,-1.4801230430603027,1.0556323528289795,0.0
42.0,-1.4849878549575806,1.0487778186798096,0.0
42.0,-1.4799870252609253,1.035023808479309,0.0
42.0,-1.484756588935852,1.0281702280044556,0.0
42.0,-1.481246829032898,1.0156396627426147,0.0
42.0,-1.4776531457901,1.0031635761260986,0.0
42.0,-1.482275366783142,0.9963211417198181,0.0
42.0,-1.4768757820129395,0.98280930519104,0.0
42.0,-1.4814038276672363,0.9759706854820251,0.0
42.0,-1.4775242805480957,0.9636483192443848,0.0
42.0,-1.481963872909546,0.9568068385124207,0.0
42.0,-1.4779454469680786,0.9445596933364868,0.0
42.0,-1.4738457202911377,0.9323703646659851,0.0
42.0,-1.4781407117843628,0.9255462884902954,0.0
42.0,-1.473904013633728,0.913434624671936,0.0
42.0,-1.4695872068405151,0.9013820290565491,0.0
42.0,-1.4737389087677002,0.8945779204368591,0.0
42.0,-1.4692867994308472,0.8826053142547607,0.0
42.0,-1.4733517169952393,0.8758028149604797,0.0
42.0,-1.470489501953125,0.8649256825447083,0.0
42.0,-1.4744726419448853,0.8581178188323975,0.0
42.0,-1.4697582721710205,0.8463016152381897,0.0
42.0,-1.4684420824050903,0.8365274667739868,0.0
42.0,-1.4722938537597656,0.8297293782234192,0.0
42.0,-1.46912682056427,0.8190180659294128,0.0
42.0,-1.4728976488113403,0.8122169971466064,0.0
42.0,-1.4696139097213745,0.8015679121017456,0.0
42.0,-1.4645030498504639,0.7900170683860779,0.0
42.0,-1.468139886856079,0.7832376956939697,0.0
42.0,-1.4646697044372559,0.7727086544036865,0.0
42.0,-1.4682265520095825,0.7659286856651306,0.0
42.0,-1.4646421670913696,0.755465030670166,0.0
42.0,-1.4681192636489868,0.748685359954834,0.0
42.0,-1.4644215106964111,0.7382882833480835,0.0
42.0,-1.462449073791504,0.7288335561752319,0.0
42.0,-1.4658031463623047,0.7220643162727356,0.0
42.0,-1.4619331359863281,0.7117776870727539,0.0
42.0,-1.4598016738891602,0.7024095058441162,0.0
42.0,-1.4630335569381714,0.6956527829170227,0.0
42.0,-1.4589935541152954,0.6854793429374695,0.0
42.0,-1.4621471166610718,0.6787264943122864,0.0
42.0,-1.4598156213760376,0.6694580912590027,0.0
42.0,-1.4574298858642578,0.6602258682250977,0.0
42.0,-1.460466742515564,0.653480589389801,0.0
42.0,-1.457984447479248,0.6442961096763611,0.0
42.0,-1.4609476327896118,0.6375483870506287,0.0
42.0,-1.4565327167510986,0.6276212334632874,0.0
42.0,-1.4594188928604126,0.6208804845809937,0.0
42.0,-1.4567419290542603,0.6118031144142151,0.0
42.0,-1.4558597803115845,0.603529691696167,0.0
42.0,-1.458634614944458,0.5967922806739807,0.0
42.0,-1.4539600610733032,0.5870469212532043,0.0
42.0,-1.4566586017608643,0.5803184509277344,0.0
42.0,-1.4537420272827148,0.5713827610015869,0.0
42.0,-1.4526386260986328,0.5632094740867615,0.0
42.0,-1.455227017402649,0.5564873814582825,0.0
42.0,-1.4521703720092773,0.5476362705230713,0.0
42.0,-1.4546867609024048,0.5409165024757385,0.0
42.0,-1.4515385627746582,0.5321199893951416,0.0
42.0,-1.4539833068847656,0.5254032611846924,0.0
42.0,-1.45074462890625,0.5166623592376709,0.0
42.0,-1.4493435621261597,0.5086249709129333,0.0
42.0,-1.4516795873641968,0.5019186735153198,0.0
42.0,-1.4501981735229492,0.49391207098960876,0.0
42.0,-1.4467778205871582,0.4852938950061798,0.0
42.0,-1.4490059614181519,0.4785997271537781,0.0
42.0,-1.4473992586135864,0.4706583619117737,0.0
42.0,-1.4495598077774048,0.4639614522457123,0.0
42.0,-1.4459666013717651,0.4554520845413208,0.0
42.0,-1.448056936264038,0.4487619698047638,0.0
42.0,-1.4462900161743164,0.44089585542678833,0.0
42.0,-1.4444814920425415,0.43305572867393494,0.0
42.0,-1.4464682340621948,0.4263727366924286,0.0
42.0,-1.4445819854736328,0.41856738924980164,0.0
42.0,-1.4465017318725586,0.411884069442749,0.0
42.0,-1.4445385932922363,0.40411433577537537,0.0
42.0,-1.4425344467163086,0.3963715732097626,0.0
42.0,-1.4443516731262207,0.38969796895980835,0.0
42.0,-1.4422712326049805,0.3819918930530548,0.0
42.0,-1.4440218210220337,0.3753196597099304,0.0
42.0,-1.4418656826019287,0.367651104927063,0.0
42.0,-1.4435501098632812,0.3609808683395386,0.0
42.0,-1.4413186311721802,0.35335052013397217,0.0
42.0,-1.4409922361373901,0.34621575474739075,0.0
42.0,-1.4425774812698364,0.33954980969429016,0.0
42.0,-1.4402341842651367,0.3319781720638275,0.0
42.0,-1.4417537450790405,0.3253158926963806,0.0
42.0,-1.4412893056869507,0.31821542978286743,0.0
42.0,-1.436880350112915,0.31028199195861816,0.0
42.0,-1.438299536705017,0.3036354184150696,0.0
42.0,-1.4357703924179077,0.2961742579936981,0.0
42.0,-1.4371243715286255,0.28953298926353455,0.0
42.0,-1.4364852905273438,0.28249961137771606,0.0
42.0,-1.4358118772506714,0.275478333234787,0.0
42.0,-1.4370701313018799,0.2688370943069458,0.0
42.0,-1.4363301992416382,0.26183146238327026,0.0
42.0,-1.4375253915786743,0.2551879584789276,0.0
42.0,-1.4347481727600098,0.24785807728767395,0.0
42.0,-1.4358787536621094,0.2412220537662506,0.0
42.0,-1.4350048303604126,0.23425865173339844,0.0
42.0,-1.4340972900390625,0.2273084968328476,0.0
42.0,-1.4351328611373901,0.22067570686340332,0.0
42.0,-1.4321813583374023,0.21344853937625885,0.0
42.0,-1.4331529140472412,0.20682474970817566,0.0
42.0,-1.4321130514144897,0.19992002844810486,0.0
42.0,-1.4310400485992432,0.19302935898303986,0.0
42.0,-1.4319171905517578,0.186411052942276,0.0
42.0,-1.4307793378829956,0.1795397698879242,0.0
42.0,-1.4315941333770752,0.17292281985282898,0.0
42.0,-1.4303916692733765,0.16607153415679932,0.0
42.0,-1.4291564226150513,0.15923504531383514,0.0
42.0,-1.4298774003982544,0.15262581408023834,0.0
42.0,-1.4285781383514404,0.14581026136875153,0.0
42.0,-1.4292370080947876,0.13920384645462036,0.0
42.0,-1.4298652410507202,0.13259446620941162,0.0
42.0,-1.4264785051345825,0.12563133239746094,0.0
42.0,-1.4270440340042114,0.11903484910726547,0.0
42.0,-1.4255852699279785,0.1122787743806839,0.0
42.0,-1.4260891675949097,0.10568656772375107,0.0
42.0,-1.4245673418045044,0.09895350784063339,0.0
42.0,-1.4250096082687378,0.09236614406108856,0.0
42.0,-1.4254214763641357,0.08577680587768555,0.0
42.0,-1.4258028268814087,0.07918563485145569,0.0
42.0,-1.4261536598205566,0.07259277254343033,0.0
42.0,-1.424476146697998,0.06590592116117477,0.0
42.0,-1.424765706062317,0.05931933596730232,0.0
42.0,-1.4230260848999023,0.05265752226114273,0.0
42.0,-1.423254370689392,0.04607778042554855,0.0
42.0,-1.4234521389007568,0.039497051388025284,0.0
42.0,-1.4236195087432861,0.03291548043489456,0.0
42.0,-1.42375648021698,0.02633320540189743,0.0
42.0,-1.421863317489624,0.019722629338502884,0.0
42.0,-1.4219392538070679,0.013148615136742592,0.0
42.0,-1.4219849109649658,0.006574319209903479,0.0
43.0,-1.4220000505447388,1.2431519280653447e-07,0.0
43.0,-1.4199848175048828,-0.006565064657479525,0.0
43.0,-1.4199392795562744,-0.013130112551152706,0.0
43.0,-1.4198633432388306,-0.01969487965106964,0.0
43.0,-1.4197571277618408,-0.026259226724505424,0.0
43.0,-1.4196205139160156,-0.03282301127910614,0.0
43.0,-1.4194536209106445,-0.039386097341775894,0.0
43.0,-1.419256329536438,-0.0459483377635479,0.0
43.0,-1.4210275411605835,-0.05258355662226677,0.0
43.0,-1.420769214630127,-0.059152934700250626,0.0
43.0,-1.420480489730835,-0.0657210499048233,0.0
43.0,-1.420161485671997,-0.07228775322437286,0.0
43.0,-1.4198120832443237,-0.07885292172431946,0.0
43.0,-1.4194324016571045,-0.08541639894247055,0.0
43.0,-1.4190223217010498,-0.0919780507683754,0.0
43.0,-1.4185818433761597,-0.09853773564100266,0.0
43.0,-1.4201055765151978,-0.10524312406778336,0.0
43.0,-1.4196038246154785,-0.1118076741695404,0.0
43.0,-1.4190717935562134,-0.11836984008550644,0.0
43.0,-1.4185093641281128,-0.12492947280406952,0.0
43.0,-1.4179165363311768,-0.1314864307641983,0.0
43.0,-1.4172935485839844,-0.13804058730602264,0.0
43.0,-1.4166401624679565,-0.1445917785167694,0.0
43.0,-1.417945146560669,-0.1513521671295166,0.0
43.0,-1.417230248451233,-0.15790623426437378,0.0
43.0,-1.416485071182251,-0.16445693373680115,0.0
43.0,-1.4137240648269653,-0.1707642823457718,0.0
43.0,-1.4129194021224976,-0.1772986203432083,0.0
43.0,-1.4160510301589966,-0.184345543384552,0.0
43.0,-1.415183663368225,-0.19089050590991974,0.0
43.0,-1.416266679763794,-0.1977079063653946,0.0
43.0,-1.4153375625610352,-0.20425371825695038,0.0
43.0,-1.414378046989441,-0.21079516410827637,0.0
43.0,-1.415365219116211,-0.2176360934972763,0.0
43.0,-1.4143438339233398,-0.2241775244474411,0.0
43.0,-1.4152661561965942,-0.23103637993335724,0.0
43.0,-1.4141827821731567,-0.23757721483707428,0.0
43.0,-1.4130693674087524,-0.24411296844482422,0.0
43.0,-1.413894772529602,-0.2509930729866028,0.0
43.0,-1.4127192497253418,-0.25752735137939453,0.0
43.0,-1.4134793281555176,-0.2644239068031311,0.0
43.0,-1.4122416973114014,-0.2709560990333557,0.0
43.0,-1.4129364490509033,-0.27786847949028015,0.0
43.0,-1.4116365909576416,-0.28439804911613464,0.0
43.0,-1.410306692123413,-0.29092150926589966,0.0
43.0,-1.4109033346176147,-0.29785189032554626,0.0
43.0,-1.4095112085342407,-0.30437183380126953,0.0
43.0,-1.4100419282913208,-0.31131646037101746,0.0
43.0,-1.4085874557495117,-0.3178322911262512,0.0
43.0,-1.409051775932312,-0.3247905373573303,0.0
43.0,-1.4133756160736084,-0.33267632126808167,0.0
43.0,-1.4118224382400513,-0.33920735120773315,0.0
43.0,-1.4121814966201782,-0.34620729088783264,0.0
43.0,-1.410565733909607,-0.35273265838623047,0.0
43.0,-1.4089198112487793,-0.3592504560947418,0.0
43.0,-1.4072438478469849,-0.36576056480407715,0.0
43.0,-1.4074710607528687,-0.3727749288082123,0.0
43.0,-1.4076634645462036,-0.3797991871833801,0.0
43.0,-1.4058924913406372,-0.38630327582359314,0.0
43.0,-1.407943606376648,-0.3938767611980438,0.0
43.0,-1.4061075448989868,-0.40038201212882996,0.0
43.0,-1.4061622619628906,-0.40743526816368103,0.0
43.0,-1.4042636156082153,-0.4139321446418762,0.0
43.0,-1.4061663150787354,-0.4215688407421112,0.0
43.0,-1.4080283641815186,-0.4292319416999817,0.0
43.0,-1.4060288667678833,-0.4357371926307678,0.0
43.0,-1.4059067964553833,-0.4428339898586273,0.0
43.0,-1.4038443565368652,-0.44932928681373596,0.0
43.0,-1.4055559635162354,-0.45705196261405945,0.0
43.0,-1.4053269624710083,-0.46417272090911865,0.0
43.0,-1.4031658172607422,-0.4706651270389557,0.0
43.0,-1.4047611951828003,-0.47843700647354126,0.0
43.0,-1.4025341272354126,-0.48492664098739624,0.0
43.0,-1.4040515422821045,-0.4927304685115814,0.0
43.0,-1.4036425352096558,-0.499887615442276,0.0
43.0,-1.4013164043426514,-0.5063718557357788,0.0
43.0,-1.402715802192688,-0.5142219662666321,0.0
43.0,-1.4003233909606934,-0.5207017660140991,0.0
43.0,-1.403515100479126,-0.529287576675415,0.0
43.0,-1.4010529518127441,-0.5357708930969238,0.0
43.0,-1.4022904634475708,-0.5436887145042419,0.0
43.0,-1.403484582901001,-0.5516294836997986,0.0
43.0,-1.4009191989898682,-0.558112382888794,0.0
43.0,-1.4020328521728516,-0.5660809278488159,0.0
43.0,-1.3994007110595703,-0.5725570321083069,0.0
43.0,-1.4004337787628174,-0.5805526971817017,0.0
43.0,-1.4032665491104126,-0.5893445014953613,0.0
43.0,-1.400526762008667,-0.5958260297775269,0.0
43.0,-1.401430606842041,-0.6038777232170105,0.0
43.0,-1.3986237049102783,-0.6103506088256836,0.0
43.0,-1.3994455337524414,-0.6184272170066833,0.0
43.0,-1.402048110961914,-0.6273413300514221,0.0
43.0,-1.3991327285766602,-0.6338168382644653,0.0
43.0,-1.3998231887817383,-0.6419461369514465,0.0
43.0,-1.3968403339385986,-0.6484111547470093,0.0
43.0,-1.399258017539978,-0.6574137806892395,0.0
43.0,-1.396203637123108,-0.6638760566711426,0.0
43.0,-1.3985260725021362,-0.6729256510734558,0.0
43.0,-1.3989962339401245,-0.681135356426239,0.0
43.0,-1.3958321809768677,-0.6875961422920227,0.0
43.0,-1.3980083465576172,-0.6967185139656067,0.0
43.0,-1.3947722911834717,-0.7031745910644531,0.0
43.0,-1.3968513011932373,-0.7123413681983948,0.0
43.0,-1.393543004989624,-0.7187919616699219,0.0
43.0,-1.395524501800537,-0.7280022501945496,0.0
43.0,-1.397450566291809,-0.7372461557388306,0.0
43.0,-1.3940271139144897,-0.7436992526054382,0.0
43.0,-1.3976147174835205,-0.7539345622062683,0.0
43.0,-1.3941140174865723,-0.760388195514679,0.0
43.0,-1.395837664604187,-0.7697228789329529,0.0
43.0,-1.3975046873092651,-0.7790897488594055,0.0
43.0,-1.3938877582550049,-0.7855426073074341,0.0
43.0,-1.3954542875289917,-0.7949485182762146,0.0
43.0,-1.3917640447616577,-0.8013917207717896,0.0
43.0,-1.3932297229766846,-0.8108358383178711,0.0
43.0,-1.3894660472869873,-0.8172686100006104,0.0
43.0,-1.3925495147705078,-0.8277716636657715,0.0
43.0,-1.3938509225845337,-0.8372907042503357,0.0
43.0,-1.3899649381637573,-0.8437260985374451,0.0
43.0,-1.3928685188293457,-0.854326069355011,0.0
43.0,-1.3889037370681763,-0.8607566952705383,0.0
43.0,-1.3916897773742676,-0.8714145421981812,0.0
43.0,-1.3876460790634155,-0.8778395056724548,0.0
43.0,-1.3903136253356934,-0.8885539174079895,0.0
43.0,-1.3929115533828735,-0.8993116021156311,0.0
43.0,-1.3887388706207275,-0.9057419300079346,0.0
43.0,-1.3912168741226196,-0.9165541529655457,0.0
43.0,-1.3869644403457642,-0.9229764938354492,0.0
43.0,-1.3893219232559204,-0.9338418841362,0.0
43.0,-1.391608476638794,-0.9447486996650696,0.0
43.0,-1.38722562789917,-0.9511725306510925,0.0
43.0,-1.3910343647003174,-0.9632691144943237,0.0
43.0,-1.3865660429000854,-0.9696900844573975,0.0
43.0,-1.3886024951934814,-0.9807054400444031,0.0
43.0,-1.3905667066574097,-0.9917601346969604,0.0
43.0,-1.3859665393829346,-0.9981786608695984,0.0
43.0,-1.3861892223358154,-1.0081048011779785,0.0
43.0,-1.3815135955810547,-1.0145028829574585,0.0
43.0,-1.3816280364990234,-1.024453043937683,0.0
43.0,-1.3768768310546875,-1.030829906463623,0.0
43.0,-1.3689053058624268,-1.034772515296936,0.0
43.0,-1.3529775142669678,-1.0325967073440552,0.0
43.0,-1.3481889963150024,-1.0388410091400146,0.0
43.0,-1.3291643857955933,-1.0340107679367065,0.0
43.0,-1.3243695497512817,-1.040144920349121,0.0
43.0,-1.3070091009140015,-1.036316156387329,0.0
43.0,-1.28971266746521,-1.0323492288589478,0.0
43.0,-1.284925937652588,-1.0383011102676392,0.0
43.0,-1.2661638259887695,-1.0328528881072998,0.0
43.0,-1.261375069618225,-1.0386956930160522,0.0
43.0,-1.2442551851272583,-1.0342886447906494,0.0
43.0,-1.2272032499313354,-1.0297456979751587,0.0
43.0,-1.2224292755126953,-1.0354084968566895,0.0
43.0,-1.2069882154464722,-1.0319514274597168,0.0
43.0,-1.2022042274475098,-1.0375207662582397,0.0
43.0,-1.1883461475372314,-1.035185694694519,0.0
43.0,-1.1715316772460938,-1.0301035642623901,0.0
43.0,-1.1667566299438477,-1.0355089902877808,0.0
43.0,-1.1515288352966309,-1.0315510034561157,0.0
43.0,-1.1467472314834595,-1.036863923072815,0.0
43.0,-1.1330775022506714,-1.0340654850006104,0.0
43.0,-1.1179871559143066,-1.0298080444335938,0.0
43.0,-1.113214135169983,-1.0349658727645874,0.0
43.0,-1.0982080698013306,-1.0305217504501343,0.0
43.0,-1.093431830406189,-1.0355881452560425,0.0
43.0,-1.078512191772461,-1.0309585332870483,0.0
43.0,-1.0665374994277954,-1.028990626335144,0.0
43.0,-1.061768651008606,-1.0339106321334839,0.0
43.0,-1.046992301940918,-1.0289952754974365,0.0
43.0,-1.0422236919403076,-1.0338249206542969,0.0
43.0,-1.0289523601531982,-1.0301421880722046,0.0
43.0,-1.0241786241531372,-1.0348883867263794,0.0
43.0,-1.0123817920684814,-1.0324723720550537,0.0
43.0,-0.9992356300354004,-1.028535008430481,0.0
43.0,-0.9944696426391602,-1.0331437587738037,0.0
43.0,-0.9827808737754822,-1.030493974685669,0.0
43.0,-0.9711380004882812,-1.027758240699768,0.0
43.0,-0.9663759469985962,-1.03223717212677,0.0
43.0,-0.9561527371406555,-1.030828833580017,0.0
43.0,-0.9513766169548035,-1.0352383852005005,0.0
43.0,-0.938501238822937,-1.0307528972625732,0.0
43.0,-0.9337256550788879,-1.035080909729004,0.0
43.0,-0.9209335446357727,-1.0304393768310547,0.0
43.0,-0.9095304012298584,-1.0271992683410645,0.0
43.0,-0.9047715663909912,-1.0313934087753296,0.0
43.0,-0.8934336304664612,-1.0280176401138306,0.0
43.0,-0.8834513425827026,-1.0260748863220215,0.0
43.0,-0.8786979913711548,-1.0301483869552612,0.0
43.0,-0.8687623143196106,-1.0280894041061401,0.0
43.0,-0.8639997839927673,-1.0320950746536255,0.0
43.0,-0.8528352975845337,-1.0283812284469604,0.0
43.0,-0.8480715751647949,-1.0323131084442139,0.0
43.0,-0.8382401466369629,-1.0300180912017822,0.0
43.0,-0.8271929025650024,-1.0260974168777466,0.0
43.0,-0.8224400281906128,-1.0299108028411865,0.0
43.0,-0.812706470489502,-1.0274279117584229,0.0
43.0,-0.80794757604599,-1.0311743021011353,0.0
43.0,-0.7982666492462158,-1.0285788774490356,0.0
43.0,-0.788627028465271,-1.0259159803390503,0.0
43.0,-0.7838754057884216,-1.0295510292053223,0.0
43.0,-0.7754944562911987,-1.0283735990524292,0.0
43.0,-0.7707316279411316,-1.0319480895996094,0.0
43.0,-0.7611948251724243,-1.0290687084197998,0.0
43.0,-0.7517012357711792,-1.0261234045028687,0.0
43.0,-0.7469490170478821,-1.029587745666504,0.0
43.0,-0.7375131249427795,-1.0265332460403442,0.0
43.0,-0.7327591776847839,-1.0299320220947266,0.0
43.0,-0.7245339155197144,-1.028403878211975,0.0
43.0,-0.7151942253112793,-1.025181531906128,0.0
43.0,-0.710446834564209,-1.0284771919250488,0.0
43.0,-0.7011678218841553,-1.0251476764678955,0.0
43.0,-0.6964206695556641,-1.0283784866333008,0.0
43.0,-0.6883172988891602,-1.0266036987304688,0.0
43.0,-0.6835635304450989,-1.0297751426696777,0.0
43.0,-0.6765984892845154,-1.0295816659927368,0.0
43.0,-0.6674685478210449,-1.0259929895401,0.0
43.0,-0.662717878818512,-1.0290679931640625,0.0
43.0,-0.6547278165817261,-1.0270615816116333,0.0
43.0,-0.6467704772949219,-1.025003433227539,0.0
43.0,-0.642024576663971,-1.0279827117919922,0.0
43.0,-0.6341102123260498,-1.0258363485336304,0.0
43.0,-0.6293606162071228,-1.028757095336914,0.0
43.0,-0.6214901208877563,-1.0265233516693115,0.0
43.0,-0.6167374849319458,-1.0293856859207153,0.0
43.0,-0.6089117527008057,-1.0270649194717407,0.0
43.0,-0.6021327972412109,-1.0264191627502441,0.0
43.0,-0.5973808765411377,-1.0291920900344849,0.0
43.0,-0.5886321663856506,-1.0250054597854614,0.0
43.0,-0.5838868618011475,-1.027716040611267,0.0
43.0,-0.5771692395210266,-1.0269174575805664,0.0
43.0,-0.5704716444015503,-1.0260790586471558,0.0
43.0,-0.5657215714454651,-1.0287055969238281,0.0
43.0,-0.5580925345420837,-1.0260393619537354,0.0
43.0,-0.5533427596092224,-1.0286086797714233,0.0
43.0,-0.5457631349563599,-1.0258588790893555,0.0
43.0,-0.5391520857810974,-1.0248311758041382,0.0
43.0,-0.5344080924987793,-1.027312994003296,0.0
43.0,-0.5278232097625732,-1.0262157917022705,0.0
43.0,-0.5230730175971985,-1.0286450386047363,0.0
43.0,-0.5156167149543762,-1.0256916284561157,0.0
43.0,-0.5090890526771545,-1.0244824886322021,0.0
43.0,-0.5043470859527588,-1.0268253087997437,0.0
43.0,-0.49784740805625916,-1.0255476236343384,0.0
43.0,-0.4931006133556366,-1.0278383493423462,0.0
43.0,-0.4857729971408844,-1.0246855020523071,0.0
43.0,-0.48103031516075134,-1.0269205570220947,0.0
43.0,-0.47375738620758057,-1.0236884355545044,0.0
43.0,-0.4665246307849884,-1.0204110145568848,0.0
43.0,-0.4618018865585327,-1.022557020187378,0.0
43.0,-0.4562545716762543,-1.0228546857833862,0.0
43.0,-0.4515206515789032,-1.0249532461166382,0.0
43.0,-0.4459792673587799,-1.025195837020874,0.0
43.0,-0.43965595960617065,-1.023571491241455,0.0
43.0,-0.43491891026496887,-1.0255931615829468,0.0
43.0,-0.42862799763679504,-1.0239033699035645,0.0
43.0,-0.42388951778411865,-1.025874137878418,0.0
43.0,-0.4176315367221832,-1.0241190195083618,0.0
43.0,-0.41139891743659973,-1.0223281383514404,0.0
43.0,-0.40666791796684265,-1.024219274520874,0.0
43.0,-0.4011988043785095,-1.0242263078689575,0.0
43.0,-0.3964591324329376,-1.026070237159729,0.0
43.0,-0.3909987807273865,-1.0260233879089355,0.0
43.0,-0.38554733991622925,-1.02594792842865,0.0
43.0,-0.38079988956451416,-1.027719497680664,0.0
43.0,-0.37604427337646484,-1.0294691324234009,0.0
43.0,-0.37128064036369324,-1.0311967134475708,0.0
43.0,-0.36584025621414185,-1.0310174226760864,0.0
43.0,-0.36106956005096436,-1.0326977968215942,0.0
43.0,-0.3549884855747223,-1.0305742025375366,0.0
43.0,-0.3495773673057556,-1.0303105115890503,0.0
43.0,-0.3448100984096527,-1.0319157838821411,0.0
43.0,-0.3387853503227234,-1.0296992063522339,0.0
43.0,-0.33402103185653687,-1.031254529953003,0.0
43.0,-0.3280346691608429,-1.0289767980575562,0.0
43.0,-0.3226751387119293,-1.0285741090774536,0.0
43.0,-0.31791621446609497,-1.0300549268722534,0.0
43.0,-0.3125694990158081,-1.0296000242233276,0.0
43.0,-0.3078059256076813,-1.0310341119766235,0.0
43.0,-0.30190926790237427,-1.0286082029342651,0.0
43.0,-0.2971504032611847,-1.0299930572509766,0.0
43.0,-0.29183971881866455,-1.029431700706482,0.0
43.0,-0.28654053807258606,-1.0288432836532593,0.0
43.0,-0.28178074955940247,-1.0301570892333984,0.0
43.0,-0.2759774327278137,-1.027585744857788,0.0
43.0,-0.270713746547699,-1.0269168615341187,0.0
43.0,-0.26596304774284363,-1.0281574726104736,0.0
43.0,-0.26071470975875854,-1.027437448501587,0.0
43.0,-0.25596168637275696,-1.0286318063735962,0.0
43.0,-0.2507292628288269,-1.02786123752594,0.0
43.0,-0.24597439169883728,-1.029009461402893,0.0
43.0,-0.2407582849264145,-1.0281884670257568,0.0
43.0,-0.23555505275726318,-1.0273411273956299,0.0
43.0,-0.2308027595281601,-1.0284192562103271,0.0
43.0,-0.22561660408973694,-1.0275218486785889,0.0
43.0,-0.22086356580257416,-1.028554081916809,0.0
43.0,-0.21569494903087616,-1.027606725692749,0.0
43.0,-0.21053984761238098,-1.0266337394714355,0.0
43.0,-0.20579108595848083,-1.0275962352752686,0.0
43.0,-0.2006542831659317,-1.026573896408081,0.0
43.0,-0.1959058940410614,-1.0274906158447266,0.0
43.0,-0.19078783690929413,-1.0264190435409546,0.0
43.0,-0.18568389117717743,-1.0253221988677979,0.0
43.0,-0.18094146251678467,-1.026169776916504,0.0
43.0,-0.17585696280002594,-1.0250240564346313,0.0
43.0,-0.17111600935459137,-1.025826096534729,0.0
43.0,-0.1660514622926712,-1.0246320962905884,0.0
43.0,-0.16131243109703064,-1.0253888368606567,0.0
43.0,-0.15626828372478485,-1.024146556854248,0.0
43.0,-0.1512390822172165,-1.022879719734192,0.0
43.0,-0.14650830626487732,-1.0235679149627686,0.0
43.0,-0.14177440106868744,-1.024234414100647,0.0
43.0,-0.1370374709367752,-1.024878978729248,0.0
43.0,-0.13204170763492584,-1.0235178470611572,0.0
43.0,-0.12706147134304047,-1.0221327543258667,0.0
43.0,-0.12233441323041916,-1.0227092504501343,0.0
43.0,-0.11737637966871262,-1.0212770700454712,0.0
43.0,-0.11265338212251663,-1.0218087434768677,0.0
43.0,-0.10792797803878784,-1.022318720817566,0.0
43.0,-0.103200264275074,-1.0228067636489868,0.0
43.0,-0.09847034513950348,-1.02327299118042,0.0
43.0,-0.09373831748962402,-1.0237172842025757,0.0
43.0,-0.08900429308414459,-1.0241397619247437,0.0
43.0,-0.08410441875457764,-1.0225470066070557,0.0
43.0,-0.07937590032815933,-1.0229250192642212,0.0
43.0,-0.07464569061994553,-1.0232809782028198,0.0
43.0,-0.06991388648748398,-1.0236152410507202,0.0
43.0,-0.06518058478832245,-1.0239274501800537,0.0
43.0,-0.06032806262373924,-1.0222214460372925,0.0
43.0,-0.05560130625963211,-1.0224894285202026,0.0
43.0,-0.05087336152791977,-1.022735595703125,0.0
43.0,-0.046144332736730576,-1.02295982837677,0.0
43.0,-0.04141431301832199,-1.0231622457504272,0.0
43.0,-0.03668341040611267,-1.0233427286148071,0.0
43.0,-0.031951725482940674,-1.0235013961791992,0.0
43.0,-0.02716618962585926,-1.0216388702392578,0.0
43.0,-0.02244248241186142,-1.0217535495758057,0.0
43.0,-0.017718294635415077,-1.0218462944030762,0.0
43.0,-0.012993729673326015,-1.0219173431396484,0.0
43.0,-0.008268886245787144,-1.0219664573669434,0.0
43.0,-0.0035438663326203823,-1.0219937562942505,0.0
43.0,0.0011835411423817277,-1.0239993333816528,0.0
43.0,0.005917858798056841,-1.0239830017089844,0.0
43.0,0.010631244629621506,-1.0219446420669556,0.0
43.0,0.01535596139729023,-1.021884560585022,0.0
43.0,0.02008035033941269,-1.0218026638031006,0.0
43.0,0.024804310873150826,-1.0216989517211914,0.0
43.0,0.029527738690376282,-1.0215733051300049,0.0
43.0,0.03425053879618645,-1.0214258432388306,0.0
43.0,0.038972605019807816,-1.0212565660476685,0.0
43.0,0.04369383677840233,-1.0210654735565186,0.0
43.0,0.048414137214422226,-1.0208525657653809,0.0
43.0,0.05313339829444885,-1.0206178426742554,0.0
43.0,0.05785152688622475,-1.020361304283142,0.0
43.0,0.06256841868162155,-1.0200828313827515,0.0
43.0,0.06741565465927124,-1.0217784643173218,0.0
43.0,0.07213899493217468,-1.0214558839797974,0.0
43.0,0.07686079293489456,-1.0211113691329956,0.0
43.0,0.08158095180988312,-1.0207451581954956,0.0
43.0,0.0862993597984314,-1.0203570127487183,0.0
43.0,0.09101593494415283,-1.0199471712112427,0.0
43.0,0.09573055803775787,-1.0195153951644897,0.0
43.0,0.10044313222169876,-1.0190619230270386,0.0
43.0,0.10515356063842773,-1.0185866355895996,0.0
43.0,0.11007631570100784,-1.0200780630111694,0.0
43.0,0.11479133367538452,-1.0195581912994385,0.0
43.0,0.11950390785932541,-1.0190166234970093,0.0
43.0,0.12397179752588272,-1.0164679288864136,0.0
43.0,0.12866997718811035,-1.0158839225769043,0.0
43.0,0.13362589478492737,-1.0172611474990845,0.0
43.0,0.13832764327526093,-1.0166324377059937,0.0
43.0,0.1433052271604538,-1.0179624557495117,0.0
43.0,0.14801011979579926,-1.0172890424728394,0.0
43.0,0.15271183848381042,-1.0165938138961792,0.0
43.0,0.15741030871868134,-1.0158770084381104,0.0
43.0,0.16210539638996124,-1.0151383876800537,0.0
43.0,0.1671215295791626,-1.0163514614105225,0.0
43.0,0.17181871831417084,-1.0155678987503052,0.0
43.0,0.1765122264623642,-1.0147627592086792,0.0
43.0,0.18155381083488464,-1.0159045457839966,0.0
43.0,0.186248779296875,-1.0150543451309204,0.0
43.0,0.19130980968475342,-1.0161479711532593,0.0
43.0,0.19600580632686615,-1.0152525901794434,0.0
43.0,0.20108579099178314,-1.016297459602356,0.0
43.0,0.20578236877918243,-1.0153568983078003,0.0
43.0,0.21047453582286835,-1.0143946409225464,0.0
43.0,0.21557757258415222,-1.015367031097412,0.0
43.0,0.22026969492435455,-1.014359474182129,0.0
43.0,0.22539053857326508,-1.0152827501296997,0.0
43.0,0.23052464425563812,-1.016180396080017,0.0
43.0,0.23522035777568817,-1.0151036977767944,0.0
43.0,0.24037152528762817,-1.0159515142440796,0.0
43.0,0.2450660765171051,-1.014829397201538,0.0
43.0,0.2507123053073883,-1.0175693035125732,0.0
43.0,0.255414217710495,-1.0163992643356323,0.0
43.0,0.2606070637702942,-1.0171449184417725,0.0
43.0,0.26581230759620667,-1.0178643465042114,0.0
43.0,0.27051541209220886,-1.0166245698928833,0.0
43.0,0.2757359743118286,-1.0172933340072632,0.0
43.0,0.28043636679649353,-1.016007661819458,0.0
43.0,0.28567177057266235,-1.0166256427764893,0.0
43.0,0.2903689742088318,-1.0152939558029175,0.0
43.0,0.2950599491596222,-1.013940691947937,0.0
43.0,0.3003123104572296,-1.0144833326339722,0.0
43.0,0.304999440908432,-1.013084053993225,0.0
43.0,0.3102654218673706,-1.0135754346847534,0.0
43.0,0.3155425190925598,-1.0140399932861328,0.0
43.0,0.3202274441719055,-1.0125702619552612,0.0
43.0,0.3261292278766632,-1.0148869752883911,0.0
43.0,0.33081793785095215,-1.0133683681488037,0.0
43.0,0.3367585241794586,-1.0156248807907104,0.0
43.0,0.3414505422115326,-1.0140570402145386,0.0
43.0,0.34678223729133606,-1.014359951019287,0.0
43.0,0.3514682948589325,-1.0127458572387695,0.0
43.0,0.35747572779655457,-1.0148828029632568,0.0
43.0,0.3628372251987457,-1.015102505683899,0.0
43.0,0.3675265610218048,-1.0134141445159912,0.0
43.0,0.3728986084461212,-1.0135811567306519,0.0
43.0,0.37758079171180725,-1.0118463039398193,0.0
43.0,0.38296276330947876,-1.0119602680206299,0.0
43.0,0.3883538544178009,-1.0120460987091064,0.0
43.0,0.39302876591682434,-1.0102397203445435,0.0
43.0,0.3998965620994568,-1.013993501663208,0.0
43.0,0.40458035469055176,-1.0121338367462158,0.0
43.0,0.4107573330402374,-1.0139597654342651,0.0
43.0,0.41695985198020935,-1.0157502889633179,0.0
43.0,0.42165160179138184,-1.0138115882873535,0.0
43.0,0.4286639988422394,-1.0173804759979248,0.0
43.0,0.433363139629364,-1.015387773513794,0.0
43.0,0.43964019417762756,-1.017045021057129,0.0
43.0,0.4443376660346985,-1.0150015354156494,0.0
43.0,0.4498361647129059,-1.0147647857666016,0.0
43.0,0.4553419351577759,-1.0144987106323242,0.0
43.0,0.4600274860858917,-1.0123826265335083,0.0
43.0,0.46637481451034546,-1.0138790607452393,0.0
43.0,0.47105735540390015,-1.0117119550704956,0.0
43.0,0.4774349331855774,-1.0131416320800781,0.0
43.0,0.4821139872074127,-1.0109233856201172,0.0
43.0,0.48852118849754333,-1.0122859477996826,0.0
43.0,0.4949513077735901,-1.0136109590530396,0.0
43.0,0.499632328748703,-1.0113117694854736,0.0
43.0,0.5060909390449524,-1.0125689506530762,0.0
43.0,0.5107670426368713,-1.0102182626724243,0.0
43.0,0.5181641578674316,-1.0131880044937134,0.0
43.0,0.5246807336807251,-1.0143343210220337,0.0
43.0,0.5293647646903992,-1.0118976831436157,0.0
43.0,0.5349727869033813,-1.0112073421478271,0.0
43.0,0.5396422743797302,-1.0087231397628784,0.0
43.0,0.5462033152580261,-1.0097355842590332,0.0
43.0,0.5508658289909363,-1.0071995258331299,0.0
43.0,0.5584200620651245,-1.0098927021026611,0.0
43.0,0.5660107731819153,-1.0125372409820557,0.0
43.0,0.5706861019134521,-1.0099095106124878,0.0
43.0,0.5783251523971558,-1.0124702453613281,0.0
43.0,0.5829999446868896,-1.0097856521606445,0.0
43.0,0.5896783471107483,-1.0105341672897339,0.0
43.0,0.5953601002693176,-1.0095199346542358,0.0
43.0,0.6000211238861084,-1.0067565441131592,0.0
43.0,0.6067330241203308,-1.0073981285095215,0.0
43.0,0.6113840937614441,-1.0045822858810425,0.0
43.0,0.6191651225090027,-1.006855845451355,0.0
43.0,0.6238135695457458,-1.003982424736023,0.0
43.0,0.631638765335083,-1.0061691999435425,0.0
43.0,0.6416398286819458,-1.0116828680038452,0.0
43.0,0.6463103294372559,-1.008705496788025,0.0
43.0,0.6531406044960022,-1.0090645551681519,0.0
43.0,0.6577989459037781,-1.0060341358184814,0.0
43.0,0.6657498478889465,-1.0079885721206665,0.0
43.0,0.6726229190826416,-1.0082273483276367,0.0
43.0,0.677277147769928,-1.005106806755066,0.0
43.0,0.6841674447059631,-1.005271553993225,0.0
43.0,0.6888078451156616,-1.0020976066589355,0.0
43.0,0.6991361379623413,-1.0071169137954712,0.0
43.0,0.7037849426269531,-1.0038738250732422,0.0
43.0,0.713041365146637,-1.0071384906768799,0.0
43.0,0.7200165390968323,-1.0070850849151611,0.0
43.0,0.7246649265289307,-1.003745436668396,0.0
43.0,0.734010636806488,-1.0068488121032715,0.0
43.0,0.7386578321456909,-1.0034444332122803,0.0
43.0,0.7480615377426147,-1.006439208984375,0.0
43.0,0.7527066469192505,-1.0029698610305786,0.0
43.0,0.76216721534729,-1.0058553218841553,0.0
43.0,0.7716704607009888,-1.0086747407913208,0.0
43.0,0.7763256430625916,-1.005096197128296,0.0
43.0,0.7858837842941284,-1.0078048706054688,0.0
43.0,0.7905348539352417,-1.0041606426239014,0.0
43.0,0.7989022135734558,-1.0051921606063843,0.0
43.0,0.8097991347312927,-1.0092875957489014,0.0
43.0,0.8144568204879761,-1.0055327415466309,0.0
43.0,0.8241610527038574,-1.007949709892273,0.0
43.0,0.8288123607635498,-1.0041285753250122,0.0
43.0,0.839847207069397,-1.0079686641693115,0.0
43.0,0.8444984555244446,-1.0040749311447144,0.0
43.0,0.8530148267745972,-1.0047335624694824,0.0
43.0,0.8628567457199097,-1.0068535804748535,0.0
43.0,0.8675025701522827,-1.002853512763977,0.0
43.0,0.8800225257873535,-1.0078712701797485,0.0
43.0,0.8846728801727295,-1.0037918090820312,0.0
43.0,0.8946214914321899,-1.005668044090271,0.0
43.0,0.899261474609375,-1.0015212297439575,0.0
43.0,0.9092545509338379,-1.0032806396484375,0.0
43.0,0.9206328392028809,-1.0064446926116943,0.0
43.0,0.9252762198448181,-1.0021775960922241,0.0
43.0,0.9367172122001648,-1.0052047967910767,0.0
43.0,0.9413546323776245,-1.0008633136749268,0.0
43.0,0.9542337656021118,-1.0052034854888916,0.0
43.0,0.9588709473609924,-1.0007809400558472,0.0
43.0,0.9732198715209961,-1.0064010620117188,0.0
43.0,0.9904349446296692,-1.0147721767425537,0.0
43.0,0.9951160550117493,-1.0101821422576904,0.0
43.0,1.0124669075012207,-1.018335223197937,0.0
43.0,1.0171642303466797,-1.0136433839797974,0.0
43.0,1.0346484184265137,-1.0215765237808228,0.0
43.0,1.039360523223877,-1.0167820453643799,0.0
43.0,1.0612837076187134,-1.0286695957183838,0.0
43.0,1.0818960666656494,-1.0389903783798218,0.0
43.0,1.0866881608963013,-1.0339772701263428,0.0
43.0,1.1074649095535278,-1.044033169746399,0.0
43.0,1.1122801303863525,-1.0389018058776855,0.0
43.0,1.1332184076309204,-1.048690676689148,0.0
43.0,1.1380547285079956,-1.0434402227401733,0.0
43.0,1.160631537437439,-1.0543047189712524,0.0
43.0,1.1818461418151855,-1.063644528388977,0.0
43.0,1.186751127243042,-1.0581690073013306,0.0
43.0,1.2081187963485718,-1.0672361850738525,0.0
43.0,1.2130401134490967,-1.0616391897201538,0.0
43.0,1.2360684871673584,-1.0717419385910034,0.0
43.0,1.2607330083847046,-1.082957148551941,0.0
43.0,1.2657264471054077,-1.0771167278289795,0.0
43.0,1.2905712127685547,-1.0880117416381836,0.0
43.0,1.2955877780914307,-1.082033395767212,0.0
43.0,1.1678683757781982,-0.9571747779846191,0.0
43.0,1.172281265258789,-0.9517650604248047,0.0
43.0,1.1766690015792847,-0.9463350176811218,0.0
43.0,1.1810317039489746,-0.9408847093582153,0.0
43.0,1.2089195251464844,-0.9539986848831177,0.0
43.0,1.2133172750473022,-0.9483991861343384,0.0
43.0,1.2176891565322876,-0.9427794218063354,0.0
43.0,1.2442537546157837,-0.9541783928871155,0.0
43.0,1.2486519813537598,-0.9484155774116516,0.0
43.0,1.2769972085952759,-0.9606675505638123,0.0
43.0,1.28142511844635,-0.9547532796859741,0.0
43.0,1.3099650144577026,-0.9666311740875244,0.0
43.0,1.3402563333511353,-0.979445219039917,0.0
43.0,1.3447703123092651,-0.9732382297515869,0.0
43.0,1.376891016960144,-0.9868167042732239,0.0
43.0,1.3814387321472168,-0.9804403185844421,0.0
43.0,1.4121378660202026,-0.9924427270889282,0.0
43.0,1.4167112112045288,-0.9859033226966858,0.0
43.0,1.4459574222564697,-0.9963650107383728,0.0
43.0,1.4720258712768555,-1.0043225288391113,0.0
43.0,1.4766534566879272,-0.9975060820579529,0.0
43.0,1.4995366334915161,-1.0028988122940063,0.0
43.0,1.5041574239730835,-0.9959551692008972,0.0
43.0,1.527145266532898,-1.0010510683059692,0.0
43.0,1.5317572355270386,-0.993979811668396,0.0
43.0,1.55652916431427,-0.9998584389686584,0.0
43.0,1.5729491710662842,-1.0001633167266846,0.0
43.0,1.5775564908981323,-0.9928802847862244,0.0
43.0,1.575339913368225,-0.981346070766449,0.0
43.0,1.5798602104187012,-0.9740521907806396,0.0
43.0,1.5758103132247925,-0.9615287780761719,0.0
43.0,1.580238938331604,-0.9542329907417297,0.0
43.0,1.5777666568756104,-0.9428131580352783,0.0
43.0,1.5752224922180176,-0.9314365983009338,0.0
43.0,1.579512119293213,-0.9241437911987305,0.0
43.0,1.5768442153930664,-0.9128232598304749,0.0
43.0,1.581047773361206,-0.9055231213569641,0.0
43.0,1.5869574546813965,-0.8991896510124207,0.0
43.0,1.6050548553466797,-0.8996661305427551,0.0
43.0,1.6091971397399902,-0.8922357559204102,0.0
43.0,1.6290874481201172,-0.8934417963027954,0.0
43.0,1.633200764656067,-0.8859003782272339,0.0
43.0,1.6531407833099365,-0.8868492245674133,0.0
43.0,1.6713573932647705,-0.886695146560669,0.0
43.0,1.6754391193389893,-0.8789583444595337,0.0
43.0,1.6901371479034424,-0.8767284154891968,0.0
43.0,1.6941725015640259,-0.8689048886299133,0.0
43.0,1.4563738107681274,-0.7049110531806946,0.0
43.0,1.459617257118225,-0.6981701254844666,0.0
43.0,1.46282958984375,-0.6914143562316895,0.0
43.0,1.466010570526123,-0.6846437454223633,0.0
43.0,1.4855045080184937,-0.68539959192276,0.0
43.0,1.4886574745178223,-0.6785241961479187,0.0
43.0,1.5063680410385132,-0.6782028675079346,0.0
43.0,1.509487509727478,-0.6712310910224915,0.0
43.0,1.5272244215011597,-0.6706783771514893,0.0
43.0,1.5449881553649902,-0.6699758768081665,0.0
43.0,1.5480692386627197,-0.6628256440162659,0.0
43.0,1.5603280067443848,-0.6595547199249268,0.0
43.0,1.5633606910705566,-0.6523337364196777,0.0
43.0,1.5682092905044556,-0.6458603739738464,0.0
43.0,1.5656201839447021,-0.6363438963890076,0.0
43.0,1.5685455799102783,-0.629098653793335,0.0
43.0,1.565858244895935,-0.6196321845054626,0.0
43.0,1.5687062740325928,-0.6123860478401184,0.0
43.0,1.5659215450286865,-0.6029707193374634,0.0
43.0,1.5649532079696655,-0.5943043828010559,0.0
43.0,1.5676841735839844,-0.587062656879425,0.0
43.0,1.5647529363632202,-0.5777302384376526,0.0
43.0,1.567407250404358,-0.5704895853996277,0.0
43.0,1.5662630796432495,-0.5618861317634583,0.0
43.0,1.568844199180603,-0.5546387434005737,0.0
43.0,1.567614197731018,-0.5460636019706726,0.0
43.0,1.564447045326233,-0.5368626117706299,0.0
43.0,1.5669125318527222,-0.5296238660812378,0.0
43.0,1.5655490159988403,-0.521110475063324,0.0
43.0,1.5679415464401245,-0.5138667821884155,0.0
43.0,1.5664938688278198,-0.5053839683532715,0.0
43.0,1.5630950927734375,-0.4963202476501465,0.0
43.0,1.5653730630874634,-0.48908817768096924,0.0
43.0,1.5618822574615479,-0.48008278012275696,0.0
43.0,1.5640852451324463,-0.4728564918041229,0.0
43.0,1.5624206066131592,-0.46448028087615967,0.0
43.0,1.5607119798660278,-0.4561295807361603,0.0
43.0,1.5628042221069336,-0.4489089548587799,0.0
43.0,1.5629380941390991,-0.441135436296463,0.0
43.0,1.5649608373641968,-0.4339046776294708,0.0
43.0,1.5630908012390137,-0.42561376094818115,0.0
43.0,1.5611776113510132,-0.4173494279384613,0.0
43.0,1.5630905628204346,-0.41012707352638245,0.0
43.0,1.5591593980789185,-0.40140002965927124,0.0
43.0,1.560998558998108,-0.39418715238571167,0.0
43.0,1.5550388097763062,-0.38504305481910706,0.0
43.0,1.5568023920059204,-0.37784940004348755,0.0
43.0,1.5429668426513672,-0.3669458329677582,0.0
43.0,1.5446468591690063,-0.35980820655822754,0.0
43.0,1.54629385471344,-0.3526628911495209,0.0
43.0,1.5788816213607788,-0.15009528398513794,0.0
43.0,1.5795587301254272,-0.1427939236164093,0.0
43.0,1.5802019834518433,-0.13548950850963593,0.0
43.0,1.580811619758606,-0.12818220257759094,0.0
43.0,1.5654339790344238,-0.11965276300907135,0.0
43.0,1.5579909086227417,-0.11184109002351761,0.0
43.0,1.5584913492202759,-0.10463672131299973,0.0
43.0,1.552970051765442,-0.09705586731433868,0.0
43.0,1.5534021854400635,-0.08987487107515335,0.0
43.0,1.5577954053878784,-0.08290452510118484,0.0
43.0,1.564155101776123,-0.07599253207445145,0.0
43.0,1.564489722251892,-0.06876004487276077,0.0
43.0,1.572784662246704,-0.06184040382504463,0.0
43.0,1.5730538368225098,-0.05456817150115967,0.0
43.0,1.5812857151031494,-0.047535158693790436,0.0
43.0,1.5914853811264038,-0.04047803580760956,0.0
43.0,1.5916554927825928,-0.033119574189186096,0.0
43.0,1.6037899255752563,-0.025954576209187508,0.0
43.0,1.6038928031921387,-0.01853938028216362,0.0
43.0,1.6159611940383911,-0.01120700966566801,0.0
43.0,1.6159957647323608,-0.0037356994580477476,0.0
43.0,1.6239956617355347,0.0037541838828474283,0.0
43.0,1.6319607496261597,0.011317960917949677,0.0
43.0,1.6318910121917725,0.018863001838326454,0.0
43.0,1.643784761428833,0.026601815596222878,0.0
43.0,1.6436442136764526,0.03420136123895645,0.0
43.0,1.6534652709960938,0.042054433375597,0.0
43.0,1.653253197669983,0.049698568880558014,0.0
43.0,1.6669973134994507,0.05782699957489967,0.0
43.0,1.674705982208252,0.06584784388542175,0.0
43.0,1.6743836402893066,0.07358992844820023,0.0
43.0,1.4305132627487183,0.23692186176776886,0.0
43.0,1.4294025897979736,0.24353311955928802,0.0
43.0,1.428261399269104,0.25013917684555054,0.0
43.0,1.4270895719528198,0.25673988461494446,0.0
43.0,1.4357210397720337,0.2651512324810028,0.0
43.0,1.434479832649231,0.27178627252578735,0.0
43.0,1.4332078695297241,0.2784155011177063,0.0
43.0,1.4456359148025513,0.287771999835968,0.0
43.0,1.444290041923523,0.29445263743400574,0.0
43.0,1.4546600580215454,0.3035784959793091,0.0
43.0,1.4669324159622192,0.31322410702705383,0.0
43.0,1.4654685258865356,0.320002943277359,0.0
43.0,1.4776371717453003,0.329824835062027,0.0
43.0,1.476096510887146,0.3366529941558838,0.0
43.0,1.4862112998962402,0.3461962938308716,0.0
43.0,1.4845948219299316,0.3530639111995697,0.0
43.0,1.49849534034729,0.36369776725769043,0.0
43.0,1.496797800064087,0.3706219792366028,0.0
43.0,1.516398549079895,0.3829246461391449,0.0
43.0,1.5397909879684448,0.3964136838912964,0.0
43.0,1.537941813468933,0.40352848172187805,0.0
43.0,1.5592453479766846,0.41683289408683777,0.0
43.0,1.5573015213012695,0.4240373969078064,0.0
43.0,1.5765247344970703,0.43711090087890625,0.0
43.0,1.5898852348327637,0.44874122738838196,0.0
43.0,1.5877935886383057,0.45608705282211304,0.0
43.0,1.5991058349609375,0.46735048294067383,0.0
43.0,1.5969280004501343,0.474738746881485,0.0
43.0,1.6062026023864746,0.48558947443962097,0.0
43.0,1.6039403676986694,0.49301037192344666,0.0
43.0,1.6169158220291138,0.5051922798156738,0.0
43.0,1.6298125982284546,0.5175046920776367,0.0
43.0,1.6274025440216064,0.5250343680381775,0.0
43.0,1.6363608837127686,0.5362900495529175,0.0
43.0,1.633863925933838,0.5438498258590698,0.0
43.0,1.6445949077606201,0.5558808445930481,0.0
43.0,1.6552492380142212,0.5680226683616638,0.0
43.0,1.652605414390564,0.5756694674491882,0.0
43.0,1.6612399816513062,0.5873036980628967,0.0
43.0,1.6585068702697754,0.5949779748916626,0.0
43.0,1.4427998065948486,0.5327032804489136,0.0
43.0,1.440321445465088,0.539368212223053,0.0
43.0,1.437812328338623,0.546021580696106,0.0
43.0,1.4352725744247437,0.552663266658783,0.0
43.0,1.4476066827774048,0.5651115775108337,0.0
43.0,1.4598560333251953,0.5776855945587158,0.0
43.0,1.457169532775879,0.5844289064407349,0.0
43.0,1.4711271524429321,0.597937285900116,0.0
43.0,1.4683469533920288,0.6047325134277344,0.0
43.0,1.4803013801574707,0.6176760792732239,0.0
43.0,1.4774298667907715,0.6245134472846985,0.0
43.0,1.4929122924804688,0.639209508895874,0.0
43.0,1.5101250410079956,0.6548576354980469,0.0
43.0,1.5070812702178955,0.6618325114250183,0.0
43.0,1.5222798585891724,0.6769195199012756,0.0
43.0,1.5191339254379272,0.6839503645896912,0.0
43.0,1.5268747806549072,0.6959435343742371,0.0
43.0,1.5236408710479736,0.7029953598976135,0.0
43.0,1.5294349193572998,0.7142636179924011,0.0
43.0,1.5297328233718872,0.7230364680290222,0.0
43.0,1.5263735055923462,0.7301012873649597,0.0
43.0,1.5283823013305664,0.7397644519805908,0.0
43.0,1.5249457359313965,0.7468228340148926,0.0
43.0,1.5268528461456299,0.7565290927886963,0.0
43.0,1.523338794708252,0.7635802030563354,0.0
43.0,1.5251436233520508,0.7733284831047058,0.0
43.0,1.5268906354904175,0.7831096053123474,0.0
43.0,1.5232537984848022,0.7901606559753418,0.0
43.0,1.524897575378418,0.7999821901321411,0.0
43.0,1.521182656288147,0.8070237636566162,0.0
43.0,1.5244848728179932,0.8178300261497498,0.0
43.0,1.5259613990783691,0.8277303576469421,0.0
43.0,1.5221182107925415,0.8347765803337097,0.0
43.0,1.5217407941818237,0.8437446355819702,0.0
43.0,1.517823576927185,0.8507711887359619,0.0
43.0,1.5138739347457886,0.8577795624732971,0.0
43.0,1.5098918676376343,0.8647696375846863,0.0
43.0,1.5058776140213013,0.8717411756515503,0.0
43.0,1.4862949848175049,0.8696041703224182,0.0
43.0,1.4822585582733154,0.8764665722846985,0.0
43.0,1.2591493129730225,1.1332162618637085,0.0
43.0,1.2538965940475464,1.1390256881713867,0.0
43.0,1.2486170530319214,1.144810676574707,0.0
43.0,1.243310809135437,1.1505712270736694,0.0
43.0,1.2277467250823975,1.1467509269714355,0.0
43.0,1.2224317789077759,1.1524150371551514,0.0
43.0,1.2083971500396729,1.149782657623291,0.0
43.0,1.1987407207489014,1.1512012481689453,0.0
43.0,1.1934055089950562,1.1567312479019165,0.0
43.0,1.183755874633789,1.1580406427383423,0.0
43.0,1.1783891916275024,1.163501262664795,0.0
43.0,1.1687471866607666,1.1647015810012817,0.0
43.0,1.1548892259597778,1.1615829467773438,0.0
43.0,1.1495064496994019,1.1669100522994995,0.0
43.0,1.1399081945419312,1.16791832447052,0.0
43.0,1.1344963312149048,1.1731760501861572,0.0
43.0,0.9795842170715332,1.2927871942520142,0.0
43.0,0.9735966920852661,1.2973023653030396,0.0
43.0,0.9675883650779724,1.3017897605895996,0.0
43.0,0.9615593552589417,1.3062493801116943,0.0
43.0,0.9400742053985596,1.3021122217178345,0.0
43.0,0.9340440034866333,1.3064446449279785,0.0
43.0,0.9279938340187073,1.3107491731643677,0.0
43.0,0.921923816204071,1.3150255680084229,0.0
43.0,0.9112721085548401,1.3127022981643677,0.0
43.0,0.9029273986816406,1.3136049509048462,0.0
43.0,0.8968445062637329,1.317765474319458,0.0
43.0,0.8896247744560242,1.3202393054962158,0.0
43.0,0.8835113048553467,1.3243381977081299,0.0
43.0,0.8773789405822754,1.3284088373184204,0.0
43.0,0.8701333403587341,1.3307772874832153,0.0
43.0,0.8639713525772095,1.3347859382629395,0.0
43.0,0.8567119836807251,1.3370821475982666,0.0
43.0,0.8505209684371948,1.3410288095474243,0.0
43.0,0.8443118333816528,1.3449467420578003,0.0
43.0,0.8380845785140991,1.3488359451293945,0.0
43.0,0.8318394422531128,1.3526962995529175,0.0
43.0,0.8255765438079834,1.3565278053283691,0.0
43.0,0.8192960023880005,1.3603302240371704,0.0
43.0,0.8129979372024536,1.3641035556793213,0.0
43.0,0.8066824674606323,1.3678478002548218,0.0
43.0,0.7993417382240295,1.3698352575302124,0.0
43.0,0.7929999232292175,1.373516321182251,0.0
43.0,0.7866411805152893,1.3771679401397705,0.0
43.0,0.7802656292915344,1.380790114402771,0.0
43.0,0.7738733887672424,1.3843828439712524,0.0
43.0,0.7664967775344849,1.3861957788467407,0.0
43.0,0.7600797414779663,1.3897247314453125,0.0
43.0,0.7536463737487793,1.3932240009307861,0.0
43.0,0.7481403350830078,1.3984569311141968,0.0
43.0,0.7416667342185974,1.4019010066986084,0.0
43.0,0.7351773381233215,1.4053149223327637,0.0
43.0,0.7286721467971802,1.4086989164352417,0.0
43.0,0.7239727973937988,1.415614128112793,0.0
43.0,0.47918251156806946,0.9477490186691284,0.0
43.0,0.4747956097126007,0.9499543309211731,0.0
43.0,0.47039854526519775,0.9521393179893494,0.0
43.0,0.46599140763282776,0.9543039798736572,0.0
43.0,0.45983579754829407,0.9528457522392273,0.0
43.0,0.45370370149612427,0.9513511657714844,0.0
43.0,0.4493004083633423,0.9534386396408081,0.0
43.0,0.443199098110199,0.9518794417381287,0.0
43.0,0.43879345059394836,0.9539183378219604,0.0
43.0,0.4327237010002136,0.9522952437400818,0.0
43.0,0.4266783595085144,0.9506364464759827,0.0
43.0,0.42227864265441895,0.9525989890098572,0.0
43.0,0.4162657856941223,0.9508768320083618,0.0
43.0,0.41186508536338806,0.9527912139892578,0.0
43.0,0.4058854281902313,0.9510063529014587,0.0
43.0,0.4014842212200165,0.9528727531433105,0.0
43.0,0.3955383598804474,0.9510254263877869,0.0
43.0,0.3903777003288269,0.9509938359260559,0.0
43.0,0.38597673177719116,0.9527885317802429,0.0
43.0,0.3800828456878662,0.9508486390113831,0.0
43.0,0.37568265199661255,0.9525957703590393,0.0
43.0,0.3705492615699768,0.9524585008621216,0.0
43.0,0.36470869183540344,0.9504270553588867,0.0
43.0,0.3603106141090393,0.9521030783653259,0.0
43.0,0.35450640320777893,0.9500111937522888,0.0
43.0,0.35011035203933716,0.9516400694847107,0.0
43.0,0.34434306621551514,0.9494881629943848,0.0
43.0,0.33927640318870544,0.9491868019104004,0.0
43.0,0.3348843455314636,0.9507452249526978,0.0
43.0,0.3298293948173523,0.9503939747810364,0.0
43.0,0.32543182373046875,0.9519087076187134,0.0
43.0,0.319112628698349,0.9477167725563049,0.0
43.0,0.31409814953804016,0.9472836852073669,0.0
43.0,0.3097151219844818,0.9487257599830627,0.0
43.0,0.304713636636734,0.9482434391975403,0.0
43.0,0.30032628774642944,0.9496421217918396,0.0
43.0,0.29533830285072327,0.9491108059883118,0.0
43.0,0.2909470498561859,0.9504660964012146,0.0
43.0,0.2853964567184448,0.9479709267616272,0.0
43.0,0.28044286370277405,0.9473625421524048,0.0
43.0,0.2760598659515381,0.948648989200592,0.0
43.0,0.2711210250854492,0.9479922652244568,0.0
43.0,0.2667351961135864,0.9492356777191162,0.0
43.0,0.2618115544319153,0.9485308527946472,0.0
43.0,0.2563769221305847,0.9458704590797424,0.0
43.0,0.2520010471343994,0.9470456838607788,0.0
43.0,0.24711446464061737,0.9462655186653137,0.0
43.0,0.24273689091205597,0.9473978877067566,0.0
43.0,0.23786669969558716,0.9465703368186951,0.0
43.0,0.23300933837890625,0.9457180500030518,0.0
43.0,0.22863443195819855,0.9467852115631104,0.0
43.0,0.22379417717456818,0.9458858966827393,0.0
43.0,0.21941860020160675,0.9469105005264282,0.0
43.0,0.21459588408470154,0.9459643959999084,0.0
43.0,0.20978659391403198,0.9449939727783203,0.0
43.0,0.2054152935743332,0.9459537863731384,0.0
43.0,0.20103959739208221,0.9468933939933777,0.0
43.0,0.1966596096754074,0.9478127360343933,0.0
43.0,0.19148088991641998,0.9447915554046631,0.0
43.0,0.1867225170135498,0.9437047839164734,0.0
43.0,0.18235743045806885,0.9445579648017883,0.0
43.0,0.1779884397983551,0.9453909993171692,0.0
43.0,0.17361563444137573,0.9462038278579712,0.0
43.0,0.16888727247714996,0.9450275301933289,0.0
43.0,0.16451625525951385,0.9457982778549194,0.0
43.0,0.15980809926986694,0.9445767998695374,0.0
43.0,0.15511474013328552,0.9433320760726929,0.0
43.0,0.15075170993804932,0.9440391063690186,0.0
43.0,0.14638546109199524,0.9447259902954102,0.0
43.0,0.14201606810092926,0.9453927278518677,0.0
43.0,0.13735570013523102,0.9440600872039795,0.0
43.0,0.13271069526672363,0.9427045583724976,0.0
43.0,0.12835079431533813,0.9433080554008484,0.0
43.0,0.12398815900087357,0.9438914060592651,0.0
43.0,0.11962287127971649,0.944454550743103,0.0
43.0,0.1154971569776535,0.9469828009605408,0.0
43.0,0.11088472604751587,0.945520281791687,0.0
43.0,0.10651204735040665,0.9460228681564331,0.0
43.0,0.10170794278383255,0.942528247833252,0.0
43.0,0.09734919667243958,0.942988395690918,0.0
43.0,0.09298837184906006,0.9434283971786499,0.0
43.0,0.08862555772066116,0.9438482522964478,0.0
43.0,0.08408308029174805,0.9422557950019836,0.0
43.0,0.07972577959299088,0.9426344633102417,0.0
43.0,0.0753667801618576,0.9429929852485657,0.0
43.0,0.0710061639547348,0.9433313608169556,0.0
43.0,0.06664403527975082,0.9436495900154114,0.0
43.0,0.0621488057076931,0.9419519901275635,0.0
43.0,0.05779314786195755,0.9422292709350586,0.0
43.0,0.05343625321984291,0.9424864053726196,0.0
43.0,0.049078214913606644,0.9427233338356018,0.0
43.0,0.04471912980079651,0.9429401755332947,0.0
43.0,0.04027358070015907,0.9411386847496033,0.0
43.0,0.035921916365623474,0.9413148164749146,0.0
43.0,0.03156948462128639,0.9414708018302917,0.0
43.0,0.02721637673676014,0.9416067004203796,0.0
43.0,0.022862685844302177,0.9417225122451782,0.0
43.0,0.018508508801460266,0.941818118095398,0.0
43.0,0.014153935015201569,0.9418936371803284,0.0
43.0,0.009799058549106121,0.9419490098953247,0.0
43.0,0.005443972535431385,0.941984236240387,0.0
43.0,0.0010887705720961094,0.9419993162155151,0.0
43.0,-0.0032664549071341753,0.941994309425354,0.0
43.0,-0.007621610537171364,0.9419691562652588,0.0
43.0,-0.011976603418588638,0.9419238567352295,0.0
43.0,-0.01633133925497532,0.9418584108352661,0.0
43.0,-0.020685726776719093,0.9417728185653687,0.0
43.0,-0.0250396728515625,0.9416671395301819,0.0
43.0,-0.029393082484602928,0.941541314125061,0.0
43.0,-0.033745866268873215,0.9413953423500061,0.0
43.0,-0.03809792548418045,0.9412292242050171,0.0
43.0,-0.04244917258620262,0.9410430192947388,0.0
43.0,-0.04679951071739197,0.9408367276191711,0.0
43.0,-0.05114884674549103,0.9406102895736694,0.0
43.0,-0.05549709498882294,0.9403637647628784,0.0
43.0,-0.05984415113925934,0.9400971531867981,0.0
43.0,-0.06418993324041367,0.9398103952407837,0.0
43.0,-0.06853433698415756,0.9395036101341248,0.0
43.0,-0.07287728041410446,0.9391766786575317,0.0
43.0,-0.07738261669874191,0.9408230185508728,0.0
43.0,-0.08173156529664993,0.9404551982879639,0.0
43.0,-0.08607876300811768,0.9400672912597656,0.0
43.0,-0.09042412787675858,0.9396592378616333,0.0
43.0,-0.09476755559444427,0.9392311573028564,0.0
43.0,-0.09931892901659012,0.9407718777656555,0.0
43.0,-0.10366740822792053,0.9403026103973389,0.0
43.0,-0.10801366716623306,0.9398132562637329,0.0
43.0,-0.11235762387514114,0.9393038749694824,0.0
43.0,-0.11669917404651642,0.9387743473052979,0.0
43.0,-0.12103822827339172,0.9382247924804688,0.0
43.0,-0.1253746896982193,0.9376551508903503,0.0
43.0,-0.12998270988464355,0.9390466213226318,0.0
43.0,-0.1343228816986084,0.9384356141090393,0.0
43.0,-0.13895271718502045,0.9397830367088318,0.0
43.0,-0.14329619705677032,0.9391305446624756,0.0
43.0,-0.14763662219047546,0.9384579658508301,0.0
43.0,-0.1522938311100006,0.9397396445274353,0.0
43.0,-0.15663696825504303,0.9390255212783813,0.0
43.0,-0.16097676753997803,0.9382912516593933,0.0
43.0,-0.16531310975551605,0.9375370144844055,0.0
43.0,-0.17000232636928558,0.9387306571006775,0.0
43.0,-0.1747061014175415,0.9399009346961975,0.0
43.0,-0.17904974520206451,0.9390831589698792,0.0
43.0,-0.1833895593881607,0.9382452964782715,0.0
43.0,-0.18772545456886292,0.9373874068260193,0.0
43.0,-0.1924591362476349,0.9384686946868896,0.0
43.0,-0.1967959702014923,0.9375688433647156,0.0
43.0,-0.2015484869480133,0.9386043548583984,0.0
43.0,-0.2058858424425125,0.9376624822616577,0.0
43.0,-0.21021881699562073,0.9367005825042725,0.0
43.0,-0.21499426662921906,0.9376680850982666,0.0
43.0,-0.2193271517753601,0.9366641044616699,0.0
43.0,-0.2241203337907791,0.9375852346420288,0.0
43.0,-0.22892671823501587,0.9384820461273193,0.0
43.0,-0.23326322436332703,0.9374136328697205,0.0
43.0,-0.23808665573596954,0.9382636547088623,0.0
43.0,-0.24242204427719116,0.9371528625488281,0.0
43.0,-0.24726209044456482,0.9379560351371765,0.0
43.0,-0.25159597396850586,0.9368028044700623,0.0
43.0,-0.25645214319229126,0.9375587105751038,0.0
43.0,-0.26132068037986755,0.9382896423339844,0.0
43.0,-0.2656559348106384,0.9370714426040649,0.0
43.0,-0.27053990960121155,0.9377548694610596,0.0
43.0,-0.27487263083457947,0.9364940524101257,0.0
43.0,-0.2803437113761902,0.9390460252761841,0.0
43.0,-0.2852632403373718,0.9396535754203796,0.0
43.0,-0.2896045744419098,0.9383246898651123,0.0
43.0,-0.2939396798610687,0.9369757175445557,0.0
43.0,-0.29826852679252625,0.9356066584587097,0.0
43.0,-0.30320730805397034,0.9361203908920288,0.0
43.0,-0.30753210186958313,0.9347085356712341,0.0
43.0,-0.31311798095703125,0.9370704889297485,0.0
43.0,-0.31808966398239136,0.9375067949295044,0.0
43.0,-0.32242071628570557,0.9360260963439941,0.0
43.0,-0.3274049460887909,0.9364133477210999,0.0
43.0,-0.33173084259033203,0.9348896145820618,0.0
43.0,-0.33672717213630676,0.9352276921272278,0.0
43.0,-0.341047465801239,0.9336608648300171,0.0
43.0,-0.34605535864830017,0.9339494705200195,0.0
43.0,-0.35177677869796753,0.9360839128494263,0.0
43.0,-0.3561008870601654,0.9344475269317627,0.0
43.0,-0.3611381947994232,0.9346566796302795,0.0
43.0,-0.36545559763908386,0.932977020740509,0.0
43.0,-0.3705032467842102,0.9331362247467041,0.0
43.0,-0.37705346941947937,0.9369795322418213,0.0
43.0,-0.38138142228126526,0.9352262616157532,0.0
43.0,-0.3879925608634949,0.9389983415603638,0.0
43.0,-0.39232975244522095,0.9371944665908813,0.0
43.0,-0.3974393904209137,0.937211811542511,0.0
43.0,-0.40176820755004883,0.9353642463684082,0.0
43.0,-0.4068862497806549,0.9353306889533997,0.0
43.0,-0.41201257705688477,0.9352697730064392,0.0
43.0,-0.41633227467536926,0.933354914188385,0.0
43.0,-0.4222894310951233,0.9350655674934387,0.0
43.0,-0.4266080856323242,0.9331032037734985,0.0
43.0,-0.4317575991153717,0.932935893535614,0.0
43.0,-0.43606629967689514,0.9309297204017639,0.0
43.0,-0.4420791268348694,0.9325180649757385,0.0
43.0,-0.4472509026527405,0.9322674870491028,0.0
43.0,-0.45155635476112366,0.9301897287368774,0.0
43.0,-0.4584972858428955,0.9334774613380432,0.0
43.0,-0.46280819177627563,0.931347668170929,0.0
43.0,-0.4698041081428528,0.9345588088035583,0.0
43.0,-0.4759329557418823,0.9359421730041504,0.0
43.0,-0.4802550673484802,0.933731734752655,0.0
43.0,-0.48548996448516846,0.9332757592201233,0.0
43.0,-0.4897996485233307,0.9310211539268494,0.0
43.0,-0.49691689014434814,0.9340436458587646,0.0
43.0,-0.501230001449585,0.9317362308502197,0.0
43.0,-0.506488025188446,0.9311658143997192,0.0
43.0,-1.1033830642700195,1.963173508644104,0.0
43.0,-1.112447738647461,1.9580512046813965,0.0
43.0,-1.1214886903762817,1.952886939048767,0.0
43.0,-1.1305055618286133,1.9476810693740845,0.0
43.0,-1.1455702781677246,1.9527838230133057,0.0
43.0,-1.1545864343643188,1.947466492652893,0.0
43.0,-1.167689561843872,1.9489703178405762,0.0
43.0,-1.1766879558563232,1.9435508251190186,0.0
43.0,-1.1919233798980713,1.9483259916305542,0.0
43.0,-1.200918436050415,1.9427945613861084,0.0
43.0,-1.2141257524490356,1.9440069198608398,0.0
43.0,-1.2295042276382446,1.9485212564468384,0.0
43.0,-1.2384997606277466,1.942815899848938,0.0
43.0,-1.253966212272644,1.9471580982208252,0.0
43.0,-1.2629551887512207,1.9413397312164307,0.0
43.0,-1.276310682296753,1.9421653747558594,0.0
43.0,-1.2919130325317383,1.9462416172027588,0.0
43.0,-1.3008973598480225,1.940247893333435,0.0
43.0,-1.3165827989578247,1.9441486597061157,0.0
43.0,-1.3255572319030762,1.938040852546692,0.0
43.0,-1.3413234949111938,1.9417648315429688,0.0
43.0,-1.3571525812149048,1.9453845024108887,0.0
43.0,-1.366132378578186,1.939089059829712,0.0
43.0,-1.3820394277572632,1.9425301551818848,0.0
43.0,-1.3910057544708252,1.9361196756362915,0.0
43.0,-1.4069888591766357,1.9393807649612427,0.0
43.0,-1.415940284729004,1.9328550100326538,0.0
43.0,-1.4319977760314941,1.9359354972839355,0.0
43.0,-1.4481137990951538,1.9389086961746216,0.0
43.0,-1.4570626020431519,1.9321928024291992,0.0
43.0,-1.475672721862793,1.9381657838821411,0.0
43.0,-1.484617829322815,1.931322455406189,0.0
43.0,-1.5008883476257324,1.933917760848999,0.0
43.0,-1.5172146558761597,1.9364038705825806,0.0
43.0,-1.526151180267334,1.929368495941162,0.0
43.0,-1.5300629138946533,1.9160404205322266,0.0
43.0,-1.538905143737793,1.908945918083191,0.0
43.0,-1.5300407409667969,1.8800934553146362,0.0
43.0,-1.5387167930603027,1.8729994297027588,0.0
43.0,-1.5320395231246948,1.8473914861679077,0.0
43.0,-1.5251586437225342,1.8218854665756226,0.0
43.0,-1.5335655212402344,1.8148146867752075,0.0
43.0,-1.5263646841049194,1.789445400238037,0.0
43.0,-1.5346215963363647,1.7823693752288818,0.0
43.0,-1.5271024703979492,1.7571403980255127,0.0
43.0,-1.5167453289031982,1.7290122509002686,0.0
43.0,-1.524722933769226,1.721981406211853,0.0
43.0,-1.5193405151367188,1.7000013589859009,0.0
43.0,-1.527184009552002,1.6929587125778198,0.0
43.0,-1.5215299129486084,1.6710914373397827,0.0
43.0,-1.5130001306533813,1.6463677883148193,0.0
43.0,-1.520595669746399,1.6393550634384155,0.0
43.0,-1.5144901275634766,1.6177070140838623,0.0
43.0,-1.5219532251358032,1.6106876134872437,0.0
43.0,-1.515580654144287,1.589160680770874,0.0
43.0,-1.5090419054031372,1.5677273273468018,0.0
43.0,-1.5162739753723145,1.5607337951660156,0.0
43.0,-1.5066704750061035,1.5365701913833618,0.0
43.0,-1.5137585401535034,1.5295878648757935,0.0
43.0,-1.5095069408416748,1.511252522468567,0.0
43.0,-1.5022786855697632,1.4901726245880127,0.0
43.0,-1.5091522932052612,1.4832110404968262,0.0
43.0,-1.5016647577285767,1.4622650146484375,0.0
43.0,-1.5084092617034912,1.4553065299987793,0.0
43.0,-1.5035557746887207,1.4372612237930298,0.0
43.0,-1.510184645652771,1.430294394493103,0.0
43.0,-1.5051137208938599,1.4123485088348389,0.0
43.0,-1.4984447956085205,1.3931186199188232,0.0
43.0,-1.5048696994781494,1.3861757516860962,0.0
43.0,-1.500921368598938,1.369766116142273,0.0
43.0,-1.4953702688217163,1.352081298828125,0.0
43.0,-1.50160551071167,1.3451532125473022,0.0
43.0,-1.4958418607711792,1.32757568359375,0.0
43.0,-1.50196373462677,1.3206456899642944,0.0
43.0,-1.4959890842437744,1.3031779527664185,0.0
43.0,-1.5019980669021606,1.2962474822998047,0.0
43.0,-1.4973342418670654,1.2801915407180786,0.0
43.0,-1.4925540685653687,1.2642066478729248,0.0
43.0,-1.4983830451965332,1.2572925090789795,0.0
43.0,-1.494951844215393,1.242680549621582,0.0
43.0,-1.5006812810897827,1.2357555627822876,0.0
43.0,-1.495530128479004,1.2199547290802002,0.0
43.0,-1.4902652502059937,1.204228162765503,0.0
43.0,-1.495816946029663,1.1973252296447754,0.0
43.0,-1.4903664588928223,1.1816985607147217,0.0
43.0,-1.4958139657974243,1.174795389175415,0.0
43.0,-1.4901795387268066,1.1592708826065063,0.0
43.0,-1.4860179424285889,1.1450445652008057,0.0
43.0,-1.4912959337234497,1.1381618976593018,0.0
43.0,-1.4869693517684937,1.124018669128418,0.0
43.0,-1.4921501874923706,1.1171318292617798,0.0
43.0,-1.486053466796875,1.1018825769424438,0.0
43.0,-1.4814597368240356,1.087897539138794,0.0
43.0,-1.4864736795425415,1.0810365676879883,0.0
43.0,-1.4817183017730713,1.0671395063400269,0.0
43.0,-1.4866362810134888,1.0602775812149048,0.0
43.0,-1.4817205667495728,1.0464704036712646,0.0
43.0,-1.4783481359481812,1.0338776111602783,0.0
43.0,-1.4831123352050781,1.027031660079956,0.0
43.0,-1.4795973300933838,1.014508605003357,0.0
43.0,-1.4842720031738281,1.0076570510864258,0.0
43.0,-1.4789555072784424,0.9940897226333618,0.0
43.0,-1.4768757820129395,0.98280930519104,0.0
43.0,-1.4814038276672363,0.9759706854820251,0.0
43.0,-1.4758490324020386,0.9625556468963623,0.0
43.0,-1.480283498764038,0.9557219743728638,0.0
43.0,-1.4762601852416992,0.9434826970100403,0.0
43.0,-1.4721555709838867,0.9313011765480042,0.0
43.0,-1.4764455556869507,0.92448490858078,0.0
43.0,-1.4722040891647339,0.9123810529708862,0.0
43.0,-1.4764065742492676,0.9055647850036621,0.0
43.0,-1.472029209136963,0.8935401439666748,0.0
43.0,-1.4675724506378174,0.8815754652023315,0.0
43.0,-1.4716325998306274,0.8747808933258057,0.0
43.0,-1.4687656164169312,0.8639117479324341,0.0
43.0,-1.472744107246399,0.8571118712425232,0.0
43.0,-1.4697582721710205,0.8463016152381897,0.0
43.0,-1.473655343055725,0.8394973278045654,0.0
43.0,-1.4705514907836914,0.8287473917007446,0.0
43.0,-1.4673798084259033,0.8180441856384277,0.0
43.0,-1.4711462259292603,0.8112512230873108,0.0
43.0,-1.467858076095581,0.8006102442741394,0.0
43.0,-1.4715439081192017,0.7938152551651001,0.0
43.0,-1.468139886856079,0.7832376956939697,0.0
43.0,-1.4629008769989014,0.7717754244804382,0.0
43.0,-1.4664534330368042,0.7650036811828613,0.0
43.0,-1.4646421670913696,0.755465030670166,0.0
43.0,-1.4681192636489868,0.748685359954834,0.0
43.0,-1.4644215106964111,0.7382882833480835,0.0
43.0,-1.460659146308899,0.7279414534568787,0.0
43.0,-1.4640090465545654,0.7211805582046509,0.0
43.0,-1.4601348638534546,0.7109021544456482,0.0
43.0,-1.4634060859680176,0.7041438221931458,0.0
43.0,-1.4612274169921875,0.6947939991950989,0.0
43.0,-1.4571833610534668,0.6846288442611694,0.0
43.0,-1.4603331089019775,0.6778844594955444,0.0
43.0,-1.4579976797103882,0.6686244010925293,0.0
43.0,-1.461073398590088,0.6618764400482178,0.0
43.0,-1.4586411714553833,0.6526637077331543,0.0
43.0,-1.4561550617218018,0.6434876918792725,0.0
43.0,-1.4591145515441895,0.6367484927177429,0.0
43.0,-1.4546959400177002,0.6268298029899597,0.0
43.0,-1.4575785398483276,0.6200975179672241,0.0
43.0,-1.4567419290542603,0.6118031144142151,0.0
43.0,-1.45955491065979,0.6050615310668945,0.0
43.0,-1.4567835330963135,0.5960349440574646,0.0
43.0,-1.4539600610733032,0.5870469212532043,0.0
43.0,-1.4566586017608643,0.5803184509277344,0.0
43.0,-1.4537420272827148,0.5713827610015869,0.0
43.0,-1.4563682079315186,0.5646554827690125,0.0
43.0,-1.4533590078353882,0.5557730197906494,0.0
43.0,-1.4502989053726196,0.5469304919242859,0.0
43.0,-1.4528120756149292,0.5402193665504456,0.0
43.0,-1.4515385627746582,0.5321199893951416,0.0
43.0,-1.4539833068847656,0.5254032611846924,0.0
43.0,-1.45074462890625,0.5166623592376709,0.0
43.0,-1.4493435621261597,0.5086249709129333,0.0
43.0,-1.4516795873641968,0.5019186735153198,0.0
43.0,-1.4483050107955933,0.493267297744751,0.0
43.0,-1.4505701065063477,0.4865659475326538,0.0
43.0,-1.447106957435608,0.47797247767448425,0.0
43.0,-1.4454972743988037,0.47003987431526184,0.0
43.0,-1.4476549625396729,0.4633517861366272,0.0
43.0,-1.4459666013717651,0.4554520845413208,0.0
43.0,-1.448056936264038,0.4487619698047638,0.0
43.0,-1.4443769454956055,0.4403126835823059,0.0
43.0,-1.4425657987594604,0.43248140811920166,0.0
43.0,-1.4445499181747437,0.42580726742744446,0.0
43.0,-1.4445819854736328,0.41856738924980164,0.0
43.0,-1.4465017318725586,0.411884069442749,0.0
43.0,-1.4426125288009644,0.40357550978660583,0.0
43.0,-1.4444630146026611,0.3969014585018158,0.0
43.0,-1.4424206018447876,0.3891769349575043,0.0
43.0,-1.4422712326049805,0.3819918930530548,0.0
43.0,-1.4440218210220337,0.3753196597099304,0.0
43.0,-1.4418656826019287,0.367651104927063,0.0
43.0,-1.4435501098632812,0.3609808683395386,0.0
43.0,-1.4413186311721802,0.35335052013397217,0.0
43.0,-1.4390475749969482,0.34574854373931885,0.0
43.0,-1.4406307935714722,0.33909159898757935,0.0
43.0,-1.4402341842651367,0.3319781720638275,0.0
43.0,-1.4417537450790405,0.3253158926963806,0.0
43.0,-1.4393362998962402,0.31778424978256226,0.0
43.0,-1.436880350112915,0.31028199195861816,0.0
43.0,-1.438299536705017,0.3036354184150696,0.0
43.0,-1.4357703924179077,0.2961742579936981,0.0
43.0,-1.4371243715286255,0.28953298926353455,0.0
43.0,-1.4364852905273438,0.28249961137771606,0.0
43.0,-1.43777596950531,0.2758551836013794,0.0
43.0,-1.4370701313018799,0.2688370943069458,0.0
43.0,-1.434362530708313,0.26147276163101196,0.0
43.0,-1.4355560541152954,0.25483837723731995,0.0
43.0,-1.4347481727600098,0.24785807728767395,0.0
43.0,-1.4358787536621094,0.2412220537662506,0.0
43.0,-1.4350048303604126,0.23425865173339844,0.0
43.0,-1.4321218729019165,0.22699540853500366,0.0
43.0,-1.433156132698059,0.22037173807621002,0.0
43.0,-1.4321813583374023,0.21344853937625885,0.0
43.0,-1.4331529140472412,0.20682474970817566,0.0
43.0,-1.4321130514144897,0.19992002844810486,0.0
43.0,-1.4310400485992432,0.19302935898303986,0.0
43.0,-1.4319171905517578,0.186411052942276,0.0
43.0,-1.4307793378829956,0.1795397698879242,0.0
43.0,-1.4315941333770752,0.17292281985282898,0.0
43.0,-1.4284049272537231,0.16584086418151855,0.0
43.0,-1.4291564226150513,0.15923504531383514,0.0
43.0,-1.4298774003982544,0.15262581408023834,0.0
43.0,-1.4285781383514404,0.14581026136875153,0.0
43.0,-1.4292370080947876,0.13920384645462036,0.0
43.0,-1.4298652410507202,0.13259446620941162,0.0
43.0,-1.4284707307815552,0.1258067935705185,0.0
43.0,-1.429037094116211,0.11920109391212463,0.0
43.0,-1.4255852699279785,0.1122787743806839,0.0
43.0,-1.4260891675949097,0.10568656772375107,0.0
43.0,-1.4265625476837158,0.09909209609031677,0.0
43.0,-1.427005410194397,0.09249550849199295,0.0
43.0,-1.4274177551269531,0.08589693903923035,0.0
43.0,-1.4258028268814087,0.07918563485145569,0.0
43.0,-1.4261536598205566,0.07259277254343033,0.0
43.0,-1.424476146697998,0.06590592116117477,0.0
43.0,-1.424765706062317,0.05931933596730232,0.0
43.0,-1.4230260848999023,0.05265752226114273,0.0
43.0,-1.423254370689392,0.04607778042554855,0.0
43.0,-1.4234521389007568,0.039497051388025284,0.0
43.0,-1.4236195087432861,0.03291548043489456,0.0
43.0,-1.42375648021698,0.02633320540189743,0.0
43.0,-1.421863317489624,0.019722629338502884,0.0
43.0,-1.4219392538070679,0.013148615136742592,0.0
43.0,-1.4219849109649658,0.006574319209903479,0.0
44.0,-1.4199999570846558,1.2414034245011862e-07,0.0
44.0,-1.4199848175048828,-0.006565064657479525,0.0
44.0,-1.4199392795562744,-0.013130112551152706,0.0
44.0,-1.4198633432388306,-0.01969487965106964,0.0
44.0,-1.4197571277618408,-0.026259226724505424,0.0
44.0,-1.4196205139160156,-0.03282301127910614,0.0
44.0,-1.4194536209106445,-0.039386097341775894,0.0
44.0,-1.419256329536438,-0.0459483377635479,0.0
44.0,-1.4210275411605835,-0.05258355662226677,0.0
44.0,-1.420769214630127,-0.059152934700250626,0.0
44.0,-1.420480489730835,-0.0657210499048233,0.0
44.0,-1.420161485671997,-0.07228775322437286,0.0
44.0,-1.4198120832443237,-0.07885292172431946,0.0
44.0,-1.4194324016571045,-0.08541639894247055,0.0
44.0,-1.4190223217010498,-0.0919780507683754,0.0
44.0,-1.4185818433761597,-0.09853773564100266,0.0
44.0,-1.4201055765151978,-0.10524312406778336,0.0
44.0,-1.4196038246154785,-0.1118076741695404,0.0
44.0,-1.4190717935562134,-0.11836984008550644,0.0
44.0,-1.4185093641281128,-0.12492947280406952,0.0
44.0,-1.4179165363311768,-0.1314864307641983,0.0
44.0,-1.4172935485839844,-0.13804058730602264,0.0
44.0,-1.4166401624679565,-0.1445917785167694,0.0
44.0,-1.4159564971923828,-0.15113988518714905,0.0
44.0,-1.4152425527572632,-0.15768477320671082,0.0
44.0,-1.4144984483718872,-0.16422627866268158,0.0
44.0,-1.4137240648269653,-0.1707642823457718,0.0
44.0,-1.4149038791656494,-0.1775476336479187,0.0
44.0,-1.4140678644180298,-0.1840873658657074,0.0
44.0,-1.4132015705108643,-0.19062316417694092,0.0
44.0,-1.4142858982086182,-0.19743138551712036,0.0
44.0,-1.4153375625610352,-0.20425371825695038,0.0
44.0,-1.414378046989441,-0.21079516410827637,0.0
44.0,-1.415365219116211,-0.2176360934972763,0.0
44.0,-1.4143438339233398,-0.2241775244474411,0.0
44.0,-1.4152661561965942,-0.23103637993335724,0.0
44.0,-1.4141827821731567,-0.23757721483707428,0.0
44.0,-1.4130693674087524,-0.24411296844482422,0.0
44.0,-1.413894772529602,-0.2509930729866028,0.0
44.0,-1.4127192497253418,-0.25752735137939453,0.0
44.0,-1.4134793281555176,-0.2644239068031311,0.0
44.0,-1.4122416973114014,-0.2709560990333557,0.0
44.0,-1.4129364490509033,-0.27786847949028015,0.0
44.0,-1.4116365909576416,-0.28439804911613464,0.0
44.0,-1.410306692123413,-0.29092150926589966,0.0
44.0,-1.4109033346176147,-0.29785189032554626,0.0
44.0,-1.4095112085342407,-0.30437183380126953,0.0
44.0,-1.4100419282913208,-0.31131646037101746,0.0
44.0,-1.4105384349822998,-0.31827250123023987,0.0
44.0,-1.409051775932312,-0.3247905373573303,0.0
44.0,-1.4114288091659546,-0.33221811056137085,0.0
44.0,-1.4098777770996094,-0.33874011039733887,0.0
44.0,-1.4102389812469482,-0.34573110938072205,0.0
44.0,-1.4086254835128784,-0.3522474765777588,0.0
44.0,-1.4089198112487793,-0.3592504560947418,0.0
44.0,-1.4072438478469849,-0.36576056480407715,0.0
44.0,-1.4074710607528687,-0.3727749288082123,0.0
44.0,-1.4095945358276367,-0.3803201913833618,0.0
44.0,-1.4078210592269897,-0.38683319091796875,0.0
44.0,-1.406017541885376,-0.3933379352092743,0.0
44.0,-1.4041839838027954,-0.3998342752456665,0.0
44.0,-1.4042413234710693,-0.40687867999076843,0.0
44.0,-1.4061819314956665,-0.41449761390686035,0.0
44.0,-1.4042505025863647,-0.42099449038505554,0.0
44.0,-1.4061152935028076,-0.42864876985549927,0.0
44.0,-1.404118537902832,-0.43514516949653625,0.0
44.0,-1.4059067964553833,-0.4428339898586273,0.0
44.0,-1.4038443565368652,-0.44932928681373596,0.0
44.0,-1.4036539793014526,-0.4564334452152252,0.0
44.0,-1.4053269624710083,-0.46417272090911865,0.0
44.0,-1.4031658172607422,-0.4706651270389557,0.0
44.0,-1.4047611951828003,-0.47843700647354126,0.0
44.0,-1.4025341272354126,-0.48492664098739624,0.0
44.0,-1.4040515422821045,-0.4927304685115814,0.0
44.0,-1.4036425352096558,-0.499887615442276,0.0
44.0,-1.4013164043426514,-0.5063718557357788,0.0
44.0,-1.402715802192688,-0.5142219662666321,0.0
44.0,-1.4003233909606934,-0.5207017660140991,0.0
44.0,-1.4016437530517578,-0.5285818576812744,0.0
44.0,-1.4047890901565552,-0.5371996164321899,0.0
44.0,-1.4022904634475708,-0.5436887145042419,0.0
44.0,-1.401623249053955,-0.5508978962898254,0.0
44.0,-1.3990612030029297,-0.5573722124099731,0.0
44.0,-1.4001784324645996,-0.5653321743011475,0.0
44.0,-1.3975496292114258,-0.5717996954917908,0.0
44.0,-1.4004337787628174,-0.5805526971817017,0.0
44.0,-1.4032665491104126,-0.5893445014953613,0.0
44.0,-1.400526762008667,-0.5958260297775269,0.0
44.0,-1.401430606842041,-0.6038777232170105,0.0
44.0,-1.3986237049102783,-0.6103506088256836,0.0
44.0,-1.3994455337524414,-0.6184272170066833,0.0
44.0,-1.402048110961914,-0.6273413300514221,0.0
44.0,-1.3991327285766602,-0.6338168382644653,0.0
44.0,-1.3998231887817383,-0.6419461369514465,0.0
44.0,-1.3968403339385986,-0.6484111547470093,0.0
44.0,-1.397447943687439,-0.6565633416175842,0.0
44.0,-1.394397497177124,-0.663017213344574,0.0
44.0,-1.3985260725021362,-0.6729256510734558,0.0
44.0,-1.3989962339401245,-0.681135356426239,0.0
44.0,-1.3958321809768677,-0.6875961422920227,0.0
44.0,-1.3980083465576172,-0.6967185139656067,0.0
44.0,-1.3947722911834717,-0.7031745910644531,0.0
44.0,-1.3968513011932373,-0.7123413681983948,0.0
44.0,-1.393543004989624,-0.7187919616699219,0.0
44.0,-1.395524501800537,-0.7280022501945496,0.0
44.0,-1.397450566291809,-0.7372461557388306,0.0
44.0,-1.3940271139144897,-0.7436992526054382,0.0
44.0,-1.3976147174835205,-0.7539345622062683,0.0
44.0,-1.3941140174865723,-0.760388195514679,0.0
44.0,-1.395837664604187,-0.7697228789329529,0.0
44.0,-1.3975046873092651,-0.7790897488594055,0.0
44.0,-1.3938877582550049,-0.7855426073074341,0.0
44.0,-1.3954542875289917,-0.7949485182762146,0.0
44.0,-1.3917640447616577,-0.8013917207717896,0.0
44.0,-1.3932297229766846,-0.8108358383178711,0.0
44.0,-1.3963617086410522,-0.8213245272636414,0.0
44.0,-1.3925495147705078,-0.8277716636657715,0.0
44.0,-1.3938509225845337,-0.8372907042503357,0.0
44.0,-1.3899649381637573,-0.8437260985374451,0.0
44.0,-1.39116370677948,-0.8532804250717163,0.0
44.0,-1.3872038125991821,-0.8597031235694885,0.0
44.0,-1.3916897773742676,-0.8714145421981812,0.0
44.0,-1.394406795501709,-0.8821164965629578,0.0
44.0,-1.3903136253356934,-0.8885539174079895,0.0
44.0,-1.3929115533828735,-0.8993116021156311,0.0
44.0,-1.3887388706207275,-0.9057419300079346,0.0
44.0,-1.3912168741226196,-0.9165541529655457,0.0
44.0,-1.3869644403457642,-0.9229764938354492,0.0
44.0,-1.3893219232559204,-0.9338418841362,0.0
44.0,-1.391608476638794,-0.9447486996650696,0.0
44.0,-1.38722562789917,-0.9511725306510925,0.0
44.0,-1.3910343647003174,-0.9632691144943237,0.0
44.0,-1.3865660429000854,-0.9696900844573975,0.0
44.0,-1.3886024951934814,-0.9807054400444031,0.0
44.0,-1.3889384269714355,-0.9905988574028015,0.0
44.0,-1.3843436241149902,-0.9970098733901978,0.0
44.0,-1.3861892223358154,-1.0081048011779785,0.0
44.0,-1.3815135955810547,-1.0145028829574585,0.0
44.0,-1.3864476680755615,-1.0280267000198364,0.0
44.0,-1.381679892539978,-1.0344257354736328,0.0
44.0,-1.3736916780471802,-1.0383906364440918,0.0
44.0,-1.3529775142669678,-1.0325967073440552,0.0
44.0,-1.3481889963150024,-1.0388410091400146,0.0
44.0,-1.3307429552078247,-1.0352387428283691,0.0
44.0,-1.3259423971176147,-1.0413801670074463,0.0
44.0,-1.3101434707641602,-1.0388013124465942,0.0
44.0,-1.2928354740142822,-1.034848928451538,0.0
44.0,-1.2880371809005737,-1.0408151149749756,0.0
44.0,-1.2692633867263794,-1.0353813171386719,0.0
44.0,-1.264462947845459,-1.04123854637146,0.0
44.0,-1.2457932233810425,-1.0355671644210815,0.0
44.0,-1.228735327720642,-1.0310312509536743,0.0
44.0,-1.2239553928375244,-1.0367010831832886,0.0
44.0,-1.2069882154464722,-1.0319514274597168,0.0
44.0,-1.2022042274475098,-1.0375207662582397,0.0
44.0,-1.1883461475372314,-1.035185694694519,0.0
44.0,-1.1715316772460938,-1.0301035642623901,0.0
44.0,-1.1667566299438477,-1.0355089902877808,0.0
44.0,-1.1515288352966309,-1.0315510034561157,0.0
44.0,-1.1467472314834595,-1.036863923072815,0.0
44.0,-1.1330775022506714,-1.0340654850006104,0.0
44.0,-1.1179871559143066,-1.0298080444335938,0.0
44.0,-1.113214135169983,-1.0349658727645874,0.0
44.0,-1.0982080698013306,-1.0305217504501343,0.0
44.0,-1.093431830406189,-1.0355881452560425,0.0
44.0,-1.078512191772461,-1.0309585332870483,0.0
44.0,-1.0665374994277954,-1.028990626335144,0.0
44.0,-1.061768651008606,-1.0339106321334839,0.0
44.0,-1.0484187602996826,-1.0303971767425537,0.0
44.0,-1.043643593788147,-1.0352333784103394,0.0
44.0,-1.0303657054901123,-1.0315572023391724,0.0
44.0,-1.018551230430603,-1.0292022228240967,0.0
44.0,-1.013782024383545,-1.0339003801345825,0.0
44.0,-1.0006293058395386,-1.0299694538116455,0.0
44.0,-0.9958566427230835,-1.0345847606658936,0.0
44.0,-0.9841611981391907,-1.031941294670105,0.0
44.0,-0.9725115895271301,-1.0292119979858398,0.0
44.0,-0.9677428007125854,-1.033697247505188,0.0
44.0,-0.9561527371406555,-1.030828833580017,0.0
44.0,-0.9513766169548035,-1.0352383852005005,0.0
44.0,-0.938501238822937,-1.0307528972625732,0.0
44.0,-0.9256877899169922,-1.0261704921722412,0.0
44.0,-0.9209335446357727,-1.0304393768310547,0.0
44.0,-0.9108561873435974,-1.0286966562271118,0.0
44.0,-0.9060904383659363,-1.032896876335144,0.0
44.0,-0.8934336304664612,-1.0280176401138306,0.0
44.0,-0.884756326675415,-1.0275903940200806,0.0
44.0,-0.8799959421157837,-1.0316699743270874,0.0
44.0,-0.8687623143196106,-1.0280894041061401,0.0
44.0,-0.8639997839927673,-1.0320950746536255,0.0
44.0,-0.8541120886802673,-1.0299206972122192,0.0
44.0,-0.8493412137031555,-1.0338586568832397,0.0
44.0,-0.8395025730133057,-1.031569480895996,0.0
44.0,-0.8284481763839722,-1.0276545286178589,0.0
44.0,-0.8236880898475647,-1.0314737558364868,0.0
44.0,-0.812706470489502,-1.0274279117584229,0.0
44.0,-0.80794757604599,-1.0311743021011353,0.0
44.0,-0.7994928359985352,-1.0301588773727417,0.0
44.0,-0.789845883846283,-1.0275015830993652,0.0
44.0,-0.7850869297981262,-1.0311423540115356,0.0
44.0,-0.7766985893249512,-1.0299705266952515,0.0
44.0,-0.7719283699989319,-1.0335503816604614,0.0
44.0,-0.7611948251724243,-1.0290687084197998,0.0
44.0,-0.7517012357711792,-1.0261234045028687,0.0
44.0,-0.7469490170478821,-1.029587745666504,0.0
44.0,-0.7386800646781921,-1.0281574726104736,0.0
44.0,-0.7339186072349548,-1.0315617322921753,0.0
44.0,-0.7256858348846436,-1.030038833618164,0.0
44.0,-0.716338574886322,-1.0268218517303467,0.0
44.0,-0.7115834951400757,-1.0301227569580078,0.0
44.0,-0.7022968530654907,-1.0267983675003052,0.0
44.0,-0.697542130947113,-1.0300344228744507,0.0
44.0,-0.6883172988891602,-1.0266036987304688,0.0
44.0,-0.6813514232635498,-1.026442527770996,0.0
44.0,-0.6765984892845154,-1.0295816659927368,0.0
44.0,-0.6674685478210449,-1.0259929895401,0.0
44.0,-0.662717878818512,-1.0290679931640625,0.0
44.0,-0.6547278165817261,-1.0270615816116333,0.0
44.0,-0.6467704772949219,-1.025003433227539,0.0
44.0,-0.642024576663971,-1.0279827117919922,0.0
44.0,-0.6351617574691772,-1.0275375843048096,0.0
44.0,-0.6304042935371399,-1.0304630994796753,0.0
44.0,-0.6225259304046631,-1.0282341241836548,0.0
44.0,-0.6146816611289978,-1.0259543657302856,0.0
44.0,-0.6099317073822021,-1.0287853479385376,0.0
44.0,-0.6021327972412109,-1.0264191627502441,0.0
44.0,-0.5973808765411377,-1.0291920900344849,0.0
44.0,-0.5886321663856506,-1.0250054597854614,0.0
44.0,-0.5838868618011475,-1.027716040611267,0.0
44.0,-0.5771692395210266,-1.0269174575805664,0.0
44.0,-0.5704716444015503,-1.0260790586471558,0.0
44.0,-0.5657215714454651,-1.0287055969238281,0.0
44.0,-0.5580925345420837,-1.0260393619537354,0.0
44.0,-0.5533427596092224,-1.0286086797714233,0.0
44.0,-0.5457631349563599,-1.0258588790893555,0.0
44.0,-0.5391520857810974,-1.0248311758041382,0.0
44.0,-0.5344080924987793,-1.027312994003296,0.0
44.0,-0.5269083976745605,-1.0244370698928833,0.0
44.0,-0.5221664309501648,-1.0268622636795044,0.0
44.0,-0.5156167149543762,-1.0256916284561157,0.0
44.0,-0.5090890526771545,-1.0244824886322021,0.0
44.0,-0.5043470859527588,-1.0268253087997437,0.0
44.0,-0.49784740805625916,-1.0255476236343384,0.0
44.0,-0.4931006133556366,-1.0278383493423462,0.0
44.0,-0.4857729971408844,-1.0246855020523071,0.0
44.0,-0.47848519682884216,-1.0214871168136597,0.0
44.0,-0.47375738620758057,-1.0236884355545044,0.0
44.0,-0.46735620498657227,-1.0222299098968506,0.0
44.0,-0.46262505650520325,-1.0243797302246094,0.0
44.0,-0.4570693075656891,-1.0246812105178833,0.0
44.0,-0.4523269236087799,-1.0267834663391113,0.0
44.0,-0.4459792673587799,-1.025195837020874,0.0
44.0,-0.43965595960617065,-1.023571491241455,0.0
44.0,-0.43491891026496887,-1.0255931615829468,0.0
44.0,-0.42862799763679504,-1.0239033699035645,0.0
44.0,-0.42236196994781494,-1.0221772193908691,0.0
44.0,-0.4176315367221832,-1.0241190195083618,0.0
44.0,-0.41139891743659973,-1.0223281383514404,0.0
44.0,-0.40666791796684265,-1.024219274520874,0.0
44.0,-0.4011988043785095,-1.0242263078689575,0.0
44.0,-0.3964591324329376,-1.026070237159729,0.0
44.0,-0.3909987807273865,-1.0260233879089355,0.0
44.0,-0.38554733991622925,-1.02594792842865,0.0
44.0,-0.38079988956451416,-1.027719497680664,0.0
44.0,-0.37604427337646484,-1.0294691324234009,0.0
44.0,-0.37128064036369324,-1.0311967134475708,0.0
44.0,-0.36584025621414185,-1.0310174226760864,0.0
44.0,-0.3604094982147217,-1.0308098793029785,0.0
44.0,-0.35563981533050537,-1.0324652194976807,0.0
44.0,-0.3495773673057556,-1.0303105115890503,0.0
44.0,-0.3448100984096527,-1.0319157838821411,0.0
44.0,-0.3387853503227234,-1.0296992063522339,0.0
44.0,-0.33402103185653687,-1.031254529953003,0.0
44.0,-0.3280346691608429,-1.0289767980575562,0.0
44.0,-0.3226751387119293,-1.0285741090774536,0.0
44.0,-0.31791621446609497,-1.0300549268722534,0.0
44.0,-0.3125694990158081,-1.0296000242233276,0.0
44.0,-0.3078059256076813,-1.0310341119766235,0.0
44.0,-0.3024725317955017,-1.0305272340774536,0.0
44.0,-0.29659605026245117,-1.028071403503418,0.0
44.0,-0.29183971881866455,-1.029431700706482,0.0
44.0,-0.28654053807258606,-1.0288432836532593,0.0
44.0,-0.28178074955940247,-1.0301570892333984,0.0
44.0,-0.2759774327278137,-1.027585744857788,0.0
44.0,-0.270713746547699,-1.0269168615341187,0.0
44.0,-0.26596304774284363,-1.0281574726104736,0.0
44.0,-0.26071470975875854,-1.027437448501587,0.0
44.0,-0.25596168637275696,-1.0286318063735962,0.0
44.0,-0.2507292628288269,-1.02786123752594,0.0
44.0,-0.24550941586494446,-1.027064323425293,0.0
44.0,-0.2407582849264145,-1.0281884670257568,0.0
44.0,-0.23555505275726318,-1.0273411273956299,0.0
44.0,-0.2308027595281601,-1.0284192562103271,0.0
44.0,-0.22604551911354065,-1.0294753313064575,0.0
44.0,-0.22086356580257416,-1.028554081916809,0.0
44.0,-0.21610581874847412,-1.0295641422271729,0.0
44.0,-0.21053984761238098,-1.0266337394714355,0.0
44.0,-0.20579108595848083,-1.0275962352752686,0.0
44.0,-0.2006542831659317,-1.026573896408081,0.0
44.0,-0.1959058940410614,-1.0274906158447266,0.0
44.0,-0.19078783690929413,-1.0264190435409546,0.0
44.0,-0.18568389117717743,-1.0253221988677979,0.0
44.0,-0.18094146251678467,-1.026169776916504,0.0
44.0,-0.17585696280002594,-1.0250240564346313,0.0
44.0,-0.17111600935459137,-1.025826096534729,0.0
44.0,-0.1660514622926712,-1.0246320962905884,0.0
44.0,-0.16100162267684937,-1.0234131813049316,0.0
44.0,-0.15626828372478485,-1.024146556854248,0.0
44.0,-0.1512390822172165,-1.022879719734192,0.0
44.0,-0.14650830626487732,-1.0235679149627686,0.0
44.0,-0.14177440106868744,-1.024234414100647,0.0
44.0,-0.1370374709367752,-1.024878978729248,0.0
44.0,-0.13204170763492584,-1.0235178470611572,0.0
44.0,-0.12706147134304047,-1.0221327543258667,0.0
44.0,-0.12233441323041916,-1.0227092504501343,0.0
44.0,-0.11783309280872345,-1.025250792503357,0.0
44.0,-0.11309172213077545,-1.0257846117019653,0.0
44.0,-0.10813795030117035,-1.0243076086044312,0.0
44.0,-0.103200264275074,-1.0228067636489868,0.0
44.0,-0.09847034513950348,-1.02327299118042,0.0
44.0,-0.09373831748962402,-1.0237172842025757,0.0
44.0,-0.08900429308414459,-1.0241397619247437,0.0
44.0,-0.08410441875457764,-1.0225470066070557,0.0
44.0,-0.07937590032815933,-1.0229250192642212,0.0
44.0,-0.07464569061994553,-1.0232809782028198,0.0
44.0,-0.06991388648748398,-1.0236152410507202,0.0
44.0,-0.06518058478832245,-1.0239274501800537,0.0
44.0,-0.06032806262373924,-1.0222214460372925,0.0
44.0,-0.05560130625963211,-1.0224894285202026,0.0
44.0,-0.05087336152791977,-1.022735595703125,0.0
44.0,-0.046144332736730576,-1.02295982837677,0.0
44.0,-0.04141431301832199,-1.0231622457504272,0.0
44.0,-0.03668341040611267,-1.0233427286148071,0.0
44.0,-0.03188931569457054,-1.0215022563934326,0.0
44.0,-0.02716618962585926,-1.0216388702392578,0.0
44.0,-0.02244248241186142,-1.0217535495758057,0.0
44.0,-0.017718294635415077,-1.0218462944030762,0.0
44.0,-0.012993729673326015,-1.0219173431396484,0.0
44.0,-0.008268886245787144,-1.0219664573669434,0.0
44.0,-0.0035508018918335438,-1.0239938497543335,0.0
44.0,0.0011835411423817277,-1.0239993333816528,0.0
44.0,0.005917858798056841,-1.0239830017089844,0.0
44.0,0.010631244629621506,-1.0219446420669556,0.0
44.0,0.01535596139729023,-1.021884560585022,0.0
44.0,0.02008035033941269,-1.0218026638031006,0.0
44.0,0.024804310873150826,-1.0216989517211914,0.0
44.0,0.029527738690376282,-1.0215733051300049,0.0
44.0,0.03425053879618645,-1.0214258432388306,0.0
44.0,0.038972605019807816,-1.0212565660476685,0.0
44.0,0.04369383677840233,-1.0210654735565186,0.0
44.0,0.048414137214422226,-1.0208525657653809,0.0
44.0,0.05313339829444885,-1.0206178426742554,0.0
44.0,0.05785152688622475,-1.020361304283142,0.0
44.0,0.06256841868162155,-1.0200828313827515,0.0
44.0,0.06741565465927124,-1.0217784643173218,0.0
44.0,0.07213899493217468,-1.0214558839797974,0.0
44.0,0.07686079293489456,-1.0211113691329956,0.0
44.0,0.08158095180988312,-1.0207451581954956,0.0
44.0,0.0862993597984314,-1.0203570127487183,0.0
44.0,0.09101593494415283,-1.0199471712112427,0.0
44.0,0.09573055803775787,-1.0195153951644897,0.0
44.0,0.10044313222169876,-1.0190619230270386,0.0
44.0,0.10515356063842773,-1.0185866355895996,0.0
44.0,0.10986173897981644,-1.0180896520614624,0.0
44.0,0.1145675778388977,-1.0175708532333374,0.0
44.0,0.11927095800638199,-1.0170302391052246,0.0
44.0,0.1237296536564827,-1.0144826173782349,0.0
44.0,0.12841865420341492,-1.0138996839523315,0.0
44.0,0.13362589478492737,-1.0172611474990845,0.0
44.0,0.13832764327526093,-1.0166324377059937,0.0
44.0,0.1430264264345169,-1.0159820318222046,0.0
44.0,0.14801011979579926,-1.0172890424728394,0.0
44.0,0.15271183848381042,-1.0165938138961792,0.0
44.0,0.15741030871868134,-1.0158770084381104,0.0
44.0,0.16210539638996124,-1.0151383876800537,0.0
44.0,0.16679702699184418,-1.0143779516220093,0.0
44.0,0.17181871831417084,-1.0155678987503052,0.0
44.0,0.1765122264623642,-1.0147627592086792,0.0
44.0,0.1812019646167755,-1.0139358043670654,0.0
44.0,0.18588782846927643,-1.0130871534347534,0.0
44.0,0.1909397542476654,-1.0141823291778564,0.0
44.0,0.19600580632686615,-1.0152525901794434,0.0
44.0,0.20069760084152222,-1.0143355131149292,0.0
44.0,0.20578236877918243,-1.0153568983078003,0.0
44.0,0.21047453582286835,-1.0143946409225464,0.0
44.0,0.21557757258415222,-1.015367031097412,0.0
44.0,0.22026969492435455,-1.014359474182129,0.0
44.0,0.22539053857326508,-1.0152827501296997,0.0
44.0,0.23096710443496704,-1.0181307792663574,0.0
44.0,0.23567183315753937,-1.0170520544052124,0.0
44.0,0.24083200097084045,-1.0178978443145752,0.0
44.0,0.24553555250167847,-1.0167734622955322,0.0
44.0,0.2507123053073883,-1.0175693035125732,0.0
44.0,0.25590163469314575,-1.018338918685913,0.0
44.0,0.2606070637702942,-1.0171449184417725,0.0
44.0,0.26530691981315613,-1.0159292221069336,0.0
44.0,0.2700011134147644,-1.014691710472107,0.0
44.0,0.27521276473999023,-1.0153629779815674,0.0
44.0,0.27990421652793884,-1.0140796899795532,0.0
44.0,0.28513073921203613,-1.014700174331665,0.0
44.0,0.2903689742088318,-1.0152939558029175,0.0
44.0,0.2950599491596222,-1.013940691947937,0.0
44.0,0.3003123104572296,-1.0144833326339722,0.0
44.0,0.304999440908432,-1.013084053993225,0.0
44.0,0.3096800446510315,-1.0116630792617798,0.0
44.0,0.3155425190925598,-1.0140399932861328,0.0
44.0,0.3202274441719055,-1.0125702619552612,0.0
44.0,0.3261292278766632,-1.0148869752883911,0.0
44.0,0.33081793785095215,-1.0133683681488037,0.0
44.0,0.3367585241794586,-1.0156248807907104,0.0
44.0,0.3414505422115326,-1.0140570402145386,0.0
44.0,0.34678223729133606,-1.014359951019287,0.0
44.0,0.35277971625328064,-1.0165246725082397,0.0
44.0,0.35747572779655457,-1.0148828029632568,0.0
44.0,0.3628372251987457,-1.015102505683899,0.0
44.0,0.3675265610218048,-1.0134141445159912,0.0
44.0,0.3728986084461212,-1.0135811567306519,0.0
44.0,0.37827998399734497,-1.0137200355529785,0.0
44.0,0.38296276330947876,-1.0119602680206299,0.0
44.0,0.3883538544178009,-1.0120460987091064,0.0
44.0,0.39302876591682434,-1.0102397203445435,0.0
44.0,0.39916279911994934,-1.012133002281189,0.0
44.0,0.40383800864219666,-1.0102766752243042,0.0
44.0,0.4107573330402374,-1.0139597654342651,0.0
44.0,0.41620033979415894,-1.0139000415802002,0.0
44.0,0.42088353633880615,-1.0119649171829224,0.0
44.0,0.42633432149887085,-1.0118513107299805,0.0
44.0,0.43100792169570923,-1.0098694562911987,0.0
44.0,0.4372594654560089,-1.0115375518798828,0.0
44.0,0.4443376660346985,-1.0150015354156494,0.0
44.0,0.4490256607532501,-1.0129363536834717,0.0
44.0,0.4553419351577759,-1.0144987106323242,0.0
44.0,0.4600274860858917,-1.0123826265335083,0.0
44.0,0.46553897857666016,-1.0120619535446167,0.0
44.0,0.4702131152153015,-1.0098987817764282,0.0
44.0,0.4757298529148102,-1.0095232725143433,0.0
44.0,0.4821139872074127,-1.0109233856201172,0.0
44.0,0.4867826998233795,-1.0086835622787476,0.0
44.0,0.494073748588562,-1.0118138790130615,0.0
44.0,0.49874645471572876,-1.0095187425613403,0.0
44.0,0.5060909390449524,-1.0125689506530762,0.0
44.0,0.5107670426368713,-1.0102182626724243,0.0
44.0,0.5172535181045532,-1.0114073753356934,0.0
44.0,0.5255996584892273,-1.0161107778549194,0.0
44.0,0.5302918553352356,-1.0136698484420776,0.0
44.0,0.535908043384552,-1.0129750967025757,0.0
44.0,0.5405856370925903,-1.0104866027832031,0.0
44.0,0.5462033152580261,-1.0097355842590332,0.0
44.0,0.5537449717521667,-1.0124636888504028,0.0
44.0,0.5584200620651245,-1.0098927021026611,0.0
44.0,0.5660107731819153,-1.0125372409820557,0.0
44.0,0.5706861019134521,-1.0099095106124878,0.0
44.0,0.5773331522941589,-1.0107336044311523,0.0
44.0,0.5849999189376831,-1.0132497549057007,0.0
44.0,0.5896783471107483,-1.0105341672897339,0.0
44.0,0.5953601002693176,-1.0095199346542358,0.0
44.0,0.6000211238861084,-1.0067565441131592,0.0
44.0,0.6067330241203308,-1.0073981285095215,0.0
44.0,0.6113840937614441,-1.0045822858810425,0.0
44.0,0.6191651225090027,-1.006855845451355,0.0
44.0,0.6238135695457458,-1.003982424736023,0.0
44.0,0.631638765335083,-1.0061691999435425,0.0
44.0,0.6405686736106873,-1.0099939107894897,0.0
44.0,0.6452313661575317,-1.0070215463638306,0.0
44.0,0.6531406044960022,-1.0090645551681519,0.0
44.0,0.6577989459037781,-1.0060341358184814,0.0
44.0,0.6646475791931152,-1.0063197612762451,0.0
44.0,0.6726229190826416,-1.0082273483276367,0.0
44.0,0.677277147769928,-1.005106806755066,0.0
44.0,0.6841674447059631,-1.005271553993225,0.0
44.0,0.6888078451156616,-1.0020976066589355,0.0
44.0,0.6991361379623413,-1.0071169137954712,0.0
44.0,0.7072292566299438,-1.0087867975234985,0.0
44.0,0.7118856906890869,-1.005506157875061,0.0
44.0,0.7200165390968323,-1.0070850849151611,0.0
44.0,0.7246649265289307,-1.003745436668396,0.0
44.0,0.734010636806488,-1.0068488121032715,0.0
44.0,0.7386578321456909,-1.0034444332122803,0.0
44.0,0.7480615377426147,-1.006439208984375,0.0
44.0,0.7563081383705139,-1.0077687501907349,0.0
44.0,0.7609593868255615,-1.0042613744735718,0.0
44.0,0.7704552412033081,-1.0070862770080566,0.0
44.0,0.7751031517982483,-1.0035134553909302,0.0
44.0,0.784653902053833,-1.006227731704712,0.0
44.0,0.7892976999282837,-1.002589225769043,0.0
44.0,0.7989022135734558,-1.0051921606063843,0.0
44.0,0.8097991347312927,-1.0092875957489014,0.0
44.0,0.8144568204879761,-1.0055327415466309,0.0
44.0,0.8241610527038574,-1.007949709892273,0.0
44.0,0.8288123607635498,-1.0041285753250122,0.0
44.0,0.8385668992996216,-1.006432056427002,0.0
44.0,0.8432110548019409,-1.0025442838668823,0.0
44.0,0.8530148267745972,-1.0047335624694824,0.0
44.0,0.8628567457199097,-1.0068535804748535,0.0
44.0,0.8675025701522827,-1.002853512763977,0.0
44.0,0.8787069916725159,-1.0063647031784058,0.0
44.0,0.8833504319190979,-1.0022913217544556,0.0
44.0,0.8946214914321899,-1.005668044090271,0.0
44.0,0.904606282711029,-1.0074738264083862,0.0
44.0,0.9092545509338379,-1.0032806396484375,0.0
44.0,0.9206328392028809,-1.0064446926116943,0.0
44.0,0.9252762198448181,-1.0021775960922241,0.0
44.0,0.9367172122001648,-1.0052047967910767,0.0
44.0,0.9413546323776245,-1.0008633136749268,0.0
44.0,0.952856719493866,-1.0037529468536377,0.0
44.0,0.9671728610992432,-1.0094456672668457,0.0
44.0,0.9718295335769653,-1.0049632787704468,0.0
44.0,0.9904349446296692,-1.0147721767425537,0.0
44.0,0.9951160550117493,-1.0101821422576904,0.0
44.0,1.0124669075012207,-1.018335223197937,0.0
44.0,1.0171642303466797,-1.0136433839797974,0.0
44.0,1.0332252979278564,-1.0201714038848877,0.0
44.0,1.0379308462142944,-1.0153834819793701,0.0
44.0,1.0598474740982056,-1.0272775888442993,0.0
44.0,1.0818960666656494,-1.0389903783798218,0.0
44.0,1.0866881608963013,-1.0339772701263428,0.0
44.0,1.1060097217559814,-1.0426613092422485,0.0
44.0,1.1108185052871704,-1.03753662109375,0.0
44.0,1.1332184076309204,-1.048690676689148,0.0
44.0,1.1380547285079956,-1.0434402227401733,0.0
44.0,1.160631537437439,-1.0543047189712524,0.0
44.0,1.1818461418151855,-1.063644528388977,0.0
44.0,1.186751127243042,-1.0581690073013306,0.0
44.0,1.2081187963485718,-1.0672361850738525,0.0
44.0,1.2130401134490967,-1.0616391897201538,0.0
44.0,1.233046293258667,-1.0691214799880981,0.0
44.0,1.2576987743377686,-1.0803507566452026,0.0
44.0,1.262680172920227,-1.0745244026184082,0.0
44.0,1.2890422344207764,-1.086722731590271,0.0
44.0,1.2940527200698853,-1.0807514190673828,0.0
44.0,1.1446657180786133,-0.9381580948829651,0.0
44.0,1.1489908695220947,-0.9328558444976807,0.0
44.0,1.1532915830612183,-0.9275336265563965,0.0
44.0,1.1575675010681152,-0.9221916198730469,0.0
44.0,1.1853691339492798,-0.9354143142700195,0.0
44.0,1.21174156665802,-0.9471675157546997,0.0
44.0,1.216107726097107,-0.9415550827980042,0.0
44.0,1.2442537546157837,-0.9541783928871155,0.0
44.0,1.2486519813537598,-0.9484155774116516,0.0
44.0,1.2738007307052612,-0.9582628607749939,0.0
44.0,1.2782175540924072,-0.9523633718490601,0.0
44.0,1.30352783203125,-0.9618811011314392,0.0
44.0,1.337026834487915,-0.9770851135253906,0.0
44.0,1.3415299654006958,-0.9708930850028992,0.0
44.0,1.3736398220062256,-0.9844865798950195,0.0
44.0,1.3781768083572388,-0.9781252145767212,0.0
44.0,1.408865213394165,-0.9901427626609802,0.0
44.0,1.4134279489517212,-0.9836184978485107,0.0
44.0,1.4459574222564697,-0.9963650107383728,0.0
44.0,1.4720258712768555,-1.0043225288391113,0.0
44.0,1.4766534566879272,-0.9975060820579529,0.0
44.0,1.497874140739441,-1.0017869472503662,0.0
44.0,1.5024898052215576,-0.9948509931564331,0.0
44.0,1.527145266532898,-1.0010510683059692,0.0
44.0,1.5317572355270386,-0.993979811668396,0.0
44.0,1.5531636476516724,-0.997696578502655,0.0
44.0,1.5577597618103027,-0.990505039691925,0.0
44.0,1.5741713047027588,-0.9907496571540833,0.0
44.0,1.5770374536514282,-0.9824036359786987,0.0
44.0,1.5815626382827759,-0.975101888179779,0.0
44.0,1.5775176286697388,-0.9625706076622009,0.0
44.0,1.5819511413574219,-0.9552668333053589,0.0
44.0,1.5777666568756104,-0.9428131580352783,0.0
44.0,1.5752224922180176,-0.9314365983009338,0.0
44.0,1.579512119293213,-0.9241437911987305,0.0
44.0,1.5768442153930664,-0.9128232598304749,0.0
44.0,1.581047773361206,-0.9055231213569641,0.0
44.0,1.5869574546813965,-0.8991896510124207,0.0
44.0,1.6050548553466797,-0.8996661305427551,0.0
44.0,1.6091971397399902,-0.8922357559204102,0.0
44.0,1.6290874481201172,-0.8934417963027954,0.0
44.0,1.633200764656067,-0.8859003782272339,0.0
44.0,1.6531407833099365,-0.8868492245674133,0.0
44.0,1.6713573932647705,-0.886695146560669,0.0
44.0,1.6754391193389893,-0.8789583444595337,0.0
44.0,1.6901371479034424,-0.8767284154891968,0.0
44.0,1.6941725015640259,-0.8689048886299133,0.0
44.0,1.4563738107681274,-0.7049110531806946,0.0
44.0,1.459617257118225,-0.6981701254844666,0.0
44.0,1.46282958984375,-0.6914143562316895,0.0
44.0,1.466010570526123,-0.6846437454223633,0.0
44.0,1.4836883544921875,-0.6845616698265076,0.0
44.0,1.4868375062942505,-0.6776946783065796,0.0
44.0,1.5063680410385132,-0.6782028675079346,0.0
44.0,1.509487509727478,-0.6712310910224915,0.0
44.0,1.5272244215011597,-0.6706783771514893,0.0
44.0,1.5413182973861694,-0.6683844327926636,0.0
44.0,1.5443919897079468,-0.6612512469291687,0.0
44.0,1.5584858655929565,-0.658776044845581,0.0
44.0,1.561514973640442,-0.6515635848045349,0.0
44.0,1.5682092905044556,-0.6458603739738464,0.0
44.0,1.5656201839447021,-0.6363438963890076,0.0
44.0,1.5685455799102783,-0.629098653793335,0.0
44.0,1.565858244895935,-0.6196321845054626,0.0
44.0,1.5687062740325928,-0.6123860478401184,0.0
44.0,1.5677878856658936,-0.6036893725395203,0.0
44.0,1.5705622434616089,-0.596434473991394,0.0
44.0,1.5676841735839844,-0.587062656879425,0.0
44.0,1.5647529363632202,-0.5777302384376526,0.0
44.0,1.567407250404358,-0.5704895853996277,0.0
44.0,1.5662630796432495,-0.5618861317634583,0.0
44.0,1.568844199180603,-0.5546387434005737,0.0
44.0,1.565725564956665,-0.5454056859016418,0.0
44.0,1.564447045326233,-0.5368626117706299,0.0
44.0,1.5669125318527222,-0.5296238660812378,0.0
44.0,1.563651442527771,-0.5204788446426392,0.0
44.0,1.566041111946106,-0.5132439136505127,0.0
44.0,1.564590573310852,-0.5047699213027954,0.0
44.0,1.566907525062561,-0.49753081798553467,0.0
44.0,1.5653730630874634,-0.48908817768096924,0.0
44.0,1.5637941360473633,-0.4806704521179199,0.0
44.0,1.5659997463226318,-0.47343531250953674,0.0
44.0,1.5624206066131592,-0.46448028087615967,0.0
44.0,1.5607119798660278,-0.4561295807361603,0.0
44.0,1.5628042221069336,-0.4489089548587799,0.0
44.0,1.5629380941390991,-0.441135436296463,0.0
44.0,1.5649608373641968,-0.4339046776294708,0.0
44.0,1.5630908012390137,-0.42561376094818115,0.0
44.0,1.5611776113510132,-0.4173494279384613,0.0
44.0,1.5630905628204346,-0.41012707352638245,0.0
44.0,1.5591593980789185,-0.40140002965927124,0.0
44.0,1.560998558998108,-0.39418715238571167,0.0
44.0,1.5550388097763062,-0.38504305481910706,0.0
44.0,1.5568023920059204,-0.37784940004348755,0.0
44.0,1.5449126958847046,-0.3674086034297943,0.0
44.0,1.5426990985870361,-0.35935449600219727,0.0
44.0,1.5443439483642578,-0.3522181808948517,0.0
44.0,1.5768907070159912,-0.1499060094356537,0.0
44.0,1.5775668621063232,-0.14261385798454285,0.0
44.0,1.578209400177002,-0.13531865179538727,0.0
44.0,1.5788180828094482,-0.12802055478096008,0.0
44.0,1.5674281120300293,-0.11980518698692322,0.0
44.0,1.5579909086227417,-0.11184109002351761,0.0
44.0,1.5584913492202759,-0.10463672131299973,0.0
44.0,1.5549662113189697,-0.09718061238527298,0.0
44.0,1.5553988218307495,-0.08999038487672806,0.0
44.0,1.5557982921600342,-0.08279823511838913,0.0
44.0,1.5561645030975342,-0.07560431957244873,0.0
44.0,1.5624916553497314,-0.06867223232984543,0.0
44.0,1.572784662246704,-0.06184040382504463,0.0
44.0,1.5730538368225098,-0.05456817150115967,0.0
44.0,1.5812857151031494,-0.047535158693790436,0.0
44.0,1.5814886093139648,-0.040223777294158936,0.0
44.0,1.5916554927825928,-0.033119574189186096,0.0
44.0,1.6017903089523315,-0.02592221461236477,0.0
44.0,1.6018929481506348,-0.018516264855861664,0.0
44.0,1.6159611940383911,-0.01120700966566801,0.0
44.0,1.6159957647323608,-0.0037356994580477476,0.0
44.0,1.6239956617355347,0.0037541838828474283,0.0
44.0,1.6319607496261597,0.011317960917949677,0.0
44.0,1.6318910121917725,0.018863001838326454,0.0
44.0,1.643784761428833,0.026601815596222878,0.0
44.0,1.6436442136764526,0.03420136123895645,0.0
44.0,1.6534652709960938,0.042054433375597,0.0
44.0,1.653253197669983,0.049698568880558014,0.0
44.0,1.6649985313415527,0.0577576644718647,0.0
44.0,1.6727075576782227,0.065769262611866,0.0
44.0,1.672385573387146,0.07350210845470428,0.0
44.0,1.4384056329727173,0.23822900652885437,0.0
44.0,1.4372888803482056,0.24487674236297607,0.0
44.0,1.4361413717269897,0.25151923298835754,0.0
44.0,1.4349631071090698,0.25815635919570923,0.0
44.0,1.4443050622940063,0.27364781498908997,0.0
44.0,1.4430243968963623,0.28032243251800537,0.0
44.0,1.4417129755020142,0.28699108958244324,0.0
44.0,1.4403706789016724,0.29365360736846924,0.0
44.0,1.452702283859253,0.3031699061393738,0.0
44.0,1.4512851238250732,0.3098830580711365,0.0
44.0,1.4635146856307983,0.3195762634277344,0.0
44.0,1.4756851196289062,0.32938912510871887,0.0
44.0,1.4741464853286743,0.3362082540988922,0.0
44.0,1.4862112998962402,0.3461962938308716,0.0
44.0,1.4845948219299316,0.3530639111995697,0.0
44.0,1.4965516328811646,0.3632260262966156,0.0
44.0,1.4948562383651733,0.37014123797416687,0.0
44.0,1.514459490776062,0.38243499398231506,0.0
44.0,1.5378541946411133,0.39591506123542786,0.0
44.0,1.536007285118103,0.4030208885669708,0.0
44.0,1.557313323020935,0.41631636023521423,0.0
44.0,1.555371880531311,0.42351195216178894,0.0
44.0,1.5726701021194458,0.4360421299934387,0.0
44.0,1.5860357284545898,0.44765469431877136,0.0
44.0,1.583949089050293,0.454982727766037,0.0
44.0,1.5971862077713013,0.4667894244194031,0.0
44.0,1.5950109958648682,0.4741688370704651,0.0
44.0,1.6062026023864746,0.48558947443962097,0.0
44.0,1.6039403676986694,0.49301037192344666,0.0
44.0,1.6150068044662476,0.5045958757400513,0.0
44.0,1.627906322479248,0.5168993473052979,0.0
44.0,1.6254990100860596,0.5244202613830566,0.0
44.0,1.6363608837127686,0.5362900495529175,0.0
44.0,1.633863925933838,0.5438498258590698,0.0
44.0,1.6445949077606201,0.5558808445930481,0.0
44.0,1.6420072317123413,0.5634784698486328,0.0
44.0,1.650716781616211,0.5750115513801575,0.0
44.0,1.659354329109192,0.5866370797157288,0.0
44.0,1.656624436378479,0.5943025946617126,0.0
44.0,1.4427998065948486,0.5327032804489136,0.0
44.0,1.440321445465088,0.539368212223053,0.0
44.0,1.437812328338623,0.546021580696106,0.0
44.0,1.4352725744247437,0.552663266658783,0.0
44.0,1.4457435607910156,0.5643842816352844,0.0
44.0,1.4598560333251953,0.5776855945587158,0.0
44.0,1.457169532775879,0.5844289064407349,0.0
44.0,1.4711271524429321,0.597937285900116,0.0
44.0,1.4683469533920288,0.6047325134277344,0.0
44.0,1.4803013801574707,0.6176760792732239,0.0
44.0,1.4774298667907715,0.6245134472846985,0.0
44.0,1.4929122924804688,0.639209508895874,0.0
44.0,1.50829017162323,0.6540619730949402,0.0
44.0,1.505250096321106,0.6610283851623535,0.0
44.0,1.5204523801803589,0.6761069297790527,0.0
44.0,1.5173102617263794,0.6831293106079102,0.0
44.0,1.5268747806549072,0.6959435343742371,0.0
44.0,1.5236408710479736,0.7029953598976135,0.0
44.0,1.5276228189468384,0.7134173512458801,0.0
44.0,1.5297328233718872,0.7230364680290222,0.0
44.0,1.5263735055923462,0.7301012873649597,0.0
44.0,1.5283823013305664,0.7397644519805908,0.0
44.0,1.5249457359313965,0.7468228340148926,0.0
44.0,1.5268528461456299,0.7565290927886963,0.0
44.0,1.5304906368255615,0.7671651244163513,0.0
44.0,1.5269274711608887,0.7742329239845276,0.0
44.0,1.5268906354904175,0.7831096053123474,0.0
44.0,1.5232537984848022,0.7901606559753418,0.0
44.0,1.524897575378418,0.7999821901321411,0.0
44.0,1.521182656288147,0.8070237636566162,0.0
44.0,1.5244848728179932,0.8178300261497498,0.0
44.0,1.5259613990783691,0.8277303576469421,0.0
44.0,1.5221182107925415,0.8347765803337097,0.0
44.0,1.5217407941818237,0.8437446355819702,0.0
44.0,1.517823576927185,0.8507711887359619,0.0
44.0,1.5138739347457886,0.8577795624732971,0.0
44.0,1.5064208507537842,0.8627815842628479,0.0
44.0,1.5024157762527466,0.8697371482849121,0.0
44.0,1.4828424453735352,0.8675841689109802,0.0
44.0,1.4788154363632202,0.8744306564331055,0.0
44.0,1.2591493129730225,1.1332162618637085,0.0
44.0,1.2538965940475464,1.1390256881713867,0.0
44.0,1.2486170530319214,1.144810676574707,0.0
44.0,1.243310809135437,1.1505712270736694,0.0
44.0,1.2277467250823975,1.1467509269714355,0.0
44.0,1.2151553630828857,1.1455553770065308,0.0
44.0,1.209846019744873,1.1511613130569458,0.0
44.0,1.1987407207489014,1.1512012481689453,0.0
44.0,1.1934055089950562,1.1567312479019165,0.0
44.0,1.185185432434082,1.159439206123352,0.0
44.0,1.1798123121261597,1.16490638256073,0.0
44.0,1.1687471866607666,1.1647015810012817,0.0
44.0,1.1548892259597778,1.1615829467773438,0.0
44.0,1.1495064496994019,1.1669100522994995,0.0
44.0,1.1413050889968872,1.1693495512008667,0.0
44.0,0.9879812598228455,1.2914214134216309,0.0
44.0,0.9819999933242798,1.2959753274917603,0.0
44.0,0.9759976863861084,1.3005017042160034,0.0
44.0,0.9699745774269104,1.3050001859664917,0.0
44.0,0.9412449598312378,1.3037339448928833,0.0
44.0,0.9352072477340698,1.3080717325210571,0.0
44.0,0.9291495680809021,1.3123815059661865,0.0
44.0,0.9230719804763794,1.3166632652282715,0.0
44.0,0.9124126434326172,1.3143452405929565,0.0
44.0,0.9029273986816406,1.3136049509048462,0.0
44.0,0.8968445062637329,1.317765474319458,0.0
44.0,0.8907423615455627,1.3218978643417358,0.0
44.0,0.8846212029457092,1.3260020017623901,0.0
44.0,0.8773789405822754,1.3284088373184204,0.0
44.0,0.8701333403587341,1.3307772874832153,0.0
44.0,0.8639713525772095,1.3347859382629395,0.0
44.0,0.8567119836807251,1.3370821475982666,0.0
44.0,0.8505209684371948,1.3410288095474243,0.0
44.0,0.8443118333816528,1.3449467420578003,0.0
44.0,0.8370290398597717,1.3471370935440063,0.0
44.0,0.8307917714118958,1.3509925603866577,0.0
44.0,0.8245367407798767,1.3548191785812378,0.0
44.0,0.8182640671730042,1.358616828918457,0.0
44.0,0.8119739294052124,1.3623855113983154,0.0
44.0,0.805666446685791,1.3661249876022339,0.0
44.0,0.7993417382240295,1.3698352575302124,0.0
44.0,0.7929999232292175,1.373516321182251,0.0
44.0,0.7866411805152893,1.3771679401397705,0.0
44.0,0.7802656292915344,1.380790114402771,0.0
44.0,0.7738733887672424,1.3843828439712524,0.0
44.0,0.7674645781517029,1.3879460096359253,0.0
44.0,0.7610393762588501,1.3914793729782104,0.0
44.0,0.7545979619026184,1.3949830532073975,0.0
44.0,0.7481403350830078,1.3984569311141968,0.0
44.0,0.7416667342185974,1.4019010066986084,0.0
44.0,0.7342502474784851,1.4035428762435913,0.0
44.0,0.7277532815933228,1.4069225788116455,0.0
44.0,0.7212408185005188,1.410272240638733,0.0
44.0,0.4827921986579895,0.9548884034156799,0.0
44.0,0.4783722162246704,0.9571102857589722,0.0
44.0,0.4739420413970947,0.9593117833137512,0.0
44.0,0.46950170397758484,0.9614927172660828,0.0
44.0,0.45983579754829407,0.9528457522392273,0.0
44.0,0.45370370149612427,0.9513511657714844,0.0
44.0,0.4493004083633423,0.9534386396408081,0.0
44.0,0.443199098110199,0.9518794417381287,0.0
44.0,0.43879345059394836,0.9539183378219604,0.0
44.0,0.4327237010002136,0.9522952437400818,0.0
44.0,0.4266783595085144,0.9506364464759827,0.0
44.0,0.42227864265441895,0.9525989890098572,0.0
44.0,0.4162657856941223,0.9508768320083618,0.0
44.0,0.41186508536338806,0.9527912139892578,0.0
44.0,0.4058854281902313,0.9510063529014587,0.0
44.0,0.4014842212200165,0.9528727531433105,0.0
44.0,0.3955383598804474,0.9510254263877869,0.0
44.0,0.3903777003288269,0.9509938359260559,0.0
44.0,0.38597673177719116,0.9527885317802429,0.0
44.0,0.3800828456878662,0.9508486390113831,0.0
44.0,0.3749488592147827,0.9507350921630859,0.0
44.0,0.3705492615699768,0.9524585008621216,0.0
44.0,0.36470869183540344,0.9504270553588867,0.0
44.0,0.3603106141090393,0.9521030783653259,0.0
44.0,0.35450640320777893,0.9500111937522888,0.0
44.0,0.35011035203933716,0.9516400694847107,0.0
44.0,0.34434306621551514,0.9494881629943848,0.0
44.0,0.33927640318870544,0.9491868019104004,0.0
44.0,0.3348843455314636,0.9507452249526978,0.0
44.0,0.32917362451553345,0.9485043883323669,0.0
44.0,0.3247848153114319,0.9500161409378052,0.0
44.0,0.319112628698349,0.9477167725563049,0.0
44.0,0.31409814953804016,0.9472836852073669,0.0
44.0,0.3097151219844818,0.9487257599830627,0.0
44.0,0.304713636636734,0.9482434391975403,0.0
44.0,0.30032628774642944,0.9496421217918396,0.0
44.0,0.29533830285072327,0.9491108059883118,0.0
44.0,0.2903616428375244,0.9485536813735962,0.0
44.0,0.2859730124473572,0.9498860239982605,0.0
44.0,0.28044286370277405,0.9473625421524048,0.0
44.0,0.2760598659515381,0.948648989200592,0.0
44.0,0.2711210250854492,0.9479922652244568,0.0
44.0,0.2667351961135864,0.9492356777191162,0.0
44.0,0.2618115544319153,0.9485308527946472,0.0
44.0,0.2569001317024231,0.9478007555007935,0.0
44.0,0.25251534581184387,0.9489783644676208,0.0
44.0,0.24761982262134552,0.9482006430625916,0.0
44.0,0.24224050343036652,0.9454604983329773,0.0
44.0,0.23786669969558716,0.9465703368186951,0.0
44.0,0.23300933837890625,0.9457180500030518,0.0
44.0,0.22863443195819855,0.9467852115631104,0.0
44.0,0.22379417717456818,0.9458858966827393,0.0
44.0,0.21941860020160675,0.9469105005264282,0.0
44.0,0.21459588408470154,0.9459643959999084,0.0
44.0,0.20978659391403198,0.9449939727783203,0.0
44.0,0.2054152935743332,0.9459537863731384,0.0
44.0,0.2006242275238037,0.944936990737915,0.0
44.0,0.19625328481197357,0.9458544850349426,0.0
44.0,0.19148088991641998,0.9447915554046631,0.0
44.0,0.1867225170135498,0.9437047839164734,0.0
44.0,0.18235743045806885,0.9445579648017883,0.0
44.0,0.1779884397983551,0.9453909993171692,0.0
44.0,0.17361563444137573,0.9462038278579712,0.0
44.0,0.16888727247714996,0.9450275301933289,0.0
44.0,0.16451625525951385,0.9457982778549194,0.0
44.0,0.15980809926986694,0.9445767998695374,0.0
44.0,0.15543925762176514,0.945305585861206,0.0
44.0,0.1510670930147171,0.9460141062736511,0.0
44.0,0.14638546109199524,0.9447259902954102,0.0
44.0,0.14201606810092926,0.9453927278518677,0.0
44.0,0.13735570013523102,0.9440600872039795,0.0
44.0,0.13298949599266052,0.9446850419044495,0.0
44.0,0.1286204308271408,0.9452897906303406,0.0
44.0,0.12424863874912262,0.9458743333816528,0.0
44.0,0.11987417936325073,0.9464386701583862,0.0
44.0,0.11525502800941467,0.9449975490570068,0.0
44.0,0.11065176874399185,0.9435338973999023,0.0
44.0,0.10628827661275864,0.9440353512763977,0.0
44.0,0.10170794278383255,0.942528247833252,0.0
44.0,0.09734919667243958,0.942988395690918,0.0
44.0,0.09298837184906006,0.9434283971786499,0.0
44.0,0.08843857795000076,0.9418569803237915,0.0
44.0,0.08408308029174805,0.9422557950019836,0.0
44.0,0.07972577959299088,0.9426344633102417,0.0
44.0,0.0753667801618576,0.9429929852485657,0.0
44.0,0.0710061639547348,0.9433313608169556,0.0
44.0,0.06664403527975082,0.9436495900154114,0.0
44.0,0.0621488057076931,0.9419519901275635,0.0
44.0,0.05779314786195755,0.9422292709350586,0.0
44.0,0.05343625321984291,0.9424864053726196,0.0
44.0,0.049078214913606644,0.9427233338356018,0.0
44.0,0.04471912980079651,0.9429401755332947,0.0
44.0,0.04035909101366997,0.9431368708610535,0.0
44.0,0.035998184233903885,0.9433133602142334,0.0
44.0,0.03163651004433632,0.943469762802124,0.0
44.0,0.02721637673676014,0.9416067004203796,0.0
44.0,0.022862685844302177,0.9417225122451782,0.0
44.0,0.018508508801460266,0.941818118095398,0.0
44.0,0.014153935015201569,0.9418936371803284,0.0
44.0,0.009799058549106121,0.9419490098953247,0.0
44.0,0.005443972535431385,0.941984236240387,0.0
44.0,0.0010887705720961094,0.9419993162155151,0.0
44.0,-0.0032664549071341753,0.941994309425354,0.0
44.0,-0.007621610537171364,0.9419691562652588,0.0
44.0,-0.011976603418588638,0.9419238567352295,0.0
44.0,-0.01633133925497532,0.9418584108352661,0.0
44.0,-0.020685726776719093,0.9417728185653687,0.0
44.0,-0.0250396728515625,0.9416671395301819,0.0
44.0,-0.029393082484602928,0.941541314125061,0.0
44.0,-0.033745866268873215,0.9413953423500061,0.0
44.0,-0.03809792548418045,0.9412292242050171,0.0
44.0,-0.04244917258620262,0.9410430192947388,0.0
44.0,-0.04679951071739197,0.9408367276191711,0.0
44.0,-0.05114884674549103,0.9406102895736694,0.0
44.0,-0.05549709498882294,0.9403637647628784,0.0
44.0,-0.05984415113925934,0.9400971531867981,0.0
44.0,-0.06418993324041367,0.9398103952407837,0.0
44.0,-0.06853433698415756,0.9395036101341248,0.0
44.0,-0.07287728041410446,0.9391766786575317,0.0
44.0,-0.0772186666727066,0.9388297200202942,0.0
44.0,-0.08173156529664993,0.9404551982879639,0.0
44.0,-0.08607876300811768,0.9400672912597656,0.0
44.0,-0.09042412787675858,0.9396592378616333,0.0
44.0,-0.09476755559444427,0.9392311573028564,0.0
44.0,-0.09931892901659012,0.9407718777656555,0.0
44.0,-0.10366740822792053,0.9403026103973389,0.0
44.0,-0.10801366716623306,0.9398132562637329,0.0
44.0,-0.11259517073631287,0.9412897229194641,0.0
44.0,-0.11694590002298355,0.9407591223716736,0.0
44.0,-0.12129412591457367,0.940208375453949,0.0
44.0,-0.12563976645469666,0.9396375417709351,0.0
44.0,-0.12998270988464355,0.9390466213226318,0.0
44.0,-0.1343228816986084,0.9384356141090393,0.0
44.0,-0.13866019248962402,0.9378045797348022,0.0
44.0,-0.14329619705677032,0.9391305446624756,0.0
44.0,-0.14763662219047546,0.9384579658508301,0.0
44.0,-0.1519738882780075,0.93776535987854,0.0
44.0,-0.1563078910112381,0.9370527267456055,0.0
44.0,-0.1613149493932724,0.9402624368667603,0.0
44.0,-0.16600769758224487,0.9414761662483215,0.0
44.0,-0.17035871744155884,0.9406986236572266,0.0
44.0,-0.1739751100540161,0.9359683394432068,0.0
44.0,-0.17830058932304382,0.9351539611816406,0.0
44.0,-0.1830058991909027,0.9362824559211731,0.0
44.0,-0.18733273446559906,0.9354263544082642,0.0
44.0,-0.1924591362476349,0.9384686946868896,0.0
44.0,-0.19720681011676788,0.9395262002944946,0.0
44.0,-0.2015484869480133,0.9386043548583984,0.0
44.0,-0.2058858424425125,0.9376624822616577,0.0
44.0,-0.21021881699562073,0.9367005825042725,0.0
44.0,-0.21499426662921906,0.9376680850982666,0.0
44.0,-0.22023911774158478,0.9405587315559387,0.0
44.0,-0.22458532452583313,0.9395304322242737,0.0
44.0,-0.22892671823501587,0.9384820461273193,0.0
44.0,-0.23326322436332703,0.9374136328697205,0.0
44.0,-0.23808665573596954,0.9382636547088623,0.0
44.0,-0.24292293190956116,0.9390891790390015,0.0
44.0,-0.24726209044456482,0.9379560351371765,0.0
44.0,-0.2521147131919861,0.9387343525886536,0.0
44.0,-0.25645214319229126,0.9375587105751038,0.0
44.0,-0.26132068037986755,0.9382896423339844,0.0
44.0,-0.2656559348106384,0.9370714426040649,0.0
44.0,-0.27053990960121155,0.9377548694610596,0.0
44.0,-0.27599915862083435,0.9403321146965027,0.0
44.0,-0.2803437113761902,0.9390460252761841,0.0
44.0,-0.2852632403373718,0.9396535754203796,0.0
44.0,-0.2896045744419098,0.9383246898651123,0.0
44.0,-0.2939396798610687,0.9369757175445557,0.0
44.0,-0.298876017332077,0.937512218952179,0.0
44.0,-0.30320730805397034,0.9361203908920288,0.0
44.0,-0.3087821900844574,0.938508152961731,0.0
44.0,-0.31311798095703125,0.9370704889297485,0.0
44.0,-0.31808966398239136,0.9375067949295044,0.0
44.0,-0.32242071628570557,0.9360260963439941,0.0
44.0,-0.3274049460887909,0.9364133477210999,0.0
44.0,-0.3323996663093567,0.936774492263794,0.0
44.0,-0.33672717213630676,0.9352276921272278,0.0
44.0,-0.3417336642742157,0.9355394840240479,0.0
44.0,-0.34605535864830017,0.9339494705200195,0.0
44.0,-0.35177677869796753,0.9360839128494263,0.0
44.0,-0.3561008870601654,0.9344475269317627,0.0
44.0,-0.3611381947994232,0.9346566796302795,0.0
44.0,-0.3661850392818451,0.9348392486572266,0.0
44.0,-0.3705032467842102,0.9331362247467041,0.0
44.0,-0.37705346941947937,0.9369795322418213,0.0
44.0,-0.38138142228126526,0.9352262616157532,0.0
44.0,-0.3879925608634949,0.9389983415603638,0.0
44.0,-0.3931020498275757,0.9390392899513245,0.0
44.0,-0.3974393904209137,0.937211811542511,0.0
44.0,-0.40255752205848694,0.9372019171714783,0.0
44.0,-0.4068862497806549,0.9353306889533997,0.0
44.0,-0.41201257705688477,0.9352697730064392,0.0
44.0,-0.41633227467536926,0.933354914188385,0.0
44.0,-0.42146629095077515,0.9332428574562073,0.0
44.0,-0.4266080856323242,0.9331032037734985,0.0
44.0,-0.4309176206588745,0.9311208724975586,0.0
44.0,-0.4377630352973938,0.934552013874054,0.0
44.0,-0.4420791268348694,0.9325180649757385,0.0
44.0,-0.4481160044670105,0.9340707063674927,0.0
44.0,-0.45242977142333984,0.9319888949394226,0.0
44.0,-0.4584972858428955,0.9334774613380432,0.0
44.0,-0.4654782712459564,0.9367208480834961,0.0
44.0,-0.4698041081428528,0.9345588088035583,0.0
44.0,-0.4759329557418823,0.9359421730041504,0.0
44.0,-0.4802550673484802,0.933731734752655,0.0
44.0,-0.48548996448516846,0.9332757592201233,0.0
44.0,-0.4925931394100189,0.9363310933113098,0.0
44.0,-0.49691689014434814,0.9340436458587646,0.0
44.0,-0.5021774768829346,0.9334975481033325,0.0
44.0,-0.506488025188446,0.9311658143997192,0.0
44.0,-1.1033830642700195,1.963173508644104,0.0
44.0,-1.112447738647461,1.9580512046813965,0.0
44.0,-1.1214886903762817,1.952886939048767,0.0
44.0,-1.1305055618286133,1.9476810693740845,0.0
44.0,-1.143546223640442,1.949333667755127,0.0
44.0,-1.1525465250015259,1.9440258741378784,0.0
44.0,-1.167689561843872,1.9489703178405762,0.0
44.0,-1.1808311939239502,1.9503942728042603,0.0
44.0,-1.1898359060287476,1.9449139833450317,0.0
44.0,-1.205124855041504,1.9495995044708252,0.0
44.0,-1.2141257524490356,1.9440069198608398,0.0
44.0,-1.2295042276382446,1.9485212564468384,0.0
44.0,-1.2384997606277466,1.942815899848938,0.0
44.0,-1.251800537109375,1.9437952041625977,0.0
44.0,-1.267317771911621,1.9480454921722412,0.0
44.0,-1.276310682296753,1.9421653747558594,0.0
44.0,-1.2919130325317383,1.9462416172027588,0.0
44.0,-1.3008973598480225,1.940247893333435,0.0
44.0,-1.3165827989578247,1.9441486597061157,0.0
44.0,-1.332331657409668,1.947945475578308,0.0
44.0,-1.3413234949111938,1.9417648315429688,0.0
44.0,-1.3548640012741089,1.9421039819717407,0.0
44.0,-1.3638285398483276,1.935819149017334,0.0
44.0,-1.379720687866211,1.9392708539962769,0.0
44.0,-1.3980073928833008,1.9458651542663574,0.0
44.0,-1.4069888591766357,1.9393807649612427,0.0
44.0,-1.4230319261550903,1.9425355195999146,0.0
44.0,-1.4319977760314941,1.9359354972839355,0.0
44.0,-1.4481137990951538,1.9389086961746216,0.0
44.0,-1.4570626020431519,1.9321928024291992,0.0
44.0,-1.4732495546340942,1.9349831342697144,0.0
44.0,-1.4919310808181763,1.9408363103866577,0.0
44.0,-1.5008883476257324,1.933917760848999,0.0
44.0,-1.5172146558761597,1.9364038705825806,0.0
44.0,-1.526151180267334,1.929368495941162,0.0
44.0,-1.5325590372085571,1.9191663265228271,0.0
44.0,-1.523842453956604,1.8902614116668701,0.0
44.0,-1.5325655937194824,1.8831958770751953,0.0
44.0,-1.526021122932434,1.8575456142425537,0.0
44.0,-1.5345929861068726,1.8504704236984253,0.0
44.0,-1.5277262926101685,1.8249528408050537,0.0
44.0,-1.5361474752426147,1.817870020866394,0.0
44.0,-1.5263646841049194,1.789445400238037,0.0
44.0,-1.5189622640609741,1.7641819715499878,0.0
44.0,-1.5271024703979492,1.7571403980255127,0.0
44.0,-1.5193830728530884,1.732019305229187,0.0
44.0,-1.5273746252059937,1.7249760627746582,0.0
44.0,-1.5220059156417847,1.7029837369918823,0.0
44.0,-1.5137876272201538,1.6781082153320312,0.0
44.0,-1.5215299129486084,1.6710914373397827,0.0
44.0,-1.5157066583633423,1.649312973022461,0.0
44.0,-1.5233159065246582,1.6422876119613647,0.0
44.0,-1.517223834991455,1.6206270456314087,0.0
44.0,-1.5109643936157227,1.5990581512451172,0.0
44.0,-1.518341302871704,1.592055320739746,0.0
44.0,-1.5090419054031372,1.5677273273468018,0.0
44.0,-1.5162739753723145,1.5607337951660156,0.0
44.0,-1.5094709396362305,1.5394262075424194,0.0
44.0,-1.502503752708435,1.5182154178619385,0.0
44.0,-1.5095069408416748,1.511252522468567,0.0
44.0,-1.5022786855697632,1.4901726245880127,0.0
44.0,-1.5091522932052612,1.4832110404968262,0.0
44.0,-1.504530429840088,1.4650554656982422,0.0
44.0,-1.5112879276275635,1.4580838680267334,0.0
44.0,-1.5064473152160645,1.4400253295898438,0.0
44.0,-1.498567819595337,1.4192920923233032,0.0
44.0,-1.5051137208938599,1.4123485088348389,0.0
44.0,-1.499909520149231,1.3944804668426514,0.0
44.0,-1.49604332447052,1.378045678138733,0.0
44.0,-1.5023986101150513,1.3711141347885132,0.0
44.0,-1.4968537092208862,1.3534225225448608,0.0
44.0,-1.503095030784607,1.3464876413345337,0.0
44.0,-1.498833417892456,1.3302308320999146,0.0
44.0,-1.5049675703048706,1.323287010192871,0.0
44.0,-1.4990051984786987,1.3058053255081177,0.0
44.0,-1.4913994073867798,1.2871006727218628,0.0
44.0,-1.4973342418670654,1.2801915407180786,0.0
44.0,-1.4925540685653687,1.2642066478729248,0.0
44.0,-1.4983830451965332,1.2572925090789795,0.0
44.0,-1.4964898824691772,1.2439590692520142,0.0
44.0,-1.4914177656173706,1.2281274795532227,0.0
44.0,-1.4970799684524536,1.2212189435958862,0.0
44.0,-1.4918208122253418,1.205485224723816,0.0
44.0,-1.4973783493041992,1.1985750198364258,0.0
44.0,-1.4919337034225464,1.182941198348999,0.0
44.0,-1.4879496097564697,1.1686187982559204,0.0
44.0,-1.4933366775512695,1.161726951599121,0.0
44.0,-1.4876021146774292,1.1462652683258057,0.0
44.0,-1.4928858280181885,1.1393752098083496,0.0
44.0,-1.4869693517684937,1.124018669128418,0.0
44.0,-1.482544183731079,1.1099400520324707,0.0
44.0,-1.4876599311828613,1.1030738353729248,0.0
44.0,-1.4830718040466309,1.0890812873840332,0.0
44.0,-1.488091230392456,1.0822129249572754,0.0
44.0,-1.4833412170410156,1.0683083534240723,0.0
44.0,-1.488264560699463,1.0614389181137085,0.0
44.0,-1.4849878549575806,1.0487778186798096,0.0
44.0,-1.4799870252609253,1.035023808479309,0.0
44.0,-1.484756588935852,1.0281702280044556,0.0
44.0,-1.481246829032898,1.0156396627426147,0.0
44.0,-1.485926628112793,1.0087803602218628,0.0
44.0,-1.480615496635437,0.9952054619789124,0.0
44.0,-1.4768757820129395,0.98280930519104,0.0
44.0,-1.4814038276672363,0.9759706854820251,0.0
44.0,-1.4775242805480957,0.9636483192443848,0.0
44.0,-1.481963872909546,0.9568068385124207,0.0
44.0,-1.4779454469680786,0.9445596933364868,0.0
44.0,-1.4738457202911377,0.9323703646659851,0.0
44.0,-1.4781407117843628,0.9255462884902954,0.0
44.0,-1.473904013633728,0.913434624671936,0.0
44.0,-1.4781113862991333,0.9066104292869568,0.0
44.0,-1.4737389087677002,0.8945779204368591,0.0
44.0,-1.4692867994308472,0.8826053142547607,0.0
44.0,-1.4733517169952393,0.8758028149604797,0.0
44.0,-1.470489501953125,0.8649256825447083,0.0
44.0,-1.4744726419448853,0.8581178188323975,0.0
44.0,-1.4697582721710205,0.8463016152381897,0.0
44.0,-1.4684420824050903,0.8365274667739868,0.0
44.0,-1.4722938537597656,0.8297293782234192,0.0
44.0,-1.46912682056427,0.8190180659294128,0.0
44.0,-1.4728976488113403,0.8122169971466064,0.0
44.0,-1.467858076095581,0.8006102442741394,0.0
44.0,-1.4715439081192017,0.7938152551651001,0.0
44.0,-1.468139886856079,0.7832376956939697,0.0
44.0,-1.4629008769989014,0.7717754244804382,0.0
44.0,-1.4664534330368042,0.7650036811828613,0.0
44.0,-1.4646421670913696,0.755465030670166,0.0
44.0,-1.4681192636489868,0.748685359954834,0.0
44.0,-1.4644215106964111,0.7382882833480835,0.0
44.0,-1.460659146308899,0.7279414534568787,0.0
44.0,-1.4640090465545654,0.7211805582046509,0.0
44.0,-1.4619331359863281,0.7117776870727539,0.0
44.0,-1.4652084112167358,0.7050110697746277,0.0
44.0,-1.4612274169921875,0.6947939991950989,0.0
44.0,-1.4571833610534668,0.6846288442611694,0.0
44.0,-1.4603331089019775,0.6778844594955444,0.0
44.0,-1.4579976797103882,0.6686244010925293,0.0
44.0,-1.461073398590088,0.6618764400482178,0.0
44.0,-1.4586411714553833,0.6526637077331543,0.0
44.0,-1.4561550617218018,0.6434876918792725,0.0
44.0,-1.4591145515441895,0.6367484927177429,0.0
44.0,-1.4565327167510986,0.6276212334632874,0.0
44.0,-1.4594188928604126,0.6208804845809937,0.0
44.0,-1.4567419290542603,0.6118031144142151,0.0
44.0,-1.45955491065979,0.6050615310668945,0.0
44.0,-1.4567835330963135,0.5960349440574646,0.0
44.0,-1.4539600610733032,0.5870469212532043,0.0
44.0,-1.4566586017608643,0.5803184509277344,0.0
44.0,-1.4537420272827148,0.5713827610015869,0.0
44.0,-1.4563682079315186,0.5646554827690125,0.0
44.0,-1.4533590078353882,0.5557730197906494,0.0
44.0,-1.4502989053726196,0.5469304919242859,0.0
44.0,-1.4528120756149292,0.5402193665504456,0.0
44.0,-1.4515385627746582,0.5321199893951416,0.0
44.0,-1.4539833068847656,0.5254032611846924,0.0
44.0,-1.45074462890625,0.5166623592376709,0.0
44.0,-1.4493435621261597,0.5086249709129333,0.0
44.0,-1.4516795873641968,0.5019186735153198,0.0
44.0,-1.4501981735229492,0.49391207098960876,0.0
44.0,-1.4524662494659424,0.487201988697052,0.0
44.0,-1.447106957435608,0.47797247767448425,0.0
44.0,-1.4454972743988037,0.47003987431526184,0.0
44.0,-1.4476549625396729,0.4633517861366272,0.0
44.0,-1.4459666013717651,0.4554520845413208,0.0
44.0,-1.448056936264038,0.4487619698047638,0.0
44.0,-1.4443769454956055,0.4403126835823059,0.0
44.0,-1.4425657987594604,0.43248140811920166,0.0
44.0,-1.4445499181747437,0.42580726742744446,0.0
44.0,-1.4445819854736328,0.41856738924980164,0.0
44.0,-1.4465017318725586,0.411884069442749,0.0
44.0,-1.4426125288009644,0.40357550978660583,0.0
44.0,-1.4444630146026611,0.3969014585018158,0.0
44.0,-1.4424206018447876,0.3891769349575043,0.0
44.0,-1.440337896347046,0.38147982954978943,0.0
44.0,-1.4420862197875977,0.37481653690338135,0.0
44.0,-1.4399276971817017,0.3671569228172302,0.0
44.0,-1.4416097402572632,0.3604956567287445,0.0
44.0,-1.4413186311721802,0.35335052013397217,0.0
44.0,-1.4409922361373901,0.34621575474739075,0.0
44.0,-1.4425774812698364,0.33954980969429016,0.0
44.0,-1.4402341842651367,0.3319781720638275,0.0
44.0,-1.4417537450790405,0.3253158926963806,0.0
44.0,-1.4412893056869507,0.31821542978286743,0.0
44.0,-1.4427450895309448,0.3115484118461609,0.0
44.0,-1.438299536705017,0.3036354184150696,0.0
44.0,-1.4357703924179077,0.2961742579936981,0.0
44.0,-1.4371243715286255,0.28953298926353455,0.0
44.0,-1.4364852905273438,0.28249961137771606,0.0
44.0,-1.43777596950531,0.2758551836013794,0.0
44.0,-1.4370701313018799,0.2688370943069458,0.0
44.0,-1.434362530708313,0.26147276163101196,0.0
44.0,-1.4355560541152954,0.25483837723731995,0.0
44.0,-1.4347481727600098,0.24785807728767395,0.0
44.0,-1.4358787536621094,0.2412220537662506,0.0
44.0,-1.4350048303604126,0.23425865173339844,0.0
44.0,-1.4321218729019165,0.22699540853500366,0.0
44.0,-1.433156132698059,0.22037173807621002,0.0
44.0,-1.4321813583374023,0.21344853937625885,0.0
44.0,-1.4331529140472412,0.20682474970817566,0.0
44.0,-1.4321130514144897,0.19992002844810486,0.0
44.0,-1.4350041151046753,0.1935640573501587,0.0
44.0,-1.4358837604522705,0.1869274228811264,0.0
44.0,-1.4327638149261475,0.17978878319263458,0.0
44.0,-1.433579683303833,0.17316265404224396,0.0
44.0,-1.4303916692733765,0.16607153415679932,0.0
44.0,-1.4291564226150513,0.15923504531383514,0.0
44.0,-1.4298774003982544,0.15262581408023834,0.0
44.0,-1.4285781383514404,0.14581026136875153,0.0
44.0,-1.4292370080947876,0.13920384645462036,0.0
44.0,-1.4298652410507202,0.13259446620941162,0.0
44.0,-1.4304630756378174,0.12598225474357605,0.0
44.0,-1.429037094116211,0.11920109391212463,0.0
44.0,-1.4255852699279785,0.1122787743806839,0.0
44.0,-1.4260891675949097,0.10568656772375107,0.0
44.0,-1.4265625476837158,0.09909209609031677,0.0
44.0,-1.427005410194397,0.09249550849199295,0.0
44.0,-1.4274177551269531,0.08589693903923035,0.0
44.0,-1.4258028268814087,0.07918563485145569,0.0
44.0,-1.4261536598205566,0.07259277254343033,0.0
44.0,-1.424476146697998,0.06590592116117477,0.0
44.0,-1.424765706062317,0.05931933596730232,0.0
44.0,-1.4230260848999023,0.05265752226114273,0.0
44.0,-1.423254370689392,0.04607778042554855,0.0
44.0,-1.4234521389007568,0.039497051388025284,0.0
44.0,-1.4236195087432861,0.03291548043489456,0.0
44.0,-1.42375648021698,0.02633320540189743,0.0
44.0,-1.421863317489624,0.019722629338502884,0.0
44.0,-1.4219392538070679,0.013148615136742592,0.0
44.0,-1.4219849109649658,0.006574319209903479,0.0
45.0,-1.4220000505447388,1.2431519280653447e-07,0.0
45.0,-1.4199848175048828,-0.006565064657479525,0.0
45.0,-1.4199392795562744,-0.013130112551152706,0.0
45.0,-1.4198633432388306,-0.01969487965106964,0.0
45.0,-1.4197571277618408,-0.026259226724505424,0.0
45.0,-1.4196205139160156,-0.03282301127910614,0.0
45.0,-1.4194536209106445,-0.039386097341775894,0.0
45.0,-1.419256329536438,-0.0459483377635479,0.0
45.0,-1.4210275411605835,-0.05258355662226677,0.0
45.0,-1.420769214630127,-0.059152934700250626,0.0
45.0,-1.420480489730835,-0.0657210499048233,0.0
45.0,-1.420161485671997,-0.07228775322437286,0.0
45.0,-1.4198120832443237,-0.07885292172431946,0.0
45.0,-1.4194324016571045,-0.08541639894247055,0.0
45.0,-1.4190223217010498,-0.0919780507683754,0.0
45.0,-1.4185818433761597,-0.09853773564100266,0.0
45.0,-1.4201055765151978,-0.10524312406778336,0.0
45.0,-1.4196038246154785,-0.1118076741695404,0.0
45.0,-1.4190717935562134,-0.11836984008550644,0.0
45.0,-1.4185093641281128,-0.12492947280406952,0.0
45.0,-1.4179165363311768,-0.1314864307641983,0.0
45.0,-1.4172935485839844,-0.13804058730602264,0.0
45.0,-1.4166401624679565,-0.1445917785167694,0.0
45.0,-1.417945146560669,-0.1513521671295166,0.0
45.0,-1.417230248451233,-0.15790623426437378,0.0
45.0,-1.416485071182251,-0.16445693373680115,0.0
45.0,-1.4137240648269653,-0.1707642823457718,0.0
45.0,-1.4129194021224976,-0.1772986203432083,0.0
45.0,-1.4160510301589966,-0.184345543384552,0.0
45.0,-1.415183663368225,-0.19089050590991974,0.0
45.0,-1.416266679763794,-0.1977079063653946,0.0
45.0,-1.4153375625610352,-0.20425371825695038,0.0
45.0,-1.414378046989441,-0.21079516410827637,0.0
45.0,-1.4133883714675903,-0.21733210980892181,0.0
45.0,-1.4143438339233398,-0.2241775244474411,0.0
45.0,-1.4152661561965942,-0.23103637993335724,0.0
45.0,-1.4141827821731567,-0.23757721483707428,0.0
45.0,-1.415040135383606,-0.24445343017578125,0.0
45.0,-1.413894772529602,-0.2509930729866028,0.0
45.0,-1.4127192497253418,-0.25752735137939453,0.0
45.0,-1.4115134477615356,-0.26405614614486694,0.0
45.0,-1.4142060279846191,-0.2713329792022705,0.0
45.0,-1.4129364490509033,-0.27786847949028015,0.0
45.0,-1.4116365909576416,-0.28439804911613464,0.0
45.0,-1.410306692123413,-0.29092150926589966,0.0
45.0,-1.4089465141296387,-0.2974388003349304,0.0
45.0,-1.4095112085342407,-0.30437183380126953,0.0
45.0,-1.4100419282913208,-0.31131646037101746,0.0
45.0,-1.4085874557495117,-0.3178322911262512,0.0
45.0,-1.4110007286071777,-0.32523974776268005,0.0
45.0,-1.4094818830490112,-0.33175987005233765,0.0
45.0,-1.4098777770996094,-0.33874011039733887,0.0
45.0,-1.4082965850830078,-0.34525489807128906,0.0
45.0,-1.4086254835128784,-0.3522474765777588,0.0
45.0,-1.4089198112487793,-0.3592504560947418,0.0
45.0,-1.4072438478469849,-0.36576056480407715,0.0
45.0,-1.4094043970108032,-0.3732869625091553,0.0
45.0,-1.4076634645462036,-0.3797991871833801,0.0
45.0,-1.4078210592269897,-0.38683319091796875,0.0
45.0,-1.407943606376648,-0.3938767611980438,0.0
45.0,-1.4061075448989868,-0.40038201212882996,0.0
45.0,-1.4080833196640015,-0.407991886138916,0.0
45.0,-1.4061819314956665,-0.41449761390686035,0.0
45.0,-1.4061663150787354,-0.4215688407421112,0.0
45.0,-1.4042022228240967,-0.42806556820869446,0.0
45.0,-1.4060288667678833,-0.4357371926307678,0.0
45.0,-1.407814383506775,-0.44343483448028564,0.0
45.0,-1.4057492017745972,-0.44993895292282104,0.0
45.0,-1.4055559635162354,-0.45705196261405945,0.0
45.0,-1.4034278392791748,-0.46354547142982483,0.0
45.0,-1.405061960220337,-0.4713011384010315,0.0
45.0,-1.4066543579101562,-0.47908180952072144,0.0
45.0,-1.4044243097305298,-0.485580176115036,0.0
45.0,-1.405938744544983,-0.4933927357196808,0.0
45.0,-1.4036425352096558,-0.499887615442276,0.0
45.0,-1.4031972885131836,-0.5070515275001526,0.0
45.0,-1.400838017463684,-0.5135335922241211,0.0
45.0,-1.4003233909606934,-0.5207017660140991,0.0
45.0,-1.403515100479126,-0.529287576675415,0.0
45.0,-1.4010529518127441,-0.5357708930969238,0.0
45.0,-1.4022904634475708,-0.5436887145042419,0.0
45.0,-1.3997617959976196,-0.5501662492752075,0.0
45.0,-1.4009191989898682,-0.558112382888794,0.0
45.0,-1.4020328521728516,-0.5660809278488159,0.0
45.0,-1.3994007110595703,-0.5725570321083069,0.0
45.0,-1.4022812843322754,-0.5813185572624207,0.0
45.0,-1.39957857131958,-0.587795615196228,0.0
45.0,-1.400526762008667,-0.5958260297775269,0.0
45.0,-1.401430606842041,-0.6038777232170105,0.0
45.0,-1.3986237049102783,-0.6103506088256836,0.0
45.0,-1.4012748003005981,-0.619235634803772,0.0
45.0,-1.3983968496322632,-0.6257076263427734,0.0
45.0,-1.4009544849395752,-0.6346421241760254,0.0
45.0,-1.3980052471160889,-0.6411124467849731,0.0
45.0,-1.3986544609069824,-0.6492533087730408,0.0
45.0,-1.399258017539978,-0.6574137806892395,0.0
45.0,-1.396203637123108,-0.6638760566711426,0.0
45.0,-1.3985260725021362,-0.6729256510734558,0.0
45.0,-1.3953999280929565,-0.6793843507766724,0.0
45.0,-1.397626280784607,-0.6884799599647522,0.0
45.0,-1.3944282531738281,-0.6949343085289001,0.0
45.0,-1.3965580463409424,-0.7040749192237854,0.0
45.0,-1.3968513011932373,-0.7123413681983948,0.0
45.0,-1.393543004989624,-0.7187919616699219,0.0
45.0,-1.397297739982605,-0.7289272546768188,0.0
45.0,-1.393912672996521,-0.735379695892334,0.0
45.0,-1.3957916498184204,-0.7446406483650208,0.0
45.0,-1.3976147174835205,-0.7539345622062683,0.0
45.0,-1.3941140174865723,-0.760388195514679,0.0
45.0,-1.395837664604187,-0.7697228789329529,0.0
45.0,-1.3922640085220337,-0.7761681079864502,0.0
45.0,-1.3938877582550049,-0.7855426073074341,0.0
45.0,-1.3902409076690674,-0.791978657245636,0.0
45.0,-1.3917640447616577,-0.8013917207717896,0.0
45.0,-1.3949583768844604,-0.8118418455123901,0.0
45.0,-1.3911899328231812,-0.8182825446128845,0.0
45.0,-1.3942686319351196,-0.8287935853004456,0.0
45.0,-1.390421986579895,-0.8352309465408325,0.0
45.0,-1.391674518585205,-0.8447638750076294,0.0
45.0,-1.3928685188293457,-0.854326069355011,0.0
45.0,-1.3889037370681763,-0.8607566952705383,0.0
45.0,-1.3916897773742676,-0.8714145421981812,0.0
45.0,-1.3876460790634155,-0.8778395056724548,0.0
45.0,-1.3919987678527832,-0.889630913734436,0.0
45.0,-1.3878707885742188,-0.89605712890625,0.0
45.0,-1.3887388706207275,-0.9057419300079346,0.0
45.0,-1.392886996269226,-0.9176544547080994,0.0
45.0,-1.38862943649292,-0.924084484577179,0.0
45.0,-1.3909817934036255,-0.9349575638771057,0.0
45.0,-1.3866442441940308,-0.9413785934448242,0.0
45.0,-1.388875126838684,-0.9523035287857056,0.0
45.0,-1.3910343647003174,-0.9632691144943237,0.0
45.0,-1.3865660429000854,-0.9696900844573975,0.0
45.0,-1.3902361392974854,-0.9818592071533203,0.0
45.0,-1.3856818675994873,-0.9882762432098389,0.0
45.0,-1.3892123699188232,-1.000516414642334,0.0
45.0,-1.3845717906951904,-1.006928563117981,0.0
45.0,-1.3863496780395508,-1.0180542469024658,0.0
45.0,-1.380021572113037,-1.0232617855072021,0.0
45.0,-1.3752758502960205,-1.02963125705719,0.0
45.0,-1.365714430809021,-1.032360553741455,0.0
45.0,-1.360926866531372,-1.0386637449264526,0.0
45.0,-1.3450204133987427,-1.036399483680725,0.0
45.0,-1.3260071277618408,-1.0315545797348022,0.0
45.0,-1.3212237358093262,-1.0376741886138916,0.0
45.0,-1.3070091009140015,-1.036316156387329,0.0
45.0,-1.302203893661499,-1.04234778881073,0.0
45.0,-1.284925937652588,-1.0383011102676392,0.0
45.0,-1.2801117897033691,-1.0442306995391846,0.0
45.0,-1.259831190109253,-1.0374244451522827,0.0
45.0,-1.2427172660827637,-1.0330102443695068,0.0
45.0,-1.2379279136657715,-1.0387446880340576,0.0
45.0,-1.2209031581878662,-1.0341157913208008,0.0
45.0,-1.205467939376831,-1.0306516885757446,0.0
45.0,-1.2006900310516357,-1.036213994026184,0.0
45.0,-1.1883461475372314,-1.035185694694519,0.0
45.0,-1.1835473775863647,-1.0406688451766968,0.0
45.0,-1.1667566299438477,-1.0355089902877808,0.0
45.0,-1.161956548690796,-1.040892243385315,0.0
45.0,-1.1452637910842896,-1.0355225801467896,0.0
45.0,-1.1316001415252686,-1.032717227935791,0.0
45.0,-1.1268134117126465,-1.0379379987716675,0.0
45.0,-1.111749291419983,-1.0336041450500488,0.0
45.0,-1.0967495441436768,-1.0291531085968018,0.0
45.0,-1.091979742050171,-1.0342128276824951,0.0
45.0,-1.077066421508789,-1.0295765399932861,0.0
45.0,-1.07229483127594,-1.0345453023910522,0.0
45.0,-1.0589029788970947,-1.0311200618743896,0.0
45.0,-1.054124355316162,-1.0360047817230225,0.0
45.0,-1.0422236919403076,-1.0338249206542969,0.0
45.0,-1.0289523601531982,-1.0301421880722046,0.0
45.0,-1.0241786241531372,-1.0348883867263794,0.0
45.0,-1.0123817920684814,-1.0324723720550537,0.0
45.0,-0.9992356300354004,-1.028535008430481,0.0
45.0,-0.9944696426391602,-1.0331437587738037,0.0
45.0,-0.9827808737754822,-1.030493974685669,0.0
45.0,-0.9780060052871704,-1.0350266695022583,0.0
45.0,-0.9663759469985962,-1.03223717212677,0.0
45.0,-0.9615931510925293,-1.036694049835205,0.0
45.0,-0.948669970035553,-1.0322932004928589,0.0
45.0,-0.9358082413673401,-1.0277951955795288,0.0
45.0,-0.9310463666915894,-1.0321108102798462,0.0
45.0,-0.9209335446357727,-1.0304393768310547,0.0
45.0,-0.9161596298217773,-1.0346862077713013,0.0
45.0,-0.9047715663909912,-1.0313934087753296,0.0
45.0,-0.8934336304664612,-1.0280176401138306,0.0
45.0,-0.8886711597442627,-1.032137393951416,0.0
45.0,-0.8786979913711548,-1.0301483869552612,0.0
45.0,-0.8739258646965027,-1.0341999530792236,0.0
45.0,-0.8639997839927673,-1.0320950746536255,0.0
45.0,-0.8528352975845337,-1.0283812284469604,0.0
45.0,-0.8480715751647949,-1.0323131084442139,0.0
45.0,-0.8382401466369629,-1.0300180912017822,0.0
45.0,-0.833469033241272,-1.0338826179504395,0.0
45.0,-0.8224400281906128,-1.0299108028411865,0.0
45.0,-0.8114656805992126,-1.0258593559265137,0.0
45.0,-0.8067141175270081,-1.0296000242233276,0.0
45.0,-0.7982666492462158,-1.0285788774490356,0.0
45.0,-0.7935026288032532,-1.0322585105895996,0.0
45.0,-0.7838754057884216,-1.0295510292053223,0.0
45.0,-0.7742902636528015,-1.0267767906188965,0.0
45.0,-0.7695348262786865,-1.0303456783294678,0.0
45.0,-0.7600054740905762,-1.0274608135223389,0.0
45.0,-0.7552469968795776,-1.030963659286499,0.0
45.0,-0.7457746267318726,-1.0279690027236938,0.0
45.0,-0.7375131249427795,-1.0265332460403442,0.0
45.0,-0.7327591776847839,-1.0299320220947266,0.0
45.0,-0.7245339155197144,-1.028403878211975,0.0
45.0,-0.7197715044021606,-1.0317426919937134,0.0
45.0,-0.710446834564209,-1.0284771919250488,0.0
45.0,-0.7011678218841553,-1.0251476764678955,0.0
45.0,-0.6964206695556641,-1.0283784866333008,0.0
45.0,-0.6883172988891602,-1.0266036987304688,0.0
45.0,-0.6835635304450989,-1.0297751426696777,0.0
45.0,-0.6744017601013184,-1.0262389183044434,0.0
45.0,-0.6663779616355896,-1.0243165493011475,0.0
45.0,-0.6616350412368774,-1.0273865461349487,0.0
45.0,-0.6547278165817261,-1.0270615816116333,0.0
45.0,-0.6499723196029663,-1.0300776958465576,0.0
45.0,-0.642024576663971,-1.0279827117919922,0.0
45.0,-0.6372649669647217,-1.030940055847168,0.0
45.0,-0.6283168792724609,-1.0270510911941528,0.0
45.0,-0.6204542517662048,-1.0248123407363892,0.0
45.0,-0.6157095432281494,-1.0276700258255005,0.0
45.0,-0.6089117527008057,-1.0270649194717407,0.0
45.0,-0.6041567921638489,-1.0298691987991333,0.0
45.0,-0.5963768362998962,-1.0274622440338135,0.0
45.0,-0.5886321663856506,-1.0250054597854614,0.0
45.0,-0.5838868618011475,-1.027716040611267,0.0
45.0,-0.5771692395210266,-1.0269174575805664,0.0
45.0,-0.572415292263031,-1.029574990272522,0.0
45.0,-0.5647578239440918,-1.026953101158142,0.0
45.0,-0.5571368932723999,-1.024282455444336,0.0
45.0,-0.5523952841758728,-1.0268473625183105,0.0
45.0,-0.5457631349563599,-1.0258588790893555,0.0
45.0,-0.5410143733024597,-1.0283712148666382,0.0
45.0,-0.5334851741790771,-1.025538682937622,0.0
45.0,-0.5269083976745605,-1.0244370698928833,0.0
45.0,-0.5221664309501648,-1.0268622636795044,0.0
45.0,-0.5156167149543762,-1.0256916284561157,0.0
45.0,-0.5108690857887268,-1.0280646085739136,0.0
45.0,-0.5034652948379517,-1.0250300168991089,0.0
45.0,-0.49697399139404297,-1.0237483978271484,0.0
45.0,-0.4922355115413666,-1.026035189628601,0.0
45.0,-0.4857729971408844,-1.0246855020523071,0.0
45.0,-0.48103031516075134,-1.0269205570220947,0.0
45.0,-0.47375738620758057,-1.0236884355545044,0.0
45.0,-0.46901941299438477,-1.0258678197860718,0.0
45.0,-0.46262505650520325,-1.0243797302246094,0.0
45.0,-0.4562545716762543,-1.0228546857833862,0.0
45.0,-0.4515206515789032,-1.0249532461166382,0.0
45.0,-0.4459792673587799,-1.025195837020874,0.0
45.0,-0.44123464822769165,-1.0272468328475952,0.0
45.0,-0.43491891026496887,-1.0255931615829468,0.0
45.0,-0.42862799763679504,-1.0239033699035645,0.0
45.0,-0.42388951778411865,-1.025874137878418,0.0
45.0,-0.4176315367221832,-1.0241190195083618,0.0
45.0,-0.4128921926021576,-1.0260390043258667,0.0
45.0,-0.40666791796684265,-1.024219274520874,0.0
45.0,-0.4011988043785095,-1.0242263078689575,0.0
45.0,-0.3964591324329376,-1.026070237159729,0.0
45.0,-0.39242318272590637,-1.0297611951828003,0.0
45.0,-0.3876579999923706,-1.031564474105835,0.0
45.0,-0.38218969106674194,-1.0314702987670898,0.0
45.0,-0.37604427337646484,-1.0294691324234009,0.0
45.0,-0.37128064036369324,-1.0311967134475708,0.0
45.0,-0.36584025621414185,-1.0310174226760864,0.0
45.0,-0.36106956005096436,-1.0326977968215942,0.0
45.0,-0.35563981533050537,-1.0324652194976807,0.0
45.0,-0.3495773673057556,-1.0303105115890503,0.0
45.0,-0.3448100984096527,-1.0319157838821411,0.0
45.0,-0.3387853503227234,-1.0296992063522339,0.0
45.0,-0.33402103185653687,-1.031254529953003,0.0
45.0,-0.3280346691608429,-1.0289767980575562,0.0
45.0,-0.32327380776405334,-1.030482530593872,0.0
45.0,-0.31791621446609497,-1.0300549268722534,0.0
45.0,-0.3125694990158081,-1.0296000242233276,0.0
45.0,-0.3078059256076813,-1.0310341119766235,0.0
45.0,-0.30190926790237427,-1.0286082029342651,0.0
45.0,-0.2971504032611847,-1.0299930572509766,0.0
45.0,-0.29183971881866455,-1.029431700706482,0.0
45.0,-0.28654053807258606,-1.0288432836532593,0.0
45.0,-0.28178074955940247,-1.0301570892333984,0.0
45.0,-0.2759774327278137,-1.027585744857788,0.0
45.0,-0.2712235748767853,-1.0288506746292114,0.0
45.0,-0.26596304774284363,-1.0281574726104736,0.0
45.0,-0.26071470975875854,-1.027437448501587,0.0
45.0,-0.25596168637275696,-1.0286318063735962,0.0
45.0,-0.2507292628288269,-1.02786123752594,0.0
45.0,-0.24597439169883728,-1.029009461402893,0.0
45.0,-0.2407582849264145,-1.0281884670257568,0.0
45.0,-0.23555505275726318,-1.0273411273956299,0.0
45.0,-0.2308027595281601,-1.0284192562103271,0.0
45.0,-0.22604551911354065,-1.0294753313064575,0.0
45.0,-0.2212834507226944,-1.0305094718933105,0.0
45.0,-0.21610581874847412,-1.0295641422271729,0.0
45.0,-0.211343452334404,-1.0305522680282593,0.0
45.0,-0.20579108595848083,-1.0275962352752686,0.0
45.0,-0.2006542831659317,-1.026573896408081,0.0
45.0,-0.1959058940410614,-1.0274906158447266,0.0
45.0,-0.19078783690929413,-1.0264190435409546,0.0
45.0,-0.18604028224945068,-1.0272901058197021,0.0
45.0,-0.18094146251678467,-1.026169776916504,0.0
45.0,-0.17585696280002594,-1.0250240564346313,0.0
45.0,-0.17111600935459137,-1.025826096534729,0.0
45.0,-0.1660514622926712,-1.0246320962905884,0.0
45.0,-0.16131243109703064,-1.0253888368606567,0.0
45.0,-0.15626828372478485,-1.024146556854248,0.0
45.0,-0.1512390822172165,-1.022879719734192,0.0
45.0,-0.14650830626487732,-1.0235679149627686,0.0
45.0,-0.14150016009807587,-1.022253155708313,0.0
45.0,-0.13677239418029785,-1.0228965282440186,0.0
45.0,-0.13204170763492584,-1.0235178470611572,0.0
45.0,-0.127308189868927,-1.0241174697875977,0.0
45.0,-0.12233441323041916,-1.0227092504501343,0.0
45.0,-0.11760473996400833,-1.023263931274414,0.0
45.0,-0.11287254840135574,-1.0237966775894165,0.0
45.0,-0.10813795030117035,-1.0243076086044312,0.0
45.0,-0.10340104252099991,-1.0247966051101685,0.0
45.0,-0.09847034513950348,-1.02327299118042,0.0
45.0,-0.09373831748962402,-1.0237172842025757,0.0
45.0,-0.08900429308414459,-1.0241397619247437,0.0
45.0,-0.08410441875457764,-1.0225470066070557,0.0
45.0,-0.07937590032815933,-1.0229250192642212,0.0
45.0,-0.07464569061994553,-1.0232809782028198,0.0
45.0,-0.06991388648748398,-1.0236152410507202,0.0
45.0,-0.06518058478832245,-1.0239274501800537,0.0
45.0,-0.06032806262373924,-1.0222214460372925,0.0
45.0,-0.05560130625963211,-1.0224894285202026,0.0
45.0,-0.05087336152791977,-1.022735595703125,0.0
45.0,-0.046144332736730576,-1.02295982837677,0.0
45.0,-0.04141431301832199,-1.0231622457504272,0.0
45.0,-0.03668341040611267,-1.0233427286148071,0.0
45.0,-0.031951725482940674,-1.0235013961791992,0.0
45.0,-0.02716618962585926,-1.0216388702392578,0.0
45.0,-0.02244248241186142,-1.0217535495758057,0.0
45.0,-0.017718294635415077,-1.0218462944030762,0.0
45.0,-0.012993729673326015,-1.0219173431396484,0.0
45.0,-0.008268886245787144,-1.0219664573669434,0.0
45.0,-0.0035508018918335438,-1.0239938497543335,0.0
45.0,0.0011835411423817277,-1.0239993333816528,0.0
45.0,0.005917858798056841,-1.0239830017089844,0.0
45.0,0.010631244629621506,-1.0219446420669556,0.0
45.0,0.01535596139729023,-1.021884560585022,0.0
45.0,0.02008035033941269,-1.0218026638031006,0.0
45.0,0.024804310873150826,-1.0216989517211914,0.0
45.0,0.029527738690376282,-1.0215733051300049,0.0
45.0,0.03425053879618645,-1.0214258432388306,0.0
45.0,0.038972605019807816,-1.0212565660476685,0.0
45.0,0.04369383677840233,-1.0210654735565186,0.0
45.0,0.048414137214422226,-1.0208525657653809,0.0
45.0,0.05313339829444885,-1.0206178426742554,0.0
45.0,0.05785152688622475,-1.020361304283142,0.0
45.0,0.06256841868162155,-1.0200828313827515,0.0
45.0,0.06728397309780121,-1.0197826623916626,0.0
45.0,0.07199808955192566,-1.019460678100586,0.0
45.0,0.07686079293489456,-1.0211113691329956,0.0
45.0,0.08158095180988312,-1.0207451581954956,0.0
45.0,0.0862993597984314,-1.0203570127487183,0.0
45.0,0.09101593494415283,-1.0199471712112427,0.0
45.0,0.09573055803775787,-1.0195153951644897,0.0
45.0,0.10044313222169876,-1.0190619230270386,0.0
45.0,0.10515356063842773,-1.0185866355895996,0.0
45.0,0.11007631570100784,-1.0200780630111694,0.0
45.0,0.11479133367538452,-1.0195581912994385,0.0
45.0,0.11950390785932541,-1.0190166234970093,0.0
45.0,0.12421392649412155,-1.0184532403945923,0.0
45.0,0.1289212852716446,-1.0178680419921875,0.0
45.0,0.13362589478492737,-1.0172611474990845,0.0
45.0,0.13832764327526093,-1.0166324377059937,0.0
45.0,0.1433052271604538,-1.0179624557495117,0.0
45.0,0.14801011979579926,-1.0172890424728394,0.0
45.0,0.15271183848381042,-1.0165938138961792,0.0
45.0,0.1577165424823761,-1.0178533792495728,0.0
45.0,0.16242077946662903,-1.0171133279800415,0.0
45.0,0.1671215295791626,-1.0163514614105225,0.0
45.0,0.17181871831417084,-1.0155678987503052,0.0
45.0,0.1765122264623642,-1.0147627592086792,0.0
45.0,0.18155381083488464,-1.0159045457839966,0.0
45.0,0.186248779296875,-1.0150543451309204,0.0
45.0,0.19130980968475342,-1.0161479711532593,0.0
45.0,0.19600580632686615,-1.0152525901794434,0.0
45.0,0.20069760084152222,-1.0143355131149292,0.0
45.0,0.20578236877918243,-1.0153568983078003,0.0
45.0,0.21047453582286835,-1.0143946409225464,0.0
45.0,0.21557757258415222,-1.015367031097412,0.0
45.0,0.22026969492435455,-1.014359474182129,0.0
45.0,0.22539053857326508,-1.0152827501296997,0.0
45.0,0.23008215427398682,-1.0142297744750977,0.0
45.0,0.23522035777568817,-1.0151036977767944,0.0
45.0,0.24083200097084045,-1.0178978443145752,0.0
45.0,0.24553555250167847,-1.0167734622955322,0.0
45.0,0.2507123053073883,-1.0175693035125732,0.0
45.0,0.255414217710495,-1.0163992643356323,0.0
45.0,0.2606070637702942,-1.0171449184417725,0.0
45.0,0.26581230759620667,-1.0178643465042114,0.0
45.0,0.27051541209220886,-1.0166245698928833,0.0
45.0,0.2757359743118286,-1.0172933340072632,0.0
45.0,0.28043636679649353,-1.016007661819458,0.0
45.0,0.28513073921203613,-1.014700174331665,0.0
45.0,0.2903689742088318,-1.0152939558029175,0.0
45.0,0.2950599491596222,-1.013940691947937,0.0
45.0,0.3003123104572296,-1.0144833326339722,0.0
45.0,0.304999440908432,-1.013084053993225,0.0
45.0,0.3102654218673706,-1.0135754346847534,0.0
45.0,0.31494826078414917,-1.0121301412582397,0.0
45.0,0.3202274441719055,-1.0125702619552612,0.0
45.0,0.3261292278766632,-1.0148869752883911,0.0
45.0,0.33081793785095215,-1.0133683681488037,0.0
45.0,0.3367585241794586,-1.0156248807907104,0.0
45.0,0.3414505422115326,-1.0140570402145386,0.0
45.0,0.34678223729133606,-1.014359951019287,0.0
45.0,0.3514682948589325,-1.0127458572387695,0.0
45.0,0.3568112850189209,-1.0129964351654053,0.0
45.0,0.36216408014297485,-1.0132192373275757,0.0
45.0,0.36684468388557434,-1.0115339756011963,0.0
45.0,0.3728986084461212,-1.0135811567306519,0.0
45.0,0.37758079171180725,-1.0118463039398193,0.0
45.0,0.38296276330947876,-1.0119602680206299,0.0
45.0,0.3883538544178009,-1.0120460987091064,0.0
45.0,0.39302876591682434,-1.0102397203445435,0.0
45.0,0.3984290063381195,-1.0102723836898804,0.0
45.0,0.40309563279151917,-1.0084195137023926,0.0
45.0,0.41000640392303467,-1.0121060609817505,0.0
45.0,0.4146813750267029,-1.0101996660232544,0.0
45.0,0.42088353633880615,-1.0119649171829224,0.0
45.0,0.427110880613327,-1.013694405555725,0.0
45.0,0.4317930042743683,-1.0117088556289673,0.0
45.0,0.4372594654560089,-1.0115375518798828,0.0
45.0,0.44193148612976074,-1.0095051527023315,0.0
45.0,0.4490256607532501,-1.0129363536834717,0.0
45.0,0.4553419351577759,-1.0144987106323242,0.0
45.0,0.4600274860858917,-1.0123826265335083,0.0
45.0,0.46553897857666016,-1.0120619535446167,0.0
45.0,0.4702131152153015,-1.0098987817764282,0.0
45.0,0.476582407951355,-1.011332392692566,0.0
45.0,0.481253057718277,-1.0091181993484497,0.0
45.0,0.4876519441604614,-1.0104848146438599,0.0
45.0,0.494073748588562,-1.0118138790130615,0.0
45.0,0.49874645471572876,-1.0095187425613403,0.0
45.0,0.5060909390449524,-1.0125689506530762,0.0
45.0,0.5107670426368713,-1.0102182626724243,0.0
45.0,0.5172535181045532,-1.0114073753356934,0.0
45.0,0.5219240784645081,-1.009005069732666,0.0
45.0,0.5293647646903992,-1.0118976831436157,0.0
45.0,0.535908043384552,-1.0129750967025757,0.0
45.0,0.5405856370925903,-1.0104866027832031,0.0
45.0,0.5462033152580261,-1.0097355842590332,0.0
45.0,0.5508658289909363,-1.0071995258331299,0.0
45.0,0.5584200620651245,-1.0098927021026611,0.0
45.0,0.5660107731819153,-1.0125372409820557,0.0
45.0,0.5706861019134521,-1.0099095106124878,0.0
45.0,0.5773331522941589,-1.0107336044311523,0.0
45.0,0.5819999575614929,-1.0080536603927612,0.0
45.0,0.5896783471107483,-1.0105341672897339,0.0
45.0,0.5953601002693176,-1.0095199346542358,0.0
45.0,0.6000211238861084,-1.0067565441131592,0.0
45.0,0.6067330241203308,-1.0073981285095215,0.0
45.0,0.6113840937614441,-1.0045822858810425,0.0
45.0,0.6202127933502197,-1.0085594654083252,0.0
45.0,0.6248691082000732,-1.0056811571121216,0.0
45.0,0.6337655186653137,-1.0095570087432861,0.0
45.0,0.6405686736106873,-1.0099939107894897,0.0
45.0,0.6452313661575317,-1.0070215463638306,0.0
45.0,0.6531406044960022,-1.0090645551681519,0.0
45.0,0.6577989459037781,-1.0060341358184814,0.0
45.0,0.6646475791931152,-1.0063197612762451,0.0
45.0,0.6692931056022644,-1.0032360553741455,0.0
45.0,0.677277147769928,-1.005106806755066,0.0
45.0,0.6841674447059631,-1.005271553993225,0.0
45.0,0.6888078451156616,-1.0020976066589355,0.0
45.0,0.6991361379623413,-1.0071169137954712,0.0
45.0,0.7037849426269531,-1.0038738250732422,0.0
45.0,0.713041365146637,-1.0071384906768799,0.0
45.0,0.717690110206604,-1.0038310289382935,0.0
45.0,0.7246649265289307,-1.003745436668396,0.0
45.0,0.734010636806488,-1.0068488121032715,0.0
45.0,0.7386578321456909,-1.0034444332122803,0.0
45.0,0.7480615377426147,-1.006439208984375,0.0
45.0,0.7527066469192505,-1.0029698610305786,0.0
45.0,0.76216721534729,-1.0058553218841553,0.0
45.0,0.7716704607009888,-1.0086747407913208,0.0
45.0,0.7763256430625916,-1.005096197128296,0.0
45.0,0.784653902053833,-1.006227731704712,0.0
45.0,0.7892976999282837,-1.002589225769043,0.0
45.0,0.7989022135734558,-1.0051921606063843,0.0
45.0,0.8085475564002991,-1.0077276229858398,0.0
45.0,0.8131980299949646,-1.0039786100387573,0.0
45.0,0.8241610527038574,-1.007949709892273,0.0
45.0,0.8288123607635498,-1.0041285753250122,0.0
45.0,0.839847207069397,-1.0079686641693115,0.0
45.0,0.8444984555244446,-1.0040749311447144,0.0
45.0,0.8543092608451843,-1.006258249282837,0.0
45.0,0.8628567457199097,-1.0068535804748535,0.0
45.0,0.8675025701522827,-1.002853512763977,0.0
45.0,0.8787069916725159,-1.0063647031784058,0.0
45.0,0.8833504319190979,-1.0022913217544556,0.0
45.0,0.8946214914321899,-1.005668044090271,0.0
45.0,0.899261474609375,-1.0015212297439575,0.0
45.0,0.9092545509338379,-1.0032806396484375,0.0
45.0,0.9206328392028809,-1.0064446926116943,0.0
45.0,0.9252762198448181,-1.0021775960922241,0.0
45.0,0.9380807280540466,-1.0066680908203125,0.0
45.0,0.9427249431610107,-1.0023202896118164,0.0
45.0,0.9542337656021118,-1.0052034854888916,0.0
45.0,0.9588709473609924,-1.0007809400558472,0.0
45.0,0.9732198715209961,-1.0064010620117188,0.0
45.0,0.9904349446296692,-1.0147721767425537,0.0
45.0,0.9951160550117493,-1.0101821422576904,0.0
45.0,1.0124669075012207,-1.018335223197937,0.0
45.0,1.0171642303466797,-1.0136433839797974,0.0
45.0,1.0346484184265137,-1.0215765237808228,0.0
45.0,1.039360523223877,-1.0167820453643799,0.0
45.0,1.0612837076187134,-1.0286695957183838,0.0
45.0,1.0818960666656494,-1.0389903783798218,0.0
45.0,1.0866881608963013,-1.0339772701263428,0.0
45.0,1.1060097217559814,-1.0426613092422485,0.0
45.0,1.1108185052871704,-1.03753662109375,0.0
45.0,1.131750464439392,-1.0473322868347168,0.0
45.0,1.1365805864334106,-1.0420886278152466,0.0
45.0,1.1591510772705078,-1.05295991897583,0.0
45.0,1.1818461418151855,-1.063644528388977,0.0
45.0,1.186751127243042,-1.0581690073013306,0.0
45.0,1.2081187963485718,-1.0672361850738525,0.0
45.0,1.2130401134490967,-1.0616391897201538,0.0
45.0,1.2360684871673584,-1.0717419385910034,0.0
45.0,1.2607330083847046,-1.082957148551941,0.0
45.0,1.2657264471054077,-1.0771167278289795,0.0
45.0,1.2890422344207764,-1.086722731590271,0.0
45.0,1.2940527200698853,-1.0807514190673828,0.0
45.0,1.1678683757781982,-0.9571747779846191,0.0
45.0,1.172281265258789,-0.9517650604248047,0.0
45.0,1.1766690015792847,-0.9463350176811218,0.0
45.0,1.1810317039489746,-0.9408847093582153,0.0
45.0,1.2073495388031006,-0.9527597427368164,0.0
45.0,1.21174156665802,-0.9471675157546997,0.0
45.0,1.216107726097107,-0.9415550827980042,0.0
45.0,1.2442537546157837,-0.9541783928871155,0.0
45.0,1.2486519813537598,-0.9484155774116516,0.0
45.0,1.2769972085952759,-0.9606675505638123,0.0
45.0,1.28142511844635,-0.9547532796859741,0.0
45.0,1.3115742206573486,-0.9678186178207397,0.0
45.0,1.3418710231781006,-0.9806252717971802,0.0
45.0,1.3463904857635498,-0.9744107723236084,0.0
45.0,1.3736398220062256,-0.9844865798950195,0.0
45.0,1.3781768083572388,-0.9781252145767212,0.0
45.0,1.408865213394165,-0.9901427626609802,0.0
45.0,1.4134279489517212,-0.9836184978485107,0.0
45.0,1.4459574222564697,-0.9963650107383728,0.0
45.0,1.4720258712768555,-1.0043225288391113,0.0
45.0,1.4766534566879272,-0.9975060820579529,0.0
45.0,1.497874140739441,-1.0017869472503662,0.0
45.0,1.5024898052215576,-0.9948509931564331,0.0
45.0,1.527145266532898,-1.0010510683059692,0.0
45.0,1.5317572355270386,-0.993979811668396,0.0
45.0,1.55652916431427,-0.9998584389686584,0.0
45.0,1.5729491710662842,-1.0001633167266846,0.0
45.0,1.5775564908981323,-0.9928802847862244,0.0
45.0,1.5770374536514282,-0.9824036359786987,0.0
45.0,1.5815626382827759,-0.975101888179779,0.0
45.0,1.5775176286697388,-0.9625706076622009,0.0
45.0,1.5819511413574219,-0.9552668333053589,0.0
45.0,1.5777666568756104,-0.9428131580352783,0.0
45.0,1.5752224922180176,-0.9314365983009338,0.0
45.0,1.579512119293213,-0.9241437911987305,0.0
45.0,1.5768442153930664,-0.9128232598304749,0.0
45.0,1.581047773361206,-0.9055231213569641,0.0
45.0,1.5869574546813965,-0.8991896510124207,0.0
45.0,1.6050548553466797,-0.8996661305427551,0.0
45.0,1.6091971397399902,-0.8922357559204102,0.0
45.0,1.6290874481201172,-0.8934417963027954,0.0
45.0,1.633200764656067,-0.8859003782272339,0.0
45.0,1.6531407833099365,-0.8868492245674133,0.0
45.0,1.6713573932647705,-0.886695146560669,0.0
45.0,1.6754391193389893,-0.8789583444595337,0.0
45.0,1.6901371479034424,-0.8767284154891968,0.0
45.0,1.6941725015640259,-0.8689048886299133,0.0
45.0,1.4563738107681274,-0.7049110531806946,0.0
45.0,1.459617257118225,-0.6981701254844666,0.0
45.0,1.46282958984375,-0.6914143562316895,0.0
45.0,1.466010570526123,-0.6846437454223633,0.0
45.0,1.4836883544921875,-0.6845616698265076,0.0
45.0,1.4868375062942505,-0.6776946783065796,0.0
45.0,1.5063680410385132,-0.6782028675079346,0.0
45.0,1.5241073369979858,-0.6777321696281433,0.0
45.0,1.5272244215011597,-0.6706783771514893,0.0
45.0,1.5449881553649902,-0.6699758768081665,0.0
45.0,1.5480692386627197,-0.6628256440162659,0.0
45.0,1.5603280067443848,-0.6595547199249268,0.0
45.0,1.5633606910705566,-0.6523337364196777,0.0
45.0,1.5682092905044556,-0.6458603739738464,0.0
45.0,1.5656201839447021,-0.6363438963890076,0.0
45.0,1.5685455799102783,-0.629098653793335,0.0
45.0,1.565858244895935,-0.6196321845054626,0.0
45.0,1.5687062740325928,-0.6123860478401184,0.0
45.0,1.5659215450286865,-0.6029707193374634,0.0
45.0,1.5630834102630615,-0.5935943722724915,0.0
45.0,1.5658111572265625,-0.586361289024353,0.0
45.0,1.5628767013549805,-0.577037513256073,0.0
45.0,1.5655279159545898,-0.5698055624961853,0.0
45.0,1.5643805265426636,-0.5612107515335083,0.0
45.0,1.5650728940963745,-0.553305447101593,0.0
45.0,1.567614197731018,-0.5460636019706726,0.0
45.0,1.564447045326233,-0.5368626117706299,0.0
45.0,1.5669125318527222,-0.5296238660812378,0.0
45.0,1.563651442527771,-0.5204788446426392,0.0
45.0,1.566041111946106,-0.5132439136505127,0.0
45.0,1.564590573310852,-0.5047699213027954,0.0
45.0,1.561188817024231,-0.4957149922847748,0.0
45.0,1.5634640455245972,-0.4884917438030243,0.0
45.0,1.5618822574615479,-0.48008278012275696,0.0
45.0,1.5640852451324463,-0.4728564918041229,0.0
45.0,1.5624206066131592,-0.46448028087615967,0.0
45.0,1.5607119798660278,-0.4561295807361603,0.0
45.0,1.5628042221069336,-0.4489089548587799,0.0
45.0,1.5629380941390991,-0.441135436296463,0.0
45.0,1.5649608373641968,-0.4339046776294708,0.0
45.0,1.5630908012390137,-0.42561376094818115,0.0
45.0,1.5611776113510132,-0.4173494279384613,0.0
45.0,1.5630905628204346,-0.41012707352638245,0.0
45.0,1.5591593980789185,-0.40140002965927124,0.0
45.0,1.560998558998108,-0.39418715238571167,0.0
45.0,1.5530974864959717,-0.38456234335899353,0.0
45.0,1.5412538051605225,-0.37407562136650085,0.0
45.0,1.5429668426513672,-0.3669458329677582,0.0
45.0,1.534907579421997,-0.357539564371109,0.0
45.0,1.5365442037582397,-0.35043928027153015,0.0
45.0,1.5649445056915283,-0.14877036213874817,0.0
45.0,1.5656156539916992,-0.14153344929218292,0.0
45.0,1.5662533044815063,-0.13429351150989532,0.0
45.0,1.5668574571609497,-0.1270507127046585,0.0
45.0,1.5574572086334229,-0.11904306709766388,0.0
45.0,1.5579909086227417,-0.11184109002351761,0.0
45.0,1.5584913492202759,-0.10463672131299973,0.0
45.0,1.552970051765442,-0.09705586731433868,0.0
45.0,1.5534021854400635,-0.08987487107515335,0.0
45.0,1.5577954053878784,-0.08290452510118484,0.0
45.0,1.564155101776123,-0.07599253207445145,0.0
45.0,1.564489722251892,-0.06876004487276077,0.0
45.0,1.572784662246704,-0.06184040382504463,0.0
45.0,1.5730538368225098,-0.05456817150115967,0.0
45.0,1.5812857151031494,-0.047535158693790436,0.0
45.0,1.5914853811264038,-0.04047803580760956,0.0
45.0,1.5916554927825928,-0.033119574189186096,0.0
45.0,1.6057896614074707,-0.025986937806010246,0.0
45.0,1.6058926582336426,-0.018562497571110725,0.0
45.0,1.6159611940383911,-0.01120700966566801,0.0
45.0,1.6159957647323608,-0.0037356994580477476,0.0
45.0,1.6239956617355347,0.0037541838828474283,0.0
45.0,1.6339606046676636,0.01133183017373085,0.0
45.0,1.6338907480239868,0.01888611726462841,0.0
45.0,1.643784761428833,0.026601815596222878,0.0
45.0,1.6436442136764526,0.03420136123895645,0.0
45.0,1.6534652709960938,0.042054433375597,0.0
45.0,1.653253197669983,0.049698568880558014,0.0
45.0,1.6649985313415527,0.0577576644718647,0.0
45.0,1.674705982208252,0.06584784388542175,0.0
45.0,1.6743836402893066,0.07358992844820023,0.0
45.0,1.4285399913787842,0.2365950644016266,0.0
45.0,1.4274308681488037,0.24319720268249512,0.0
45.0,1.4262912273406982,0.2497941553592682,0.0
45.0,1.4251210689544678,0.2563857436180115,0.0
45.0,1.4337542057037354,0.2647879719734192,0.0
45.0,1.4325146675109863,0.2714139223098755,0.0
45.0,1.4312444925308228,0.2780340909957886,0.0
45.0,1.4417129755020142,0.28699108958244324,0.0
45.0,1.4403706789016724,0.29365360736846924,0.0
45.0,1.452702283859253,0.3031699061393738,0.0
45.0,1.4649765491485596,0.31280648708343506,0.0
45.0,1.4635146856307983,0.3195762634277344,0.0
45.0,1.4756851196289062,0.32938912510871887,0.0
45.0,1.4741464853286743,0.3362082540988922,0.0
45.0,1.4862112998962402,0.3461962938308716,0.0
45.0,1.4982149600982666,0.35630300641059875,0.0
45.0,1.4965516328811646,0.3632260262966156,0.0
45.0,1.5162115097045898,0.3754290044307709,0.0
45.0,1.514459490776062,0.38243499398231506,0.0
45.0,1.5378541946411133,0.39591506123542786,0.0
45.0,1.536007285118103,0.4030208885669708,0.0
45.0,1.557313323020935,0.41631636023521423,0.0
45.0,1.5746692419052124,0.4287664294242859,0.0
45.0,1.5726701021194458,0.4360421299934387,0.0
45.0,1.5879604816436768,0.44819796085357666,0.0
45.0,1.5858713388442993,0.4555349051952362,0.0
45.0,1.5971862077713013,0.4667894244194031,0.0
45.0,1.5950109958648682,0.4741688370704651,0.0
45.0,1.6062026023864746,0.48558947443962097,0.0
45.0,1.6192342042922974,0.49771130084991455,0.0
45.0,1.6169158220291138,0.5051922798156738,0.0
45.0,1.6298125982284546,0.5175046920776367,0.0
45.0,1.6274025440216064,0.5250343680381775,0.0
45.0,1.6363608837127686,0.5362900495529175,0.0
45.0,1.633863925933838,0.5438498258590698,0.0
45.0,1.6445949077606201,0.5558808445930481,0.0
45.0,1.6552492380142212,0.5680226683616638,0.0
45.0,1.652605414390564,0.5756694674491882,0.0
45.0,1.4632488489151,0.5173072814941406,0.0
45.0,1.4427998065948486,0.5327032804489136,0.0
45.0,1.440321445465088,0.539368212223053,0.0
45.0,1.437812328338623,0.546021580696106,0.0
45.0,1.4352725744247437,0.552663266658783,0.0
45.0,1.4457435607910156,0.5643842816352844,0.0
45.0,1.4598560333251953,0.5776855945587158,0.0
45.0,1.457169532775879,0.5844289064407349,0.0
45.0,1.4692742824554443,0.5971841812133789,0.0
45.0,1.466497540473938,0.6039708256721497,0.0
45.0,1.478455662727356,0.616905927658081,0.0
45.0,1.4940094947814941,0.6315217018127441,0.0
45.0,1.491073727607727,0.6384223103523254,0.0
45.0,1.50829017162323,0.6540619730949402,0.0
45.0,1.505250096321106,0.6610283851623535,0.0
45.0,1.5204523801803589,0.6761069297790527,0.0
45.0,1.5173102617263794,0.6831293106079102,0.0
45.0,1.5268747806549072,0.6959435343742371,0.0
45.0,1.5309048891067505,0.7063469886779785,0.0
45.0,1.5276228189468384,0.7134173512458801,0.0
45.0,1.5297328233718872,0.7230364680290222,0.0
45.0,1.5263735055923462,0.7301012873649597,0.0
45.0,1.52658212184906,0.7388931512832642,0.0
45.0,1.5231496095657349,0.7459431886672974,0.0
45.0,1.5268528461456299,0.7565290927886963,0.0
45.0,1.528702735900879,0.7662689089775085,0.0
45.0,1.5251436233520508,0.7733284831047058,0.0
45.0,1.5268906354904175,0.7831096053123474,0.0
45.0,1.5232537984848022,0.7901606559753418,0.0
45.0,1.524897575378418,0.7999821901321411,0.0
45.0,1.528249740600586,0.8107730150222778,0.0
45.0,1.5244848728179932,0.8178300261497498,0.0
45.0,1.5259613990783691,0.8277303576469421,0.0
45.0,1.5221182107925415,0.8347765803337097,0.0
45.0,1.5217407941818237,0.8437446355819702,0.0
45.0,1.517823576927185,0.8507711887359619,0.0
45.0,1.5138739347457886,0.8577795624732971,0.0
45.0,1.5064208507537842,0.8627815842628479,0.0
45.0,1.5024157762527466,0.8697371482849121,0.0
45.0,1.4759374856948853,0.863544225692749,0.0
45.0,1.4719293117523193,0.8703587651252747,0.0
45.0,1.2487430572509766,1.1238508224487305,0.0
45.0,1.243533730506897,1.1296122074127197,0.0
45.0,1.2382978200912476,1.1353493928909302,0.0
45.0,1.2330354452133179,1.1410623788833618,0.0
45.0,1.2189770936965942,1.1385599374771118,0.0
45.0,1.2137001752853394,1.1441835165023804,0.0
45.0,1.2083971500396729,1.149782657623291,0.0
45.0,1.1987407207489014,1.1512012481689453,0.0
45.0,1.1934055089950562,1.1567312479019165,0.0
45.0,1.185185432434082,1.159439206123352,0.0
45.0,1.1741195917129517,1.159285545349121,0.0
45.0,1.1687471866607666,1.1647015810012817,0.0
45.0,1.1548892259597778,1.1615829467773438,0.0
45.0,1.1495064496994019,1.1669100522994995,0.0
45.0,1.1315265893936157,1.1593307256698608,0.0
45.0,0.9472625255584717,1.2993682622909546,0.0
45.0,0.9412449598312378,1.3037339448928833,0.0
45.0,0.9352072477340698,1.3080717325210571,0.0
45.0,0.9291495680809021,1.3123815059661865,0.0
45.0,0.9184795618057251,1.310112714767456,0.0
45.0,0.9124126434326172,1.3143452405929565,0.0
45.0,0.9029273986816406,1.3136049509048462,0.0
45.0,0.8968445062637329,1.317765474319458,0.0
45.0,0.8907423615455627,1.3218978643417358,0.0
45.0,0.8835113048553467,1.3243381977081299,0.0
45.0,0.8773789405822754,1.3284088373184204,0.0
45.0,0.8701333403587341,1.3307772874832153,0.0
45.0,0.8639713525772095,1.3347859382629395,0.0
45.0,0.8567119836807251,1.3370821475982666,0.0
45.0,0.8505209684371948,1.3410288095474243,0.0
45.0,0.8443118333816528,1.3449467420578003,0.0
45.0,0.8380845785140991,1.3488359451293945,0.0
45.0,0.8318394422531128,1.3526962995529175,0.0
45.0,0.8255765438079834,1.3565278053283691,0.0
45.0,0.8192960023880005,1.3603302240371704,0.0
45.0,0.8119739294052124,1.3623855113983154,0.0
45.0,0.805666446685791,1.3661249876022339,0.0
45.0,0.7993417382240295,1.3698352575302124,0.0
45.0,0.7929999232292175,1.373516321182251,0.0
45.0,0.7866411805152893,1.3771679401397705,0.0
45.0,0.7802656292915344,1.380790114402771,0.0
45.0,0.7738733887672424,1.3843828439712524,0.0
45.0,0.7674645781517029,1.3879460096359253,0.0
45.0,0.7610393762588501,1.3914793729782104,0.0
45.0,0.7545979619026184,1.3949830532073975,0.0
45.0,0.7481403350830078,1.3984569311141968,0.0
45.0,0.7416667342185974,1.4019010066986084,0.0
45.0,0.7342502474784851,1.4035428762435913,0.0
45.0,0.7277532815933228,1.4069225788116455,0.0
45.0,0.7212408185005188,1.410272240638733,0.0
45.0,0.47828006744384766,0.9459640979766846,0.0
45.0,0.4739013910293579,0.948165237903595,0.0
45.0,0.46951261162757874,0.9503461122512817,0.0
45.0,0.46423622965812683,0.9507095813751221,0.0
45.0,0.45983579754829407,0.9528457522392273,0.0
45.0,0.45370370149612427,0.9513511657714844,0.0
45.0,0.4493004083633423,0.9534386396408081,0.0
45.0,0.443199098110199,0.9518794417381287,0.0
45.0,0.43879345059394836,0.9539183378219604,0.0
45.0,0.4327237010002136,0.9522952437400818,0.0
45.0,0.4274972975254059,0.9524610638618469,0.0
45.0,0.4230891466140747,0.9544273614883423,0.0
45.0,0.41706782579421997,0.9527089595794678,0.0
45.0,0.4126586318016052,0.9546270370483398,0.0
45.0,0.4058854281902313,0.9510063529014587,0.0
45.0,0.4007076323032379,0.9510295987129211,0.0
45.0,0.3963063955307007,0.9528720378875732,0.0
45.0,0.3903777003288269,0.9509938359260559,0.0
45.0,0.38597673177719116,0.9527885317802429,0.0
45.0,0.3800828456878662,0.9508486390113831,0.0
45.0,0.3749488592147827,0.9507350921630859,0.0
45.0,0.3705492615699768,0.9524585008621216,0.0
45.0,0.36470869183540344,0.9504270553588867,0.0
45.0,0.3603106141090393,0.9521030783653259,0.0
45.0,0.35450640320777893,0.9500111937522888,0.0
45.0,0.3487292230129242,0.9478859901428223,0.0
45.0,0.34434306621551514,0.9494881629943848,0.0
45.0,0.33927640318870544,0.9491868019104004,0.0
45.0,0.3348843455314636,0.9507452249526978,0.0
45.0,0.3298293948173523,0.9503939747810364,0.0
45.0,0.32543182373046875,0.9519087076187134,0.0
45.0,0.319112628698349,0.9477167725563049,0.0
45.0,0.31409814953804016,0.9472836852073669,0.0
45.0,0.3097151219844818,0.9487257599830627,0.0
45.0,0.304713636636734,0.9482434391975403,0.0
45.0,0.30032628774642944,0.9496421217918396,0.0
45.0,0.29533830285072327,0.9491108059883118,0.0
45.0,0.2903616428375244,0.9485536813735962,0.0
45.0,0.2859730124473572,0.9498860239982605,0.0
45.0,0.28044286370277405,0.9473625421524048,0.0
45.0,0.2760598659515381,0.948648989200592,0.0
45.0,0.2711210250854492,0.9479922652244568,0.0
45.0,0.2661941647529602,0.9473102688789368,0.0
45.0,0.2618115544319153,0.9485308527946472,0.0
45.0,0.2569001317024231,0.9478007555007935,0.0
45.0,0.25251534581184387,0.9489783644676208,0.0
45.0,0.24761982262134552,0.9482006430625916,0.0
45.0,0.24224050343036652,0.9454604983329773,0.0
45.0,0.23786669969558716,0.9465703368186951,0.0
45.0,0.23300933837890625,0.9457180500030518,0.0
45.0,0.22863443195819855,0.9467852115631104,0.0
45.0,0.22379417717456818,0.9458858966827393,0.0
45.0,0.21941860020160675,0.9469105005264282,0.0
45.0,0.21459588408470154,0.9459643959999084,0.0
45.0,0.20978659391403198,0.9449939727783203,0.0
45.0,0.2054152935743332,0.9459537863731384,0.0
45.0,0.2006242275238037,0.944936990737915,0.0
45.0,0.19625328481197357,0.9458544850349426,0.0
45.0,0.19148088991641998,0.9447915554046631,0.0
45.0,0.18711072206497192,0.9456667304039001,0.0
45.0,0.18273654580116272,0.9465216994285583,0.0
45.0,0.1779884397983551,0.9453909993171692,0.0
45.0,0.17361563444137573,0.9462038278579712,0.0
45.0,0.16888727247714996,0.9450275301933289,0.0
45.0,0.16417351365089417,0.9438278675079346,0.0
45.0,0.15980809926986694,0.9445767998695374,0.0
45.0,0.15543925762176514,0.945305585861206,0.0
45.0,0.1510670930147171,0.9460141062736511,0.0
45.0,0.14638546109199524,0.9447259902954102,0.0
45.0,0.14201606810092926,0.9453927278518677,0.0
45.0,0.13764365017414093,0.9460391998291016,0.0
45.0,0.13298949599266052,0.9446850419044495,0.0
45.0,0.1286204308271408,0.9452897906303406,0.0
45.0,0.12398815900087357,0.9438914060592651,0.0
45.0,0.11962287127971649,0.944454550743103,0.0
45.0,0.11525502800941467,0.9449975490570068,0.0
45.0,0.11065176874399185,0.9435338973999023,0.0
45.0,0.10628827661275864,0.9440353512763977,0.0
45.0,0.10170794278383255,0.942528247833252,0.0
45.0,0.09734919667243958,0.942988395690918,0.0
45.0,0.09298837184906006,0.9434283971786499,0.0
45.0,0.08862555772066116,0.9438482522964478,0.0
45.0,0.08408308029174805,0.9422557950019836,0.0
45.0,0.07972577959299088,0.9426344633102417,0.0
45.0,0.0753667801618576,0.9429929852485657,0.0
45.0,0.07115628570318222,0.9453257918357849,0.0
45.0,0.06678493320941925,0.9456446766853333,0.0
45.0,0.062280476093292236,0.9439476132392883,0.0
45.0,0.05779314786195755,0.9422292709350586,0.0
45.0,0.05343625321984291,0.9424864053726196,0.0
45.0,0.049078214913606644,0.9427233338356018,0.0
45.0,0.04471912980079651,0.9429401755332947,0.0
45.0,0.04035909101366997,0.9431368708610535,0.0
45.0,0.035998184233903885,0.9433133602142334,0.0
45.0,0.03163651004433632,0.943469762802124,0.0
45.0,0.02721637673676014,0.9416067004203796,0.0
45.0,0.022862685844302177,0.9417225122451782,0.0
45.0,0.018508508801460266,0.941818118095398,0.0
45.0,0.014153935015201569,0.9418936371803284,0.0
45.0,0.009799058549106121,0.9419490098953247,0.0
45.0,0.005443972535431385,0.941984236240387,0.0
45.0,0.0010887705720961094,0.9419993162155151,0.0
45.0,-0.0032664549071341753,0.941994309425354,0.0
45.0,-0.007621610537171364,0.9419691562652588,0.0
45.0,-0.011976603418588638,0.9419238567352295,0.0
45.0,-0.01633133925497532,0.9418584108352661,0.0
45.0,-0.020685726776719093,0.9417728185653687,0.0
45.0,-0.0250396728515625,0.9416671395301819,0.0
45.0,-0.029393082484602928,0.941541314125061,0.0
45.0,-0.033745866268873215,0.9413953423500061,0.0
45.0,-0.03809792548418045,0.9412292242050171,0.0
45.0,-0.04244917258620262,0.9410430192947388,0.0
45.0,-0.04679951071739197,0.9408367276191711,0.0
45.0,-0.05114884674549103,0.9406102895736694,0.0
45.0,-0.05549709498882294,0.9403637647628784,0.0
45.0,-0.05984415113925934,0.9400971531867981,0.0
45.0,-0.06418993324041367,0.9398103952407837,0.0
45.0,-0.06853433698415756,0.9395036101341248,0.0
45.0,-0.07287728041410446,0.9391766786575317,0.0
45.0,-0.0772186666727066,0.9388297200202942,0.0
45.0,-0.08155839890241623,0.9384626746177673,0.0
45.0,-0.08607876300811768,0.9400672912597656,0.0
45.0,-0.09042412787675858,0.9396592378616333,0.0
45.0,-0.09476755559444427,0.9392311573028564,0.0
45.0,-0.09931892901659012,0.9407718777656555,0.0
45.0,-0.10366740822792053,0.9403026103973389,0.0
45.0,-0.10801366716623306,0.9398132562637329,0.0
45.0,-0.11235762387514114,0.9393038749694824,0.0
45.0,-0.11694590002298355,0.9407591223716736,0.0
45.0,-0.12129412591457367,0.940208375453949,0.0
45.0,-0.12563976645469666,0.9396375417709351,0.0
45.0,-0.12998270988464355,0.9390466213226318,0.0
45.0,-0.1343228816986084,0.9384356141090393,0.0
45.0,-0.13895271718502045,0.9397830367088318,0.0
45.0,-0.14329619705677032,0.9391305446624756,0.0
45.0,-0.14763662219047546,0.9384579658508301,0.0
45.0,-0.1522938311100006,0.9397396445274353,0.0
45.0,-0.15663696825504303,0.9390255212783813,0.0
45.0,-0.16097676753997803,0.9382912516593933,0.0
45.0,-0.16531310975551605,0.9375370144844055,0.0
45.0,-0.17000232636928558,0.9387306571006775,0.0
45.0,-0.1743406057357788,0.9379346370697021,0.0
45.0,-0.17867515981197357,0.9371185302734375,0.0
45.0,-0.1833895593881607,0.9382452964782715,0.0
45.0,-0.18772545456886292,0.9373874068260193,0.0
45.0,-0.1924591362476349,0.9384686946868896,0.0
45.0,-0.19761766493320465,0.9414835572242737,0.0
45.0,-0.20196838676929474,0.9405598044395447,0.0
45.0,-0.20674370229244232,0.941569447517395,0.0
45.0,-0.2110947221517563,0.9406035542488098,0.0
45.0,-0.21499426662921906,0.9376680850982666,0.0
45.0,-0.21978312730789185,0.9386113882064819,0.0
45.0,-0.2241203337907791,0.9375852346420288,0.0
45.0,-0.22892671823501587,0.9384820461273193,0.0
45.0,-0.23326322436332703,0.9374136328697205,0.0
45.0,-0.23808665573596954,0.9382636547088623,0.0
45.0,-0.24242204427719116,0.9371528625488281,0.0
45.0,-0.24726209044456482,0.9379560351371765,0.0
45.0,-0.2521147131919861,0.9387343525886536,0.0
45.0,-0.25645214319229126,0.9375587105751038,0.0
45.0,-0.26132068037986755,0.9382896423339844,0.0
45.0,-0.2656559348106384,0.9370714426040649,0.0
45.0,-0.27053990960121155,0.9377548694610596,0.0
45.0,-0.27599915862083435,0.9403321146965027,0.0
45.0,-0.2803437113761902,0.9390460252761841,0.0
45.0,-0.2846822738647461,0.9377398490905762,0.0
45.0,-0.2890147566795349,0.9364136457443237,0.0
45.0,-0.29453834891319275,0.9388840198516846,0.0
45.0,-0.298876017332077,0.937512218952179,0.0
45.0,-0.3038235604763031,0.938023030757904,0.0
45.0,-0.30815714597702026,0.9366083145141602,0.0
45.0,-0.31248414516448975,0.9351736307144165,0.0
45.0,-0.31808966398239136,0.9375067949295044,0.0
45.0,-0.32242071628570557,0.9360260963439941,0.0
45.0,-0.3274049460887909,0.9364133477210999,0.0
45.0,-0.33173084259033203,0.9348896145820618,0.0
45.0,-0.33672717213630676,0.9352276921272278,0.0
45.0,-0.3417336642742157,0.9355394840240479,0.0
45.0,-0.34605535864830017,0.9339494705200195,0.0
45.0,-0.35177677869796753,0.9360839128494263,0.0
45.0,-0.3561008870601654,0.9344475269317627,0.0
45.0,-0.3611381947994232,0.9346566796302795,0.0
45.0,-0.3661850392818451,0.9348392486572266,0.0
45.0,-0.3705032467842102,0.9331362247467041,0.0
45.0,-0.37630683183670044,0.9351241588592529,0.0
45.0,-0.38062623143196106,0.9333743453025818,0.0
45.0,-0.3872288167476654,0.9371499419212341,0.0
45.0,-0.3931020498275757,0.9390392899513245,0.0
45.0,-0.3974393904209137,0.937211811542511,0.0
45.0,-0.40255752205848694,0.9372019171714783,0.0
45.0,-0.4068862497806549,0.9353306889533997,0.0
45.0,-0.41201257705688477,0.9352697730064392,0.0
45.0,-0.41633227467536926,0.933354914188385,0.0
45.0,-0.42146629095077515,0.9332428574562073,0.0
45.0,-0.4274396598339081,0.9349220991134644,0.0
45.0,-0.4317575991153717,0.932935893535614,0.0
45.0,-0.4377630352973938,0.934552013874054,0.0
45.0,-0.4420791268348694,0.9325180649757385,0.0
45.0,-0.4481160044670105,0.9340707063674927,0.0
45.0,-0.45242977142333984,0.9319888949394226,0.0
45.0,-0.4584972858428955,0.9334774613380432,0.0
45.0,-0.4645882546901703,0.9349298477172852,0.0
45.0,-0.46890580654144287,0.9327718615531921,0.0
45.0,-0.4750264286994934,0.9341594576835632,0.0
45.0,-0.4793403148651123,0.9319532513618469,0.0
45.0,-0.48548996448516846,0.9332757592201233,0.0
45.0,-0.4916619658470154,0.9345611333847046,0.0
45.0,-0.4959775507450104,0.9322779774665833,0.0
45.0,-0.5021774768829346,0.9334975481033325,0.0
45.0,-0.506488025188446,0.9311658143997192,0.0
45.0,-1.1033830642700195,1.963173508644104,0.0
45.0,-1.112447738647461,1.9580512046813965,0.0
45.0,-1.1214886903762817,1.952886939048767,0.0
45.0,-1.1305055618286133,1.9476810693740845,0.0
45.0,-1.143546223640442,1.949333667755127,0.0
45.0,-1.1525465250015259,1.9440258741378784,0.0
45.0,-1.167689561843872,1.9489703178405762,0.0
45.0,-1.1808311939239502,1.9503942728042603,0.0
45.0,-1.1898359060287476,1.9449139833450317,0.0
45.0,-1.205124855041504,1.9495995044708252,0.0
45.0,-1.2141257524490356,1.9440069198608398,0.0
45.0,-1.2295042276382446,1.9485212564468384,0.0
45.0,-1.2384997606277466,1.942815899848938,0.0
45.0,-1.251800537109375,1.9437952041625977,0.0
45.0,-1.267317771911621,1.9480454921722412,0.0
45.0,-1.276310682296753,1.9421653747558594,0.0
45.0,-1.2919130325317383,1.9462416172027588,0.0
45.0,-1.3008973598480225,1.940247893333435,0.0
45.0,-1.3165827989578247,1.9441486597061157,0.0
45.0,-1.332331657409668,1.947945475578308,0.0
45.0,-1.3413234949111938,1.9417648315429688,0.0
45.0,-1.3548640012741089,1.9421039819717407,0.0
45.0,-1.3638285398483276,1.935819149017334,0.0
45.0,-1.379720687866211,1.9392708539962769,0.0
45.0,-1.3980073928833008,1.9458651542663574,0.0
45.0,-1.4069888591766357,1.9393807649612427,0.0
45.0,-1.4230319261550903,1.9425355195999146,0.0
45.0,-1.4319977760314941,1.9359354972839355,0.0
45.0,-1.4481137990951538,1.9389086961746216,0.0
45.0,-1.4570626020431519,1.9321928024291992,0.0
45.0,-1.4732495546340942,1.9349831342697144,0.0
45.0,-1.4919310808181763,1.9408363103866577,0.0
45.0,-1.5008883476257324,1.933917760848999,0.0
45.0,-1.5172146558761597,1.9364038705825806,0.0
45.0,-1.526151180267334,1.929368495941162,0.0
45.0,-1.5325590372085571,1.9191663265228271,0.0
45.0,-1.523842453956604,1.8902614116668701,0.0
45.0,-1.5325655937194824,1.8831958770751953,0.0
45.0,-1.526021122932434,1.8575456142425537,0.0
45.0,-1.5345929861068726,1.8504704236984253,0.0
45.0,-1.5277262926101685,1.8249528408050537,0.0
45.0,-1.5180751085281372,1.7964832782745361,0.0
45.0,-1.5263646841049194,1.789445400238037,0.0
45.0,-1.5189622640609741,1.7641819715499878,0.0
45.0,-1.5271024703979492,1.7571403980255127,0.0
45.0,-1.5193830728530884,1.732019305229187,0.0
45.0,-1.5273746252059937,1.7249760627746582,0.0
45.0,-1.5193405151367188,1.7000013589859009,0.0
45.0,-1.5137876272201538,1.6781082153320312,0.0
45.0,-1.5215299129486084,1.6710914373397827,0.0
45.0,-1.5157066583633423,1.649312973022461,0.0
45.0,-1.5233159065246582,1.6422876119613647,0.0
45.0,-1.517223834991455,1.6206270456314087,0.0
45.0,-1.5109643936157227,1.5990581512451172,0.0
45.0,-1.518341302871704,1.592055320739746,0.0
45.0,-1.5090419054031372,1.5677273273468018,0.0
45.0,-1.5023374557495117,1.5463886260986328,0.0
45.0,-1.5094709396362305,1.5394262075424194,0.0
45.0,-1.502503752708435,1.5182154178619385,0.0
45.0,-1.5095069408416748,1.511252522468567,0.0
45.0,-1.505118489265442,1.4929895401000977,0.0
45.0,-1.512005090713501,1.4860148429870605,0.0
45.0,-1.504530429840088,1.4650554656982422,0.0
45.0,-1.4997735023498535,1.446974754333496,0.0
45.0,-1.5064473152160645,1.4400253295898438,0.0
45.0,-1.498567819595337,1.4192920923233032,0.0
45.0,-1.5051137208938599,1.4123485088348389,0.0
45.0,-1.499909520149231,1.3944804668426514,0.0
45.0,-1.49604332447052,1.378045678138733,0.0
45.0,-1.5023986101150513,1.3711141347885132,0.0
45.0,-1.4968537092208862,1.3534225225448608,0.0
45.0,-1.503095030784607,1.3464876413345337,0.0
45.0,-1.498833417892456,1.3302308320999146,0.0
45.0,-1.4929519891738892,1.312721848487854,0.0
45.0,-1.4990051984786987,1.3058053255081177,0.0
45.0,-1.4929134845733643,1.288407325744629,0.0
45.0,-1.4988542795181274,1.2814912796020508,0.0
45.0,-1.4956063032150269,1.2667919397354126,0.0
45.0,-1.4907225370407104,1.2508646249771118,0.0
45.0,-1.4964898824691772,1.2439590692520142,0.0
45.0,-1.4914177656173706,1.2281274795532227,0.0
45.0,-1.4970799684524536,1.2212189435958862,0.0
45.0,-1.4918208122253418,1.205485224723816,0.0
45.0,-1.4973783493041992,1.1985750198364258,0.0
45.0,-1.4919337034225464,1.182941198348999,0.0
45.0,-1.4879496097564697,1.1686187982559204,0.0
45.0,-1.4933366775512695,1.161726951599121,0.0
45.0,-1.4876021146774292,1.1462652683258057,0.0
45.0,-1.4817566871643066,1.130881428718567,0.0
45.0,-1.4869693517684937,1.124018669128418,0.0
45.0,-1.482544183731079,1.1099400520324707,0.0
45.0,-1.4876599311828613,1.1030738353729248,0.0
45.0,-1.4830718040466309,1.0890812873840332,0.0
45.0,-1.488091230392456,1.0822129249572754,0.0
45.0,-1.4833412170410156,1.0683083534240723,0.0
45.0,-1.4801230430603027,1.0556323528289795,0.0
45.0,-1.4849878549575806,1.0487778186798096,0.0
45.0,-1.481626033782959,1.0361700057983398,0.0
45.0,-1.4864007234573364,1.029308795928955,0.0
45.0,-1.482896327972412,1.016770601272583,0.0
45.0,-1.4776531457901,1.0031635761260986,0.0
45.0,-1.482275366783142,0.9963211417198181,0.0
45.0,-1.4785407781600952,0.9839172959327698,0.0
45.0,-1.4830739498138428,0.9770709276199341,0.0
45.0,-1.4775242805480957,0.9636483192443848,0.0
45.0,-1.4735625982284546,0.9513826966285706,0.0
45.0,-1.4779454469680786,0.9445596933364868,0.0
45.0,-1.4738457202911377,0.9323703646659851,0.0
45.0,-1.4781407117843628,0.9255462884902954,0.0
45.0,-1.473904013633728,0.913434624671936,0.0
45.0,-1.4695872068405151,0.9013820290565491,0.0
45.0,-1.4737389087677002,0.8945779204368591,0.0
45.0,-1.4692867994308472,0.8826053142547607,0.0
45.0,-1.4733517169952393,0.8758028149604797,0.0
45.0,-1.470489501953125,0.8649256825447083,0.0
45.0,-1.465829849243164,0.853087842464447,0.0
45.0,-1.4697582721710205,0.8463016152381897,0.0
45.0,-1.4684420824050903,0.8365274667739868,0.0
45.0,-1.4722938537597656,0.8297293782234192,0.0
45.0,-1.46912682056427,0.8190180659294128,0.0
45.0,-1.4641408920288086,0.8073881268501282,0.0
45.0,-1.467858076095581,0.8006102442741394,0.0
45.0,-1.4645030498504639,0.7900170683860779,0.0
45.0,-1.468139886856079,0.7832376956939697,0.0
45.0,-1.4646697044372559,0.7727086544036865,0.0
45.0,-1.4682265520095825,0.7659286856651306,0.0
45.0,-1.4646421670913696,0.755465030670166,0.0
45.0,-1.4627741575241089,0.7459595203399658,0.0
45.0,-1.4662073850631714,0.7391886115074158,0.0
45.0,-1.462449073791504,0.7288335561752319,0.0
45.0,-1.4658031463623047,0.7220643162727356,0.0
45.0,-1.4619331359863281,0.7117776870727539,0.0
45.0,-1.4598016738891602,0.7024095058441162,0.0
45.0,-1.4630335569381714,0.6956527829170227,0.0
45.0,-1.4589935541152954,0.6854793429374695,0.0
45.0,-1.4621471166610718,0.6787264943122864,0.0
45.0,-1.4598156213760376,0.6694580912590027,0.0
45.0,-1.4574298858642578,0.6602258682250977,0.0
45.0,-1.460466742515564,0.653480589389801,0.0
45.0,-1.457984447479248,0.6442961096763611,0.0
45.0,-1.4609476327896118,0.6375483870506287,0.0
45.0,-1.458369493484497,0.6284127235412598,0.0
45.0,-1.4538978338241577,0.6185316443443298,0.0
45.0,-1.4567419290542603,0.6118031144142151,0.0
45.0,-1.4558597803115845,0.603529691696167,0.0
45.0,-1.458634614944458,0.5967922806739807,0.0
45.0,-1.4539600610733032,0.5870469212532043,0.0
45.0,-1.4566586017608643,0.5803184509277344,0.0
45.0,-1.4537420272827148,0.5713827610015869,0.0
45.0,-1.4526386260986328,0.5632094740867615,0.0
45.0,-1.455227017402649,0.5564873814582825,0.0
45.0,-1.4521703720092773,0.5476362705230713,0.0
45.0,-1.4546867609024048,0.5409165024757385,0.0
45.0,-1.453416347503662,0.5328083634376526,0.0
45.0,-1.4502214193344116,0.5240439176559448,0.0
45.0,-1.4526287317276,0.5173333883285522,0.0
45.0,-1.4493435621261597,0.5086249709129333,0.0
45.0,-1.4516795873641968,0.5019186735153198,0.0
45.0,-1.4501981735229492,0.49391207098960876,0.0
45.0,-1.4467778205871582,0.4852938950061798,0.0
45.0,-1.4490059614181519,0.4785997271537781,0.0
45.0,-1.4454972743988037,0.47003987431526184,0.0
45.0,-1.4476549625396729,0.4633517861366272,0.0
45.0,-1.4459666013717651,0.4554520845413208,0.0
45.0,-1.444236159324646,0.44757789373397827,0.0
45.0,-1.4462900161743164,0.44089585542678833,0.0
45.0,-1.4425657987594604,0.43248140811920166,0.0
45.0,-1.4445499181747437,0.42580726742744446,0.0
45.0,-1.4445819854736328,0.41856738924980164,0.0
45.0,-1.4465017318725586,0.411884069442749,0.0
45.0,-1.4445385932922363,0.40411433577537537,0.0
45.0,-1.4425344467163086,0.3963715732097626,0.0
45.0,-1.4443516731262207,0.38969796895980835,0.0
45.0,-1.4422712326049805,0.3819918930530548,0.0
45.0,-1.4440218210220337,0.3753196597099304,0.0
45.0,-1.4418656826019287,0.367651104927063,0.0
45.0,-1.4396694898605347,0.3600104749202728,0.0
45.0,-1.4413186311721802,0.35335052013397217,0.0
45.0,-1.4409922361373901,0.34621575474739075,0.0
45.0,-1.4425774812698364,0.33954980969429016,0.0
45.0,-1.4402341842651367,0.3319781720638275,0.0
45.0,-1.439802646636963,0.3248756527900696,0.0
45.0,-1.4412893056869507,0.31821542978286743,0.0
45.0,-1.436880350112915,0.31028199195861816,0.0
45.0,-1.438299536705017,0.3036354184150696,0.0
45.0,-1.4357703924179077,0.2961742579936981,0.0
45.0,-1.4371243715286255,0.28953298926353455,0.0
45.0,-1.4364852905273438,0.28249961137771606,0.0
45.0,-1.4358118772506714,0.275478333234787,0.0
45.0,-1.4370701313018799,0.2688370943069458,0.0
45.0,-1.434362530708313,0.26147276163101196,0.0
45.0,-1.4355560541152954,0.25483837723731995,0.0
45.0,-1.4347481727600098,0.24785807728767395,0.0
45.0,-1.4339064359664917,0.2408907115459442,0.0
45.0,-1.4350048303604126,0.23425865173339844,0.0
45.0,-1.4340972900390625,0.2273084968328476,0.0
45.0,-1.4351328611373901,0.22067570686340332,0.0
45.0,-1.4321813583374023,0.21344853937625885,0.0
45.0,-1.4331529140472412,0.20682474970817566,0.0
45.0,-1.4321130514144897,0.19992002844810486,0.0
45.0,-1.433022141456604,0.19329670071601868,0.0
45.0,-1.4339004755020142,0.1866692453622818,0.0
45.0,-1.4327638149261475,0.17978878319263458,0.0
45.0,-1.42762291431427,0.17244313657283783,0.0
45.0,-1.4284049272537231,0.16584086418151855,0.0
45.0,-1.4291564226150513,0.15923504531383514,0.0
45.0,-1.4298774003982544,0.15262581408023834,0.0
45.0,-1.4285781383514404,0.14581026136875153,0.0
45.0,-1.4292370080947876,0.13920384645462036,0.0
45.0,-1.4298652410507202,0.13259446620941162,0.0
45.0,-1.4284707307815552,0.1258067935705185,0.0
45.0,-1.429037094116211,0.11920109391212463,0.0
45.0,-1.4255852699279785,0.1122787743806839,0.0
45.0,-1.4260891675949097,0.10568656772375107,0.0
45.0,-1.4265625476837158,0.09909209609031677,0.0
45.0,-1.427005410194397,0.09249550849199295,0.0
45.0,-1.4274177551269531,0.08589693903923035,0.0
45.0,-1.4258028268814087,0.07918563485145569,0.0
45.0,-1.4261536598205566,0.07259277254343033,0.0
45.0,-1.424476146697998,0.06590592116117477,0.0
45.0,-1.424765706062317,0.05931933596730232,0.0
45.0,-1.4230260848999023,0.05265752226114273,0.0
45.0,-1.423254370689392,0.04607778042554855,0.0
45.0,-1.4234521389007568,0.039497051388025284,0.0
45.0,-1.4236195087432861,0.03291548043489456,0.0
45.0,-1.42375648021698,0.02633320540189743,0.0
45.0,-1.421863317489624,0.019722629338502884,0.0
45.0,-1.4219392538070679,0.013148615136742592,0.0
45.0,-1.4219849109649658,0.006574319209903479,0.0
46.0,-1.4220000505447388,1.2431519280653447e-07,0.0
46.0,-1.4199848175048828,-0.006565064657479525,0.0
46.0,-1.4199392795562744,-0.013130112551152706,0.0
46.0,-1.4198633432388306,-0.01969487965106964,0.0
46.0,-1.4197571277618408,-0.026259226724505424,0.0
46.0,-1.4196205139160156,-0.03282301127910614,0.0
46.0,-1.417454481124878,-0.0393306240439415,0.0
46.0,-1.4172574281692505,-0.04588362202048302,0.0
46.0,-1.4190287590026855,-0.052509598433971405,0.0
46.0,-1.4187707901000977,-0.05906973406672478,0.0
46.0,-1.420480489730835,-0.0657210499048233,0.0
46.0,-1.420161485671997,-0.07228775322437286,0.0
46.0,-1.4198120832443237,-0.07885292172431946,0.0
46.0,-1.4194324016571045,-0.08541639894247055,0.0
46.0,-1.4190223217010498,-0.0919780507683754,0.0
46.0,-1.4185818433761597,-0.09853773564100266,0.0
46.0,-1.4181110858917236,-0.10509531199932098,0.0
46.0,-1.4176100492477417,-0.11165064573287964,0.0
46.0,-1.4190717935562134,-0.11836984008550644,0.0
46.0,-1.4185093641281128,-0.12492947280406952,0.0
46.0,-1.4179165363311768,-0.1314864307641983,0.0
46.0,-1.4172935485839844,-0.13804058730602264,0.0
46.0,-1.4166401624679565,-0.1445917785167694,0.0
46.0,-1.4159564971923828,-0.15113988518714905,0.0
46.0,-1.4152425527572632,-0.15768477320671082,0.0
46.0,-1.4144984483718872,-0.16422627866268158,0.0
46.0,-1.4137240648269653,-0.1707642823457718,0.0
46.0,-1.4149038791656494,-0.1775476336479187,0.0
46.0,-1.4140678644180298,-0.1840873658657074,0.0
46.0,-1.415183663368225,-0.19089050590991974,0.0
46.0,-1.4142858982086182,-0.19743138551712036,0.0
46.0,-1.4153375625610352,-0.20425371825695038,0.0
46.0,-1.414378046989441,-0.21079516410827637,0.0
46.0,-1.415365219116211,-0.2176360934972763,0.0
46.0,-1.4143438339233398,-0.2241775244474411,0.0
46.0,-1.4132922887802124,-0.23071415722370148,0.0
46.0,-1.4141827821731567,-0.23757721483707428,0.0
46.0,-1.4130693674087524,-0.24411296844482422,0.0
46.0,-1.413894772529602,-0.2509930729866028,0.0
46.0,-1.4127192497253418,-0.25752735137939453,0.0
46.0,-1.4134793281555176,-0.2644239068031311,0.0
46.0,-1.4122416973114014,-0.2709560990333557,0.0
46.0,-1.4109739065170288,-0.2774825394153595,0.0
46.0,-1.4116365909576416,-0.28439804911613464,0.0
46.0,-1.410306692123413,-0.29092150926589966,0.0
46.0,-1.4109033346176147,-0.29785189032554626,0.0
46.0,-1.411466121673584,-0.30479398369789124,0.0
46.0,-1.4100419282913208,-0.31131646037101746,0.0
46.0,-1.4105384349822998,-0.31827250123023987,0.0
46.0,-1.409051775932312,-0.3247905373573303,0.0
46.0,-1.4094818830490112,-0.33175987005233765,0.0
46.0,-1.407932996749878,-0.3382728695869446,0.0
46.0,-1.4082965850830078,-0.34525489807128906,0.0
46.0,-1.410565733909607,-0.35273265838623047,0.0
46.0,-1.4089198112487793,-0.3592504560947418,0.0
46.0,-1.409179449081421,-0.36626365780830383,0.0
46.0,-1.4074710607528687,-0.3727749288082123,0.0
46.0,-1.4076634645462036,-0.3797991871833801,0.0
46.0,-1.4058924913406372,-0.38630327582359314,0.0
46.0,-1.406017541885376,-0.3933379352092743,0.0
46.0,-1.4061075448989868,-0.40038201212882996,0.0
46.0,-1.4042413234710693,-0.40687867999076843,0.0
46.0,-1.4061819314956665,-0.41449761390686035,0.0
46.0,-1.4042505025863647,-0.42099449038505554,0.0
46.0,-1.4061152935028076,-0.42864876985549927,0.0
46.0,-1.4060288667678833,-0.4357371926307678,0.0
46.0,-1.4039992094039917,-0.442233145236969,0.0
46.0,-1.4057492017745972,-0.44993895292282104,0.0
46.0,-1.4036539793014526,-0.4564334452152252,0.0
46.0,-1.4034278392791748,-0.46354547142982483,0.0
46.0,-1.405061960220337,-0.4713011384010315,0.0
46.0,-1.4028680324554443,-0.47779223322868347,0.0
46.0,-1.4044243097305298,-0.485580176115036,0.0
46.0,-1.402164340019226,-0.49206817150115967,0.0
46.0,-1.4036425352096558,-0.499887615442276,0.0
46.0,-1.4013164043426514,-0.5063718557357788,0.0
46.0,-1.400838017463684,-0.5135335922241211,0.0
46.0,-1.402198076248169,-0.5213988423347473,0.0
46.0,-1.3997724056243896,-0.5278761982917786,0.0
46.0,-1.4029210805892944,-0.5364852547645569,0.0
46.0,-1.400425672531128,-0.5429657697677612,0.0
46.0,-1.401623249053955,-0.5508978962898254,0.0
46.0,-1.4009191989898682,-0.558112382888794,0.0
46.0,-1.398323893547058,-0.564583420753479,0.0
46.0,-1.4012519121170044,-0.5733144283294678,0.0
46.0,-1.3985862731933594,-0.5797867774963379,0.0
46.0,-1.39957857131958,-0.587795615196228,0.0
46.0,-1.396846055984497,-0.5942600965499878,0.0
46.0,-1.3977570533752441,-0.6022948026657104,0.0
46.0,-1.4004566669464111,-0.6111505031585693,0.0
46.0,-1.3976161479949951,-0.6176188588142395,0.0
46.0,-1.4002225399017334,-0.6265245079994202,0.0
46.0,-1.3973109722137451,-0.6329915523529053,0.0
46.0,-1.3980052471160889,-0.6411124467849731,0.0
46.0,-1.3950262069702148,-0.6475691199302673,0.0
46.0,-1.397447943687439,-0.6565633416175842,0.0
46.0,-1.3980097770690918,-0.6647348999977112,0.0
46.0,-1.3949215412139893,-0.6711912751197815,0.0
46.0,-1.3989962339401245,-0.681135356426239,0.0
46.0,-1.3958321809768677,-0.6875961422920227,0.0
46.0,-1.3962182998657227,-0.6958264112472534,0.0
46.0,-1.3983439207077026,-0.7049752473831177,0.0
46.0,-1.3950695991516113,-0.7114328145980835,0.0
46.0,-1.3970979452133179,-0.720625638961792,0.0
46.0,-1.3937513828277588,-0.7270772457122803,0.0
46.0,-1.395681619644165,-0.7363129258155823,0.0
46.0,-1.397556185722351,-0.7455819845199585,0.0
46.0,-1.3940942287445068,-0.7520354390144348,0.0
46.0,-1.3958698511123657,-0.7613458633422852,0.0
46.0,-1.3923349380493164,-0.7677913308143616,0.0
46.0,-1.3940107822418213,-0.7771419882774353,0.0
46.0,-1.390402913093567,-0.7835786938667297,0.0
46.0,-1.3937164545059204,-0.7939585447311401,0.0
46.0,-1.3952305316925049,-0.8033877611160278,0.0
46.0,-1.3915011882781982,-0.809829831123352,0.0
46.0,-1.3929139375686646,-0.8192965984344482,0.0
46.0,-1.3891111612319946,-0.8257278203964233,0.0
46.0,-1.3921363353729248,-0.8362607955932617,0.0
46.0,-1.3933842182159424,-0.8458016514778137,0.0
46.0,-1.3894588947296143,-0.8522347211837769,0.0
46.0,-1.3923038244247437,-0.8628638386726379,0.0
46.0,-1.388299584388733,-0.8692917823791504,0.0
46.0,-1.391026496887207,-0.8799780607223511,0.0
46.0,-1.3869432210922241,-0.8863998651504517,0.0
46.0,-1.3878707885742188,-0.89605712890625,0.0
46.0,-1.3920891284942627,-0.9079270958900452,0.0
46.0,-1.3878766298294067,-0.9143534898757935,0.0
46.0,-1.3902944326400757,-0.9251924753189087,0.0
46.0,-1.3860020637512207,-0.9316104650497437,0.0
46.0,-1.3882989883422852,-0.942501962184906,0.0
46.0,-1.3839266300201416,-0.9489104747772217,0.0
46.0,-1.3861016035079956,-0.9598532319068909,0.0
46.0,-1.3898439407348633,-0.971982479095459,0.0
46.0,-1.3853352069854736,-0.9783978462219238,0.0
46.0,-1.3889384269714355,-0.9905988574028015,0.0
46.0,-1.3843436241149902,-0.9970098733901978,0.0
46.0,-1.3861892223358154,-1.0081048011779785,0.0
46.0,-1.3911857604980469,-1.0216056108474731,0.0
46.0,-1.3864476680755615,-1.0280267000198364,0.0
46.0,-1.381679892539978,-1.0344257354736328,0.0
46.0,-1.376882553100586,-1.0408027172088623,0.0
46.0,-1.3561571836471558,-1.0350234508514404,0.0
46.0,-1.3370991945266724,-1.0302958488464355,0.0
46.0,-1.3323215246200562,-1.0364667177200317,0.0
46.0,-1.3149322271347046,-1.0327329635620117,0.0
46.0,-1.3101434707641602,-1.0388013124465942,0.0
46.0,-1.2928354740142822,-1.034848928451538,0.0
46.0,-1.2880371809005737,-1.0408151149749756,0.0
46.0,-1.2723629474639893,-1.0379096269607544,0.0
46.0,-1.2551994323730469,-1.0336103439331055,0.0
46.0,-1.250407338142395,-1.0394026041030884,0.0
46.0,-1.231799602508545,-1.0336024761199951,0.0
46.0,-1.2270076274871826,-1.039286494255066,0.0
46.0,-1.2100284099578857,-1.0345507860183716,0.0
46.0,-1.1946336030960083,-1.0309871435165405,0.0
46.0,-1.1898541450500488,-1.0364993810653687,0.0
46.0,-1.1760375499725342,-1.0340656042099,0.0
46.0,-1.1712441444396973,-1.0394917726516724,0.0
46.0,-1.1559978723526,-1.0355544090270996,0.0
46.0,-1.1393296718597412,-1.030157208442688,0.0
46.0,-1.1345547437667847,-1.0354137420654297,0.0
46.0,-1.1194581985473633,-1.031162977218628,0.0
46.0,-1.1146788597106934,-1.036327600479126,0.0
46.0,-1.0996664762496948,-1.0318902730941772,0.0
46.0,-1.0861713886260986,-1.0287117958068848,0.0
46.0,-1.0814036130905151,-1.0337225198745728,0.0
46.0,-1.0679768323898315,-1.030379295349121,0.0
46.0,-1.0632015466690063,-1.0353058576583862,0.0
46.0,-1.0512715578079224,-1.033200979232788,0.0
46.0,-1.0379638671875,-1.0295994281768799,0.0
46.0,-1.03319251537323,-1.0343873500823975,0.0
46.0,-1.018551230430603,-1.0292022228240967,0.0
46.0,-1.013782024383545,-1.0339003801345825,0.0
46.0,-1.0020228624343872,-1.03140389919281,0.0
46.0,-0.9916956424713135,-1.0302618741989136,0.0
46.0,-0.9869217872619629,-1.0348358154296875,0.0
46.0,-0.973885178565979,-1.030665636062622,0.0
46.0,-0.9691095948219299,-1.0351572036743164,0.0
46.0,-0.9575128555297852,-1.0322951078414917,0.0
46.0,-0.9459633827209473,-1.0293480157852173,0.0
46.0,-0.9411942362785339,-1.0337104797363281,0.0
46.0,-0.9283671379089355,-1.0291407108306885,0.0
46.0,-0.923599123954773,-1.0334218740463257,0.0
46.0,-0.912182092666626,-1.0301941633224487,0.0
46.0,-0.9074093699455261,-1.034400463104248,0.0
46.0,-0.8960575461387634,-1.0310368537902832,0.0
46.0,-0.884756326675415,-1.0275903940200806,0.0
46.0,-0.8799959421157837,-1.0316699743270874,0.0
46.0,-0.870053231716156,-1.029617190361023,0.0
46.0,-0.8601484298706055,-1.0274944305419922,0.0
46.0,-0.8553887605667114,-1.031460165977478,0.0
46.0,-0.8455324769020081,-1.0292224884033203,0.0
46.0,-0.8407649993896484,-1.0331206321716309,0.0
46.0,-0.8309586048126221,-1.0307685136795044,0.0
46.0,-0.8199440240859985,-1.026785135269165,0.0
46.0,-0.8151880502700806,-1.0305651426315308,0.0
46.0,-0.8054805994033813,-1.02802574634552,0.0
46.0,-0.8007190823554993,-1.0317387580871582,0.0
46.0,-0.7910647988319397,-1.0290871858596802,0.0
46.0,-0.7862984538078308,-1.0327335596084595,0.0
46.0,-0.7766985893249512,-1.0299705266952515,0.0
46.0,-0.7671412229537964,-1.0271408557891846,0.0
46.0,-0.7623841762542725,-1.0306766033172607,0.0
46.0,-0.7540650963783264,-1.0293502807617188,0.0
46.0,-0.7492979764938354,-1.0328255891799927,0.0
46.0,-0.7398470044136047,-1.029781699180603,0.0
46.0,-0.731599748134613,-1.0283023118972778,0.0
46.0,-0.726837694644928,-1.031673789024353,0.0
46.0,-0.71748286485672,-1.0284620523452759,0.0
46.0,-0.7127202153205872,-1.0317683219909668,0.0
46.0,-0.7034260034561157,-1.028449296951294,0.0
46.0,-0.6952992081642151,-1.0267224311828613,0.0
46.0,-0.6905449032783508,-1.029926061630249,0.0
46.0,-0.682457447052002,-1.028108835220337,0.0
46.0,-0.6776968240737915,-1.0312530994415283,0.0
46.0,-0.668559193611145,-1.0276694297790527,0.0
46.0,-0.6605521440505981,-1.025705099105835,0.0
46.0,-0.6558029055595398,-1.0287480354309082,0.0
46.0,-0.64783775806427,-1.0266947746276855,0.0
46.0,-0.6430840492248535,-1.0296790599822998,0.0
46.0,-0.6351617574691772,-1.0275375843048096,0.0
46.0,-0.6272732019424438,-1.025344967842102,0.0
46.0,-0.6225259304046631,-1.0282341241836548,0.0
46.0,-0.6157095432281494,-1.0276700258255005,0.0
46.0,-0.6109516620635986,-1.030505657196045,0.0
46.0,-0.6031447649002075,-1.028144121170044,0.0
46.0,-0.5953727960586548,-1.0257325172424316,0.0
46.0,-0.5906240940093994,-1.02847421169281,0.0
46.0,-0.5838868618011475,-1.027716040611267,0.0
46.0,-0.5791290998458862,-1.0304045677185059,0.0
46.0,-0.5714434385299683,-1.0278270244598389,0.0
46.0,-0.5666853189468384,-1.0304579734802246,0.0
46.0,-0.5590481162071228,-1.0277962684631348,0.0
46.0,-0.5523952841758728,-1.0268473625183105,0.0
46.0,-0.5476418733596802,-1.0293903350830078,0.0
46.0,-0.5400832295417786,-1.0266011953353882,0.0
46.0,-0.5353310704231262,-1.0290871858596802,0.0
46.0,-0.5287380218505859,-1.0279942750930786,0.0
46.0,-0.5221664309501648,-1.0268622636795044,0.0
46.0,-0.517413318157196,-1.0292654037475586,0.0
46.0,-0.5099790692329407,-1.0262736082077026,0.0
46.0,-0.5052287578582764,-1.0286203622817993,0.0
46.0,-0.49872082471847534,-1.0273468494415283,0.0
46.0,-0.49137043952941895,-1.024232029914856,0.0
46.0,-0.48662978410720825,-1.0264928340911865,0.0
46.0,-0.4801819324493408,-1.0251094102859497,0.0
46.0,-0.47543734312057495,-1.0273184776306152,0.0
46.0,-0.4681878387928009,-1.024048924446106,0.0
46.0,-0.4618018865585327,-1.022557020187378,0.0
46.0,-0.4570693075656891,-1.0246812105178833,0.0
46.0,-0.4515206515789032,-1.0249532461166382,0.0
46.0,-0.4467770755290985,-1.0270298719406128,0.0
46.0,-0.44044533371925354,-1.02540922164917,0.0
46.0,-0.43413808941841125,-1.023751974105835,0.0
46.0,-0.4294002652168274,-1.0257482528686523,0.0
46.0,-0.42236196994781494,-1.0221772193908691,0.0
46.0,-0.4176315367221832,-1.0241190195083618,0.0
46.0,-0.41214555501937866,-1.0241835117340088,0.0
46.0,-0.40666791796684265,-1.024219274520874,0.0
46.0,-0.40192824602127075,-1.0260885953903198,0.0
46.0,-0.3971799612045288,-1.0279358625411987,0.0
46.0,-0.39242318272590637,-1.0297611951828003,0.0
46.0,-0.3876579999923706,-1.031564474105835,0.0
46.0,-0.38288456201553345,-1.0333456993103027,0.0
46.0,-0.3767305314540863,-1.0313477516174316,0.0
46.0,-0.37128064036369324,-1.0311967134475708,0.0
46.0,-0.3665090799331665,-1.0329022407531738,0.0
46.0,-0.3604094982147217,-1.0308098793029785,0.0
46.0,-0.35563981533050537,-1.0324652194976807,0.0
46.0,-0.3502199649810791,-1.032204508781433,0.0
46.0,-0.3441762328147888,-1.0300188064575195,0.0
46.0,-0.3394103944301605,-1.0315990447998047,0.0
46.0,-0.33402103185653687,-1.031254529953003,0.0
46.0,-0.3292495906352997,-1.032787799835205,0.0
46.0,-0.32327380776405334,-1.030482530593872,0.0
46.0,-0.31791621446609497,-1.0300549268722534,0.0
46.0,-0.3131504952907562,-1.0315138101577759,0.0
46.0,-0.3072338104248047,-1.0291178226470947,0.0
46.0,-0.3024725317955017,-1.0305272340774536,0.0
46.0,-0.2971504032611847,-1.0299930572509766,0.0
46.0,-0.29238519072532654,-1.031355857849121,0.0
46.0,-0.2870771586894989,-1.0307700634002686,0.0
46.0,-0.28125306963920593,-1.0282279253005981,0.0
46.0,-0.27649617195129395,-1.0295172929763794,0.0
46.0,-0.270713746547699,-1.0269168615341187,0.0
46.0,-0.26596304774284363,-1.0281574726104736,0.0
46.0,-0.26120665669441223,-1.0293761491775513,0.0
46.0,-0.25596168637275696,-1.0286318063735962,0.0
46.0,-0.2512032091617584,-1.0298042297363281,0.0
46.0,-0.24597439169883728,-1.029009461402893,0.0
46.0,-0.24121426045894623,-1.0301357507705688,0.0
46.0,-0.23600201308727264,-1.0292905569076538,0.0
46.0,-0.2308027595281601,-1.0284192562103271,0.0
46.0,-0.22604551911354065,-1.0294753313064575,0.0
46.0,-0.22086356580257416,-1.028554081916809,0.0
46.0,-0.21610581874847412,-1.0295641422271729,0.0
46.0,-0.21053984761238098,-1.0266337394714355,0.0
46.0,-0.20579108595848083,-1.0275962352752686,0.0
46.0,-0.2010379284620285,-1.0285366773605347,0.0
46.0,-0.1959058940410614,-1.0274906158447266,0.0
46.0,-0.19115333259105682,-1.0283854007720947,0.0
46.0,-0.18604028224945068,-1.0272901058197021,0.0
46.0,-0.18128874897956848,-1.028139352798462,0.0
46.0,-0.17653334140777588,-1.0289665460586548,0.0
46.0,-0.1714451014995575,-1.0277990102767944,0.0
46.0,-0.1666913628578186,-1.028580665588379,0.0
46.0,-0.16131243109703064,-1.0253888368606567,0.0
46.0,-0.1565699577331543,-1.0261236429214478,0.0
46.0,-0.15153160691261292,-1.0248581171035767,0.0
46.0,-0.14650830626487732,-1.0235679149627686,0.0
46.0,-0.14177440106868744,-1.024234414100647,0.0
46.0,-0.13677239418029785,-1.0228965282440186,0.0
46.0,-0.13204170763492584,-1.0235178470611572,0.0
46.0,-0.127308189868927,-1.0241174697875977,0.0
46.0,-0.12233441323041916,-1.0227092504501343,0.0
46.0,-0.11760473996400833,-1.023263931274414,0.0
46.0,-0.11287254840135574,-1.0237966775894165,0.0
46.0,-0.10813795030117035,-1.0243076086044312,0.0
46.0,-0.103200264275074,-1.0228067636489868,0.0
46.0,-0.09847034513950348,-1.02327299118042,0.0
46.0,-0.09355594962835312,-1.0217256546020508,0.0
46.0,-0.08883113414049149,-1.022147297859192,0.0
46.0,-0.08410441875457764,-1.0225470066070557,0.0
46.0,-0.07937590032815933,-1.0229250192642212,0.0
46.0,-0.07464569061994553,-1.0232809782028198,0.0
46.0,-0.07005016505718231,-1.0256105661392212,0.0
46.0,-0.06530763953924179,-1.025923490524292,0.0
46.0,-0.06056371331214905,-1.026214361190796,0.0
46.0,-0.055709902197122574,-1.0244864225387573,0.0
46.0,-0.050972722470760345,-1.024733066558838,0.0
46.0,-0.046144332736730576,-1.02295982837677,0.0
46.0,-0.04141431301832199,-1.0231622457504272,0.0
46.0,-0.03668341040611267,-1.0233427286148071,0.0
46.0,-0.031951725482940674,-1.0235013961791992,0.0
46.0,-0.02721935510635376,-1.0236382484436035,0.0
46.0,-0.02244248241186142,-1.0217535495758057,0.0
46.0,-0.017718294635415077,-1.0218462944030762,0.0
46.0,-0.012993729673326015,-1.0219173431396484,0.0
46.0,-0.008268886245787144,-1.0219664573669434,0.0
46.0,-0.0035438663326203823,-1.0219937562942505,0.0
46.0,0.0011812294833362103,-1.0219992399215698,0.0
46.0,0.005906300153583288,-1.0219829082489014,0.0
46.0,0.010631244629621506,-1.0219446420669556,0.0
46.0,0.01535596139729023,-1.021884560585022,0.0
46.0,0.02008035033941269,-1.0218026638031006,0.0
46.0,0.024804310873150826,-1.0216989517211914,0.0
46.0,0.029527738690376282,-1.0215733051300049,0.0
46.0,0.03425053879618645,-1.0214258432388306,0.0
46.0,0.038972605019807816,-1.0212565660476685,0.0
46.0,0.04369383677840233,-1.0210654735565186,0.0
46.0,0.048414137214422226,-1.0208525657653809,0.0
46.0,0.05313339829444885,-1.0206178426742554,0.0
46.0,0.05785152688622475,-1.020361304283142,0.0
46.0,0.062690868973732,-1.0220792293548584,0.0
46.0,0.06741565465927124,-1.0217784643173218,0.0
46.0,0.07213899493217468,-1.0214558839797974,0.0
46.0,0.07686079293489456,-1.0211113691329956,0.0
46.0,0.08142160624265671,-1.0187513828277588,0.0
46.0,0.08613080531358719,-1.0183640718460083,0.0
46.0,0.09101593494415283,-1.0199471712112427,0.0
46.0,0.09573055803775787,-1.0195153951644897,0.0
46.0,0.10044313222169876,-1.0190619230270386,0.0
46.0,0.10515356063842773,-1.0185866355895996,0.0
46.0,0.10986173897981644,-1.0180896520614624,0.0
46.0,0.1145675778388977,-1.0175708532333374,0.0
46.0,0.11927095800638199,-1.0170302391052246,0.0
46.0,0.12397179752588272,-1.0164679288864136,0.0
46.0,0.1289212852716446,-1.0178680419921875,0.0
46.0,0.13362589478492737,-1.0172611474990845,0.0
46.0,0.13832764327526093,-1.0166324377059937,0.0
46.0,0.1430264264345169,-1.0159820318222046,0.0
46.0,0.14801011979579926,-1.0172890424728394,0.0
46.0,0.15271183848381042,-1.0165938138961792,0.0
46.0,0.15741030871868134,-1.0158770084381104,0.0
46.0,0.16210539638996124,-1.0151383876800537,0.0
46.0,0.16679702699184418,-1.0143779516220093,0.0
46.0,0.17181871831417084,-1.0155678987503052,0.0
46.0,0.1765122264623642,-1.0147627592086792,0.0
46.0,0.18155381083488464,-1.0159045457839966,0.0
46.0,0.186248779296875,-1.0150543451309204,0.0
46.0,0.1909397542476654,-1.0141823291778564,0.0
46.0,0.19600580632686615,-1.0152525901794434,0.0
46.0,0.20069760084152222,-1.0143355131149292,0.0
46.0,0.20578236877918243,-1.0153568983078003,0.0
46.0,0.21047453582286835,-1.0143946409225464,0.0
46.0,0.2151622176170349,-1.0134106874465942,0.0
46.0,0.22026969492435455,-1.014359474182129,0.0
46.0,0.22495709359645844,-1.013330340385437,0.0
46.0,0.23008215427398682,-1.0142297744750977,0.0
46.0,0.23522035777568817,-1.0151036977767944,0.0
46.0,0.2399110496044159,-1.0140053033828735,0.0
46.0,0.24553555250167847,-1.0167734622955322,0.0
46.0,0.25023385882377625,-1.015627384185791,0.0
46.0,0.255414217710495,-1.0163992643356323,0.0
46.0,0.26011067628860474,-1.0152075290679932,0.0
46.0,0.26530691981315613,-1.0159292221069336,0.0
46.0,0.27051541209220886,-1.0166245698928833,0.0
46.0,0.27521276473999023,-1.0153629779815674,0.0
46.0,0.28043636679649353,-1.016007661819458,0.0
46.0,0.28513073921203613,-1.014700174331665,0.0
46.0,0.2903689742088318,-1.0152939558029175,0.0
46.0,0.29561877250671387,-1.015860915184021,0.0
46.0,0.3003123104572296,-1.0144833326339722,0.0
46.0,0.305575966835022,-1.0149991512298584,0.0
46.0,0.3102654218673706,-1.0135754346847534,0.0
46.0,0.3155425190925598,-1.0140399932861328,0.0
46.0,0.3202274441719055,-1.0125702619552612,0.0
46.0,0.32490551471710205,-1.0110788345336914,0.0
46.0,0.330197274684906,-1.0114670991897583,0.0
46.0,0.3348701596260071,-1.0099296569824219,0.0
46.0,0.3414505422115326,-1.0140570402145386,0.0
46.0,0.3461352586746216,-1.0124675035476685,0.0
46.0,0.35212400555610657,-1.0146352052688599,0.0
46.0,0.35747572779655457,-1.0148828029632568,0.0
46.0,0.36216408014297485,-1.0132192373275757,0.0
46.0,0.36820846796035767,-1.0152943134307861,0.0
46.0,0.3728986084461212,-1.0135811567306519,0.0
46.0,0.37827998399734497,-1.0137200355529785,0.0
46.0,0.38296276330947876,-1.0119602680206299,0.0
46.0,0.3883538544178009,-1.0120460987091064,0.0
46.0,0.39375388622283936,-1.0121036767959595,0.0
46.0,0.3984290063381195,-1.0102723836898804,0.0
46.0,0.40383800864219666,-1.0102766752243042,0.0
46.0,0.40850457549095154,-1.0083987712860107,0.0
46.0,0.4146813750267029,-1.0101996660232544,0.0
46.0,0.42088353633880615,-1.0119649171829224,0.0
46.0,0.4255577027797699,-1.0100082159042358,0.0
46.0,0.43257805705070496,-1.0135483741760254,0.0
46.0,0.4372594654560089,-1.0115375518798828,0.0
46.0,0.44353556632995605,-1.013169288635254,0.0
46.0,0.4498361647129059,-1.0147647857666016,0.0
46.0,0.4545229971408844,-1.01267409324646,0.0
46.0,0.4600274860858917,-1.0123826265335083,0.0
46.0,0.46470317244529724,-1.0102449655532837,0.0
46.0,0.4702131152153015,-1.0098987817764282,0.0
46.0,0.4748772382736206,-1.007714033126831,0.0
46.0,0.4821139872074127,-1.0109233856201172,0.0
46.0,0.49025973677635193,-1.0158884525299072,0.0
46.0,0.4949513077735901,-1.0136109590530396,0.0
46.0,0.5014040470123291,-1.0148979425430298,0.0
46.0,0.5060909390449524,-1.0125689506530762,0.0
46.0,0.5125718712806702,-1.0137879848480225,0.0
46.0,0.5172535181045532,-1.0114073753356934,0.0
46.0,0.5228429436683655,-1.0107815265655518,0.0
46.0,0.5293647646903992,-1.0118976831436157,0.0
46.0,0.5340374708175659,-1.0094393491744995,0.0
46.0,0.5415290594100952,-1.0122500658035278,0.0
46.0,0.5462033152580261,-1.0097355842590332,0.0
46.0,0.5527852177619934,-1.0107088088989258,0.0
46.0,0.5603556036949158,-1.0133930444717407,0.0
46.0,0.5650349259376526,-1.010791540145874,0.0
46.0,0.5726540088653564,-1.0133920907974243,0.0
46.0,0.5773331522941589,-1.0107336044311523,0.0
46.0,0.5839999318122864,-1.0115176439285278,0.0
46.0,0.5886703133583069,-1.008806824684143,0.0
46.0,0.5953601002693176,-1.0095199346542358,0.0
46.0,0.6020689606666565,-1.0101925134658813,0.0
46.0,0.6067330241203308,-1.0073981285095215,0.0
46.0,0.6145034432411194,-1.0097076892852783,0.0
46.0,0.6191651225090027,-1.006855845451355,0.0
46.0,0.6269801259040833,-1.0090787410736084,0.0
46.0,0.631638765335083,-1.0061691999435425,0.0
46.0,0.6394974589347839,-1.0083049535751343,0.0
46.0,0.6463103294372559,-1.008705496788025,0.0
46.0,0.6509670615196228,-1.005706548690796,0.0
46.0,0.6577989459037781,-1.0060341358184814,0.0
46.0,0.6624431610107422,-1.0029821395874023,0.0
46.0,0.670403003692627,-1.0048998594284058,0.0
46.0,0.6783947348594666,-1.006765365600586,0.0
46.0,0.6830421686172485,-1.0036181211471558,0.0
46.0,0.692206621170044,-1.0070421695709229,0.0
46.0,0.6968551278114319,-1.003831148147583,0.0
46.0,0.7060811519622803,-1.00714910030365,0.0
46.0,0.7107300758361816,-1.0038739442825317,0.0
46.0,0.7188532948493958,-1.0054579973220825,0.0
46.0,0.7270063161849976,-1.0069884061813354,0.0
46.0,0.7316542267799377,-1.003616452217102,0.0
46.0,0.7410290837287903,-1.0066657066345215,0.0
46.0,0.7456753849983215,-1.0032289028167725,0.0
46.0,0.7539072036743164,-1.0045695304870605,0.0
46.0,0.7585436701774597,-1.0010732412338257,0.0
46.0,0.7680248022079468,-1.0039093494415283,0.0
46.0,0.7775481939315796,-1.0066790580749512,0.0
46.0,0.7821941375732422,-1.0030733346939087,0.0
46.0,0.7930091023445129,-1.0073035955429077,0.0
46.0,0.7976577281951904,-1.0036264657974243,0.0
46.0,0.8060442805290222,-1.0046076774597168,0.0
46.0,0.8144568204879761,-1.0055327415466309,0.0
46.0,0.8190970420837402,-1.0017565488815308,0.0
46.0,0.8313586115837097,-1.0072134733200073,0.0
46.0,0.8360064029693604,-1.0033589601516724,0.0
46.0,0.8470731377601624,-1.0071361064910889,0.0
46.0,0.8517204523086548,-1.0032089948654175,0.0
46.0,0.8602538704872131,-1.0038163661956787,0.0
46.0,0.8714279532432556,-1.007391333580017,0.0
46.0,0.8760762214660645,-1.0033516883850098,0.0
46.0,0.8859952092170715,-1.005292296409607,0.0
46.0,0.8906335830688477,-1.0011851787567139,0.0
46.0,0.9019339084625244,-1.0044975280761719,0.0
46.0,0.9132837653160095,-1.0077265501022339,0.0
46.0,0.9179331064224243,-1.003493309020996,0.0
46.0,0.927989661693573,-1.005116581916809,0.0
46.0,0.9326267838478088,-1.0008153915405273,0.0
46.0,0.9454653859138489,-1.005233883857727,0.0
46.0,0.9501028060913086,-1.0008519887924194,0.0
46.0,0.9630218744277954,-1.0051133632659912,0.0
46.0,0.9773908257484436,-1.0107141733169556,0.0
46.0,0.982053279876709,-1.0061845779418945,0.0
46.0,0.9993267059326172,-1.0144566297531128,0.0
46.0,1.004006266593933,-1.0098254680633545,0.0
46.0,1.0228309631347656,-1.0192904472351074,0.0
46.0,1.0275325775146484,-1.0145505666732788,0.0
46.0,1.0479384660720825,-1.0251736640930176,0.0
46.0,1.0684641599655151,-1.035629391670227,0.0
46.0,1.073240876197815,-1.0306785106658936,0.0
46.0,1.0924837589263916,-1.0394917726516724,0.0
46.0,1.097278118133545,-1.0344297885894775,0.0
46.0,1.1195881366729736,-1.0457276105880737,0.0
46.0,1.12441086769104,-1.0405402183532715,0.0
46.0,1.14542555809021,-1.0501981973648071,0.0
46.0,1.1665531396865845,-1.0596837997436523,0.0
46.0,1.1714400053024292,-1.054279088973999,0.0
46.0,1.1927223205566406,-1.0634931325912476,0.0
46.0,1.1976264715194702,-1.0579674243927002,0.0
46.0,1.2190601825714111,-1.0669078826904297,0.0
46.0,1.2239798307418823,-1.0612603425979614,0.0
46.0,1.2470788955688477,-1.0712285041809082,0.0
46.0,1.2520182132720947,-1.0654512643814087,0.0
46.0,1.2768092155456543,-1.0764098167419434,0.0
46.0,1.1629650592803955,-0.9442014098167419,0.0
46.0,1.1673181056976318,-0.9388144612312317,0.0
46.0,1.1716461181640625,-0.9334074854850769,0.0
46.0,1.1759490966796875,-0.9279805421829224,0.0
46.0,1.2007114887237549,-0.9385457634925842,0.0
46.0,1.2255961894989014,-0.948901355266571,0.0
46.0,1.2299702167510986,-0.9432248473167419,0.0
46.0,1.2534300088882446,-0.9520447254180908,0.0
46.0,1.257818341255188,-0.9462394714355469,0.0
46.0,1.2878402471542358,-0.9595329165458679,0.0
46.0,1.2922626733779907,-0.9535685181617737,0.0
46.0,1.324108600616455,-0.9676446914672852,0.0
46.0,1.3285683393478394,-0.9615125060081482,0.0
46.0,1.3606349229812622,-0.9751660227775574,0.0
46.0,1.3912245035171509,-0.9873855113983154,0.0
46.0,1.3957747220993042,-0.9809428453445435,0.0
46.0,1.4249192476272583,-0.991615355014801,0.0
46.0,1.4294885396957397,-0.9850168228149414,0.0
46.0,1.460461139678955,-0.9964322447776794,0.0
46.0,1.4650523662567139,-0.9896693229675293,0.0
46.0,1.4878994226455688,-0.9951157569885254,0.0
46.0,1.510827660560608,-1.0003718137741089,0.0
46.0,1.5154366493225098,-0.9933760166168213,0.0
46.0,1.5384681224822998,-0.9983345866203308,0.0
46.0,1.5430673360824585,-0.9912109971046448,0.0
46.0,1.5678861141204834,-0.9969438910484314,0.0
46.0,1.5792492628097534,-0.9939456582069397,0.0
46.0,1.5838277339935303,-0.9866335391998291,0.0
46.0,1.5764553546905518,-0.9719529747962952,0.0
46.0,1.5809321403503418,-0.9646540284156799,0.0
46.0,1.576814889907837,-0.9521653056144714,0.0
46.0,1.5743329524993896,-0.9407612681388855,0.0
46.0,1.5786656141281128,-0.9334725141525269,0.0
46.0,1.5760595798492432,-0.9221237897872925,0.0
46.0,1.580306053161621,-0.9148272275924683,0.0
46.0,1.581047773361206,-0.9055231213569641,0.0
46.0,1.5852173566818237,-0.8982036709785461,0.0
46.0,1.5963317155838013,-0.8947766423225403,0.0
46.0,1.6144444942474365,-0.8951451778411865,0.0
46.0,1.6185657978057861,-0.8876714110374451,0.0
46.0,1.638474702835083,-0.8887611627578735,0.0
46.0,1.6425663232803345,-0.8811764121055603,0.0
46.0,1.662523627281189,-0.8820085525512695,0.0
46.0,1.6807523965835571,-0.8817457556724548,0.0
46.0,1.684810996055603,-0.8739655613899231,0.0
46.0,1.4650298357009888,-0.7007591128349304,0.0
46.0,1.4682540893554688,-0.6939782500267029,0.0
46.0,1.4714468717575073,-0.6871825456619263,0.0
46.0,1.474608302116394,-0.6803721785545349,0.0
46.0,1.494117021560669,-0.6810126304626465,0.0
46.0,1.4972496032714844,-0.6740975379943848,0.0
46.0,1.5149699449539185,-0.6736690402030945,0.0
46.0,1.5327180624008179,-0.673090934753418,0.0
46.0,1.5358136892318726,-0.6659973859786987,0.0
46.0,1.5535849332809448,-0.6651872992515564,0.0
46.0,1.5566437244415283,-0.6579973697662354,0.0
46.0,1.5652064085006714,-0.6531038880348206,0.0
46.0,1.5682092905044556,-0.6458603739738464,0.0
46.0,1.5693258047103882,-0.6378499865531921,0.0
46.0,1.5648329257965088,-0.6276096105575562,0.0
46.0,1.5677179098129272,-0.6203681230545044,0.0
46.0,1.5649800300598145,-0.610931396484375,0.0
46.0,1.5677878856658936,-0.6036893725395203,0.0
46.0,1.56682288646698,-0.5950143933296204,0.0
46.0,1.5639381408691406,-0.5856598615646362,0.0
46.0,1.5666290521621704,-0.5784229636192322,0.0
46.0,1.5636485815048218,-0.5691215395927429,0.0
46.0,1.5662630796432495,-0.5618861317634583,0.0
46.0,1.5650728940963745,-0.553305447101593,0.0
46.0,1.561948299407959,-0.5440899133682251,0.0
46.0,1.564447045326233,-0.5368626117706299,0.0
46.0,1.5631229877471924,-0.5283430218696594,0.0
46.0,1.5655490159988403,-0.521110475063324,0.0
46.0,1.5641405582427979,-0.5126210451126099,0.0
46.0,1.5664938688278198,-0.5053839683532715,0.0
46.0,1.5650012493133545,-0.4969255328178406,0.0
46.0,1.5634640455245972,-0.4884917438030243,0.0
46.0,1.5657057762145996,-0.4812580347061157,0.0
46.0,1.5621708631515503,-0.4722777307033539,0.0
46.0,1.5605034828186035,-0.46391037106513977,0.0
46.0,1.5626317262649536,-0.45669063925743103,0.0
46.0,1.5628042221069336,-0.4489089548587799,0.0
46.0,1.5648629665374756,-0.4416787326335907,0.0
46.0,1.5611063241958618,-0.43283596634864807,0.0
46.0,1.5630908012390137,-0.42561376094818115,0.0
46.0,1.5631097555160522,-0.41786596179008484,0.0
46.0,1.561155915260315,-0.40961945056915283,0.0
46.0,1.563033103942871,-0.4023972749710083,0.0
46.0,1.5571202039718628,-0.3932077884674072,0.0
46.0,1.5589215755462646,-0.3860044479370117,0.0
46.0,1.5470845699310303,-0.37549081444740295,0.0
46.0,1.5410211086273193,-0.3664831221103668,0.0
46.0,1.5426990985870361,-0.35935449600219727,0.0
46.0,1.5689265727996826,-0.14914891123771667,0.0
46.0,1.5695993900299072,-0.14189358055591583,0.0
46.0,1.5702385902404785,-0.13463522493839264,0.0
46.0,1.570844292640686,-0.12737399339675903,0.0
46.0,1.5634396076202393,-0.11950033158063889,0.0
46.0,1.56397545337677,-0.11227069050073624,0.0
46.0,1.5564957857131958,-0.10450273752212524,0.0
46.0,1.556962251663208,-0.09730536490678787,0.0
46.0,1.5553988218307495,-0.08999038487672806,0.0
46.0,1.5557982921600342,-0.08279823511838913,0.0
46.0,1.5601598024368286,-0.07579842954874039,0.0
46.0,1.5684858560562134,-0.06893568485975266,0.0
46.0,1.5687878131866455,-0.061683252453804016,0.0
46.0,1.5790503025054932,-0.054776184260845184,0.0
46.0,1.5792865753173828,-0.04747506231069565,0.0
46.0,1.5874866247177124,-0.04037633165717125,0.0
46.0,1.5976542234420776,-0.03324439749121666,0.0
46.0,1.5977908372879028,-0.02585749141871929,0.0
46.0,1.607892632484436,-0.01858561486005783,0.0
46.0,1.6079614162445068,-0.011151528917253017,0.0
46.0,1.6179957389831543,-0.0037403227761387825,0.0
46.0,1.6279957294464111,0.0037634307518601418,0.0
46.0,1.6279609203338623,0.01129022054374218,0.0
46.0,1.639890432357788,0.018955467268824577,0.0
46.0,1.6397852897644043,0.026537088677287102,0.0
46.0,1.649642825126648,0.034326180815696716,0.0
46.0,1.6494665145874023,0.04195272549986839,0.0
46.0,1.6612495183944702,0.04993894696235657,0.0
46.0,1.6709949970245361,0.05796567723155022,0.0
46.0,1.6707091331481934,0.06569068878889084,0.0
46.0,1.4324862957000732,0.23724864423274994,0.0
46.0,1.431374192237854,0.24386903643608093,0.0
46.0,1.4302313327789307,0.2504841983318329,0.0
46.0,1.4290579557418823,0.25709402561187744,0.0
46.0,1.4396544694900513,0.2658776640892029,0.0
46.0,1.4384098052978516,0.2725308835506439,0.0
46.0,1.4371345043182373,0.279178261756897,0.0
46.0,1.4358283281326294,0.2858196794986725,0.0
46.0,1.4482094049453735,0.2952516973018646,0.0
46.0,1.4624913930892944,0.3052128255367279,0.0
46.0,1.4610645771026611,0.3119712173938751,0.0
46.0,1.4713305234909058,0.3212829530239105,0.0
46.0,1.4698293209075928,0.32808202505111694,0.0
46.0,1.4799963235855103,0.33754241466522217,0.0
46.0,1.4784198999404907,0.3443813621997833,0.0
46.0,1.4904320240020752,0.35445207357406616,0.0
46.0,1.5082131624221802,0.366056352853775,0.0
46.0,1.5065046548843384,0.37302547693252563,0.0
46.0,1.5280333757400513,0.38586267828941345,0.0
46.0,1.5262330770492554,0.3929232358932495,0.0
46.0,1.5437452793121338,0.40505120158195496,0.0
46.0,1.541856050491333,0.4121841788291931,0.0
46.0,1.5630908012390137,0.42561376094818115,0.0
46.0,1.5823065042495728,0.4387139678001404,0.0
46.0,1.58026123046875,0.4460248649120331,0.0
46.0,1.591638207435608,0.4571914076805115,0.0
46.0,1.5895073413848877,0.46454524993896484,0.0
46.0,1.6026793718338013,0.47644850611686707,0.0
46.0,1.600459337234497,0.48385319113731384,0.0
46.0,1.6115872859954834,0.4953608214855194,0.0
46.0,1.6226428747177124,0.5069816708564758,0.0
46.0,1.6202815771102905,0.514478325843811,0.0
46.0,1.6312092542648315,0.5262625217437744,0.0
46.0,1.6287587881088257,0.5337985754013062,0.0
46.0,1.639556884765625,0.545744776725769,0.0
46.0,1.6483843326568604,0.5571616888046265,0.0
46.0,1.645790696144104,0.5647768378257751,0.0
46.0,1.6563827991485596,0.576985239982605,0.0
46.0,1.6536974906921387,0.5846371650695801,0.0
46.0,1.6660369634628296,0.5976793169975281,0.0
46.0,1.6632559299468994,0.6053756475448608,0.0
46.0,1.4334187507629395,0.5292396545410156,0.0
46.0,1.4309566020965576,0.5358612537384033,0.0
46.0,1.4284638166427612,0.5424713492393494,0.0
46.0,1.4390053749084473,0.5541006326675415,0.0
46.0,1.4531958103179932,0.5672934651374817,0.0
46.0,1.4505574703216553,0.5740060210227966,0.0
46.0,1.4645944833755493,0.5874068140983582,0.0
46.0,1.4618630409240723,0.594171941280365,0.0
46.0,1.4738948345184326,0.6070173382759094,0.0
46.0,1.4710725545883179,0.6138252019882202,0.0
46.0,1.484798550605774,0.6276282072067261,0.0
46.0,1.5002665519714355,0.6423583626747131,0.0
46.0,1.4972805976867676,0.649287760257721,0.0
46.0,1.5144060850143433,0.6650491952896118,0.0
46.0,1.511315107345581,0.6720437407493591,0.0
46.0,1.5246050357818604,0.686413586139679,0.0
46.0,1.5214152336120605,0.6934550404548645,0.0
46.0,1.5272729396820068,0.7046712040901184,0.0
46.0,1.5294349193572998,0.7142636179924011,0.0
46.0,1.5261163711547852,0.7213271260261536,0.0
46.0,1.5299819707870483,0.7318272590637207,0.0
46.0,1.52658212184906,0.7388931512832642,0.0
46.0,1.5285381078720093,0.748582124710083,0.0
46.0,1.5286449193954468,0.7574170231819153,0.0
46.0,1.5251268148422241,0.7644764184951782,0.0
46.0,1.5269274711608887,0.7742329239845276,0.0
46.0,1.5233315229415894,0.7812842130661011,0.0
46.0,1.525029182434082,0.7910816073417664,0.0
46.0,1.521355390548706,0.7981239557266235,0.0
46.0,1.5229493379592896,0.807961106300354,0.0
46.0,1.526247262954712,0.818775475025177,0.0
46.0,1.5224454402923584,0.8258231282234192,0.0
46.0,1.523871898651123,0.8357383608818054,0.0
46.0,1.5199916362762451,0.8427748680114746,0.0
46.0,1.517823576927185,0.8507711887359619,0.0
46.0,1.5121338367462158,0.8567936420440674,0.0
46.0,1.508156418800354,0.8637756705284119,0.0
46.0,1.4851068258285522,0.8597171306610107,0.0
46.0,1.4811161756515503,0.8665741682052612,0.0
46.0,1.2561761140823364,1.130540370941162,0.0
46.0,1.2509357929229736,1.136336088180542,0.0
46.0,1.2456687688827515,1.1421074867248535,0.0
46.0,1.24037504196167,1.1478544473648071,0.0
46.0,1.2248235940933228,1.144020676612854,0.0
46.0,1.2195212841033936,1.149671196937561,0.0
46.0,1.2069482803344727,1.1484041213989258,0.0
46.0,1.2016258239746094,1.1539719104766846,0.0
46.0,1.191969394683838,1.155339241027832,0.0
46.0,1.183755874633789,1.1580406427383423,0.0
46.0,1.1783891916275024,1.163501262664795,0.0
46.0,1.1673306226730347,1.1632899045944214,0.0
46.0,1.1619397401809692,1.1686744689941406,0.0
46.0,1.1452957391738892,1.1626355648040771,0.0
46.0,1.1329234838485718,1.1607619524002075,0.0
46.0,1.1275447607040405,1.165987491607666,0.0
46.0,0.97475266456604,1.286410927772522,0.0
46.0,0.9687947034835815,1.2909038066864014,0.0
46.0,0.962816059589386,1.2953691482543945,0.0
46.0,0.9568167924880981,1.2998067140579224,0.0
46.0,0.9389035105705261,1.3004907369613647,0.0
46.0,0.9328808188438416,1.3048176765441895,0.0
46.0,0.926838219165802,1.3091168403625488,0.0
46.0,0.9207757711410522,1.3133879899978638,0.0
46.0,0.9112721085548401,1.3127022981643677,0.0
46.0,0.9051932692527771,1.316901445388794,0.0
46.0,0.8968445062637329,1.317765474319458,0.0
46.0,0.8896247744560242,1.3202393054962158,0.0
46.0,0.8835113048553467,1.3243381977081299,0.0
46.0,0.8762767314910889,1.326740026473999,0.0
46.0,0.8701333403587341,1.3307772874832153,0.0
46.0,0.8628846406936646,1.3331069946289062,0.0
46.0,0.8567119836807251,1.3370821475982666,0.0
46.0,0.8505209684371948,1.3410288095474243,0.0
46.0,0.8443118333816528,1.3449467420578003,0.0
46.0,0.8380845785140991,1.3488359451293945,0.0
46.0,0.8318394422531128,1.3526962995529175,0.0
46.0,0.8255765438079834,1.3565278053283691,0.0
46.0,0.8192960023880005,1.3603302240371704,0.0
46.0,0.8119739294052124,1.3623855113983154,0.0
46.0,0.805666446685791,1.3661249876022339,0.0
46.0,0.7993417382240295,1.3698352575302124,0.0
46.0,0.7929999232292175,1.373516321182251,0.0
46.0,0.7856492400169373,1.3754312992095947,0.0
46.0,0.7792816758155823,1.3790489435195923,0.0
46.0,0.7728975415229797,1.3826371431350708,0.0
46.0,0.7664967775344849,1.3861957788467407,0.0
46.0,0.7600797414779663,1.3897247314453125,0.0
46.0,0.7536463737487793,1.3932240009307861,0.0
46.0,0.7471969127655029,1.396693468093872,0.0
46.0,0.7416667342185974,1.4019010066986084,0.0
46.0,0.7351773381233215,1.4053149223327637,0.0
46.0,0.7286721467971802,1.4086989164352417,0.0
46.0,0.7321687340736389,1.4316400289535522,0.0
46.0,0.725541889667511,1.4350098371505737,0.0
46.0,0.47568973898887634,0.9517433047294617,0.0
46.0,0.4712843894958496,0.9539324045181274,0.0
46.0,0.46686896681785583,0.95610111951828,0.0
46.0,0.45983579754829407,0.9528457522392273,0.0
46.0,0.455425500869751,0.9549615383148193,0.0
46.0,0.4484478533267975,0.9516294598579407,0.0
46.0,0.4423549175262451,0.9500663876533508,0.0
46.0,0.43795767426490784,0.9521013498306274,0.0
46.0,0.4318963289260864,0.9504744410514832,0.0
46.0,0.4274972975254059,0.9524610638618469,0.0
46.0,0.42227864265441895,0.9525989890098572,0.0
46.0,0.4178699254989624,0.9545411467552185,0.0
46.0,0.41186508536338806,0.9527912139892578,0.0
46.0,0.4051003158092499,0.9491668343544006,0.0
46.0,0.4007076323032379,0.9510295987129211,0.0
46.0,0.3955383598804474,0.9510254263877869,0.0
46.0,0.39113718271255493,0.952843964099884,0.0
46.0,0.3852258324623108,0.950934886932373,0.0
46.0,0.3800828456878662,0.9508486390113831,0.0
46.0,0.37568265199661255,0.9525957703590393,0.0
46.0,0.3698241114616394,0.9505946040153503,0.0
46.0,0.3654251992702484,0.9522942900657654,0.0
46.0,0.35960274934768677,0.9502325654029846,0.0
46.0,0.35450640320777893,0.9500111937522888,0.0
46.0,0.35011035203933716,0.9516400694847107,0.0
46.0,0.34434306621551514,0.9494881629943848,0.0
46.0,0.3399495482444763,0.9510700702667236,0.0
46.0,0.33421990275382996,0.9488588571548462,0.0
46.0,0.32917362451553345,0.9485043883323669,0.0
46.0,0.3247848153114319,0.9500161409378052,0.0
46.0,0.319112628698349,0.9477167725563049,0.0
46.0,0.3147275745868683,0.9491820335388184,0.0
46.0,0.3097151219844818,0.9487257599830627,0.0
46.0,0.30410176515579224,0.9463393688201904,0.0
46.0,0.29972323775291443,0.9477351903915405,0.0
46.0,0.2947440445423126,0.9472010731697083,0.0
46.0,0.2903616428375244,0.9485536813735962,0.0
46.0,0.2853964567184448,0.9479709267616272,0.0
46.0,0.28101059794425964,0.9492802619934082,0.0
46.0,0.2760598659515381,0.948648989200592,0.0
46.0,0.2705710828304291,0.9460694193840027,0.0
46.0,0.2661941647529602,0.9473102688789368,0.0
46.0,0.2612794041633606,0.9466028809547424,0.0
46.0,0.2563769221305847,0.9458704590797424,0.0
46.0,0.2520010471343994,0.9470456838607788,0.0
46.0,0.24711446464061737,0.9462655186653137,0.0
46.0,0.24273689091205597,0.9473978877067566,0.0
46.0,0.23786669969558716,0.9465703368186951,0.0
46.0,0.2334877997636795,0.947659969329834,0.0
46.0,0.22863443195819855,0.9467852115631104,0.0
46.0,0.22379417717456818,0.9458858966827393,0.0
46.0,0.21941860020160675,0.9469105005264282,0.0
46.0,0.21459588408470154,0.9459643959999084,0.0
46.0,0.21022003889083862,0.9469464421272278,0.0
46.0,0.2054152935743332,0.9459537863731384,0.0
46.0,0.2006242275238037,0.944936990737915,0.0
46.0,0.19625328481197357,0.9458544850349426,0.0
46.0,0.19148088991641998,0.9447915554046631,0.0
46.0,0.18711072206497192,0.9456667304039001,0.0
46.0,0.18235743045806885,0.9445579648017883,0.0
46.0,0.1779884397983551,0.9453909993171692,0.0
46.0,0.17361563444137573,0.9462038278579712,0.0
46.0,0.16853544116020203,0.9430587291717529,0.0
46.0,0.16417351365089417,0.9438278675079346,0.0
46.0,0.15980809926986694,0.9445767998695374,0.0
46.0,0.15543925762176514,0.945305585861206,0.0
46.0,0.1510670930147171,0.9460141062736511,0.0
46.0,0.14638546109199524,0.9447259902954102,0.0
46.0,0.14201606810092926,0.9453927278518677,0.0
46.0,0.13764365017414093,0.9460391998291016,0.0
46.0,0.1332682967185974,0.9466654658317566,0.0
46.0,0.1286204308271408,0.9452897906303406,0.0
46.0,0.12424863874912262,0.9458743333816528,0.0
46.0,0.11987417936325073,0.9464386701583862,0.0
46.0,0.11525502800941467,0.9449975490570068,0.0
46.0,0.11088472604751587,0.945520281791687,0.0
46.0,0.10651204735040665,0.9460228681564331,0.0
46.0,0.10213708877563477,0.9465051889419556,0.0
46.0,0.09755457192659378,0.9449778199195862,0.0
46.0,0.09279219061136246,0.9414380192756653,0.0
46.0,0.08843857795000076,0.9418569803237915,0.0
46.0,0.08408308029174805,0.9422557950019836,0.0
46.0,0.07972577959299088,0.9426344633102417,0.0
46.0,0.0753667801618576,0.9429929852485657,0.0
46.0,0.0710061639547348,0.9433313608169556,0.0
46.0,0.06664403527975082,0.9436495900154114,0.0
46.0,0.0621488057076931,0.9419519901275635,0.0
46.0,0.05779314786195755,0.9422292709350586,0.0
46.0,0.05343625321984291,0.9424864053726196,0.0
46.0,0.049078214913606644,0.9427233338356018,0.0
46.0,0.04471912980079651,0.9429401755332947,0.0
46.0,0.04027358070015907,0.9411386847496033,0.0
46.0,0.035921916365623474,0.9413148164749146,0.0
46.0,0.03156948462128639,0.9414708018302917,0.0
46.0,0.02721637673676014,0.9416067004203796,0.0
46.0,0.022862685844302177,0.9417225122451782,0.0
46.0,0.018508508801460266,0.941818118095398,0.0
46.0,0.014153935015201569,0.9418936371803284,0.0
46.0,0.009799058549106121,0.9419490098953247,0.0
46.0,0.005443972535431385,0.941984236240387,0.0
46.0,0.0010887705720961094,0.9419993162155151,0.0
46.0,-0.0032733900006860495,0.9439943432807922,0.0
46.0,-0.007637792266905308,0.9439691305160522,0.0
46.0,-0.012002031318843365,0.9439237117767334,0.0
46.0,-0.016366014257073402,0.9438581466674805,0.0
46.0,-0.020685726776719093,0.9417728185653687,0.0
46.0,-0.02509283646941185,0.9436664581298828,0.0
46.0,-0.02945549041032791,0.9435403347015381,0.0
46.0,-0.033745866268873215,0.9413953423500061,0.0
46.0,-0.03809792548418045,0.9412292242050171,0.0
46.0,-0.04244917258620262,0.9410430192947388,0.0
46.0,-0.04679951071739197,0.9408367276191711,0.0
46.0,-0.05114884674549103,0.9406102895736694,0.0
46.0,-0.05549709498882294,0.9403637647628784,0.0
46.0,-0.05984415113925934,0.9400971531867981,0.0
46.0,-0.0643262192606926,0.9418057799339294,0.0
46.0,-0.06867984682321548,0.941498339176178,0.0
46.0,-0.07303201407194138,0.9411707520484924,0.0
46.0,-0.07738261669874191,0.9408230185508728,0.0
46.0,-0.08173156529664993,0.9404551982879639,0.0
46.0,-0.08607876300811768,0.9400672912597656,0.0
46.0,-0.09042412787675858,0.9396592378616333,0.0
46.0,-0.09476755559444427,0.9392311573028564,0.0
46.0,-0.09910895675420761,0.9387829303741455,0.0
46.0,-0.10344824194908142,0.93831467628479,0.0
46.0,-0.10801366716623306,0.9398132562637329,0.0
46.0,-0.11235762387514114,0.9393038749694824,0.0
46.0,-0.11669917404651642,0.9387743473052979,0.0
46.0,-0.12103822827339172,0.9382247924804688,0.0
46.0,-0.12563976645469666,0.9396375417709351,0.0
46.0,-0.12998270988464355,0.9390466213226318,0.0
46.0,-0.1343228816986084,0.9384356141090393,0.0
46.0,-0.13866019248962402,0.9378045797348022,0.0
46.0,-0.14299452304840088,0.9371534585952759,0.0
46.0,-0.14763662219047546,0.9384579658508301,0.0
46.0,-0.1519738882780075,0.93776535987854,0.0
46.0,-0.1563078910112381,0.9370527267456055,0.0
46.0,-0.1613149493932724,0.9402624368667603,0.0
46.0,-0.16566039621829987,0.9395065903663635,0.0
46.0,-0.17035871744155884,0.9406986236572266,0.0
46.0,-0.1747061014175415,0.9399009346961975,0.0
46.0,-0.17904974520206451,0.9390831589698792,0.0
46.0,-0.1833895593881607,0.9382452964782715,0.0
46.0,-0.18811818957328796,0.9393484592437744,0.0
46.0,-0.1924591362476349,0.9384686946868896,0.0
46.0,-0.1967959702014923,0.9375688433647156,0.0
46.0,-0.2015484869480133,0.9386043548583984,0.0
46.0,-0.2058858424425125,0.9376624822616577,0.0
46.0,-0.2106567770242691,0.9386520981788635,0.0
46.0,-0.21544122695922852,0.9396175146102905,0.0
46.0,-0.21978312730789185,0.9386113882064819,0.0
46.0,-0.22458532452583313,0.9395304322242737,0.0
46.0,-0.22892671823501587,0.9384820461273193,0.0
46.0,-0.23326322436332703,0.9374136328697205,0.0
46.0,-0.23808665573596954,0.9382636547088623,0.0
46.0,-0.24242204427719116,0.9371528625488281,0.0
46.0,-0.24726209044456482,0.9379560351371765,0.0
46.0,-0.25159597396850586,0.9368028044700623,0.0
46.0,-0.25645214319229126,0.9375587105751038,0.0
46.0,-0.2607840895652771,0.9363629817962646,0.0
46.0,-0.2656559348106384,0.9370714426040649,0.0
46.0,-0.27053990960121155,0.9377548694610596,0.0
46.0,-0.27487263083457947,0.9364940524101257,0.0
46.0,-0.2803437113761902,0.9390460252761841,0.0
46.0,-0.2846822738647461,0.9377398490905762,0.0
46.0,-0.2896045744419098,0.9383246898651123,0.0
46.0,-0.29453834891319275,0.9388840198516846,0.0
46.0,-0.298876017332077,0.937512218952179,0.0
46.0,-0.3038235604763031,0.938023030757904,0.0
46.0,-0.30815714597702026,0.9366083145141602,0.0
46.0,-0.31311798095703125,0.9370704889297485,0.0
46.0,-0.31744706630706787,0.9356127977371216,0.0
46.0,-0.32242071628570557,0.9360260963439941,0.0
46.0,-0.32674485445022583,0.9345254302024841,0.0
46.0,-0.33173084259033203,0.9348896145820618,0.0
46.0,-0.33672717213630676,0.9352276921272278,0.0
46.0,-0.341047465801239,0.9336608648300171,0.0
46.0,-0.34675025939941406,0.9358249306678772,0.0
46.0,-0.3510732352733612,0.934211790561676,0.0
46.0,-0.3561008870601654,0.9344475269317627,0.0
46.0,-0.3611381947994232,0.9346566796302795,0.0
46.0,-0.36545559763908386,0.932977020740509,0.0
46.0,-0.37197938561439514,0.9368540048599243,0.0
46.0,-0.37630683183670044,0.9351241588592529,0.0
46.0,-0.38213664293289185,0.9370781779289246,0.0
46.0,-0.3879925608634949,0.9389983415603638,0.0
46.0,-0.39232975244522095,0.9371944665908813,0.0
46.0,-0.3974393904209137,0.937211811542511,0.0
46.0,-0.40176820755004883,0.9353642463684082,0.0
46.0,-0.4068862497806549,0.9353306889533997,0.0
46.0,-0.41120630502700806,0.9334395527839661,0.0
46.0,-0.41633227467536926,0.933354914188385,0.0
46.0,-0.4222894310951233,0.9350655674934387,0.0
46.0,-0.4266080856323242,0.9331032037734985,0.0
46.0,-0.4317575991153717,0.932935893535614,0.0
46.0,-0.43606629967689514,0.9309297204017639,0.0
46.0,-0.4420791268348694,0.9325180649757385,0.0
46.0,-0.44638577103614807,0.9304642081260681,0.0
46.0,-0.45242977142333984,0.9319888949394226,0.0
46.0,-0.4584972858428955,0.9334774613380432,0.0
46.0,-0.46280819177627563,0.931347668170929,0.0
46.0,-0.4698041081428528,0.9345588088035583,0.0
46.0,-0.4741199016571045,0.9323767423629761,0.0
46.0,-0.4802550673484802,0.933731734752655,0.0
46.0,-0.48456692695617676,0.9315013885498047,0.0
46.0,-0.49073082208633423,0.9327911138534546,0.0
46.0,-0.49691689014434814,0.9340436458587646,0.0
46.0,-0.501230001449585,0.9317362308502197,0.0
46.0,-0.5074437260627747,0.9329227805137634,0.0
46.0,-0.5117515325546265,0.9305667281150818,0.0
46.0,-1.1144236326217651,1.961529016494751,0.0
46.0,-1.1234806776046753,1.9563556909561157,0.0
46.0,-1.1325136423110962,1.9511405229568481,0.0
46.0,-1.1415222883224487,1.9458836317062378,0.0
46.0,-1.1545864343643188,1.947466492652893,0.0
46.0,-1.163577914237976,1.9421076774597168,0.0
46.0,-1.1787595748901367,1.9469724893569946,0.0
46.0,-1.1919233798980713,1.9483259916305542,0.0
46.0,-1.200918436050415,1.9427945613861084,0.0
46.0,-1.2141257524490356,1.9440069198608398,0.0
46.0,-1.2231006622314453,1.9383728504180908,0.0
46.0,-1.2384997606277466,1.942815899848938,0.0
46.0,-1.253966212272644,1.9471580982208252,0.0
46.0,-1.2629551887512207,1.9413397312164307,0.0
46.0,-1.276310682296753,1.9421653747558594,0.0
46.0,-1.2852764129638672,1.9362437725067139,0.0
46.0,-1.3031249046325684,1.9435701370239258,0.0
46.0,-1.3165827989578247,1.9441486597061157,0.0
46.0,-1.3255572319030762,1.938040852546692,0.0
46.0,-1.3413234949111938,1.9417648315429688,0.0
46.0,-1.3502867221832275,1.9355427026748657,0.0
46.0,-1.366132378578186,1.939089059829712,0.0
46.0,-1.3750828504562378,1.932752251625061,0.0
46.0,-1.3933396339416504,1.9393681287765503,0.0
46.0,-1.4093378782272339,1.9426186084747314,0.0
46.0,-1.4183043241500854,1.9360820055007935,0.0
46.0,-1.4343764781951904,1.9391512870788574,0.0
46.0,-1.4433265924453735,1.9324989318847656,0.0
46.0,-1.4594709873199463,1.9353864192962646,0.0
46.0,-1.475672721862793,1.9381657838821411,0.0
46.0,-1.484617829322815,1.931322455406189,0.0
46.0,-1.503340721130371,1.9370777606964111,0.0
46.0,-1.5122805833816528,1.930106520652771,0.0
46.0,-1.5236696004867554,1.9262313842773438,0.0
46.0,-1.5250709056854248,1.9097892045974731,0.0
46.0,-1.5338842868804932,1.9027178287506104,0.0
46.0,-1.5275160074234009,1.8769910335540771,0.0
46.0,-1.536177635192871,1.8699086904525757,0.0
46.0,-1.529486060142517,1.844312310218811,0.0
46.0,-1.5379966497421265,1.8372212648391724,0.0
46.0,-1.530983805656433,1.8117594718933105,0.0
46.0,-1.5237687826156616,1.7864022254943848,0.0
46.0,-1.5320117473602295,1.7793381214141846,0.0
46.0,-1.5218546390533447,1.7511019706726074,0.0
46.0,-1.5299344062805176,1.7440471649169922,0.0
46.0,-1.5220712423324585,1.7189866304397583,0.0
46.0,-1.5166749954223633,1.6970188617706299,0.0
46.0,-1.5245047807693481,1.689988613128662,0.0
46.0,-1.5188369750976562,1.6681337356567383,0.0
46.0,-1.5265332460403442,1.661093831062317,0.0
46.0,-1.5178755521774292,1.6364223957061768,0.0
46.0,-1.5117563009262085,1.6147868633270264,0.0
46.0,-1.519205927848816,1.6077800989151,0.0
46.0,-1.5128198862075806,1.5862659215927124,0.0
46.0,-1.5201376676559448,1.5792546272277832,0.0
46.0,-1.5106992721557617,1.5549956560134888,0.0
46.0,-1.5038700103759766,1.5337141752243042,0.0
46.0,-1.5109448432922363,1.5267448425292969,0.0
46.0,-1.5066802501678467,1.5084224939346313,0.0
46.0,-1.5136381387710571,1.5014405250549316,0.0
46.0,-1.5062994956970215,1.4804073572158813,0.0
46.0,-1.5016647577285767,1.4622650146484375,0.0
46.0,-1.5084092617034912,1.4553065299987793,0.0
46.0,-1.5006643533706665,1.4344972372055054,0.0
46.0,-1.5072804689407349,1.4275438785552979,0.0
46.0,-1.4992800951004028,1.4068742990493774,0.0
46.0,-1.5057685375213623,1.3999274969100952,0.0
46.0,-1.5019276142120361,1.3834657669067383,0.0
46.0,-1.4979668855667114,1.3670697212219238,0.0
46.0,-1.504271388053894,1.360129475593567,0.0
46.0,-1.5001157522201538,1.3438186645507812,0.0
46.0,-1.4928501844406128,1.324920654296875,0.0
46.0,-1.4989597797393799,1.3180044889450073,0.0
46.0,-1.4944809675216675,1.3018642663955688,0.0
46.0,-1.5004839897155762,1.2949408292770386,0.0
46.0,-1.4958140850067139,1.278891921043396,0.0
46.0,-1.5017108917236328,1.2719625234603882,0.0
46.0,-1.4968509674072266,1.2560068368911743,0.0
46.0,-1.4918758869171143,1.2401236295700073,0.0
46.0,-1.4975934028625488,1.233212947845459,0.0
46.0,-1.495530128479004,1.2199547290802002,0.0
46.0,-1.5011544227600098,1.2130272388458252,0.0
46.0,-1.495816946029663,1.1973252296447754,0.0
46.0,-1.4887993335723877,1.1804560422897339,0.0
46.0,-1.4942411184310913,1.1735601425170898,0.0
46.0,-1.4886009693145752,1.1580429077148438,0.0
46.0,-1.4939390420913696,1.1511482000350952,0.0
46.0,-1.4881161451339722,1.135735034942627,0.0
46.0,-1.483778476715088,1.121606707572937,0.0
46.0,-1.4889482259750366,1.1147346496582031,0.0
46.0,-1.4844468832015991,1.1006914377212524,0.0
46.0,-1.4895199537277222,1.0938165187835693,0.0
46.0,-1.484856128692627,1.0798602104187012,0.0
46.0,-1.480095386505127,1.0659706592559814,0.0
46.0,-1.4850080013275146,1.059116244316101,0.0
46.0,-1.4800869226455688,1.0453165769577026,0.0
46.0,-1.4849040508270264,1.0384624004364014,0.0
46.0,-1.4814680814743042,1.025892972946167,0.0
46.0,-1.4762983322143555,1.0122466087341309,0.0
46.0,-1.4809625148773193,1.0054103136062622,0.0
46.0,-1.4772956371307373,0.992974042892456,0.0
46.0,-1.4818707704544067,0.986133337020874,0.0
46.0,-1.4780635833740234,0.973770022392273,0.0
46.0,-1.4825499057769775,0.9669259786605835,0.0
46.0,-1.4786033630371094,0.9546371698379517,0.0
46.0,-1.4745750427246094,0.9424057006835938,0.0
46.0,-1.4789164066314697,0.9355781078338623,0.0
46.0,-1.4747505187988281,0.9234234690666199,0.0
46.0,-1.4705040454864502,0.9113275408744812,0.0
46.0,-1.4747017621994019,0.9045190811157227,0.0
46.0,-1.4703195095062256,0.8925023674964905,0.0
46.0,-1.4744302034378052,0.8856949806213379,0.0
46.0,-1.469913363456726,0.8737589716911316,0.0
46.0,-1.4739373922348022,0.8669536709785461,0.0
46.0,-1.472744107246399,0.8571118712425232,0.0
46.0,-1.4680250883102417,0.8453036546707153,0.0
46.0,-1.4719176292419434,0.8385074138641357,0.0
46.0,-1.4688091278076172,0.8277654647827148,0.0
46.0,-1.4726204872131348,0.8209657669067383,0.0
46.0,-1.4693949222564697,0.8102854490280151,0.0
46.0,-1.4661022424697876,0.7996525168418884,0.0
46.0,-1.4697836637496948,0.7928656339645386,0.0
46.0,-1.4663752317428589,0.7822962403297424,0.0
46.0,-1.4699764251708984,0.7755082845687866,0.0
46.0,-1.4664534330368042,0.7650036811828613,0.0
46.0,-1.4646421670913696,0.755465030670166,0.0
46.0,-1.4681192636489868,0.748685359954834,0.0
46.0,-1.4626356363296509,0.7373879551887512,0.0
46.0,-1.4660292863845825,0.7306177616119385,0.0
46.0,-1.4622149467468262,0.7202967405319214,0.0
46.0,-1.4601348638534546,0.7109021544456482,0.0
46.0,-1.4634060859680176,0.7041438221931458,0.0
46.0,-1.459421157836914,0.6939351558685303,0.0
46.0,-1.4626139402389526,0.6871802806854248,0.0
46.0,-1.4603331089019775,0.6778844594955444,0.0
46.0,-1.4579976797103882,0.6686244010925293,0.0
46.0,-1.461073398590088,0.6618764400482178,0.0
46.0,-1.4586411714553833,0.6526637077331543,0.0
46.0,-1.461643099784851,0.6459129452705383,0.0
46.0,-1.4591145515441895,0.6367484927177429,0.0
46.0,-1.4620429277420044,0.6299956440925598,0.0
46.0,-1.4575785398483276,0.6200975179672241,0.0
46.0,-1.4548978805541992,0.6110286712646484,0.0
46.0,-1.4577072858810425,0.604295551776886,0.0
46.0,-1.4549325704574585,0.5952775478363037,0.0
46.0,-1.4576691389083862,0.5885445475578308,0.0
46.0,-1.4548007249832153,0.5795782804489136,0.0
46.0,-1.4518805742263794,0.5706511735916138,0.0
46.0,-1.4545032978057861,0.563932478427887,0.0
46.0,-1.4533590078353882,0.5557730197906494,0.0
46.0,-1.4559129476547241,0.5490476489067078,0.0
46.0,-1.4528120756149292,0.5402193665504456,0.0
46.0,-1.4515385627746582,0.5321199893951416,0.0
46.0,-1.4539833068847656,0.5254032611846924,0.0
46.0,-1.45074462890625,0.5166623592376709,0.0
46.0,-1.453117847442627,0.5099495053291321,0.0
46.0,-1.4497894048690796,0.5012651681900024,0.0
46.0,-1.4483050107955933,0.493267297744751,0.0
46.0,-1.4505701065063477,0.4865659475326538,0.0
46.0,-1.447106957435608,0.47797247767448425,0.0
46.0,-1.4493013620376587,0.4712768495082855,0.0
46.0,-1.4457502365112305,0.4627421200275421,0.0
46.0,-1.4440590143203735,0.4548512399196625,0.0
46.0,-1.4461466073989868,0.4481699466705322,0.0
46.0,-1.4443769454956055,0.4403126835823059,0.0
46.0,-1.4463971853256226,0.4336300790309906,0.0
46.0,-1.4445499181747437,0.42580726742744446,0.0
46.0,-1.4465030431747437,0.4191240072250366,0.0
46.0,-1.4445782899856567,0.41133636236190796,0.0
46.0,-1.4426125288009644,0.40357550978660583,0.0
46.0,-1.4444630146026611,0.3969014585018158,0.0
46.0,-1.4424206018447876,0.3891769349575043,0.0
46.0,-1.4442044496536255,0.3825039267539978,0.0
46.0,-1.4420862197875977,0.37481653690338135,0.0
46.0,-1.4399276971817017,0.3671569228172302,0.0
46.0,-1.4416097402572632,0.3604956567287445,0.0
46.0,-1.4393761157989502,0.3528743088245392,0.0
46.0,-1.4409922361373901,0.34621575474739075,0.0
46.0,-1.4406307935714722,0.33909159898757935,0.0
46.0,-1.438285231590271,0.3315289318561554,0.0
46.0,-1.439802646636963,0.3248756527900696,0.0
46.0,-1.4393362998962402,0.31778424978256226,0.0
46.0,-1.4407901763916016,0.3111262619495392,0.0
46.0,-1.436342716217041,0.30322232842445374,0.0
46.0,-1.4377292394638062,0.2965783476829529,0.0
46.0,-1.4371243715286255,0.28953298926353455,0.0
46.0,-1.4364852905273438,0.28249961137771606,0.0
46.0,-1.43777596950531,0.2758551836013794,0.0
46.0,-1.4370701313018799,0.2688370943069458,0.0
46.0,-1.4382977485656738,0.2621901333332062,0.0
46.0,-1.4355560541152954,0.25483837723731995,0.0
46.0,-1.4347481727600098,0.24785807728767395,0.0
46.0,-1.4358787536621094,0.2412220537662506,0.0
46.0,-1.4350048303604126,0.23425865173339844,0.0
46.0,-1.436072587966919,0.22762158513069153,0.0
46.0,-1.433156132698059,0.22037173807621002,0.0
46.0,-1.4321813583374023,0.21344853937625885,0.0
46.0,-1.4331529140472412,0.20682474970817566,0.0
46.0,-1.4321130514144897,0.19992002844810486,0.0
46.0,-1.433022141456604,0.19329670071601868,0.0
46.0,-1.429934024810791,0.1861528754234314,0.0
46.0,-1.4287949800491333,0.1792907565832138,0.0
46.0,-1.4296085834503174,0.172682985663414,0.0
46.0,-1.4284049272537231,0.16584086418151855,0.0
46.0,-1.4291564226150513,0.15923504531383514,0.0
46.0,-1.4298774003982544,0.15262581408023834,0.0
46.0,-1.4285781383514404,0.14581026136875153,0.0
46.0,-1.4292370080947876,0.13920384645462036,0.0
46.0,-1.4278738498687744,0.13240979611873627,0.0
46.0,-1.4284707307815552,0.1258067935705185,0.0
46.0,-1.4270440340042114,0.11903484910726547,0.0
46.0,-1.4275791645050049,0.11243581771850586,0.0
46.0,-1.4260891675949097,0.10568656772375107,0.0
46.0,-1.4265625476837158,0.09909209609031677,0.0
46.0,-1.427005410194397,0.09249550849199295,0.0
46.0,-1.4274177551269531,0.08589693903923035,0.0
46.0,-1.4277997016906738,0.0792965367436409,0.0
46.0,-1.4261536598205566,0.07259277254343033,0.0
46.0,-1.424476146697998,0.06590592116117477,0.0
46.0,-1.424765706062317,0.05931933596730232,0.0
46.0,-1.4230260848999023,0.05265752226114273,0.0
46.0,-1.423254370689392,0.04607778042554855,0.0
46.0,-1.4234521389007568,0.039497051388025284,0.0
46.0,-1.4236195087432861,0.03291548043489456,0.0
46.0,-1.42375648021698,0.02633320540189743,0.0
46.0,-1.421863317489624,0.019722629338502884,0.0
46.0,-1.4219392538070679,0.013148615136742592,0.0
46.0,-1.4219849109649658,0.006574319209903479,0.0
46.0,-1.4220000505447388,-1.1636915075996512e-07,0.0
47.0,-1.4199999570846558,1.2414034245011862e-07,0.0
47.0,-1.4199848175048828,-0.006565064657479525,0.0
47.0,-1.4219392538070679,-0.01314860675483942,0.0
47.0,-1.421863317489624,-0.019722620025277138,0.0
47.0,-1.4217568635940552,-0.026296213269233704,0.0
47.0,-1.4196205139160156,-0.03282301127910614,0.0
47.0,-1.4194536209106445,-0.039386097341775894,0.0
47.0,-1.427252173423767,-0.04620720073580742,0.0
47.0,-1.4270232915878296,-0.052805427461862564,0.0
47.0,-1.424765706062317,-0.059319328516721725,0.0
47.0,-1.424476146697998,-0.06590591371059418,0.0
47.0,-1.420161485671997,-0.07228775322437286,0.0
47.0,-1.4218089580535889,-0.07896382361650467,0.0
47.0,-1.4214286804199219,-0.08553653210401535,0.0
47.0,-1.4190223217010498,-0.0919780507683754,0.0
47.0,-1.4185818433761597,-0.09853773564100266,0.0
47.0,-1.4201055765151978,-0.10524312406778336,0.0
47.0,-1.4196038246154785,-0.1118076741695404,0.0
47.0,-1.4190717935562134,-0.11836984008550644,0.0
47.0,-1.4165170192718506,-0.12475401163101196,0.0
47.0,-1.415925145149231,-0.13130176067352295,0.0
47.0,-1.4172935485839844,-0.13804058730602264,0.0
47.0,-1.4166401624679565,-0.1445917785167694,0.0
47.0,-1.4159564971923828,-0.15113988518714905,0.0
47.0,-1.417230248451233,-0.15790623426437378,0.0
47.0,-1.416485071182251,-0.16445693373680115,0.0
47.0,-1.4157096147537231,-0.17100411653518677,0.0
47.0,-1.4149038791656494,-0.1775476336479187,0.0
47.0,-1.4140678644180298,-0.1840873658657074,0.0
47.0,-1.4132015705108643,-0.19062316417694092,0.0
47.0,-1.4142858982086182,-0.19743138551712036,0.0
47.0,-1.4133580923080444,-0.20396804809570312,0.0
47.0,-1.414378046989441,-0.21079516410827637,0.0
47.0,-1.415365219116211,-0.2176360934972763,0.0
47.0,-1.4143438339233398,-0.2241775244474411,0.0
47.0,-1.4152661561965942,-0.23103637993335724,0.0
47.0,-1.4141827821731567,-0.23757721483707428,0.0
47.0,-1.4130693674087524,-0.24411296844482422,0.0
47.0,-1.413894772529602,-0.2509930729866028,0.0
47.0,-1.4127192497253418,-0.25752735137939453,0.0
47.0,-1.4134793281555176,-0.2644239068031311,0.0
47.0,-1.4122416973114014,-0.2709560990333557,0.0
47.0,-1.4129364490509033,-0.27786847949028015,0.0
47.0,-1.4116365909576416,-0.28439804911613464,0.0
47.0,-1.410306692123413,-0.29092150926589966,0.0
47.0,-1.4109033346176147,-0.29785189032554626,0.0
47.0,-1.4095112085342407,-0.30437183380126953,0.0
47.0,-1.4100419282913208,-0.31131646037101746,0.0
47.0,-1.4105384349822998,-0.31827250123023987,0.0
47.0,-1.409051775932312,-0.3247905373573303,0.0
47.0,-1.4114288091659546,-0.33221811056137085,0.0
47.0,-1.4098777770996094,-0.33874011039733887,0.0
47.0,-1.4102389812469482,-0.34573110938072205,0.0
47.0,-1.4086254835128784,-0.3522474765777588,0.0
47.0,-1.4089198112487793,-0.3592504560947418,0.0
47.0,-1.4072438478469849,-0.36576056480407715,0.0
47.0,-1.4074710607528687,-0.3727749288082123,0.0
47.0,-1.4095945358276367,-0.3803201913833618,0.0
47.0,-1.4078210592269897,-0.38683319091796875,0.0
47.0,-1.406017541885376,-0.3933379352092743,0.0
47.0,-1.4041839838027954,-0.3998342752456665,0.0
47.0,-1.4042413234710693,-0.40687867999076843,0.0
47.0,-1.4061819314956665,-0.41449761390686035,0.0
47.0,-1.4042505025863647,-0.42099449038505554,0.0
47.0,-1.4061152935028076,-0.42864876985549927,0.0
47.0,-1.404118537902832,-0.43514516949653625,0.0
47.0,-1.4059067964553833,-0.4428339898586273,0.0
47.0,-1.407654047012329,-0.4505486488342285,0.0
47.0,-1.4055559635162354,-0.45705196261405945,0.0
47.0,-1.4053269624710083,-0.46417272090911865,0.0
47.0,-1.4031658172607422,-0.4706651270389557,0.0
47.0,-1.4028680324554443,-0.47779223322868347,0.0
47.0,-1.4006439447402954,-0.48427310585975647,0.0
47.0,-1.402164340019226,-0.49206817150115967,0.0
47.0,-1.4036425352096558,-0.499887615442276,0.0
47.0,-1.4013164043426514,-0.5063718557357788,0.0
47.0,-1.402715802192688,-0.5142219662666321,0.0
47.0,-1.4003233909606934,-0.5207017660140991,0.0
47.0,-1.4016437530517578,-0.5285818576812744,0.0
47.0,-1.4047890901565552,-0.5371996164321899,0.0
47.0,-1.4022904634475708,-0.5436887145042419,0.0
47.0,-1.403484582901001,-0.5516294836997986,0.0
47.0,-1.4009191989898682,-0.558112382888794,0.0
47.0,-1.4001784324645996,-0.5653321743011475,0.0
47.0,-1.3975496292114258,-0.5717996954917908,0.0
47.0,-1.4004337787628174,-0.5805526971817017,0.0
47.0,-1.4032665491104126,-0.5893445014953613,0.0
47.0,-1.400526762008667,-0.5958260297775269,0.0
47.0,-1.401430606842041,-0.6038777232170105,0.0
47.0,-1.3986237049102783,-0.6103506088256836,0.0
47.0,-1.3994455337524414,-0.6184272170066833,0.0
47.0,-1.402048110961914,-0.6273413300514221,0.0
47.0,-1.3991327285766602,-0.6338168382644653,0.0
47.0,-1.3998231887817383,-0.6419461369514465,0.0
47.0,-1.3968403339385986,-0.6484111547470093,0.0
47.0,-1.397447943687439,-0.6565633416175842,0.0
47.0,-1.394397497177124,-0.663017213344574,0.0
47.0,-1.3985260725021362,-0.6729256510734558,0.0
47.0,-1.3989962339401245,-0.681135356426239,0.0
47.0,-1.3958321809768677,-0.6875961422920227,0.0
47.0,-1.3980083465576172,-0.6967185139656067,0.0
47.0,-1.3947722911834717,-0.7031745910644531,0.0
47.0,-1.3968513011932373,-0.7123413681983948,0.0
47.0,-1.393543004989624,-0.7187919616699219,0.0
47.0,-1.395524501800537,-0.7280022501945496,0.0
47.0,-1.3992195129394531,-0.7381793856620789,0.0
47.0,-1.3957916498184204,-0.7446406483650208,0.0
47.0,-1.3976147174835205,-0.7539345622062683,0.0
47.0,-1.3941140174865723,-0.760388195514679,0.0
47.0,-1.395837664604187,-0.7697228789329529,0.0
47.0,-1.3975046873092651,-0.7790897488594055,0.0
47.0,-1.3938877582550049,-0.7855426073074341,0.0
47.0,-1.3954542875289917,-0.7949485182762146,0.0
47.0,-1.3917640447616577,-0.8013917207717896,0.0
47.0,-1.3932297229766846,-0.8108358383178711,0.0
47.0,-1.3963617086410522,-0.8213245272636414,0.0
47.0,-1.3925495147705078,-0.8277716636657715,0.0
47.0,-1.3938509225845337,-0.8372907042503357,0.0
47.0,-1.3899649381637573,-0.8437260985374451,0.0
47.0,-1.39116370677948,-0.8532804250717163,0.0
47.0,-1.3872038125991821,-0.8597031235694885,0.0
47.0,-1.3916897773742676,-0.8714145421981812,0.0
47.0,-1.394406795501709,-0.8821164965629578,0.0
47.0,-1.3903136253356934,-0.8885539174079895,0.0
47.0,-1.3929115533828735,-0.8993116021156311,0.0
47.0,-1.3887388706207275,-0.9057419300079346,0.0
47.0,-1.3912168741226196,-0.9165541529655457,0.0
47.0,-1.3869644403457642,-0.9229764938354492,0.0
47.0,-1.3893219232559204,-0.9338418841362,0.0
47.0,-1.3932631015777588,-0.9458720684051514,0.0
47.0,-1.388875126838684,-0.9523035287857056,0.0
47.0,-1.3910343647003174,-0.9632691144943237,0.0
47.0,-1.3865660429000854,-0.9696900844573975,0.0
47.0,-1.3886024951934814,-0.9807054400444031,0.0
47.0,-1.3905667066574097,-0.9917601346969604,0.0
47.0,-1.3859665393829346,-0.9981786608695984,0.0
47.0,-1.3861892223358154,-1.0081048011779785,0.0
47.0,-1.3815135955810547,-1.0145028829574585,0.0
47.0,-1.3864476680755615,-1.0280267000198364,0.0
47.0,-1.381679892539978,-1.0344257354736328,0.0
47.0,-1.3736916780471802,-1.0383906364440918,0.0
47.0,-1.3529775142669678,-1.0325967073440552,0.0
47.0,-1.3481889963150024,-1.0388410091400146,0.0
47.0,-1.3291643857955933,-1.0340107679367065,0.0
47.0,-1.3243695497512817,-1.040144920349121,0.0
47.0,-1.3070091009140015,-1.036316156387329,0.0
47.0,-1.28971266746521,-1.0323492288589478,0.0
47.0,-1.284925937652588,-1.0383011102676392,0.0
47.0,-1.2661638259887695,-1.0328528881072998,0.0
47.0,-1.261375069618225,-1.0386956930160522,0.0
47.0,-1.2442551851272583,-1.0342886447906494,0.0
47.0,-1.228735327720642,-1.0310312509536743,0.0
47.0,-1.2239553928375244,-1.0367010831832886,0.0
47.0,-1.2069882154464722,-1.0319514274597168,0.0
47.0,-1.2022042274475098,-1.0375207662582397,0.0
47.0,-1.1883461475372314,-1.035185694694519,0.0
47.0,-1.1715316772460938,-1.0301035642623901,0.0
47.0,-1.1667566299438477,-1.0355089902877808,0.0
47.0,-1.1515288352966309,-1.0315510034561157,0.0
47.0,-1.1467472314834595,-1.036863923072815,0.0
47.0,-1.1316001415252686,-1.032717227935791,0.0
47.0,-1.1179871559143066,-1.0298080444335938,0.0
47.0,-1.113214135169983,-1.0349658727645874,0.0
47.0,-1.0982080698013306,-1.0305217504501343,0.0
47.0,-1.093431830406189,-1.0355881452560425,0.0
47.0,-1.078512191772461,-1.0309585332870483,0.0
47.0,-1.0665374994277954,-1.028990626335144,0.0
47.0,-1.061768651008606,-1.0339106321334839,0.0
47.0,-1.0484187602996826,-1.0303971767425537,0.0
47.0,-1.043643593788147,-1.0352333784103394,0.0
47.0,-1.0303657054901123,-1.0315572023391724,0.0
47.0,-1.025585412979126,-1.0363099575042725,0.0
47.0,-1.013782024383545,-1.0339003801345825,0.0
47.0,-1.0006293058395386,-1.0299694538116455,0.0
47.0,-0.9958566427230835,-1.0345847606658936,0.0
47.0,-0.9841611981391907,-1.031941294670105,0.0
47.0,-0.9725115895271301,-1.0292119979858398,0.0
47.0,-0.9677428007125854,-1.033697247505188,0.0
47.0,-0.9561527371406555,-1.030828833580017,0.0
47.0,-0.9513766169548035,-1.0352383852005005,0.0
47.0,-0.938501238822937,-1.0307528972625732,0.0
47.0,-0.9337256550788879,-1.035080909729004,0.0
47.0,-0.9209335446357727,-1.0304393768310547,0.0
47.0,-0.9108561873435974,-1.0286966562271118,0.0
47.0,-0.9060904383659363,-1.032896876335144,0.0
47.0,-0.8947455883026123,-1.029527187347412,0.0
47.0,-0.884756326675415,-1.0275903940200806,0.0
47.0,-0.8799959421157837,-1.0316699743270874,0.0
47.0,-0.870053231716156,-1.029617190361023,0.0
47.0,-0.8652836680412292,-1.0336287021636963,0.0
47.0,-0.8541120886802673,-1.0299206972122192,0.0
47.0,-0.8493412137031555,-1.0338586568832397,0.0
47.0,-0.8382401466369629,-1.0300180912017822,0.0
47.0,-0.8271929025650024,-1.0260974168777466,0.0
47.0,-0.8224400281906128,-1.0299108028411865,0.0
47.0,-0.812706470489502,-1.0274279117584229,0.0
47.0,-0.80794757604599,-1.0311743021011353,0.0
47.0,-0.7982666492462158,-1.0285788774490356,0.0
47.0,-0.788627028465271,-1.0259159803390503,0.0
47.0,-0.7838754057884216,-1.0295510292053223,0.0
47.0,-0.7754944562911987,-1.0283735990524292,0.0
47.0,-0.7707316279411316,-1.0319480895996094,0.0
47.0,-0.7611948251724243,-1.0290687084197998,0.0
47.0,-0.7517012357711792,-1.0261234045028687,0.0
47.0,-0.7469490170478821,-1.029587745666504,0.0
47.0,-0.7375131249427795,-1.0265332460403442,0.0
47.0,-0.7327591776847839,-1.0299320220947266,0.0
47.0,-0.7245339155197144,-1.028403878211975,0.0
47.0,-0.716338574886322,-1.0268218517303467,0.0
47.0,-0.7115834951400757,-1.0301227569580078,0.0
47.0,-0.7011678218841553,-1.0251476764678955,0.0
47.0,-0.6964206695556641,-1.0283784866333008,0.0
47.0,-0.6883172988891602,-1.0266036987304688,0.0
47.0,-0.6835635304450989,-1.0297751426696777,0.0
47.0,-0.6765984892845154,-1.0295816659927368,0.0
47.0,-0.6674685478210449,-1.0259929895401,0.0
47.0,-0.662717878818512,-1.0290679931640625,0.0
47.0,-0.6536526679992676,-1.0253751277923584,0.0
47.0,-0.6467704772949219,-1.025003433227539,0.0
47.0,-0.642024576663971,-1.0279827117919922,0.0
47.0,-0.6341102123260498,-1.0258363485336304,0.0
47.0,-0.6293606162071228,-1.028757095336914,0.0
47.0,-0.6214901208877563,-1.0265233516693115,0.0
47.0,-0.6167374849319458,-1.0293856859207153,0.0
47.0,-0.6089117527008057,-1.0270649194717407,0.0
47.0,-0.6021327972412109,-1.0264191627502441,0.0
47.0,-0.5973808765411377,-1.0291920900344849,0.0
47.0,-0.5886321663856506,-1.0250054597854614,0.0
47.0,-0.5838868618011475,-1.027716040611267,0.0
47.0,-0.5771692395210266,-1.0269174575805664,0.0
47.0,-0.5704716444015503,-1.0260790586471558,0.0
47.0,-0.5657215714454651,-1.0287055969238281,0.0
47.0,-0.5580925345420837,-1.0260393619537354,0.0
47.0,-0.5533427596092224,-1.0286086797714233,0.0
47.0,-0.5457631349563599,-1.0258588790893555,0.0
47.0,-0.5391520857810974,-1.0248311758041382,0.0
47.0,-0.5344080924987793,-1.027312994003296,0.0
47.0,-0.5278232097625732,-1.0262157917022705,0.0
47.0,-0.5230730175971985,-1.0286450386047363,0.0
47.0,-0.5156167149543762,-1.0256916284561157,0.0
47.0,-0.5090890526771545,-1.0244824886322021,0.0
47.0,-0.5043470859527588,-1.0268253087997437,0.0
47.0,-0.49784740805625916,-1.0255476236343384,0.0
47.0,-0.4931006133556366,-1.0278383493423462,0.0
47.0,-0.4857729971408844,-1.0246855020523071,0.0
47.0,-0.47848519682884216,-1.0214871168136597,0.0
47.0,-0.47375738620758057,-1.0236884355545044,0.0
47.0,-0.46735620498657227,-1.0222299098968506,0.0
47.0,-0.46262505650520325,-1.0243797302246094,0.0
47.0,-0.4570693075656891,-1.0246812105178833,0.0
47.0,-0.4523269236087799,-1.0267834663391113,0.0
47.0,-0.4459792673587799,-1.025195837020874,0.0
47.0,-0.43965595960617065,-1.023571491241455,0.0
47.0,-0.43491891026496887,-1.0255931615829468,0.0
47.0,-0.42862799763679504,-1.0239033699035645,0.0
47.0,-0.42236196994781494,-1.0221772193908691,0.0
47.0,-0.4176315367221832,-1.0241190195083618,0.0
47.0,-0.41139891743659973,-1.0223281383514404,0.0
47.0,-0.40666791796684265,-1.024219274520874,0.0
47.0,-0.4011988043785095,-1.0242263078689575,0.0
47.0,-0.3964591324329376,-1.026070237159729,0.0
47.0,-0.3909987807273865,-1.0260233879089355,0.0
47.0,-0.38554733991622925,-1.02594792842865,0.0
47.0,-0.38079988956451416,-1.027719497680664,0.0
47.0,-0.37535807490348816,-1.0275905132293701,0.0
47.0,-0.37060314416885376,-1.0293149948120117,0.0
47.0,-0.36584025621414185,-1.0310174226760864,0.0
47.0,-0.3604094982147217,-1.0308098793029785,0.0
47.0,-0.35563981533050537,-1.0324652194976807,0.0
47.0,-0.3495773673057556,-1.0303105115890503,0.0
47.0,-0.3448100984096527,-1.0319157838821411,0.0
47.0,-0.3387853503227234,-1.0296992063522339,0.0
47.0,-0.33402103185653687,-1.031254529953003,0.0
47.0,-0.3280346691608429,-1.0289767980575562,0.0
47.0,-0.3226751387119293,-1.0285741090774536,0.0
47.0,-0.31791621446609497,-1.0300549268722534,0.0
47.0,-0.3125694990158081,-1.0296000242233276,0.0
47.0,-0.3078059256076813,-1.0310341119766235,0.0
47.0,-0.3024725317955017,-1.0305272340774536,0.0
47.0,-0.2971504032611847,-1.0299930572509766,0.0
47.0,-0.29238519072532654,-1.031355857849121,0.0
47.0,-0.28654053807258606,-1.0288432836532593,0.0
47.0,-0.28178074955940247,-1.0301570892333984,0.0
47.0,-0.2759774327278137,-1.027585744857788,0.0
47.0,-0.270713746547699,-1.0269168615341187,0.0
47.0,-0.26596304774284363,-1.0281574726104736,0.0
47.0,-0.26071470975875854,-1.027437448501587,0.0
47.0,-0.25596168637275696,-1.0286318063735962,0.0
47.0,-0.2507292628288269,-1.02786123752594,0.0
47.0,-0.24550941586494446,-1.027064323425293,0.0
47.0,-0.2407582849264145,-1.0281884670257568,0.0
47.0,-0.23555505275726318,-1.0273411273956299,0.0
47.0,-0.2308027595281601,-1.0284192562103271,0.0
47.0,-0.22604551911354065,-1.0294753313064575,0.0
47.0,-0.2212834507226944,-1.0305094718933105,0.0
47.0,-0.21610581874847412,-1.0295641422271729,0.0
47.0,-0.21053984761238098,-1.0266337394714355,0.0
47.0,-0.20579108595848083,-1.0275962352752686,0.0
47.0,-0.2006542831659317,-1.026573896408081,0.0
47.0,-0.1959058940410614,-1.0274906158447266,0.0
47.0,-0.19078783690929413,-1.0264190435409546,0.0
47.0,-0.18568389117717743,-1.0253221988677979,0.0
47.0,-0.18094146251678467,-1.026169776916504,0.0
47.0,-0.17585696280002594,-1.0250240564346313,0.0
47.0,-0.17111600935459137,-1.025826096534729,0.0
47.0,-0.1660514622926712,-1.0246320962905884,0.0
47.0,-0.16100162267684937,-1.0234131813049316,0.0
47.0,-0.15626828372478485,-1.024146556854248,0.0
47.0,-0.1512390822172165,-1.022879719734192,0.0
47.0,-0.14650830626487732,-1.0235679149627686,0.0
47.0,-0.14177440106868744,-1.024234414100647,0.0
47.0,-0.1370374709367752,-1.024878978729248,0.0
47.0,-0.13204170763492584,-1.0235178470611572,0.0
47.0,-0.12706147134304047,-1.0221327543258667,0.0
47.0,-0.12233441323041916,-1.0227092504501343,0.0
47.0,-0.11783309280872345,-1.025250792503357,0.0
47.0,-0.11309172213077545,-1.0257846117019653,0.0
47.0,-0.10813795030117035,-1.0243076086044312,0.0
47.0,-0.103200264275074,-1.0228067636489868,0.0
47.0,-0.09847034513950348,-1.02327299118042,0.0
47.0,-0.09373831748962402,-1.0237172842025757,0.0
47.0,-0.08900429308414459,-1.0241397619247437,0.0
47.0,-0.08410441875457764,-1.0225470066070557,0.0
47.0,-0.07937590032815933,-1.0229250192642212,0.0
47.0,-0.07464569061994553,-1.0232809782028198,0.0
47.0,-0.06991388648748398,-1.0236152410507202,0.0
47.0,-0.06518058478832245,-1.0239274501800537,0.0
47.0,-0.06032806262373924,-1.0222214460372925,0.0
47.0,-0.05560130625963211,-1.0224894285202026,0.0
47.0,-0.05087336152791977,-1.022735595703125,0.0
47.0,-0.046144332736730576,-1.02295982837677,0.0
47.0,-0.04141431301832199,-1.0231622457504272,0.0
47.0,-0.03668341040611267,-1.0233427286148071,0.0
47.0,-0.031951725482940674,-1.0235013961791992,0.0
47.0,-0.02716618962585926,-1.0216388702392578,0.0
47.0,-0.02244248241186142,-1.0217535495758057,0.0
47.0,-0.017718294635415077,-1.0218462944030762,0.0
47.0,-0.013019159436225891,-1.023917317390442,0.0
47.0,-0.008285068906843662,-1.0239665508270264,0.0
47.0,-0.0035508018918335438,-1.0239938497543335,0.0
47.0,0.0011835411423817277,-1.0239993333816528,0.0
47.0,0.005917858798056841,-1.0239830017089844,0.0
47.0,0.010631244629621506,-1.0219446420669556,0.0
47.0,0.01535596139729023,-1.021884560585022,0.0
47.0,0.02008035033941269,-1.0218026638031006,0.0
47.0,0.024804310873150826,-1.0216989517211914,0.0
47.0,0.029527738690376282,-1.0215733051300049,0.0
47.0,0.03425053879618645,-1.0214258432388306,0.0
47.0,0.038972605019807816,-1.0212565660476685,0.0
47.0,0.04369383677840233,-1.0210654735565186,0.0
47.0,0.048414137214422226,-1.0208525657653809,0.0
47.0,0.05313339829444885,-1.0206178426742554,0.0
47.0,0.05785152688622475,-1.020361304283142,0.0
47.0,0.06256841868162155,-1.0200828313827515,0.0
47.0,0.06728397309780121,-1.0197826623916626,0.0
47.0,0.07199808955192566,-1.019460678100586,0.0
47.0,0.07686079293489456,-1.0211113691329956,0.0
47.0,0.08158095180988312,-1.0207451581954956,0.0
47.0,0.0862993597984314,-1.0203570127487183,0.0
47.0,0.09101593494415283,-1.0199471712112427,0.0
47.0,0.09573055803775787,-1.0195153951644897,0.0
47.0,0.10044313222169876,-1.0190619230270386,0.0
47.0,0.10515356063842773,-1.0185866355895996,0.0
47.0,0.10986173897981644,-1.0180896520614624,0.0
47.0,0.11501509696245193,-1.021545648574829,0.0
47.0,0.11973685771226883,-1.021003007888794,0.0
47.0,0.12421392649412155,-1.0184532403945923,0.0
47.0,0.1289212852716446,-1.0178680419921875,0.0
47.0,0.13362589478492737,-1.0172611474990845,0.0
47.0,0.13832764327526093,-1.0166324377059937,0.0
47.0,0.1430264264345169,-1.0159820318222046,0.0
47.0,0.14801011979579926,-1.0172890424728394,0.0
47.0,0.15271183848381042,-1.0165938138961792,0.0
47.0,0.1577165424823761,-1.0178533792495728,0.0
47.0,0.16242077946662903,-1.0171133279800415,0.0
47.0,0.1671215295791626,-1.0163514614105225,0.0
47.0,0.17181871831417084,-1.0155678987503052,0.0
47.0,0.1765122264623642,-1.0147627592086792,0.0
47.0,0.1812019646167755,-1.0139358043670654,0.0
47.0,0.18588782846927643,-1.0130871534347534,0.0
47.0,0.1909397542476654,-1.0141823291778564,0.0
47.0,0.19600580632686615,-1.0152525901794434,0.0
47.0,0.20069760084152222,-1.0143355131149292,0.0
47.0,0.20578236877918243,-1.0153568983078003,0.0
47.0,0.21047453582286835,-1.0143946409225464,0.0
47.0,0.21557757258415222,-1.015367031097412,0.0
47.0,0.22026969492435455,-1.014359474182129,0.0
47.0,0.22539053857326508,-1.0152827501296997,0.0
47.0,0.23008215427398682,-1.0142297744750977,0.0
47.0,0.23476886749267578,-1.013155221939087,0.0
47.0,0.24037152528762817,-1.0159515142440796,0.0
47.0,0.2450660765171051,-1.014829397201538,0.0
47.0,0.2507123053073883,-1.0175693035125732,0.0
47.0,0.25590163469314575,-1.018338918685913,0.0
47.0,0.2606070637702942,-1.0171449184417725,0.0
47.0,0.26530691981315613,-1.0159292221069336,0.0
47.0,0.2700011134147644,-1.014691710472107,0.0
47.0,0.27521276473999023,-1.0153629779815674,0.0
47.0,0.27990421652793884,-1.0140796899795532,0.0
47.0,0.28513073921203613,-1.014700174331665,0.0
47.0,0.2903689742088318,-1.0152939558029175,0.0
47.0,0.2950599491596222,-1.013940691947937,0.0
47.0,0.3003123104572296,-1.0144833326339722,0.0
47.0,0.304999440908432,-1.013084053993225,0.0
47.0,0.3102654218673706,-1.0135754346847534,0.0
47.0,0.3155425190925598,-1.0140399932861328,0.0
47.0,0.3202274441719055,-1.0125702619552612,0.0
47.0,0.32551735639572144,-1.012982964515686,0.0
47.0,0.330197274684906,-1.0114670991897583,0.0
47.0,0.3367585241794586,-1.0156248807907104,0.0
47.0,0.3414505422115326,-1.0140570402145386,0.0
47.0,0.34678223729133606,-1.014359951019287,0.0
47.0,0.35212400555610657,-1.0146352052688599,0.0
47.0,0.3568112850189209,-1.0129964351654053,0.0
47.0,0.3628372251987457,-1.015102505683899,0.0
47.0,0.3675265610218048,-1.0134141445159912,0.0
47.0,0.3728986084461212,-1.0135811567306519,0.0
47.0,0.37827998399734497,-1.0137200355529785,0.0
47.0,0.38296276330947876,-1.0119602680206299,0.0
47.0,0.3883538544178009,-1.0120460987091064,0.0
47.0,0.39302876591682434,-1.0102397203445435,0.0
47.0,0.3984290063381195,-1.0102723836898804,0.0
47.0,0.40309563279151917,-1.0084195137023926,0.0
47.0,0.41000640392303467,-1.0121060609817505,0.0
47.0,0.41695985198020935,-1.0157502889633179,0.0
47.0,0.42165160179138184,-1.0138115882873535,0.0
47.0,0.4278874397277832,-1.0155375003814697,0.0
47.0,0.43257805705070496,-1.0135483741760254,0.0
47.0,0.4372594654560089,-1.0115375518798828,0.0
47.0,0.4443376660346985,-1.0150015354156494,0.0
47.0,0.4490256607532501,-1.0129363536834717,0.0
47.0,0.4553419351577759,-1.0144987106323242,0.0
47.0,0.4600274860858917,-1.0123826265335083,0.0
47.0,0.46553897857666016,-1.0120619535446167,0.0
47.0,0.47105735540390015,-1.0117119550704956,0.0
47.0,0.4757298529148102,-1.0095232725143433,0.0
47.0,0.4821139872074127,-1.0109233856201172,0.0
47.0,0.4867826998233795,-1.0086835622787476,0.0
47.0,0.494073748588562,-1.0118138790130615,0.0
47.0,0.49874645471572876,-1.0095187425613403,0.0
47.0,0.5060909390449524,-1.0125689506530762,0.0
47.0,0.5125718712806702,-1.0137879848480225,0.0
47.0,0.5172535181045532,-1.0114073753356934,0.0
47.0,0.5246807336807251,-1.0143343210220337,0.0
47.0,0.5293647646903992,-1.0118976831436157,0.0
47.0,0.5349727869033813,-1.0112073421478271,0.0
47.0,0.5396422743797302,-1.0087231397628784,0.0
47.0,0.5462033152580261,-1.0097355842590332,0.0
47.0,0.5537449717521667,-1.0124636888504028,0.0
47.0,0.5584200620651245,-1.0098927021026611,0.0
47.0,0.5660107731819153,-1.0125372409820557,0.0
47.0,0.5706861019134521,-1.0099095106124878,0.0
47.0,0.5773331522941589,-1.0107336044311523,0.0
47.0,0.5849999189376831,-1.0132497549057007,0.0
47.0,0.5896783471107483,-1.0105341672897339,0.0
47.0,0.5953601002693176,-1.0095199346542358,0.0
47.0,0.6000211238861084,-1.0067565441131592,0.0
47.0,0.6067330241203308,-1.0073981285095215,0.0
47.0,0.6113840937614441,-1.0045822858810425,0.0
47.0,0.6191651225090027,-1.006855845451355,0.0
47.0,0.6269801259040833,-1.0090787410736084,0.0
47.0,0.631638765335083,-1.0061691999435425,0.0
47.0,0.6405686736106873,-1.0099939107894897,0.0
47.0,0.6452313661575317,-1.0070215463638306,0.0
47.0,0.6531406044960022,-1.0090645551681519,0.0
47.0,0.6577989459037781,-1.0060341358184814,0.0
47.0,0.6646475791931152,-1.0063197612762451,0.0
47.0,0.6726229190826416,-1.0082273483276367,0.0
47.0,0.677277147769928,-1.005106806755066,0.0
47.0,0.6841674447059631,-1.005271553993225,0.0
47.0,0.6888078451156616,-1.0020976066589355,0.0
47.0,0.6991361379623413,-1.0071169137954712,0.0
47.0,0.7072292566299438,-1.0087867975234985,0.0
47.0,0.7118856906890869,-1.005506157875061,0.0
47.0,0.7200165390968323,-1.0070850849151611,0.0
47.0,0.7246649265289307,-1.003745436668396,0.0
47.0,0.7328324317932129,-1.005232572555542,0.0
47.0,0.7374721169471741,-1.0018336772918701,0.0
47.0,0.7468684315681458,-1.0048340559005737,0.0
47.0,0.7563081383705139,-1.0077687501907349,0.0
47.0,0.7609593868255615,-1.0042613744735718,0.0
47.0,0.7704552412033081,-1.0070862770080566,0.0
47.0,0.7751031517982483,-1.0035134553909302,0.0
47.0,0.784653902053833,-1.006227731704712,0.0
47.0,0.7892976999282837,-1.002589225769043,0.0
47.0,0.7976577281951904,-1.0036264657974243,0.0
47.0,0.8097991347312927,-1.0092875957489014,0.0
47.0,0.8144568204879761,-1.0055327415466309,0.0
47.0,0.8241610527038574,-1.007949709892273,0.0
47.0,0.8288123607635498,-1.0041285753250122,0.0
47.0,0.8385668992996216,-1.006432056427002,0.0
47.0,0.8432110548019409,-1.0025442838668823,0.0
47.0,0.8530148267745972,-1.0047335624694824,0.0
47.0,0.8628567457199097,-1.0068535804748535,0.0
47.0,0.8675025701522827,-1.002853512763977,0.0
47.0,0.8787069916725159,-1.0063647031784058,0.0
47.0,0.8833504319190979,-1.0022913217544556,0.0
47.0,0.8932921886444092,-1.004173755645752,0.0
47.0,0.904606282711029,-1.0074738264083862,0.0
47.0,0.9092545509338379,-1.0032806396484375,0.0
47.0,0.9206328392028809,-1.0064446926116943,0.0
47.0,0.9252762198448181,-1.0021775960922241,0.0
47.0,0.9367172122001648,-1.0052047967910767,0.0
47.0,0.9413546323776245,-1.0008633136749268,0.0
47.0,0.9542337656021118,-1.0052034854888916,0.0
47.0,0.9671728610992432,-1.0094456672668457,0.0
47.0,0.9718295335769653,-1.0049632787704468,0.0
47.0,0.9890379905700684,-1.013340950012207,0.0
47.0,0.9937124848365784,-1.0087573528289795,0.0
47.0,1.0110567808151245,-1.0169169902801514,0.0
47.0,1.0299142599105835,-1.0263491868972778,0.0
47.0,1.0346484184265137,-1.0215765237808228,0.0
47.0,1.0550867319107056,-1.032166600227356,0.0
47.0,1.0598474740982056,-1.0272775888442993,0.0
47.0,1.0790109634399414,-1.0362197160720825,0.0
47.0,1.0837903022766113,-1.0312199592590332,0.0
47.0,1.1045544147491455,-1.0412893295288086,0.0
47.0,1.1093568801879883,-1.0361714363098145,0.0
47.0,1.131750464439392,-1.0473322868347168,0.0
47.0,1.1542705297470093,-1.0583078861236572,0.0
47.0,1.1591510772705078,-1.05295991897583,0.0
47.0,1.1788729429244995,-1.0609686374664307,0.0
47.0,1.1837656497955322,-1.055506944656372,0.0
47.0,1.2051209211349487,-1.064587950706482,0.0
47.0,1.2100300788879395,-1.0590049028396606,0.0
47.0,1.233046293258667,-1.0691214799880981,0.0
47.0,1.2576987743377686,-1.0803507566452026,0.0
47.0,1.262680172920227,-1.0745244026184082,0.0
47.0,1.2875131368637085,-1.0854336023330688,0.0
47.0,1.2925176620483398,-1.0794693231582642,0.0
47.0,1.1403160095214844,-0.9434402585029602,0.0
47.0,1.1691758632659912,-0.9492438435554504,0.0
47.0,1.1735520362854004,-0.9438281655311584,0.0
47.0,1.177903175354004,-0.9383923411369324,0.0
47.0,1.1822291612625122,-0.932936429977417,0.0
47.0,1.2101658582687378,-0.945935845375061,0.0
47.0,1.2145262956619263,-0.9403306841850281,0.0
47.0,1.2426667213439941,-0.9529613852500916,0.0
47.0,1.2470593452453613,-0.9472059011459351,0.0
47.0,1.272202491760254,-0.9570605158805847,0.0
47.0,1.276613712310791,-0.951168417930603,0.0
47.0,1.30352783203125,-0.9618811011314392,0.0
47.0,1.3354120254516602,-0.9759050607681274,0.0
47.0,1.3399097919464111,-0.9697205424308777,0.0
47.0,1.3720141649246216,-0.983321487903595,0.0
47.0,1.3765456676483154,-0.9769676327705383,0.0
47.0,1.407228946685791,-0.9889928102493286,0.0
47.0,1.411786437034607,-0.9824761152267456,0.0
47.0,1.4443105459213257,-0.9952301383018494,0.0
47.0,1.4703737497329712,-1.0031954050064087,0.0
47.0,1.4749962091445923,-0.9963865280151367,0.0
47.0,1.4962116479873657,-1.000675082206726,0.0
47.0,1.5008221864700317,-0.993746817111969,0.0
47.0,1.523800015449524,-0.9988582134246826,0.0
47.0,1.5284017324447632,-0.991802453994751,0.0
47.0,1.5531636476516724,-0.997696578502655,0.0
47.0,1.5678861141204834,-0.9969438910484314,0.0
47.0,1.5724786520004272,-0.9896843433380127,0.0
47.0,1.5770374536514282,-0.9824036359786987,0.0
47.0,1.5815626382827759,-0.975101888179779,0.0
47.0,1.579224944114685,-0.9636123180389404,0.0
47.0,1.5733908414840698,-0.9500976800918579,0.0
47.0,1.5777666568756104,-0.9428131580352783,0.0
47.0,1.5752224922180176,-0.9314365983009338,0.0
47.0,1.579512119293213,-0.9241437911987305,0.0
47.0,1.5768442153930664,-0.9128232598304749,0.0
47.0,1.581047773361206,-0.9055231213569641,0.0
47.0,1.5869574546813965,-0.8991896510124207,0.0
47.0,1.603310227394104,-0.8986882567405701,0.0
47.0,1.6074481010437012,-0.8912659287452698,0.0
47.0,1.6273337602615356,-0.8924800753593445,0.0
47.0,1.631442666053772,-0.8849467635154724,0.0
47.0,1.6513783931732178,-0.8859037160873413,0.0
47.0,1.669590711593628,-0.8857578039169312,0.0
47.0,1.6736680269241333,-0.8780292272567749,0.0
47.0,1.6901371479034424,-0.8767284154891968,0.0
47.0,1.6941725015640259,-0.8689048886299133,0.0
47.0,1.4430891275405884,-0.7317224740982056,0.0
47.0,1.446456789970398,-0.7250427603721619,0.0
47.0,1.4497934579849243,-0.7183474898338318,0.0
47.0,1.4530991315841675,-0.7116368412971497,0.0
47.0,1.4772950410842896,-0.6982515454292297,0.0
47.0,1.480507493019104,-0.6914139986038208,0.0
47.0,1.4836883544921875,-0.6845616698265076,0.0
47.0,1.4868375062942505,-0.6776946783065796,0.0
47.0,1.5045443773269653,-0.6773818135261536,0.0
47.0,1.5222798585891724,-0.6769195199012756,0.0
47.0,1.5253932476043701,-0.6698742508888245,0.0
47.0,1.5431532859802246,-0.6691802144050598,0.0
47.0,1.546230673789978,-0.6620384454727173,0.0
47.0,1.5603280067443848,-0.6595547199249268,0.0
47.0,1.5633606910705566,-0.6523337364196777,0.0
47.0,1.5700585842132568,-0.6466220021247864,0.0
47.0,1.56747305393219,-0.6370969414710999,0.0
47.0,1.5704017877578735,-0.6298431158065796,0.0
47.0,1.565858244895935,-0.6196321845054626,0.0
47.0,1.5687062740325928,-0.6123860478401184,0.0
47.0,1.5677878856658936,-0.6036893725395203,0.0
47.0,1.5649532079696655,-0.5943043828010559,0.0
47.0,1.5676841735839844,-0.587062656879425,0.0
47.0,1.5666290521621704,-0.5784229636192322,0.0
47.0,1.569286584854126,-0.5711736679077148,0.0
47.0,1.5662630796432495,-0.5618861317634583,0.0
47.0,1.568844199180603,-0.5546387434005737,0.0
47.0,1.567614197731018,-0.5460636019706726,0.0
47.0,1.564447045326233,-0.5368626117706299,0.0
47.0,1.5669125318527222,-0.5296238660812378,0.0
47.0,1.563651442527771,-0.5204788446426392,0.0
47.0,1.566041111946106,-0.5132439136505127,0.0
47.0,1.564590573310852,-0.5047699213027954,0.0
47.0,1.5630950927734375,-0.4963202476501465,0.0
47.0,1.5653730630874634,-0.48908817768096924,0.0
47.0,1.5637941360473633,-0.4806704521179199,0.0
47.0,1.5659997463226318,-0.47343531250953674,0.0
47.0,1.5643376111984253,-0.46505019068717957,0.0
47.0,1.5607119798660278,-0.4561295807361603,0.0
47.0,1.5628042221069336,-0.4489089548587799,0.0
47.0,1.5629380941390991,-0.441135436296463,0.0
47.0,1.5649608373641968,-0.4339046776294708,0.0
47.0,1.5630908012390137,-0.42561376094818115,0.0
47.0,1.5611776113510132,-0.4173494279384613,0.0
47.0,1.5630905628204346,-0.41012707352638245,0.0
47.0,1.5591593980789185,-0.40140002965927124,0.0
47.0,1.560998558998108,-0.39418715238571167,0.0
47.0,1.5550388097763062,-0.38504305481910706,0.0
47.0,1.5568023920059204,-0.37784940004348755,0.0
47.0,1.5449126958847046,-0.3674086034297943,0.0
47.0,1.5368554592132568,-0.3579932749271393,0.0
47.0,1.5384941101074219,-0.35088399052619934,0.0
47.0,1.5656156539916992,-0.14153344929218292,0.0
47.0,1.5662533044815063,-0.13429351150989532,0.0
47.0,1.5668574571609497,-0.1270507127046585,0.0
47.0,1.5674281120300293,-0.11980518698692322,0.0
47.0,1.5599857568740845,-0.11198429018259048,0.0
47.0,1.5604867935180664,-0.10477069765329361,0.0
47.0,1.5549662113189697,-0.09718061238527298,0.0
47.0,1.5553988218307495,-0.08999038487672806,0.0
47.0,1.5557982921600342,-0.08279823511838913,0.0
47.0,1.5621575117111206,-0.07589548081159592,0.0
47.0,1.5624916553497314,-0.06867223232984543,0.0
47.0,1.572784662246704,-0.06184040382504463,0.0
47.0,1.5730538368225098,-0.05456817150115967,0.0
47.0,1.5812857151031494,-0.047535158693790436,0.0
47.0,1.589486002922058,-0.04042718559503555,0.0
47.0,1.589655876159668,-0.033077966421842575,0.0
47.0,1.6037899255752563,-0.025954576209187508,0.0
47.0,1.6038928031921387,-0.01853938028216362,0.0
47.0,1.6159611940383911,-0.01120700966566801,0.0
47.0,1.6159957647323608,-0.0037356994580477476,0.0
47.0,1.6219956874847412,0.0037495605647563934,0.0
47.0,1.6319607496261597,0.011317960917949677,0.0
47.0,1.6318910121917725,0.018863001838326454,0.0
47.0,1.643784761428833,0.026601815596222878,0.0
47.0,1.6436442136764526,0.03420136123895645,0.0
47.0,1.6534652709960938,0.042054433375597,0.0
47.0,1.653253197669983,0.049698568880558014,0.0
47.0,1.6649985313415527,0.0577576644718647,0.0
47.0,1.674705982208252,0.06584784388542175,0.0
47.0,1.6743836402893066,0.07358992844820023,0.0
47.0,1.4372888803482056,0.24487674236297607,0.0
47.0,1.4361413717269897,0.25151923298835754,0.0
47.0,1.4349631071090698,0.25815635919570923,0.0
47.0,1.4337542057037354,0.2647879719734192,0.0
47.0,1.4443050622940063,0.27364781498908997,0.0
47.0,1.4430243968963623,0.28032243251800537,0.0
47.0,1.4417129755020142,0.28699108958244324,0.0
47.0,1.4403706789016724,0.29365360736846924,0.0
47.0,1.452702283859253,0.3031699061393738,0.0
47.0,1.4649765491485596,0.31280648708343506,0.0
47.0,1.4635146856307983,0.3195762634277344,0.0
47.0,1.4756851196289062,0.32938912510871887,0.0
47.0,1.4741464853286743,0.3362082540988922,0.0
47.0,1.48426353931427,0.3457425832748413,0.0
47.0,1.4826492071151733,0.35260117053985596,0.0
47.0,1.4965516328811646,0.3632260262966156,0.0
47.0,1.5162115097045898,0.3754290044307709,0.0
47.0,1.514459490776062,0.38243499398231506,0.0
47.0,1.5359172821044922,0.39541640877723694,0.0
47.0,1.5340726375579834,0.4025132954120636,0.0
47.0,1.557313323020935,0.41631636023521423,0.0
47.0,1.555371880531311,0.42351195216178894,0.0
47.0,1.5726701021194458,0.4360421299934387,0.0
47.0,1.5860357284545898,0.44765469431877136,0.0
47.0,1.583949089050293,0.454982727766037,0.0
47.0,1.5971862077713013,0.4667894244194031,0.0
47.0,1.5950109958648682,0.4741688370704651,0.0
47.0,1.6042882204055786,0.48501071333885193,0.0
47.0,1.6020286083221436,0.49242275953292847,0.0
47.0,1.6150068044662476,0.5045958757400513,0.0
47.0,1.6260000467300415,0.5162941217422485,0.0
47.0,1.6235957145690918,0.5238062143325806,0.0
47.0,1.6363608837127686,0.5362900495529175,0.0
47.0,1.633863925933838,0.5438498258590698,0.0
47.0,1.6445949077606201,0.5558808445930481,0.0
47.0,1.6533576250076294,0.567373514175415,0.0
47.0,1.650716781616211,0.5750115513801575,0.0
47.0,1.659354329109192,0.5866370797157288,0.0
47.0,1.656624436378479,0.5943025946617126,0.0
47.0,1.4264533519744873,0.5191866159439087,0.0
47.0,1.4390474557876587,0.5313178300857544,0.0
47.0,1.4365755319595337,0.5379654169082642,0.0
47.0,1.4340729713439941,0.5446015000343323,0.0
47.0,1.4464709758758545,0.5569753050804138,0.0
47.0,1.4438804388046265,0.5636569261550903,0.0
47.0,1.4579962491989136,0.5769496560096741,0.0
47.0,1.4553132057189941,0.5836843848228455,0.0
47.0,1.467421531677246,0.5964311361312866,0.0
47.0,1.4646482467651367,0.6032091975212097,0.0
47.0,1.478455662727356,0.616905927658081,0.0
47.0,1.4755876064300537,0.6237347722053528,0.0
47.0,1.491073727607727,0.6384223103523254,0.0
47.0,1.50829017162323,0.6540619730949402,0.0
47.0,1.505250096321106,0.6610283851623535,0.0
47.0,1.516797423362732,0.6744816303253174,0.0
47.0,1.5136628150939941,0.6814871430397034,0.0
47.0,1.5232350826263428,0.6942845582962036,0.0
47.0,1.5200088024139404,0.7013196349143982,0.0
47.0,1.5276228189468384,0.7134173512458801,0.0
47.0,1.5297328233718872,0.7230364680290222,0.0
47.0,1.5263735055923462,0.7301012873649597,0.0
47.0,1.52658212184906,0.7388931512832642,0.0
47.0,1.5231496095657349,0.7459431886672974,0.0
47.0,1.5268528461456299,0.7565290927886963,0.0
47.0,1.528702735900879,0.7662689089775085,0.0
47.0,1.5251436233520508,0.7733284831047058,0.0
47.0,1.5268906354904175,0.7831096053123474,0.0
47.0,1.5232537984848022,0.7901606559753418,0.0
47.0,1.524897575378418,0.7999821901321411,0.0
47.0,1.528249740600586,0.8107730150222778,0.0
47.0,1.5244848728179932,0.8178300261497498,0.0
47.0,1.5259613990783691,0.8277303576469421,0.0
47.0,1.5221182107925415,0.8347765803337097,0.0
47.0,1.5217407941818237,0.8437446355819702,0.0
47.0,1.517823576927185,0.8507711887359619,0.0
47.0,1.5138739347457886,0.8577795624732971,0.0
47.0,1.5046852827072144,0.8617876172065735,0.0
47.0,1.5006848573684692,0.868735134601593,0.0
47.0,1.4759374856948853,0.863544225692749,0.0
47.0,1.4719293117523193,0.8703587651252747,0.0
47.0,1.2450141906738281,1.130957007408142,0.0
47.0,1.239772081375122,1.1367011070251465,0.0
47.0,1.2345033884048462,1.1424208879470825,0.0
47.0,1.2292083501815796,1.1481162309646606,0.0
47.0,1.2151553630828857,1.1455553770065308,0.0
47.0,1.209846019744873,1.1511613130569458,0.0
47.0,1.1987407207489014,1.1512012481689453,0.0
47.0,1.1934055089950562,1.1567312479019165,0.0
47.0,1.185185432434082,1.159439206123352,0.0
47.0,1.1755427122116089,1.1606907844543457,0.0
47.0,1.170163869857788,1.1661133766174316,0.0
47.0,1.1548892259597778,1.1615829467773438,0.0
47.0,1.1495064496994019,1.1669100522994995,0.0
47.0,1.1343203783035278,1.1621931791305542,0.0
47.0,0.9675942659378052,1.289304256439209,0.0
47.0,0.961622953414917,1.2937639951705933,0.0
47.0,0.9556311368942261,1.2981960773468018,0.0
47.0,0.9496188759803772,1.3026005029678345,0.0
47.0,0.9305544495582581,1.3015638589859009,0.0
47.0,0.9245269298553467,1.3058522939682007,0.0
47.0,0.9184795618057251,1.310112714767456,0.0
47.0,0.9124126434326172,1.3143452405929565,0.0
47.0,0.9029273986816406,1.3136049509048462,0.0
47.0,0.8968445062637329,1.317765474319458,0.0
47.0,0.8907423615455627,1.3218978643417358,0.0
47.0,0.8835113048553467,1.3243381977081299,0.0
47.0,0.8773789405822754,1.3284088373184204,0.0
47.0,0.8701333403587341,1.3307772874832153,0.0
47.0,0.8639713525772095,1.3347859382629395,0.0
47.0,0.8567119836807251,1.3370821475982666,0.0
47.0,0.8505209684371948,1.3410288095474243,0.0
47.0,0.8443118333816528,1.3449467420578003,0.0
47.0,0.8380845785140991,1.3488359451293945,0.0
47.0,0.8318394422531128,1.3526962995529175,0.0
47.0,0.8255765438079834,1.3565278053283691,0.0
47.0,0.8192960023880005,1.3603302240371704,0.0
47.0,0.8129979372024536,1.3641035556793213,0.0
47.0,0.805666446685791,1.3661249876022339,0.0
47.0,0.7993417382240295,1.3698352575302124,0.0
47.0,0.7929999232292175,1.373516321182251,0.0
47.0,0.7866411805152893,1.3771679401397705,0.0
47.0,0.7802656292915344,1.380790114402771,0.0
47.0,0.7728975415229797,1.3826371431350708,0.0
47.0,0.7664967775344849,1.3861957788467407,0.0
47.0,0.7610393762588501,1.3914793729782104,0.0
47.0,0.7545979619026184,1.3949830532073975,0.0
47.0,0.7481403350830078,1.3984569311141968,0.0
47.0,0.7416667342185974,1.4019010066986084,0.0
47.0,0.7351773381233215,1.4053149223327637,0.0
47.0,0.4851688742637634,0.9379483461380005,0.0
47.0,0.4808272123336792,0.9401814937591553,0.0
47.0,0.4730072617530823,0.9463762640953064,0.0
47.0,0.4686267673969269,0.9485530257225037,0.0
47.0,0.46423622965812683,0.9507095813751221,0.0
47.0,0.45983579754829407,0.9528457522392273,0.0
47.0,0.45370370149612427,0.9513511657714844,0.0
47.0,0.4493004083633423,0.9534386396408081,0.0
47.0,0.443199098110199,0.9518794417381287,0.0
47.0,0.4371218979358673,0.9502844214439392,0.0
47.0,0.4327237010002136,0.9522952437400818,0.0
47.0,0.4274972975254059,0.9524610638618469,0.0
47.0,0.4230891466140747,0.9544273614883423,0.0
47.0,0.41706782579421997,0.9527089595794678,0.0
47.0,0.4126586318016052,0.9546270370483398,0.0
47.0,0.4058854281902313,0.9510063529014587,0.0
47.0,0.4007076323032379,0.9510295987129211,0.0
47.0,0.3963063955307007,0.9528720378875732,0.0
47.0,0.3903777003288269,0.9509938359260559,0.0
47.0,0.38597673177719116,0.9527885317802429,0.0
47.0,0.3800828456878662,0.9508486390113831,0.0
47.0,0.3749488592147827,0.9507350921630859,0.0
47.0,0.3705492615699768,0.9524585008621216,0.0
47.0,0.3654251992702484,0.9522942900657654,0.0
47.0,0.36101847887039185,0.9539735913276672,0.0
47.0,0.35520562529563904,0.9518849849700928,0.0
47.0,0.3494197726249695,0.9497630000114441,0.0
47.0,0.3450249433517456,0.9513683319091797,0.0
47.0,0.33860325813293457,0.9473034739494324,0.0
47.0,0.33421990275382996,0.9488588571548462,0.0
47.0,0.32917362451553345,0.9485043883323669,0.0
47.0,0.3241378664970398,0.9481237530708313,0.0
47.0,0.3197508454322815,0.9496122002601624,0.0
47.0,0.3147275745868683,0.9491820335388184,0.0
47.0,0.31033578515052795,0.9506270289421082,0.0
47.0,0.3053255081176758,0.9501475691795349,0.0
47.0,0.30092936754226685,0.9515490531921387,0.0
47.0,0.29533830285072327,0.9491108059883118,0.0
47.0,0.2903616428375244,0.9485536813735962,0.0
47.0,0.2859730124473572,0.9498860239982605,0.0
47.0,0.28101059794425964,0.9492802619934082,0.0
47.0,0.27661871910095215,0.9505693912506104,0.0
47.0,0.27167096734046936,0.9499151706695557,0.0
47.0,0.2661941647529602,0.9473102688789368,0.0
47.0,0.2618115544319153,0.9485308527946472,0.0
47.0,0.2569001317024231,0.9478007555007935,0.0
47.0,0.2520010471343994,0.9470456838607788,0.0
47.0,0.24761982262134552,0.9482006430625916,0.0
47.0,0.24273689091205597,0.9473978877067566,0.0
47.0,0.23835411667823792,0.9485100507736206,0.0
47.0,0.2334877997636795,0.947659969329834,0.0
47.0,0.2291039228439331,0.948729395866394,0.0
47.0,0.22379417717456818,0.9458858966827393,0.0
47.0,0.21896712481975555,0.9449621438980103,0.0
47.0,0.21459588408470154,0.9459643959999084,0.0
47.0,0.20978659391403198,0.9449939727783203,0.0
47.0,0.2054152935743332,0.9459537863731384,0.0
47.0,0.2006242275238037,0.944936990737915,0.0
47.0,0.19584695994853973,0.9438961744308472,0.0
47.0,0.19148088991641998,0.9447915554046631,0.0
47.0,0.18711072206497192,0.9456667304039001,0.0
47.0,0.18273654580116272,0.9465216994285583,0.0
47.0,0.1779884397983551,0.9453909993171692,0.0
47.0,0.17325468361377716,0.9442366361618042,0.0
47.0,0.16888727247714996,0.9450275301933289,0.0
47.0,0.16451625525951385,0.9457982778549194,0.0
47.0,0.160141721367836,0.9465487599372864,0.0
47.0,0.15543925762176514,0.945305585861206,0.0
47.0,0.1510670930147171,0.9460141062736511,0.0
47.0,0.14638546109199524,0.9447259902954102,0.0
47.0,0.14201606810092926,0.9453927278518677,0.0
47.0,0.13764365017414093,0.9460391998291016,0.0
47.0,0.13298949599266052,0.9446850419044495,0.0
47.0,0.1286204308271408,0.9452897906303406,0.0
47.0,0.12398815900087357,0.9438914060592651,0.0
47.0,0.11962287127971649,0.944454550743103,0.0
47.0,0.11525502800941467,0.9449975490570068,0.0
47.0,0.11065176874399185,0.9435338973999023,0.0
47.0,0.10628827661275864,0.9440353512763977,0.0
47.0,0.10170794278383255,0.942528247833252,0.0
47.0,0.09734919667243958,0.942988395690918,0.0
47.0,0.09298837184906006,0.9434283971786499,0.0
47.0,0.08843857795000076,0.9418569803237915,0.0
47.0,0.08408308029174805,0.9422557950019836,0.0
47.0,0.07972577959299088,0.9426344633102417,0.0
47.0,0.0753667801618576,0.9429929852485657,0.0
47.0,0.0710061639547348,0.9433313608169556,0.0
47.0,0.06664403527975082,0.9436495900154114,0.0
47.0,0.062280476093292236,0.9439476132392883,0.0
47.0,0.05779314786195755,0.9422292709350586,0.0
47.0,0.05343625321984291,0.9424864053726196,0.0
47.0,0.049078214913606644,0.9427233338356018,0.0
47.0,0.04471912980079651,0.9429401755332947,0.0
47.0,0.04035909101366997,0.9431368708610535,0.0
47.0,0.035998184233903885,0.9433133602142334,0.0
47.0,0.03163651004433632,0.943469762802124,0.0
47.0,0.02721637673676014,0.9416067004203796,0.0
47.0,0.022862685844302177,0.9417225122451782,0.0
47.0,0.018508508801460266,0.941818118095398,0.0
47.0,0.014153935015201569,0.9418936371803284,0.0
47.0,0.009799058549106121,0.9419490098953247,0.0
47.0,0.005443972535431385,0.941984236240387,0.0
47.0,0.0010887705720961094,0.9419993162155151,0.0
47.0,-0.0032664549071341753,0.941994309425354,0.0
47.0,-0.007621610537171364,0.9419691562652588,0.0
47.0,-0.011976603418588638,0.9419238567352295,0.0
47.0,-0.01633133925497532,0.9418584108352661,0.0
47.0,-0.020685726776719093,0.9417728185653687,0.0
47.0,-0.0250396728515625,0.9416671395301819,0.0
47.0,-0.029330678284168243,0.939542293548584,0.0
47.0,-0.0336742177605629,0.9393966197967529,0.0
47.0,-0.03809792548418045,0.9412292242050171,0.0
47.0,-0.04244917258620262,0.9410430192947388,0.0
47.0,-0.04679951071739197,0.9408367276191711,0.0
47.0,-0.05114884674549103,0.9406102895736694,0.0
47.0,-0.05549709498882294,0.9403637647628784,0.0
47.0,-0.05984415113925934,0.9400971531867981,0.0
47.0,-0.06418993324041367,0.9398103952407837,0.0
47.0,-0.06853433698415756,0.9395036101341248,0.0
47.0,-0.07303201407194138,0.9411707520484924,0.0
47.0,-0.07738261669874191,0.9408230185508728,0.0
47.0,-0.08173156529664993,0.9404551982879639,0.0
47.0,-0.08607876300811768,0.9400672912597656,0.0
47.0,-0.09042412787675858,0.9396592378616333,0.0
47.0,-0.09476755559444427,0.9392311573028564,0.0
47.0,-0.09931892901659012,0.9407718777656555,0.0
47.0,-0.10366740822792053,0.9403026103973389,0.0
47.0,-0.10801366716623306,0.9398132562637329,0.0
47.0,-0.11235762387514114,0.9393038749694824,0.0
47.0,-0.11669917404651642,0.9387743473052979,0.0
47.0,-0.12103822827339172,0.9382247924804688,0.0
47.0,-0.1253746896982193,0.9376551508903503,0.0
47.0,-0.12998270988464355,0.9390466213226318,0.0
47.0,-0.1343228816986084,0.9384356141090393,0.0
47.0,-0.13866019248962402,0.9378045797348022,0.0
47.0,-0.14359788596630096,0.9411076903343201,0.0
47.0,-0.14794743061065674,0.9404337406158447,0.0
47.0,-0.1522938311100006,0.9397396445274353,0.0
47.0,-0.1563078910112381,0.9370527267456055,0.0
47.0,-0.16063857078552246,0.9363200664520264,0.0
47.0,-0.16531310975551605,0.9375370144844055,0.0
47.0,-0.16964592039585114,0.9367626905441284,0.0
47.0,-0.1743406057357788,0.9379346370697021,0.0
47.0,-0.17867515981197357,0.9371185302734375,0.0
47.0,-0.1837732195854187,0.9402081966400146,0.0
47.0,-0.188510924577713,0.9413095116615295,0.0
47.0,-0.1928609311580658,0.9404278993606567,0.0
47.0,-0.19720681011676788,0.9395262002944946,0.0
47.0,-0.2015484869480133,0.9386043548583984,0.0
47.0,-0.2058858424425125,0.9376624822616577,0.0
47.0,-0.2106567770242691,0.9386520981788635,0.0
47.0,-0.21499426662921906,0.9376680850982666,0.0
47.0,-0.21978312730789185,0.9386113882064819,0.0
47.0,-0.2241203337907791,0.9375852346420288,0.0
47.0,-0.22892671823501587,0.9384820461273193,0.0
47.0,-0.23374615609645844,0.939354419708252,0.0
47.0,-0.23808665573596954,0.9382636547088623,0.0
47.0,-0.24292293190956116,0.9390891790390015,0.0
47.0,-0.24726209044456482,0.9379560351371765,0.0
47.0,-0.2521147131919861,0.9387343525886536,0.0
47.0,-0.25645214319229126,0.9375587105751038,0.0
47.0,-0.26132068037986755,0.9382896423339844,0.0
47.0,-0.2662014365196228,0.9389956593513489,0.0
47.0,-0.27053990960121155,0.9377548694610596,0.0
47.0,-0.2754358649253845,0.9384130239486694,0.0
47.0,-0.2797715663909912,0.937129557132721,0.0
47.0,-0.2846822738647461,0.9377398490905762,0.0
47.0,-0.29019439220428467,0.9402357339859009,0.0
47.0,-0.29453834891319275,0.9388840198516846,0.0
47.0,-0.2994834780693054,0.9394177198410034,0.0
47.0,-0.3038235604763031,0.938023030757904,0.0
47.0,-0.30815714597702026,0.9366083145141602,0.0
47.0,-0.31248414516448975,0.9351736307144165,0.0
47.0,-0.31808966398239136,0.9375067949295044,0.0
47.0,-0.32307204604148865,0.9379170536994934,0.0
47.0,-0.3274049460887909,0.9364133477210999,0.0
47.0,-0.33173084259033203,0.9348896145820618,0.0
47.0,-0.3360496461391449,0.9333459138870239,0.0
47.0,-0.3417336642742157,0.9355394840240479,0.0
47.0,-0.34605535864830017,0.9339494705200195,0.0
47.0,-0.35177677869796753,0.9360839128494263,0.0
47.0,-0.35681307315826416,0.9363163709640503,0.0
47.0,-0.3611381947994232,0.9346566796302795,0.0
47.0,-0.3669145405292511,0.9367015361785889,0.0
47.0,-0.37124133110046387,0.934995174407959,0.0
47.0,-0.37705346941947937,0.9369795322418213,0.0
47.0,-0.3828918933868408,0.9389302134513855,0.0
47.0,-0.3872288167476654,0.9371499419212341,0.0
47.0,-0.39232975244522095,0.9371944665908813,0.0
47.0,-0.3966585695743561,0.9353705644607544,0.0
47.0,-0.40176820755004883,0.9353642463684082,0.0
47.0,-0.4060884416103363,0.9334967732429504,0.0
47.0,-0.41201257705688477,0.9352697730064392,0.0
47.0,-0.41714704036712646,0.9351814985275269,0.0
47.0,-0.42146629095077515,0.9332428574562073,0.0
47.0,-0.4266080856323242,0.9331032037734985,0.0
47.0,-0.4309176206588745,0.9311208724975586,0.0
47.0,-0.4369146525859833,0.9327408671379089,0.0
47.0,-0.4412223994731903,0.9307108521461487,0.0
47.0,-0.4472509026527405,0.9322674870491028,0.0
47.0,-0.45330315828323364,0.9337881207466125,0.0
47.0,-0.45761555433273315,0.9316823482513428,0.0
47.0,-0.4645882546901703,0.9349298477172852,0.0
47.0,-0.46890580654144287,0.9327718615531921,0.0
47.0,-0.4750264286994934,0.9341594576835632,0.0
47.0,-0.4811698794364929,0.9355103373527527,0.0
47.0,-0.48548996448516846,0.9332757592201233,0.0
47.0,-0.4916619658470154,0.9345611333847046,0.0
47.0,-0.4959775507450104,0.9322779774665833,0.0
47.0,-0.5021774768829346,0.9334975481033325,0.0
47.0,-0.506488025188446,0.9311658143997192,0.0
47.0,-1.1163995265960693,1.9650068283081055,0.0
47.0,-1.1254725456237793,1.9598243236541748,0.0
47.0,-1.1345216035842896,1.9545998573303223,0.0
47.0,-1.143546223640442,1.949333667755127,0.0
47.0,-1.1566263437271118,1.9509072303771973,0.0
47.0,-1.1656336784362793,1.945538878440857,0.0
47.0,-1.1787595748901367,1.9469724893569946,0.0
47.0,-1.1877485513687134,1.9415018558502197,0.0
47.0,-1.203021764755249,1.9461971521377563,0.0
47.0,-1.2120068073272705,1.9406143426895142,0.0
47.0,-1.2273696660995483,1.9451384544372559,0.0
47.0,-1.2406500577926636,1.946189045906067,0.0
47.0,-1.2496347427368164,1.9404323101043701,0.0
47.0,-1.265136480331421,1.944692611694336,0.0
47.0,-1.2741140127182007,1.938822627067566,0.0
47.0,-1.2897008657455444,1.9429091215133667,0.0
47.0,-1.3053525686264038,1.9468926191329956,0.0
47.0,-1.3143398761749268,1.9408366680145264,0.0
47.0,-1.3300734758377075,1.9446439743041992,0.0
47.0,-1.3390501737594604,1.9384738206863403,0.0
47.0,-1.3548640012741089,1.9421039819717407,0.0
47.0,-1.3707399368286133,1.9456291198730469,0.0
47.0,-1.379720687866211,1.9392708539962769,0.0
47.0,-1.3956735134124756,1.942616581916809,0.0
47.0,-1.4046399593353271,1.936143159866333,0.0
47.0,-1.420668125152588,1.939308762550354,0.0
47.0,-1.4296190738677979,1.9327197074890137,0.0
47.0,-1.4481137990951538,1.9389086961746216,0.0
47.0,-1.4642876386642456,1.941773772239685,0.0
47.0,-1.4732495546340942,1.9349831342697144,0.0
47.0,-1.4894933700561523,1.9376649856567383,0.0
47.0,-1.4984359741210938,1.930757761001587,0.0
47.0,-1.5147476196289062,1.9332553148269653,0.0
47.0,-1.5211880207061768,1.9230940341949463,0.0
47.0,-1.5300629138946533,1.9160404205322266,0.0
47.0,-1.5288634300231934,1.8964897394180298,0.0
47.0,-1.5376152992248535,1.8894009590148926,0.0
47.0,-1.5285601615905762,1.8606363534927368,0.0
47.0,-1.521825909614563,1.8350754976272583,0.0
47.0,-1.5302939414978027,1.8280199766159058,0.0
47.0,-1.5232385396957397,1.80259370803833,0.0
47.0,-1.531556248664856,1.7955318689346313,0.0
47.0,-1.5215721130371094,1.767213225364685,0.0
47.0,-1.5297263860702515,1.7601594924926758,0.0
47.0,-1.522020936012268,1.7350263595581055,0.0
47.0,-1.516767978668213,1.7129971981048584,0.0
47.0,-1.5246715545654297,1.7059663534164429,0.0
47.0,-1.5191460847854614,1.6840482950210571,0.0
47.0,-1.5269157886505127,1.677006721496582,0.0
47.0,-1.5184133052825928,1.6522581577301025,0.0
47.0,-1.5124350786209106,1.6305570602416992,0.0
47.0,-1.5199575424194336,1.623547077178955,0.0
47.0,-1.5137115716934204,1.6019654273986816,0.0
47.0,-1.5211018323898315,1.5949499607086182,0.0
47.0,-1.5118157863616943,1.570609211921692,0.0
47.0,-1.505124807357788,1.549257755279541,0.0
47.0,-1.512271523475647,1.5422824621200562,0.0
47.0,-1.5053175687789917,1.5210586786270142,0.0
47.0,-1.512333869934082,1.5140827894210815,0.0
47.0,-1.5079585313796997,1.4958065748214722,0.0
47.0,-1.5148580074310303,1.4888187646865845,0.0
47.0,-1.5073963403701782,1.4678462743759155,0.0
47.0,-1.4997735023498535,1.446974754333496,0.0
47.0,-1.5064473152160645,1.4400253295898438,0.0
47.0,-1.5014722347259521,1.422042727470398,0.0
47.0,-1.5080307722091675,1.4150856733322144,0.0
47.0,-1.5028390884399414,1.397204041481018,0.0
47.0,-1.4975144863128662,1.3794007301330566,0.0
47.0,-1.503875970840454,1.3724623918533325,0.0
47.0,-1.4998208284378052,1.3561054468154907,0.0
47.0,-1.495646595954895,1.3398152589797974,0.0
47.0,-1.5018250942230225,1.332885980606079,0.0
47.0,-1.4944539070129395,1.3140424489974976,0.0
47.0,-1.5005131959915161,1.3071190118789673,0.0
47.0,-1.4944275617599487,1.289713978767395,0.0
47.0,-1.500374436378479,1.2827908992767334,0.0
47.0,-1.497132420539856,1.2680845260620117,0.0
47.0,-1.492254614830017,1.2521501779556274,0.0
47.0,-1.4980278015136719,1.2452374696731567,0.0
47.0,-1.4929616451263428,1.2293988466262817,0.0
47.0,-1.4986296892166138,1.2224831581115723,0.0
47.0,-1.49337637424469,1.2067421674728394,0.0
47.0,-1.4895713329315186,1.1923259496688843,0.0
47.0,-1.4950679540634155,1.1854263544082642,0.0
47.0,-1.4895225763320923,1.1698541641235352,0.0
47.0,-1.494915246963501,1.1629550457000732,0.0
47.0,-1.4891862869262695,1.1474859714508057,0.0
47.0,-1.4849364757537842,1.1333082914352417,0.0
47.0,-1.490160346031189,1.1264307498931885,0.0
47.0,-1.484145164489746,1.1111387014389038,0.0
47.0,-1.4892665147781372,1.1042649745941162,0.0
47.0,-1.4830718040466309,1.0890812873840332,0.0
47.0,-1.4800037145614624,1.076331377029419,0.0
47.0,-1.4849642515182495,1.0694772005081177,0.0
47.0,-1.4817514419555664,1.0567936897277832,0.0
47.0,-1.4866214990615845,1.0499316453933716,0.0
47.0,-1.481626033782959,1.0361700057983398,0.0
47.0,-1.4864007234573364,1.029308795928955,0.0
47.0,-1.482896327972412,1.016770601272583,0.0
47.0,-1.4793078899383545,1.0042870044708252,0.0
47.0,-1.4839352369308472,0.9974368214607239,0.0
47.0,-1.4785407781600952,0.9839172959327698,0.0
47.0,-1.4830739498138428,0.9770709276199341,0.0
47.0,-1.4775242805480957,0.9636483192443848,0.0
47.0,-1.4752428531646729,0.9524675607681274,0.0
47.0,-1.479630708694458,0.9456368088722229,0.0
47.0,-1.4738457202911377,0.9323703646659851,0.0
47.0,-1.4696651697158813,0.920239269733429,0.0
47.0,-1.473904013633728,0.913434624671936,0.0
47.0,-1.4712920188903809,0.9024276733398438,0.0
47.0,-1.475448489189148,0.8956156969070435,0.0
47.0,-1.4710012674331665,0.8836352229118347,0.0
47.0,-1.4750709533691406,0.8768247961997986,0.0
47.0,-1.4722133874893188,0.8659396767616272,0.0
47.0,-1.4692870378494263,0.8550998568534851,0.0
47.0,-1.4732247591018677,0.848297655582428,0.0
47.0,-1.470179796218872,0.8375174403190613,0.0
47.0,-1.4740362167358398,0.830711305141449,0.0
47.0,-1.4708735942840576,0.819991946220398,0.0
47.0,-1.4693949222564697,0.8102854490280151,0.0
47.0,-1.4731254577636719,0.8034831881523132,0.0
47.0,-1.468023419380188,0.7919161319732666,0.0
47.0,-1.47166907787323,0.78512042760849,0.0
47.0,-1.4664386510849,0.7736418843269348,0.0
47.0,-1.462906837463379,0.7631535530090332,0.0
47.0,-1.4664195775985718,0.7563818097114563,0.0
47.0,-1.4627741575241089,0.7459595203399658,0.0
47.0,-1.4662073850631714,0.7391886115074158,0.0
47.0,-1.464239239692688,0.7297256588935852,0.0
47.0,-1.460420846939087,0.7194129824638367,0.0
47.0,-1.4637314081192017,0.7126532196998596,0.0
47.0,-1.4598016738891602,0.7024095058441162,0.0
47.0,-1.4630335569381714,0.6956527829170227,0.0
47.0,-1.4608036279678345,0.6863297820091248,0.0
47.0,-1.4639612436294556,0.6795685887336731,0.0
47.0,-1.4616336822509766,0.6702918410301208,0.0
47.0,-1.4592516422271729,0.6610511541366577,0.0
47.0,-1.4622923135757446,0.654297411441803,0.0
47.0,-1.4598137140274048,0.6451044678688049,0.0
47.0,-1.4627807140350342,0.6383483409881592,0.0
47.0,-1.4602062702178955,0.6292042136192322,0.0
47.0,-1.4575785398483276,0.6200975179672241,0.0
47.0,-1.4604299068450928,0.6133519411087036,0.0
47.0,-1.4558597803115845,0.603529691696167,0.0
47.0,-1.458634614944458,0.5967922806739807,0.0
47.0,-1.4558147192001343,0.5877957344055176,0.0
47.0,-1.4510847330093384,0.5780978798866272,0.0
47.0,-1.4537420272827148,0.5713827610015869,0.0
47.0,-1.4526386260986328,0.5632094740867615,0.0
47.0,-1.455227017402649,0.5564873814582825,0.0
47.0,-1.4540417194366455,0.5483419299125671,0.0
47.0,-1.4565613269805908,0.5416135191917419,0.0
47.0,-1.453416347503662,0.5328083634376526,0.0
47.0,-1.4521023035049438,0.5247235894203186,0.0
47.0,-1.4545128345489502,0.5180043578147888,0.0
47.0,-1.4512306451797485,0.5092872381210327,0.0
47.0,-1.453569769859314,0.502572238445282,0.0
47.0,-1.4501981735229492,0.49391207098960876,0.0
47.0,-1.448673963546753,0.485929936170578,0.0
47.0,-1.4509050846099854,0.4792269766330719,0.0
47.0,-1.4473992586135864,0.4706583619117737,0.0
47.0,-1.4495598077774048,0.4639614522457123,0.0
47.0,-1.4478741884231567,0.4560529291629791,0.0
47.0,-1.444236159324646,0.44757789373397827,0.0
47.0,-1.4462900161743164,0.44089585542678833,0.0
47.0,-1.4444814920425415,0.43305572867393494,0.0
47.0,-1.4464682340621948,0.4263727366924286,0.0
47.0,-1.4445819854736328,0.41856738924980164,0.0
47.0,-1.4426547288894653,0.4107886552810669,0.0
47.0,-1.4445385932922363,0.40411433577537537,0.0
47.0,-1.4425344467163086,0.3963715732097626,0.0
47.0,-1.4443516731262207,0.38969796895980835,0.0
47.0,-1.4422712326049805,0.3819918930530548,0.0
47.0,-1.440150499343872,0.37431344389915466,0.0
47.0,-1.4418656826019287,0.367651104927063,0.0
47.0,-1.4396694898605347,0.3600104749202728,0.0
47.0,-1.4413186311721802,0.35335052013397217,0.0
47.0,-1.4409922361373901,0.34621575474739075,0.0
47.0,-1.4425774812698364,0.33954980969429016,0.0
47.0,-1.4421831369400024,0.33242738246917725,0.0
47.0,-1.439802646636963,0.3248756527900696,0.0
47.0,-1.4412893056869507,0.31821542978286743,0.0
47.0,-1.436880350112915,0.31028199195861816,0.0
47.0,-1.438299536705017,0.3036354184150696,0.0
47.0,-1.4377292394638062,0.2965783476829529,0.0
47.0,-1.4371243715286255,0.28953298926353455,0.0
47.0,-1.4384477138519287,0.2828855514526367,0.0
47.0,-1.4358118772506714,0.275478333234787,0.0
47.0,-1.4370701313018799,0.2688370943069458,0.0
47.0,-1.4363301992416382,0.26183146238327026,0.0
47.0,-1.4355560541152954,0.25483837723731995,0.0
47.0,-1.4367189407348633,0.24819853901863098,0.0
47.0,-1.4358787536621094,0.2412220537662506,0.0
47.0,-1.4369786977767944,0.2345808744430542,0.0
47.0,-1.4340972900390625,0.2273084968328476,0.0
47.0,-1.4351328611373901,0.22067570686340332,0.0
47.0,-1.4341596364974976,0.21374337375164032,0.0
47.0,-1.4311734437942505,0.2065390944480896,0.0
47.0,-1.4321130514144897,0.19992002844810486,0.0
47.0,-1.4310400485992432,0.19302935898303986,0.0
47.0,-1.429934024810791,0.1861528754234314,0.0
47.0,-1.4307793378829956,0.1795397698879242,0.0
47.0,-1.4296085834503174,0.172682985663414,0.0
47.0,-1.4303916692733765,0.16607153415679932,0.0
47.0,-1.4311442375183105,0.1594565212726593,0.0
47.0,-1.43186616897583,0.1528381109237671,0.0
47.0,-1.430567741394043,0.14601333439350128,0.0
47.0,-1.4292370080947876,0.13920384645462036,0.0
47.0,-1.4298652410507202,0.13259446620941162,0.0
47.0,-1.4284707307815552,0.1258067935705185,0.0
47.0,-1.429037094116211,0.11920109391212463,0.0
47.0,-1.4295729398727417,0.11259284615516663,0.0
47.0,-1.4280837774276733,0.10583438724279404,0.0
47.0,-1.4285577535629272,0.09923069179058075,0.0
47.0,-1.427005410194397,0.09249550849199295,0.0
47.0,-1.4274177551269531,0.08589693903923035,0.0
47.0,-1.4258028268814087,0.07918563485145569,0.0
47.0,-1.4241563081741333,0.0724911019206047,0.0
47.0,-1.424476146697998,0.06590592116117477,0.0
47.0,-1.424765706062317,0.05931933596730232,0.0
47.0,-1.4250247478485107,0.0527314767241478,0.0
47.0,-1.4252532720565796,0.046142496168613434,0.0
47.0,-1.425451397895813,0.03955252468585968,0.0
47.0,-1.4236195087432861,0.03291548043489456,0.0
47.0,-1.4217568635940552,0.0262962207198143,0.0
47.0,-1.421863317489624,0.019722629338502884,0.0
47.0,-1.4219392538070679,0.013148615136742592,0.0
47.0,-1.4219849109649658,0.006574319209903479,0.0
47.0,-1.4220000505447388,-1.1636915075996512e-07,0.0
48.0,-1.4220000505447388,1.2431519280653447e-07,0.0
48.0,-1.4199848175048828,-0.006565064657479525,0.0
48.0,-1.4199392795562744,-0.013130112551152706,0.0
48.0,-1.4198633432388306,-0.01969487965106964,0.0
48.0,-1.4197571277618408,-0.026259226724505424,0.0
48.0,-1.4196205139160156,-0.03282301127910614,0.0
48.0,-1.4194536209106445,-0.039386097341775894,0.0
48.0,-1.419256329536438,-0.0459483377635479,0.0
48.0,-1.4210275411605835,-0.05258355662226677,0.0
48.0,-1.420769214630127,-0.059152934700250626,0.0
48.0,-1.420480489730835,-0.0657210499048233,0.0
48.0,-1.420161485671997,-0.07228775322437286,0.0
48.0,-1.4198120832443237,-0.07885292172431946,0.0
48.0,-1.4194324016571045,-0.08541639894247055,0.0
48.0,-1.4190223217010498,-0.0919780507683754,0.0
48.0,-1.4185818433761597,-0.09853773564100266,0.0
48.0,-1.4201055765151978,-0.10524312406778336,0.0
48.0,-1.4196038246154785,-0.1118076741695404,0.0
48.0,-1.4190717935562134,-0.11836984008550644,0.0
48.0,-1.4185093641281128,-0.12492947280406952,0.0
48.0,-1.4179165363311768,-0.1314864307641983,0.0
48.0,-1.4172935485839844,-0.13804058730602264,0.0
48.0,-1.4166401624679565,-0.1445917785167694,0.0
48.0,-1.417945146560669,-0.1513521671295166,0.0
48.0,-1.417230248451233,-0.15790623426437378,0.0
48.0,-1.416485071182251,-0.16445693373680115,0.0
48.0,-1.4157096147537231,-0.17100411653518677,0.0
48.0,-1.4149038791656494,-0.1775476336479187,0.0
48.0,-1.4140678644180298,-0.1840873658657074,0.0
48.0,-1.4132015705108643,-0.19062316417694092,0.0
48.0,-1.4142858982086182,-0.19743138551712036,0.0
48.0,-1.4153375625610352,-0.20425371825695038,0.0
48.0,-1.414378046989441,-0.21079516410827637,0.0
48.0,-1.415365219116211,-0.2176360934972763,0.0
48.0,-1.4143438339233398,-0.2241775244474411,0.0
48.0,-1.4152661561965942,-0.23103637993335724,0.0
48.0,-1.4141827821731567,-0.23757721483707428,0.0
48.0,-1.4130693674087524,-0.24411296844482422,0.0
48.0,-1.413894772529602,-0.2509930729866028,0.0
48.0,-1.4127192497253418,-0.25752735137939453,0.0
48.0,-1.4134793281555176,-0.2644239068031311,0.0
48.0,-1.4122416973114014,-0.2709560990333557,0.0
48.0,-1.4129364490509033,-0.27786847949028015,0.0
48.0,-1.4116365909576416,-0.28439804911613464,0.0
48.0,-1.410306692123413,-0.29092150926589966,0.0
48.0,-1.4109033346176147,-0.29785189032554626,0.0
48.0,-1.4095112085342407,-0.30437183380126953,0.0
48.0,-1.4100419282913208,-0.31131646037101746,0.0
48.0,-1.4105384349822998,-0.31827250123023987,0.0
48.0,-1.409051775932312,-0.3247905373573303,0.0
48.0,-1.4114288091659546,-0.33221811056137085,0.0
48.0,-1.4098777770996094,-0.33874011039733887,0.0
48.0,-1.4102389812469482,-0.34573110938072205,0.0
48.0,-1.4086254835128784,-0.3522474765777588,0.0
48.0,-1.4089198112487793,-0.3592504560947418,0.0
48.0,-1.409179449081421,-0.36626365780830383,0.0
48.0,-1.4074710607528687,-0.3727749288082123,0.0
48.0,-1.4095945358276367,-0.3803201913833618,0.0
48.0,-1.4078210592269897,-0.38683319091796875,0.0
48.0,-1.406017541885376,-0.3933379352092743,0.0
48.0,-1.4061075448989868,-0.40038201212882996,0.0
48.0,-1.4042413234710693,-0.40687867999076843,0.0
48.0,-1.4081003665924072,-0.41506311297416687,0.0
48.0,-1.4061663150787354,-0.4215688407421112,0.0
48.0,-1.4061152935028076,-0.42864876985549927,0.0
48.0,-1.404118537902832,-0.43514516949653625,0.0
48.0,-1.4059067964553833,-0.4428339898586273,0.0
48.0,-1.407654047012329,-0.4505486488342285,0.0
48.0,-1.4055559635162354,-0.45705196261405945,0.0
48.0,-1.4034278392791748,-0.46354547142982483,0.0
48.0,-1.4012696743011475,-0.4700290858745575,0.0
48.0,-1.4028680324554443,-0.47779223322868347,0.0
48.0,-1.4063146114349365,-0.48623374104499817,0.0
48.0,-1.4040515422821045,-0.4927304685115814,0.0
48.0,-1.4036425352096558,-0.499887615442276,0.0
48.0,-1.4013164043426514,-0.5063718557357788,0.0
48.0,-1.402715802192688,-0.5142219662666321,0.0
48.0,-1.4003233909606934,-0.5207017660140991,0.0
48.0,-1.4016437530517578,-0.5285818576812744,0.0
48.0,-1.4029210805892944,-0.5364852547645569,0.0
48.0,-1.400425672531128,-0.5429657697677612,0.0
48.0,-1.401623249053955,-0.5508978962898254,0.0
48.0,-1.3990612030029297,-0.5573722124099731,0.0
48.0,-1.4001784324645996,-0.5653321743011475,0.0
48.0,-1.4031028747558594,-0.5740717649459839,0.0
48.0,-1.4004337787628174,-0.5805526971817017,0.0
48.0,-1.4014226198196411,-0.5885700583457947,0.0
48.0,-1.398686408996582,-0.5950430631637573,0.0
48.0,-1.3995939493179321,-0.6030862927436829,0.0
48.0,-1.396790623664856,-0.6095506548881531,0.0
48.0,-1.3976161479949951,-0.6176188588142395,0.0
48.0,-1.4002225399017334,-0.6265245079994202,0.0
48.0,-1.3973109722137451,-0.6329915523529053,0.0
48.0,-1.3980052471160889,-0.6411124467849731,0.0
48.0,-1.3950262069702148,-0.6475691199302673,0.0
48.0,-1.397447943687439,-0.6565633416175842,0.0
48.0,-1.394397497177124,-0.663017213344574,0.0
48.0,-1.396723747253418,-0.6720584630966187,0.0
48.0,-1.3989962339401245,-0.681135356426239,0.0
48.0,-1.3958321809768677,-0.6875961422920227,0.0
48.0,-1.3980083465576172,-0.6967185139656067,0.0
48.0,-1.3947722911834717,-0.7031745910644531,0.0
48.0,-1.3968513011932373,-0.7123413681983948,0.0
48.0,-1.3988754749298096,-0.7215424180030823,0.0
48.0,-1.395524501800537,-0.7280022501945496,0.0
48.0,-1.397450566291809,-0.7372461557388306,0.0
48.0,-1.3940271139144897,-0.7436992526054382,0.0
48.0,-1.3958543539047241,-0.7529850006103516,0.0
48.0,-1.3923581838607788,-0.759430468082428,0.0
48.0,-1.394086241722107,-0.7687571048736572,0.0
48.0,-1.395757794380188,-0.7781158685684204,0.0
48.0,-1.3921453952789307,-0.7845606803894043,0.0
48.0,-1.3937164545059204,-0.7939585447311401,0.0
48.0,-1.390030860900879,-0.8003937602043152,0.0
48.0,-1.3915011882781982,-0.809829831123352,0.0
48.0,-1.3946378231048584,-0.8203105330467224,0.0
48.0,-1.3908302783966064,-0.8267497420310974,0.0
48.0,-1.3938509225845337,-0.8372907042503357,0.0
48.0,-1.3899649381637573,-0.8437260985374451,0.0
48.0,-1.3894588947296143,-0.8522347211837769,0.0
48.0,-1.3940038681030273,-0.8639174103736877,0.0
48.0,-1.389994740486145,-0.8703531622886658,0.0
48.0,-1.392716646194458,-0.881047248840332,0.0
48.0,-1.388628363609314,-0.8874768614768982,0.0
48.0,-1.3895511627197266,-0.8971419930458069,0.0
48.0,-1.3853884935379028,-0.9035568237304688,0.0
48.0,-1.3912168741226196,-0.9165541529655457,0.0
48.0,-1.3936245441436768,-0.9274085164070129,0.0
48.0,-1.3893219232559204,-0.9338418841362,0.0
48.0,-1.391608476638794,-0.9447486996650696,0.0
48.0,-1.38722562789917,-0.9511725306510925,0.0
48.0,-1.3910343647003174,-0.9632691144943237,0.0
48.0,-1.3865660429000854,-0.9696900844573975,0.0
48.0,-1.3886024951934814,-0.9807054400444031,0.0
48.0,-1.3889384269714355,-0.9905988574028015,0.0
48.0,-1.3843436241149902,-0.9970098733901978,0.0
48.0,-1.3861892223358154,-1.0081048011779785,0.0
48.0,-1.3815135955810547,-1.0145028829574585,0.0
48.0,-1.3896608352661133,-1.0304090976715088,0.0
48.0,-1.3832809925079346,-1.035624384880066,0.0
48.0,-1.3784780502319336,-1.0420087575912476,0.0
48.0,-1.3561571836471558,-1.0350234508514404,0.0
48.0,-1.351357340812683,-1.0412824153900146,0.0
48.0,-1.3307429552078247,-1.0352387428283691,0.0
48.0,-1.3259423971176147,-1.0413801670074463,0.0
48.0,-1.3101434707641602,-1.0388013124465942,0.0
48.0,-1.2928354740142822,-1.034848928451538,0.0
48.0,-1.2880371809005737,-1.0408151149749756,0.0
48.0,-1.2692633867263794,-1.0353813171386719,0.0
48.0,-1.252111554145813,-1.0310676097869873,0.0
48.0,-1.247331142425537,-1.0368455648422241,0.0
48.0,-1.2302674055099487,-1.03231680393219,0.0
48.0,-1.2254815101623535,-1.0379937887191772,0.0
48.0,-1.2100284099578857,-1.0345507860183716,0.0
48.0,-1.2052323818206787,-1.040134072303772,0.0
48.0,-1.1898541450500488,-1.0364993810653687,0.0
48.0,-1.1730337142944336,-1.0314242839813232,0.0
48.0,-1.1682524681091309,-1.0368366241455078,0.0
48.0,-1.1515288352966309,-1.0315510034561157,0.0
48.0,-1.1467472314834595,-1.036863923072815,0.0
48.0,-1.1345547437667847,-1.0354137420654297,0.0
48.0,-1.1194581985473633,-1.031162977218628,0.0
48.0,-1.1146788597106934,-1.036327600479126,0.0
48.0,-1.0996664762496948,-1.0318902730941772,0.0
48.0,-1.094883918762207,-1.0369634628295898,0.0
48.0,-1.0814036130905151,-1.0337225198745728,0.0
48.0,-1.0679768323898315,-1.030379295349121,0.0
48.0,-1.0632015466690063,-1.0353058576583862,0.0
48.0,-1.0498450994491577,-1.031799077987671,0.0
48.0,-1.0450634956359863,-1.0366418361663818,0.0
48.0,-1.0303657054901123,-1.0315572023391724,0.0
48.0,-1.018551230430603,-1.0292022228240967,0.0
48.0,-1.013782024383545,-1.0339003801345825,0.0
48.0,-1.0034165382385254,-1.0328384637832642,0.0
48.0,-0.9986306428909302,-1.0374666452407837,0.0
48.0,-0.9869217872619629,-1.0348358154296875,0.0
48.0,-0.973885178565979,-1.030665636062622,0.0
48.0,-0.9691095948219299,-1.0351572036743164,0.0
48.0,-0.9561527371406555,-1.030828833580017,0.0
48.0,-0.9513766169548035,-1.0352383852005005,0.0
48.0,-0.938501238822937,-1.0307528972625732,0.0
48.0,-0.9270274639129639,-1.0276556015014648,0.0
48.0,-0.9222663044929504,-1.0319305658340454,0.0
48.0,-0.9108561873435974,-1.0286966562271118,0.0
48.0,-0.9060904383659363,-1.032896876335144,0.0
48.0,-0.8947455883026123,-1.029527187347412,0.0
48.0,-0.884756326675415,-1.0275903940200806,0.0
48.0,-0.8799959421157837,-1.0316699743270874,0.0
48.0,-0.870053231716156,-1.029617190361023,0.0
48.0,-0.8652836680412292,-1.0336287021636963,0.0
48.0,-0.8541120886802673,-1.0299206972122192,0.0
48.0,-0.844262957572937,-1.027677059173584,0.0
48.0,-0.8395025730133057,-1.031569480895996,0.0
48.0,-0.8284481763839722,-1.0276545286178589,0.0
48.0,-0.8236880898475647,-1.0314737558364868,0.0
48.0,-0.8151880502700806,-1.0305651426315308,0.0
48.0,-0.8104146718978882,-1.03432297706604,0.0
48.0,-0.8007190823554993,-1.0317387580871582,0.0
48.0,-0.789845883846283,-1.0275015830993652,0.0
48.0,-0.7850869297981262,-1.0311423540115356,0.0
48.0,-0.7766985893249512,-1.0299705266952515,0.0
48.0,-0.7719283699989319,-1.0335503816604614,0.0
48.0,-0.7623841762542725,-1.0306766033172607,0.0
48.0,-0.7517012357711792,-1.0261234045028687,0.0
48.0,-0.7469490170478821,-1.029587745666504,0.0
48.0,-0.7386800646781921,-1.0281574726104736,0.0
48.0,-0.7339186072349548,-1.0315617322921753,0.0
48.0,-0.7256858348846436,-1.030038833618164,0.0
48.0,-0.716338574886322,-1.0268218517303467,0.0
48.0,-0.7115834951400757,-1.0301227569580078,0.0
48.0,-0.7022968530654907,-1.0267983675003052,0.0
48.0,-0.697542130947113,-1.0300344228744507,0.0
48.0,-0.6894311308860779,-1.0282649993896484,0.0
48.0,-0.6813514232635498,-1.026442527770996,0.0
48.0,-0.6765984892845154,-1.0295816659927368,0.0
48.0,-0.668559193611145,-1.0276694297790527,0.0
48.0,-0.6638007760047913,-1.0307494401931763,0.0
48.0,-0.6547278165817261,-1.0270615816116333,0.0
48.0,-0.6467704772949219,-1.025003433227539,0.0
48.0,-0.642024576663971,-1.0279827117919922,0.0
48.0,-0.6351617574691772,-1.0275375843048096,0.0
48.0,-0.6304042935371399,-1.0304630994796753,0.0
48.0,-0.6225259304046631,-1.0282341241836548,0.0
48.0,-0.6146816611289978,-1.0259543657302856,0.0
48.0,-0.6099317073822021,-1.0287853479385376,0.0
48.0,-0.6021327972412109,-1.0264191627502441,0.0
48.0,-0.5973808765411377,-1.0291920900344849,0.0
48.0,-0.5896281599998474,-1.0267398357391357,0.0
48.0,-0.5848748087882996,-1.0294549465179443,0.0
48.0,-0.5771692395210266,-1.0269174575805664,0.0
48.0,-0.5704716444015503,-1.0260790586471558,0.0
48.0,-0.5657215714454651,-1.0287055969238281,0.0
48.0,-0.5580925345420837,-1.0260393619537354,0.0
48.0,-0.5505002737045288,-1.0233246088027954,0.0
48.0,-0.5457631349563599,-1.0258588790893555,0.0
48.0,-0.5391520857810974,-1.0248311758041382,0.0
48.0,-0.5344080924987793,-1.027312994003296,0.0
48.0,-0.5278232097625732,-1.0262157917022705,0.0
48.0,-0.5230730175971985,-1.0286450386047363,0.0
48.0,-0.5156167149543762,-1.0256916284561157,0.0
48.0,-0.5090890526771545,-1.0244824886322021,0.0
48.0,-0.5043470859527588,-1.0268253087997437,0.0
48.0,-0.49784740805625916,-1.0255476236343384,0.0
48.0,-0.4931006133556366,-1.0278383493423462,0.0
48.0,-0.4857729971408844,-1.0246855020523071,0.0
48.0,-0.47848519682884216,-1.0214871168136597,0.0
48.0,-0.47375738620758057,-1.0236884355545044,0.0
48.0,-0.46735620498657227,-1.0222299098968506,0.0
48.0,-0.46262505650520325,-1.0243797302246094,0.0
48.0,-0.4570693075656891,-1.0246812105178833,0.0
48.0,-0.4507143795490265,-1.023123025894165,0.0
48.0,-0.4459792673587799,-1.025195837020874,0.0
48.0,-0.43965595960617065,-1.023571491241455,0.0
48.0,-0.43491891026496887,-1.0255931615829468,0.0
48.0,-0.42862799763679504,-1.0239033699035645,0.0
48.0,-0.42236196994781494,-1.0221772193908691,0.0
48.0,-0.4176315367221832,-1.0241190195083618,0.0
48.0,-0.41139891743659973,-1.0223281383514404,0.0
48.0,-0.40666791796684265,-1.024219274520874,0.0
48.0,-0.4011988043785095,-1.0242263078689575,0.0
48.0,-0.3964591324329376,-1.026070237159729,0.0
48.0,-0.3909987807273865,-1.0260233879089355,0.0
48.0,-0.38554733991622925,-1.02594792842865,0.0
48.0,-0.38079988956451416,-1.027719497680664,0.0
48.0,-0.37535807490348816,-1.0275905132293701,0.0
48.0,-0.37060314416885376,-1.0293149948120117,0.0
48.0,-0.36584025621414185,-1.0310174226760864,0.0
48.0,-0.3604094982147217,-1.0308098793029785,0.0
48.0,-0.35563981533050537,-1.0324652194976807,0.0
48.0,-0.3495773673057556,-1.0303105115890503,0.0
48.0,-0.3448100984096527,-1.0319157838821411,0.0
48.0,-0.3387853503227234,-1.0296992063522339,0.0
48.0,-0.33402103185653687,-1.031254529953003,0.0
48.0,-0.3286421298980713,-1.0308823585510254,0.0
48.0,-0.3226751387119293,-1.0285741090774536,0.0
48.0,-0.31791621446609497,-1.0300549268722534,0.0
48.0,-0.3125694990158081,-1.0296000242233276,0.0
48.0,-0.3078059256076813,-1.0310341119766235,0.0
48.0,-0.3024725317955017,-1.0305272340774536,0.0
48.0,-0.29659605026245117,-1.028071403503418,0.0
48.0,-0.29183971881866455,-1.029431700706482,0.0
48.0,-0.28654053807258606,-1.0288432836532593,0.0
48.0,-0.28125306963920593,-1.0282279253005981,0.0
48.0,-0.27649617195129395,-1.0295172929763794,0.0
48.0,-0.2712235748767853,-1.0288506746292114,0.0
48.0,-0.26646390557289124,-1.0300936698913574,0.0
48.0,-0.26071470975875854,-1.027437448501587,0.0
48.0,-0.25596168637275696,-1.0286318063735962,0.0
48.0,-0.2507292628288269,-1.02786123752594,0.0
48.0,-0.24550941586494446,-1.027064323425293,0.0
48.0,-0.2407582849264145,-1.0281884670257568,0.0
48.0,-0.23555505275726318,-1.0273411273956299,0.0
48.0,-0.2308027595281601,-1.0284192562103271,0.0
48.0,-0.22604551911354065,-1.0294753313064575,0.0
48.0,-0.22086356580257416,-1.028554081916809,0.0
48.0,-0.21610581874847412,-1.0295641422271729,0.0
48.0,-0.21053984761238098,-1.0266337394714355,0.0
48.0,-0.20579108595848083,-1.0275962352752686,0.0
48.0,-0.2010379284620285,-1.0285366773605347,0.0
48.0,-0.19628047943115234,-1.0294551849365234,0.0
48.0,-0.19078783690929413,-1.0264190435409546,0.0
48.0,-0.18568389117717743,-1.0253221988677979,0.0
48.0,-0.18094146251678467,-1.026169776916504,0.0
48.0,-0.17585696280002594,-1.0250240564346313,0.0
48.0,-0.17111600935459137,-1.025826096534729,0.0
48.0,-0.1660514622926712,-1.0246320962905884,0.0
48.0,-0.16131243109703064,-1.0253888368606567,0.0
48.0,-0.1565699577331543,-1.0261236429214478,0.0
48.0,-0.1512390822172165,-1.022879719734192,0.0
48.0,-0.14650830626487732,-1.0235679149627686,0.0
48.0,-0.14177440106868744,-1.024234414100647,0.0
48.0,-0.13677239418029785,-1.0228965282440186,0.0
48.0,-0.13204170763492584,-1.0235178470611572,0.0
48.0,-0.12706147134304047,-1.0221327543258667,0.0
48.0,-0.12233441323041916,-1.0227092504501343,0.0
48.0,-0.11760473996400833,-1.023263931274414,0.0
48.0,-0.11287254840135574,-1.0237966775894165,0.0
48.0,-0.10813795030117035,-1.0243076086044312,0.0
48.0,-0.103200264275074,-1.0228067636489868,0.0
48.0,-0.09847034513950348,-1.02327299118042,0.0
48.0,-0.09373831748962402,-1.0237172842025757,0.0
48.0,-0.08900429308414459,-1.0241397619247437,0.0
48.0,-0.08410441875457764,-1.0225470066070557,0.0
48.0,-0.07937590032815933,-1.0229250192642212,0.0
48.0,-0.07464569061994553,-1.0232809782028198,0.0
48.0,-0.06991388648748398,-1.0236152410507202,0.0
48.0,-0.06518058478832245,-1.0239274501800537,0.0
48.0,-0.06032806262373924,-1.0222214460372925,0.0
48.0,-0.05560130625963211,-1.0224894285202026,0.0
48.0,-0.05087336152791977,-1.022735595703125,0.0
48.0,-0.046144332736730576,-1.02295982837677,0.0
48.0,-0.04141431301832199,-1.0231622457504272,0.0
48.0,-0.03668341040611267,-1.0233427286148071,0.0
48.0,-0.031951725482940674,-1.0235013961791992,0.0
48.0,-0.02721935510635376,-1.0236382484436035,0.0
48.0,-0.02244248241186142,-1.0217535495758057,0.0
48.0,-0.017718294635415077,-1.0218462944030762,0.0
48.0,-0.012993729673326015,-1.0219173431396484,0.0
48.0,-0.008268886245787144,-1.0219664573669434,0.0
48.0,-0.0035508018918335438,-1.0239938497543335,0.0
48.0,0.0011835411423817277,-1.0239993333816528,0.0
48.0,0.005917858798056841,-1.0239830017089844,0.0
48.0,0.010631244629621506,-1.0219446420669556,0.0
48.0,0.01535596139729023,-1.021884560585022,0.0
48.0,0.02008035033941269,-1.0218026638031006,0.0
48.0,0.024804310873150826,-1.0216989517211914,0.0
48.0,0.029527738690376282,-1.0215733051300049,0.0
48.0,0.03425053879618645,-1.0214258432388306,0.0
48.0,0.038972605019807816,-1.0212565660476685,0.0
48.0,0.04369383677840233,-1.0210654735565186,0.0
48.0,0.048414137214422226,-1.0208525657653809,0.0
48.0,0.05313339829444885,-1.0206178426742554,0.0
48.0,0.05785152688622475,-1.020361304283142,0.0
48.0,0.06256841868162155,-1.0200828313827515,0.0
48.0,0.06741565465927124,-1.0217784643173218,0.0
48.0,0.07213899493217468,-1.0214558839797974,0.0
48.0,0.07686079293489456,-1.0211113691329956,0.0
48.0,0.08158095180988312,-1.0207451581954956,0.0
48.0,0.0862993597984314,-1.0203570127487183,0.0
48.0,0.09101593494415283,-1.0199471712112427,0.0
48.0,0.09573055803775787,-1.0195153951644897,0.0
48.0,0.10044313222169876,-1.0190619230270386,0.0
48.0,0.10515356063842773,-1.0185866355895996,0.0
48.0,0.10986173897981644,-1.0180896520614624,0.0
48.0,0.11479133367538452,-1.0195581912994385,0.0
48.0,0.11950390785932541,-1.0190166234970093,0.0
48.0,0.12421392649412155,-1.0184532403945923,0.0
48.0,0.1289212852716446,-1.0178680419921875,0.0
48.0,0.13362589478492737,-1.0172611474990845,0.0
48.0,0.1385972797870636,-1.0186141729354858,0.0
48.0,0.1433052271604538,-1.0179624557495117,0.0
48.0,0.14801011979579926,-1.0172890424728394,0.0
48.0,0.15271183848381042,-1.0165938138961792,0.0
48.0,0.1577165424823761,-1.0178533792495728,0.0
48.0,0.16242077946662903,-1.0171133279800415,0.0
48.0,0.1671215295791626,-1.0163514614105225,0.0
48.0,0.17181871831417084,-1.0155678987503052,0.0
48.0,0.1765122264623642,-1.0147627592086792,0.0
48.0,0.1812019646167755,-1.0139358043670654,0.0
48.0,0.18588782846927643,-1.0130871534347534,0.0
48.0,0.1909397542476654,-1.0141823291778564,0.0
48.0,0.19600580632686615,-1.0152525901794434,0.0
48.0,0.20069760084152222,-1.0143355131149292,0.0
48.0,0.20578236877918243,-1.0153568983078003,0.0
48.0,0.21047453582286835,-1.0143946409225464,0.0
48.0,0.21557757258415222,-1.015367031097412,0.0
48.0,0.22069409489631653,-1.016313910484314,0.0
48.0,0.22539053857326508,-1.0152827501296997,0.0
48.0,0.23096710443496704,-1.0181307792663574,0.0
48.0,0.23567183315753937,-1.0170520544052124,0.0
48.0,0.24083200097084045,-1.0178978443145752,0.0
48.0,0.24553555250167847,-1.0167734622955322,0.0
48.0,0.2507123053073883,-1.0175693035125732,0.0
48.0,0.25590163469314575,-1.018338918685913,0.0
48.0,0.2606070637702942,-1.0171449184417725,0.0
48.0,0.26581230759620667,-1.0178643465042114,0.0
48.0,0.27051541209220886,-1.0166245698928833,0.0
48.0,0.27521276473999023,-1.0153629779815674,0.0
48.0,0.28043636679649353,-1.016007661819458,0.0
48.0,0.28513073921203613,-1.014700174331665,0.0
48.0,0.2903689742088318,-1.0152939558029175,0.0
48.0,0.2950599491596222,-1.013940691947937,0.0
48.0,0.3003123104572296,-1.0144833326339722,0.0
48.0,0.304999440908432,-1.013084053993225,0.0
48.0,0.3102654218673706,-1.0135754346847534,0.0
48.0,0.3155425190925598,-1.0140399932861328,0.0
48.0,0.3202274441719055,-1.0125702619552612,0.0
48.0,0.32551735639572144,-1.012982964515686,0.0
48.0,0.330197274684906,-1.0114670991897583,0.0
48.0,0.3354995846748352,-1.011828064918518,0.0
48.0,0.3414505422115326,-1.0140570402145386,0.0
48.0,0.3461352586746216,-1.0124675035476685,0.0
48.0,0.35212400555610657,-1.0146352052688599,0.0
48.0,0.3568112850189209,-1.0129964351654053,0.0
48.0,0.36216408014297485,-1.0132192373275757,0.0
48.0,0.36684468388557434,-1.0115339756011963,0.0
48.0,0.3728986084461212,-1.0135811567306519,0.0
48.0,0.37827998399734497,-1.0137200355529785,0.0
48.0,0.38296276330947876,-1.0119602680206299,0.0
48.0,0.3883538544178009,-1.0120460987091064,0.0
48.0,0.39302876591682434,-1.0102397203445435,0.0
48.0,0.3984290063381195,-1.0102723836898804,0.0
48.0,0.40458035469055176,-1.0121338367462158,0.0
48.0,0.4092555046081543,-1.0102524757385254,0.0
48.0,0.41695985198020935,-1.0157502889633179,0.0
48.0,0.42165160179138184,-1.0138115882873535,0.0
48.0,0.427110880613327,-1.013694405555725,0.0
48.0,0.4317930042743683,-1.0117088556289673,0.0
48.0,0.4372594654560089,-1.0115375518798828,0.0
48.0,0.44353556632995605,-1.013169288635254,0.0
48.0,0.4482150971889496,-1.0111078023910522,0.0
48.0,0.4545229971408844,-1.01267409324646,0.0
48.0,0.45920008420944214,-1.0105618238449097,0.0
48.0,0.46553897857666016,-1.0120619535446167,0.0
48.0,0.47105735540390015,-1.0117119550704956,0.0
48.0,0.4757298529148102,-1.0095232725143433,0.0
48.0,0.4821139872074127,-1.0109233856201172,0.0
48.0,0.4867826998233795,-1.0086835622787476,0.0
48.0,0.494073748588562,-1.0118138790130615,0.0
48.0,0.49874645471572876,-1.0095187425613403,0.0
48.0,0.5060909390449524,-1.0125689506530762,0.0
48.0,0.5125718712806702,-1.0137879848480225,0.0
48.0,0.5172535181045532,-1.0114073753356934,0.0
48.0,0.5246807336807251,-1.0143343210220337,0.0
48.0,0.5293647646903992,-1.0118976831436157,0.0
48.0,0.5349727869033813,-1.0112073421478271,0.0
48.0,0.5396422743797302,-1.0087231397628784,0.0
48.0,0.5462033152580261,-1.0097355842590332,0.0
48.0,0.5537449717521667,-1.0124636888504028,0.0
48.0,0.5584200620651245,-1.0098927021026611,0.0
48.0,0.5660107731819153,-1.0125372409820557,0.0
48.0,0.5706861019134521,-1.0099095106124878,0.0
48.0,0.5773331522941589,-1.0107336044311523,0.0
48.0,0.5849999189376831,-1.0132497549057007,0.0
48.0,0.5896783471107483,-1.0105341672897339,0.0
48.0,0.5953601002693176,-1.0095199346542358,0.0
48.0,0.6000211238861084,-1.0067565441131592,0.0
48.0,0.6067330241203308,-1.0073981285095215,0.0
48.0,0.6113840937614441,-1.0045822858810425,0.0
48.0,0.6191651225090027,-1.006855845451355,0.0
48.0,0.6269801259040833,-1.0090787410736084,0.0
48.0,0.631638765335083,-1.0061691999435425,0.0
48.0,0.6405686736106873,-1.0099939107894897,0.0
48.0,0.6452313661575317,-1.0070215463638306,0.0
48.0,0.6531406044960022,-1.0090645551681519,0.0
48.0,0.6599879264831543,-1.009381890296936,0.0
48.0,0.6646475791931152,-1.0063197612762451,0.0
48.0,0.6726229190826416,-1.0082273483276367,0.0
48.0,0.677277147769928,-1.005106806755066,0.0
48.0,0.6841674447059631,-1.005271553993225,0.0
48.0,0.6888078451156616,-1.0020976066589355,0.0
48.0,0.6991361379623413,-1.0071169137954712,0.0
48.0,0.7072292566299438,-1.0087867975234985,0.0
48.0,0.7118856906890869,-1.005506157875061,0.0
48.0,0.7200165390968323,-1.0070850849151611,0.0
48.0,0.7246649265289307,-1.003745436668396,0.0
48.0,0.734010636806488,-1.0068488121032715,0.0
48.0,0.7386578321456909,-1.0034444332122803,0.0
48.0,0.7468684315681458,-1.0048340559005737,0.0
48.0,0.7563081383705139,-1.0077687501907349,0.0
48.0,0.7609593868255615,-1.0042613744735718,0.0
48.0,0.7704552412033081,-1.0070862770080566,0.0
48.0,0.7751031517982483,-1.0035134553909302,0.0
48.0,0.784653902053833,-1.006227731704712,0.0
48.0,0.7942463159561157,-1.0088751316070557,0.0
48.0,0.7989022135734558,-1.0051921606063843,0.0
48.0,0.8072958588600159,-1.0061676502227783,0.0
48.0,0.8119391202926636,-1.0024244785308838,0.0
48.0,0.821628987789154,-1.0048531293869019,0.0
48.0,0.8262660503387451,-1.001043677330017,0.0
48.0,0.8385668992996216,-1.006432056427002,0.0
48.0,0.8483604192733765,-1.0086666345596313,0.0
48.0,0.8530148267745972,-1.0047335624694824,0.0
48.0,0.8628567457199097,-1.0068535804748535,0.0
48.0,0.8675025701522827,-1.002853512763977,0.0
48.0,0.8787069916725159,-1.0063647031784058,0.0
48.0,0.8833504319190979,-1.0022913217544556,0.0
48.0,0.8932921886444092,-1.004173755645752,0.0
48.0,0.904606282711029,-1.0074738264083862,0.0
48.0,0.9092545509338379,-1.0032806396484375,0.0
48.0,0.9206328392028809,-1.0064446926116943,0.0
48.0,0.9252762198448181,-1.0021775960922241,0.0
48.0,0.9367172122001648,-1.0052047967910767,0.0
48.0,0.9495760798454285,-1.009604573249817,0.0
48.0,0.9542337656021118,-1.0052034854888916,0.0
48.0,0.9671728610992432,-1.0094456672668457,0.0
48.0,0.9718295335769653,-1.0049632787704468,0.0
48.0,0.9890379905700684,-1.013340950012207,0.0
48.0,0.9937124848365784,-1.0087573528289795,0.0
48.0,1.0110567808151245,-1.0169169902801514,0.0
48.0,1.0299142599105835,-1.0263491868972778,0.0
48.0,1.0346484184265137,-1.0215765237808228,0.0
48.0,1.053657054901123,-1.0307680368423462,0.0
48.0,1.0584113597869873,-1.0258855819702148,0.0
48.0,1.0804535150527954,-1.0376050472259521,0.0
48.0,1.0852391719818115,-1.032598614692688,0.0
48.0,1.1060097217559814,-1.0426613092422485,0.0
48.0,1.1268961429595947,-1.052553653717041,0.0
48.0,1.131750464439392,-1.0473322868347168,0.0
48.0,1.1542705297470093,-1.0583078861236572,0.0
48.0,1.1591510772705078,-1.05295991897583,0.0
48.0,1.1803596019744873,-1.0623066425323486,0.0
48.0,1.185258388519287,-1.056838035583496,0.0
48.0,1.2066198587417603,-1.065912127494812,0.0
48.0,1.2295951843261719,-1.0761280059814453,0.0
48.0,1.2345573902130127,-1.0704317092895508,0.0
48.0,1.2592158317565918,-1.0816539525985718,0.0
48.0,1.2642033100128174,-1.0758205652236938,0.0
48.0,1.2890422344207764,-1.086722731590271,0.0
48.0,1.2940527200698853,-1.0807514190673828,0.0
48.0,1.1707285642623901,-0.95050448179245,0.0
48.0,1.1751105785369873,-0.9450815916061401,0.0
48.0,1.1794674396514893,-0.9396384954452515,0.0
48.0,1.183799147605896,-0.9341753721237183,0.0
48.0,1.21174156665802,-0.9471675157546997,0.0
48.0,1.216107726097107,-0.9415550827980042,0.0
48.0,1.2426667213439941,-0.9529613852500916,0.0
48.0,1.2470593452453613,-0.9472059011459351,0.0
48.0,1.2738007307052612,-0.9582628607749939,0.0
48.0,1.3006705045700073,-0.9690924286842346,0.0
48.0,1.305137038230896,-0.9630686044692993,0.0
48.0,1.337026834487915,-0.9770851135253906,0.0
48.0,1.3415299654006958,-0.9708930850028992,0.0
48.0,1.3736398220062256,-0.9844865798950195,0.0
48.0,1.3781768083572388,-0.9781252145767212,0.0
48.0,1.408865213394165,-0.9901427626609802,0.0
48.0,1.4396936893463135,-1.0018970966339111,0.0
48.0,1.4443105459213257,-0.9952301383018494,0.0
48.0,1.4703737497329712,-1.0031954050064087,0.0
48.0,1.4749962091445923,-0.9963865280151367,0.0
48.0,1.4962116479873657,-1.000675082206726,0.0
48.0,1.5008221864700317,-0.993746817111969,0.0
48.0,1.525472640991211,-0.9999546408653259,0.0
48.0,1.5485343933105469,-1.0048667192459106,0.0
48.0,1.5531636476516724,-0.997696578502655,0.0
48.0,1.5678861141204834,-0.9969438910484314,0.0
48.0,1.5724786520004272,-0.9896843433380127,0.0
48.0,1.5770374536514282,-0.9824036359786987,0.0
48.0,1.5730504989624023,-0.9698537588119507,0.0
48.0,1.5775176286697388,-0.9625706076622009,0.0
48.0,1.5733908414840698,-0.9500976800918579,0.0
48.0,1.5777666568756104,-0.9428131580352783,0.0
48.0,1.5752224922180176,-0.9314365983009338,0.0
48.0,1.579512119293213,-0.9241437911987305,0.0
48.0,1.5768442153930664,-0.9128232598304749,0.0
48.0,1.5827832221984863,-0.9065171480178833,0.0
48.0,1.5869574546813965,-0.8991896510124207,0.0
48.0,1.6015654802322388,-0.8977103233337402,0.0
48.0,1.605698823928833,-0.8902961015701294,0.0
48.0,1.6273337602615356,-0.8924800753593445,0.0
48.0,1.6490229368209839,-0.8944828510284424,0.0
48.0,1.6531407833099365,-0.8868492245674133,0.0
48.0,1.6713573932647705,-0.886695146560669,0.0
48.0,1.6754391193389893,-0.8789583444595337,0.0
48.0,1.6901371479034424,-0.8767284154891968,0.0
48.0,1.6941725015640259,-0.8689048886299133,0.0
48.0,1.4430891275405884,-0.7317224740982056,0.0
48.0,1.446456789970398,-0.7250427603721619,0.0
48.0,1.4497934579849243,-0.7183474898338318,0.0
48.0,1.4530991315841675,-0.7116368412971497,0.0
48.0,1.4740509986877441,-0.7050741314888,0.0
48.0,1.4772950410842896,-0.6982515454292297,0.0
48.0,1.480507493019104,-0.6914139986038208,0.0
48.0,1.4836883544921875,-0.6845616698265076,0.0
48.0,1.5032163858413696,-0.6851601004600525,0.0
48.0,1.5063680410385132,-0.6782028675079346,0.0
48.0,1.5222798585891724,-0.6769195199012756,0.0
48.0,1.5253932476043701,-0.6698742508888245,0.0
48.0,1.5413182973861694,-0.6683844327926636,0.0
48.0,1.5443919897079468,-0.6612512469291687,0.0
48.0,1.5584858655929565,-0.658776044845581,0.0
48.0,1.5652064085006714,-0.6531038880348206,0.0
48.0,1.5682092905044556,-0.6458603739738464,0.0
48.0,1.56747305393219,-0.6370969414710999,0.0
48.0,1.5704017877578735,-0.6298431158065796,0.0
48.0,1.565858244895935,-0.6196321845054626,0.0
48.0,1.5649800300598145,-0.610931396484375,0.0
48.0,1.5677878856658936,-0.6036893725395203,0.0
48.0,1.5649532079696655,-0.5943043828010559,0.0
48.0,1.5676841735839844,-0.587062656879425,0.0
48.0,1.5647529363632202,-0.5777302384376526,0.0
48.0,1.5636485815048218,-0.5691215395927429,0.0
48.0,1.5662630796432495,-0.5618861317634583,0.0
48.0,1.5631872415542603,-0.552638828754425,0.0
48.0,1.565725564956665,-0.5454056859016418,0.0
48.0,1.564447045326233,-0.5368626117706299,0.0
48.0,1.5669125318527222,-0.5296238660812378,0.0
48.0,1.563651442527771,-0.5204788446426392,0.0
48.0,1.5622401237487793,-0.511998176574707,0.0
48.0,1.564590573310852,-0.5047699213027954,0.0
48.0,1.5630950927734375,-0.4963202476501465,0.0
48.0,1.5653730630874634,-0.48908817768096924,0.0
48.0,1.5637941360473633,-0.4806704521179199,0.0
48.0,1.5602563619613647,-0.47169896960258484,0.0
48.0,1.5624206066131592,-0.46448028087615967,0.0
48.0,1.5626317262649536,-0.45669063925743103,0.0
48.0,1.56472647190094,-0.4494611322879791,0.0
48.0,1.5629380941390991,-0.441135436296463,0.0
48.0,1.5611063241958618,-0.43283596634864807,0.0
48.0,1.5630908012390137,-0.42561376094818115,0.0
48.0,1.5611776113510132,-0.4173494279384613,0.0
48.0,1.5630905628204346,-0.41012707352638245,0.0
48.0,1.5591593980789185,-0.40140002965927124,0.0
48.0,1.5532420873641968,-0.39222845435142517,0.0
48.0,1.5550388097763062,-0.38504305481910706,0.0
48.0,1.543197512626648,-0.3745473623275757,0.0
48.0,1.5449126958847046,-0.3674086034297943,0.0
48.0,1.5485426187515259,-0.36071568727493286,0.0
48.0,1.5501937866210938,-0.35355234146118164,0.0
48.0,1.577823281288147,-0.17949315905570984,0.0
48.0,1.5786362886428833,-0.1721963733434677,0.0
48.0,1.5794155597686768,-0.1648959219455719,0.0
48.0,1.5801610946655273,-0.15759192407131195,0.0
48.0,1.5656156539916992,-0.14153344929218292,0.0
48.0,1.5662533044815063,-0.13429351150989532,0.0
48.0,1.5668574571609497,-0.1270507127046585,0.0
48.0,1.5674281120300293,-0.11980518698692322,0.0
48.0,1.5599857568740845,-0.11198429018259048,0.0
48.0,1.5604867935180664,-0.10477069765329361,0.0
48.0,1.5549662113189697,-0.09718061238527298,0.0
48.0,1.5553988218307495,-0.08999038487672806,0.0
48.0,1.5557982921600342,-0.08279823511838913,0.0
48.0,1.5621575117111206,-0.07589548081159592,0.0
48.0,1.5624916553497314,-0.06867223232984543,0.0
48.0,1.572784662246704,-0.06184040382504463,0.0
48.0,1.5730538368225098,-0.05456817150115967,0.0
48.0,1.5812857151031494,-0.047535158693790436,0.0
48.0,1.5914853811264038,-0.04047803580760956,0.0
48.0,1.5916554927825928,-0.033119574189186096,0.0
48.0,1.6037899255752563,-0.025954576209187508,0.0
48.0,1.6038928031921387,-0.01853938028216362,0.0
48.0,1.6159611940383911,-0.01120700966566801,0.0
48.0,1.6239956617355347,-0.003754192963242531,0.0
48.0,1.6239956617355347,0.0037541838828474283,0.0
48.0,1.6319607496261597,0.011317960917949677,0.0
48.0,1.6318910121917725,0.018863001838326454,0.0
48.0,1.643784761428833,0.026601815596222878,0.0
48.0,1.6436442136764526,0.03420136123895645,0.0
48.0,1.6534652709960938,0.042054433375597,0.0
48.0,1.6652477979660034,0.05005913972854614,0.0
48.0,1.6649985313415527,0.0577576644718647,0.0
48.0,1.674705982208252,0.06584784388542175,0.0
48.0,1.6743836402893066,0.07358992844820023,0.0
48.0,1.4372888803482056,0.24487674236297607,0.0
48.0,1.4361413717269897,0.25151923298835754,0.0
48.0,1.4349631071090698,0.25815635919570923,0.0
48.0,1.4337542057037354,0.2647879719734192,0.0
48.0,1.4443050622940063,0.27364781498908997,0.0
48.0,1.4430243968963623,0.28032243251800537,0.0
48.0,1.4417129755020142,0.28699108958244324,0.0
48.0,1.4403706789016724,0.29365360736846924,0.0
48.0,1.452702283859253,0.3031699061393738,0.0
48.0,1.4649765491485596,0.31280648708343506,0.0
48.0,1.4635146856307983,0.3195762634277344,0.0
48.0,1.4756851196289062,0.32938912510871887,0.0
48.0,1.4741464853286743,0.3362082540988922,0.0
48.0,1.48426353931427,0.3457425832748413,0.0
48.0,1.4982149600982666,0.35630300641059875,0.0
48.0,1.4965516328811646,0.3632260262966156,0.0
48.0,1.5162115097045898,0.3754290044307709,0.0
48.0,1.514459490776062,0.38243499398231506,0.0
48.0,1.5359172821044922,0.39541640877723694,0.0
48.0,1.5340726375579834,0.4025132954120636,0.0
48.0,1.557313323020935,0.41631636023521423,0.0
48.0,1.5746692419052124,0.4287664294242859,0.0
48.0,1.5726701021194458,0.4360421299934387,0.0
48.0,1.5860357284545898,0.44765469431877136,0.0
48.0,1.583949089050293,0.454982727766037,0.0
48.0,1.5952664613723755,0.4662283658981323,0.0
48.0,1.5930938720703125,0.4735988974571228,0.0
48.0,1.6042882204055786,0.48501071333885193,0.0
48.0,1.617322564125061,0.49712368845939636,0.0
48.0,1.6150068044662476,0.5045958757400513,0.0
48.0,1.6260000467300415,0.5162941217422485,0.0
48.0,1.6235957145690918,0.5238062143325806,0.0
48.0,1.6363608837127686,0.5362900495529175,0.0
48.0,1.633863925933838,0.5438498258590698,0.0
48.0,1.6445949077606201,0.5558808445930481,0.0
48.0,1.6533576250076294,0.567373514175415,0.0
48.0,1.650716781616211,0.5750115513801575,0.0
48.0,1.659354329109192,0.5866370797157288,0.0
48.0,1.656624436378479,0.5943025946617126,0.0
48.0,1.443367838859558,0.5253429412841797,0.0
48.0,1.45155930519104,0.5435765385627747,0.0
48.0,1.4490306377410889,0.550281822681427,0.0
48.0,1.4464709758758545,0.5569753050804138,0.0
48.0,1.4438804388046265,0.5636569261550903,0.0
48.0,1.4579962491989136,0.5769496560096741,0.0
48.0,1.4553132057189941,0.5836843848228455,0.0
48.0,1.467421531677246,0.5964311361312866,0.0
48.0,1.4646482467651367,0.6032091975212097,0.0
48.0,1.478455662727356,0.616905927658081,0.0
48.0,1.4940094947814941,0.6315217018127441,0.0
48.0,1.491073727607727,0.6384223103523254,0.0
48.0,1.50829017162323,0.6540619730949402,0.0
48.0,1.505250096321106,0.6610283851623535,0.0
48.0,1.5204523801803589,0.6761069297790527,0.0
48.0,1.5173102617263794,0.6831293106079102,0.0
48.0,1.5268747806549072,0.6959435343742371,0.0
48.0,1.5309048891067505,0.7063469886779785,0.0
48.0,1.5276228189468384,0.7134173512458801,0.0
48.0,1.5297328233718872,0.7230364680290222,0.0
48.0,1.5263735055923462,0.7301012873649597,0.0
48.0,1.5283823013305664,0.7397644519805908,0.0
48.0,1.5249457359313965,0.7468228340148926,0.0
48.0,1.5268528461456299,0.7565290927886963,0.0
48.0,1.528702735900879,0.7662689089775085,0.0
48.0,1.5251436233520508,0.7733284831047058,0.0
48.0,1.5268906354904175,0.7831096053123474,0.0
48.0,1.5232537984848022,0.7901606559753418,0.0
48.0,1.5266685485839844,0.8009113073348999,0.0
48.0,1.528249740600586,0.8107730150222778,0.0
48.0,1.5244848728179932,0.8178300261497498,0.0
48.0,1.5259613990783691,0.8277303576469421,0.0
48.0,1.5221182107925415,0.8347765803337097,0.0
48.0,1.5217407941818237,0.8437446355819702,0.0
48.0,1.517823576927185,0.8507711887359619,0.0
48.0,1.5138739347457886,0.8577795624732971,0.0
48.0,1.5064208507537842,0.8627815842628479,0.0
48.0,1.5024157762527466,0.8697371482849121,0.0
48.0,1.4759374856948853,0.863544225692749,0.0
48.0,1.4719293117523193,0.8703587651252747,0.0
48.0,1.243533730506897,1.1296122074127197,0.0
48.0,1.2382978200912476,1.1353493928909302,0.0
48.0,1.2330354452133179,1.1410623788833618,0.0
48.0,1.2277467250823975,1.1467509269714355,0.0
48.0,1.2151553630828857,1.1455553770065308,0.0
48.0,1.209846019744873,1.1511613130569458,0.0
48.0,1.1987407207489014,1.1512012481689453,0.0
48.0,1.1934055089950562,1.1567312479019165,0.0
48.0,1.185185432434082,1.159439206123352,0.0
48.0,1.1741195917129517,1.159285545349121,0.0
48.0,1.1687471866607666,1.1647015810012817,0.0
48.0,1.1548892259597778,1.1615829467773438,0.0
48.0,1.1495064496994019,1.1669100522994995,0.0
48.0,1.1301295757293701,1.1578994989395142,0.0
48.0,0.9639927744865417,1.2845052480697632,0.0
48.0,0.9580436944961548,1.2889484167099,0.0
48.0,0.9520741701126099,1.2933640480041504,0.0
48.0,0.9460843205451965,1.297752022743225,0.0
48.0,0.9305544495582581,1.3015638589859009,0.0
48.0,0.9245269298553467,1.3058522939682007,0.0
48.0,0.9184795618057251,1.310112714767456,0.0
48.0,0.9124126434326172,1.3143452405929565,0.0
48.0,0.9029273986816406,1.3136049509048462,0.0
48.0,0.8968445062637329,1.317765474319458,0.0
48.0,0.8907423615455627,1.3218978643417358,0.0
48.0,0.8835113048553467,1.3243381977081299,0.0
48.0,0.8773789405822754,1.3284088373184204,0.0
48.0,0.8701333403587341,1.3307772874832153,0.0
48.0,0.8639713525772095,1.3347859382629395,0.0
48.0,0.8567119836807251,1.3370821475982666,0.0
48.0,0.8505209684371948,1.3410288095474243,0.0
48.0,0.8443118333816528,1.3449467420578003,0.0
48.0,0.8370290398597717,1.3471370935440063,0.0
48.0,0.8307917714118958,1.3509925603866577,0.0
48.0,0.8245367407798767,1.3548191785812378,0.0
48.0,0.8182640671730042,1.358616828918457,0.0
48.0,0.8119739294052124,1.3623855113983154,0.0
48.0,0.805666446685791,1.3661249876022339,0.0
48.0,0.7993417382240295,1.3698352575302124,0.0
48.0,0.7929999232292175,1.373516321182251,0.0
48.0,0.7866411805152893,1.3771679401397705,0.0
48.0,0.7802656292915344,1.380790114402771,0.0
48.0,0.7738733887672424,1.3843828439712524,0.0
48.0,0.7664967775344849,1.3861957788467407,0.0
48.0,0.7610393762588501,1.3914793729782104,0.0
48.0,0.7545979619026184,1.3949830532073975,0.0
48.0,0.7481403350830078,1.3984569311141968,0.0
48.0,0.7416667342185974,1.4019010066986084,0.0
48.0,0.7351773381233215,1.4053149223327637,0.0
48.0,0.7277532815933228,1.4069225788116455,0.0
48.0,0.7212408185005188,1.410272240638733,0.0
48.0,0.4730072617530823,0.9463762640953064,0.0
48.0,0.4686267673969269,0.9485530257225037,0.0
48.0,0.46423622965812683,0.9507095813751221,0.0
48.0,0.45983579754829407,0.9528457522392273,0.0
48.0,0.45370370149612427,0.9513511657714844,0.0
48.0,0.4493004083633423,0.9534386396408081,0.0
48.0,0.443199098110199,0.9518794417381287,0.0
48.0,0.43879345059394836,0.9539183378219604,0.0
48.0,0.4327237010002136,0.9522952437400818,0.0
48.0,0.4274972975254059,0.9524610638618469,0.0
48.0,0.4230891466140747,0.9544273614883423,0.0
48.0,0.4162657856941223,0.9508768320083618,0.0
48.0,0.41186508536338806,0.9527912139892578,0.0
48.0,0.4058854281902313,0.9510063529014587,0.0
48.0,0.4007076323032379,0.9510295987129211,0.0
48.0,0.3963063955307007,0.9528720378875732,0.0
48.0,0.3903777003288269,0.9509938359260559,0.0
48.0,0.38597673177719116,0.9527885317802429,0.0
48.0,0.3800828456878662,0.9508486390113831,0.0
48.0,0.3749488592147827,0.9507350921630859,0.0
48.0,0.3705492615699768,0.9524585008621216,0.0
48.0,0.36470869183540344,0.9504270553588867,0.0
48.0,0.3603106141090393,0.9521030783653259,0.0
48.0,0.35450640320777893,0.9500111937522888,0.0
48.0,0.3494197726249695,0.9497630000114441,0.0
48.0,0.3450249433517456,0.9513683319091797,0.0
48.0,0.3399495482444763,0.9510700702667236,0.0
48.0,0.3355487883090973,0.9526315927505493,0.0
48.0,0.3298293948173523,0.9503939747810364,0.0
48.0,0.32543182373046875,0.9519087076187134,0.0
48.0,0.319112628698349,0.9477167725563049,0.0
48.0,0.31409814953804016,0.9472836852073669,0.0
48.0,0.3097151219844818,0.9487257599830627,0.0
48.0,0.304713636636734,0.9482434391975403,0.0
48.0,0.30032628774642944,0.9496421217918396,0.0
48.0,0.29533830285072327,0.9491108059883118,0.0
48.0,0.2903616428375244,0.9485536813735962,0.0
48.0,0.2859730124473572,0.9498860239982605,0.0
48.0,0.28044286370277405,0.9473625421524048,0.0
48.0,0.2760598659515381,0.948648989200592,0.0
48.0,0.27167096734046936,0.9499151706695557,0.0
48.0,0.26727625727653503,0.9511610865592957,0.0
48.0,0.2618115544319153,0.9485308527946472,0.0
48.0,0.2569001317024231,0.9478007555007935,0.0
48.0,0.25251534581184387,0.9489783644676208,0.0
48.0,0.24761982262134552,0.9482006430625916,0.0
48.0,0.24224050343036652,0.9454604983329773,0.0
48.0,0.23786669969558716,0.9465703368186951,0.0
48.0,0.23300933837890625,0.9457180500030518,0.0
48.0,0.22863443195819855,0.9467852115631104,0.0
48.0,0.22425465285778046,0.9478321671485901,0.0
48.0,0.21987007558345795,0.9488588571548462,0.0
48.0,0.21459588408470154,0.9459643959999084,0.0
48.0,0.20978659391403198,0.9449939727783203,0.0
48.0,0.2054152935743332,0.9459537863731384,0.0
48.0,0.20103959739208221,0.9468933939933777,0.0
48.0,0.1966596096754074,0.9478127360343933,0.0
48.0,0.19187815487384796,0.9467517137527466,0.0
48.0,0.18711072206497192,0.9456667304039001,0.0
48.0,0.18273654580116272,0.9465216994285583,0.0
48.0,0.1779884397983551,0.9453909993171692,0.0
48.0,0.17361563444137573,0.9462038278579712,0.0
48.0,0.16888727247714996,0.9450275301933289,0.0
48.0,0.16451625525951385,0.9457982778549194,0.0
48.0,0.15980809926986694,0.9445767998695374,0.0
48.0,0.15511474013328552,0.9433320760726929,0.0
48.0,0.15075170993804932,0.9440391063690186,0.0
48.0,0.14638546109199524,0.9447259902954102,0.0
48.0,0.14201606810092926,0.9453927278518677,0.0
48.0,0.13764365017414093,0.9460391998291016,0.0
48.0,0.13298949599266052,0.9446850419044495,0.0
48.0,0.1286204308271408,0.9452897906303406,0.0
48.0,0.12424863874912262,0.9458743333816528,0.0
48.0,0.11987417936325073,0.9464386701583862,0.0
48.0,0.11525502800941467,0.9449975490570068,0.0
48.0,0.11065176874399185,0.9435338973999023,0.0
48.0,0.10628827661275864,0.9440353512763977,0.0
48.0,0.10170794278383255,0.942528247833252,0.0
48.0,0.09734919667243958,0.942988395690918,0.0
48.0,0.09298837184906006,0.9434283971786499,0.0
48.0,0.08862555772066116,0.9438482522964478,0.0
48.0,0.08408308029174805,0.9422557950019836,0.0
48.0,0.07972577959299088,0.9426344633102417,0.0
48.0,0.0753667801618576,0.9429929852485657,0.0
48.0,0.0710061639547348,0.9433313608169556,0.0
48.0,0.06664403527975082,0.9436495900154114,0.0
48.0,0.0621488057076931,0.9419519901275635,0.0
48.0,0.05779314786195755,0.9422292709350586,0.0
48.0,0.05343625321984291,0.9424864053726196,0.0
48.0,0.049078214913606644,0.9427233338356018,0.0
48.0,0.04471912980079651,0.9429401755332947,0.0
48.0,0.04035909101366997,0.9431368708610535,0.0
48.0,0.035998184233903885,0.9433133602142334,0.0
48.0,0.03163651004433632,0.943469762802124,0.0
48.0,0.02721637673676014,0.9416067004203796,0.0
48.0,0.022862685844302177,0.9417225122451782,0.0
48.0,0.018508508801460266,0.941818118095398,0.0
48.0,0.014153935015201569,0.9418936371803284,0.0
48.0,0.009799058549106121,0.9419490098953247,0.0
48.0,0.005443972535431385,0.941984236240387,0.0
48.0,0.0010887705720961094,0.9419993162155151,0.0
48.0,-0.0032664549071341753,0.941994309425354,0.0
48.0,-0.007621610537171364,0.9419691562652588,0.0
48.0,-0.011976603418588638,0.9419238567352295,0.0
48.0,-0.01633133925497532,0.9418584108352661,0.0
48.0,-0.020685726776719093,0.9417728185653687,0.0
48.0,-0.0250396728515625,0.9416671395301819,0.0
48.0,-0.029393082484602928,0.941541314125061,0.0
48.0,-0.033745866268873215,0.9413953423500061,0.0
48.0,-0.03809792548418045,0.9412292242050171,0.0
48.0,-0.04244917258620262,0.9410430192947388,0.0
48.0,-0.04679951071739197,0.9408367276191711,0.0
48.0,-0.05114884674549103,0.9406102895736694,0.0
48.0,-0.05549709498882294,0.9403637647628784,0.0
48.0,-0.05984415113925934,0.9400971531867981,0.0
48.0,-0.06418993324041367,0.9398103952407837,0.0
48.0,-0.06853433698415756,0.9395036101341248,0.0
48.0,-0.07287728041410446,0.9391766786575317,0.0
48.0,-0.07738261669874191,0.9408230185508728,0.0
48.0,-0.08173156529664993,0.9404551982879639,0.0
48.0,-0.08607876300811768,0.9400672912597656,0.0
48.0,-0.09042412787675858,0.9396592378616333,0.0
48.0,-0.09476755559444427,0.9392311573028564,0.0
48.0,-0.09931892901659012,0.9407718777656555,0.0
48.0,-0.10366740822792053,0.9403026103973389,0.0
48.0,-0.10801366716623306,0.9398132562637329,0.0
48.0,-0.11235762387514114,0.9393038749694824,0.0
48.0,-0.11694590002298355,0.9407591223716736,0.0
48.0,-0.12129412591457367,0.940208375453949,0.0
48.0,-0.12563976645469666,0.9396375417709351,0.0
48.0,-0.12998270988464355,0.9390466213226318,0.0
48.0,-0.1343228816986084,0.9384356141090393,0.0
48.0,-0.13895271718502045,0.9397830367088318,0.0
48.0,-0.14329619705677032,0.9391305446624756,0.0
48.0,-0.14763662219047546,0.9384579658508301,0.0
48.0,-0.1519738882780075,0.93776535987854,0.0
48.0,-0.1563078910112381,0.9370527267456055,0.0
48.0,-0.16097676753997803,0.9382912516593933,0.0
48.0,-0.16531310975551605,0.9375370144844055,0.0
48.0,-0.17000232636928558,0.9387306571006775,0.0
48.0,-0.1743406057357788,0.9379346370697021,0.0
48.0,-0.17867515981197357,0.9371185302734375,0.0
48.0,-0.1833895593881607,0.9382452964782715,0.0
48.0,-0.18772545456886292,0.9373874068260193,0.0
48.0,-0.1924591362476349,0.9384686946868896,0.0
48.0,-0.1967959702014923,0.9375688433647156,0.0
48.0,-0.2015484869480133,0.9386043548583984,0.0
48.0,-0.2058858424425125,0.9376624822616577,0.0
48.0,-0.21021881699562073,0.9367005825042725,0.0
48.0,-0.21499426662921906,0.9376680850982666,0.0
48.0,-0.2193271517753601,0.9366641044616699,0.0
48.0,-0.2241203337907791,0.9375852346420288,0.0
48.0,-0.22940067946910858,0.9404250979423523,0.0
48.0,-0.23374615609645844,0.939354419708252,0.0
48.0,-0.23808665573596954,0.9382636547088623,0.0
48.0,-0.24242204427719116,0.9371528625488281,0.0
48.0,-0.24726209044456482,0.9379560351371765,0.0
48.0,-0.2521147131919861,0.9387343525886536,0.0
48.0,-0.25645214319229126,0.9375587105751038,0.0
48.0,-0.26132068037986755,0.9382896423339844,0.0
48.0,-0.2656559348106384,0.9370714426040649,0.0
48.0,-0.27053990960121155,0.9377548694610596,0.0
48.0,-0.27487263083457947,0.9364940524101257,0.0
48.0,-0.2803437113761902,0.9390460252761841,0.0
48.0,-0.2846822738647461,0.9377398490905762,0.0
48.0,-0.2890147566795349,0.9364136457443237,0.0
48.0,-0.2939396798610687,0.9369757175445557,0.0
48.0,-0.29826852679252625,0.9356066584587097,0.0
48.0,-0.30320730805397034,0.9361203908920288,0.0
48.0,-0.30753210186958313,0.9347085356712341,0.0
48.0,-0.31248414516448975,0.9351736307144165,0.0
48.0,-0.31808966398239136,0.9375067949295044,0.0
48.0,-0.32242071628570557,0.9360260963439941,0.0
48.0,-0.3274049460887909,0.9364133477210999,0.0
48.0,-0.33173084259033203,0.9348896145820618,0.0
48.0,-0.33672717213630676,0.9352276921272278,0.0
48.0,-0.3417336642742157,0.9355394840240479,0.0
48.0,-0.34605535864830017,0.9339494705200195,0.0
48.0,-0.35177677869796753,0.9360839128494263,0.0
48.0,-0.3561008870601654,0.9344475269317627,0.0
48.0,-0.3611381947994232,0.9346566796302795,0.0
48.0,-0.36545559763908386,0.932977020740509,0.0
48.0,-0.3705032467842102,0.9331362247467041,0.0
48.0,-0.37705346941947937,0.9369795322418213,0.0
48.0,-0.38138142228126526,0.9352262616157532,0.0
48.0,-0.3879925608634949,0.9389983415603638,0.0
48.0,-0.39232975244522095,0.9371944665908813,0.0
48.0,-0.3974393904209137,0.937211811542511,0.0
48.0,-0.40255752205848694,0.9372019171714783,0.0
48.0,-0.4068862497806549,0.9353306889533997,0.0
48.0,-0.41201257705688477,0.9352697730064392,0.0
48.0,-0.41633227467536926,0.933354914188385,0.0
48.0,-0.42146629095077515,0.9332428574562073,0.0
48.0,-0.4266080856323242,0.9331032037734985,0.0
48.0,-0.4309176206588745,0.9311208724975586,0.0
48.0,-0.4377630352973938,0.934552013874054,0.0
48.0,-0.4420791268348694,0.9325180649757385,0.0
48.0,-0.4481160044670105,0.9340707063674927,0.0
48.0,-0.45242977142333984,0.9319888949394226,0.0
48.0,-0.4584972858428955,0.9334774613380432,0.0
48.0,-0.46280819177627563,0.931347668170929,0.0
48.0,-0.46890580654144287,0.9327718615531921,0.0
48.0,-0.4759329557418823,0.9359421730041504,0.0
48.0,-0.4802550673484802,0.933731734752655,0.0
48.0,-0.48548996448516846,0.9332757592201233,0.0
48.0,-0.4897996485233307,0.9310211539268494,0.0
48.0,-0.4959775507450104,0.9322779774665833,0.0
48.0,-0.5021774768829346,0.9334975481033325,0.0
48.0,-0.506488025188446,0.9311658143997192,0.0
48.0,-1.1033830642700195,1.963173508644104,0.0
48.0,-1.112447738647461,1.9580512046813965,0.0
48.0,-1.1214886903762817,1.952886939048767,0.0
48.0,-1.1305055618286133,1.9476810693740845,0.0
48.0,-1.143546223640442,1.949333667755127,0.0
48.0,-1.1525465250015259,1.9440258741378784,0.0
48.0,-1.167689561843872,1.9489703178405762,0.0
48.0,-1.1766879558563232,1.9435508251190186,0.0
48.0,-1.1898359060287476,1.9449139833450317,0.0
48.0,-1.205124855041504,1.9495995044708252,0.0
48.0,-1.2141257524490356,1.9440069198608398,0.0
48.0,-1.2273696660995483,1.9451384544372559,0.0
48.0,-1.2363497018814087,1.9394429922103882,0.0
48.0,-1.251800537109375,1.9437952041625977,0.0
48.0,-1.267317771911621,1.9480454921722412,0.0
48.0,-1.276310682296753,1.9421653747558594,0.0
48.0,-1.2919130325317383,1.9462416172027588,0.0
48.0,-1.3008973598480225,1.940247893333435,0.0
48.0,-1.3165827989578247,1.9441486597061157,0.0
48.0,-1.3300734758377075,1.9446439743041992,0.0
48.0,-1.3390501737594604,1.9384738206863403,0.0
48.0,-1.3571525812149048,1.9453845024108887,0.0
48.0,-1.366132378578186,1.939089059829712,0.0
48.0,-1.379720687866211,1.9392708539962769,0.0
48.0,-1.388671875,1.9328712224960327,0.0
48.0,-1.4046399593353271,1.936143159866333,0.0
48.0,-1.4230319261550903,1.9425355195999146,0.0
48.0,-1.4319977760314941,1.9359354972839355,0.0
48.0,-1.4481137990951538,1.9389086961746216,0.0
48.0,-1.4570626020431519,1.9321928024291992,0.0
48.0,-1.4732495546340942,1.9349831342697144,0.0
48.0,-1.4919310808181763,1.9408363103866577,0.0
48.0,-1.5008883476257324,1.933917760848999,0.0
48.0,-1.5172146558761597,1.9364038705825806,0.0
48.0,-1.526151180267334,1.929368495941162,0.0
48.0,-1.5325590372085571,1.9191663265228271,0.0
48.0,-1.523842453956604,1.8902614116668701,0.0
48.0,-1.5325655937194824,1.8831958770751953,0.0
48.0,-1.526021122932434,1.8575456142425537,0.0
48.0,-1.5345929861068726,1.8504704236984253,0.0
48.0,-1.5251586437225342,1.8218854665756226,0.0
48.0,-1.5335655212402344,1.8148146867752075,0.0
48.0,-1.5263646841049194,1.789445400238037,0.0
48.0,-1.5189622640609741,1.7641819715499878,0.0
48.0,-1.5271024703979492,1.7571403980255127,0.0
48.0,-1.5193830728530884,1.732019305229187,0.0
48.0,-1.5273746252059937,1.7249760627746582,0.0
48.0,-1.5193405151367188,1.7000013589859009,0.0
48.0,-1.5137876272201538,1.6781082153320312,0.0
48.0,-1.5215299129486084,1.6710914373397827,0.0
48.0,-1.5157066583633423,1.649312973022461,0.0
48.0,-1.5233159065246582,1.6422876119613647,0.0
48.0,-1.517223834991455,1.6206270456314087,0.0
48.0,-1.5109643936157227,1.5990581512451172,0.0
48.0,-1.518341302871704,1.592055320739746,0.0
48.0,-1.5090419054031372,1.5677273273468018,0.0
48.0,-1.5162739753723145,1.5607337951660156,0.0
48.0,-1.5094709396362305,1.5394262075424194,0.0
48.0,-1.502503752708435,1.5182154178619385,0.0
48.0,-1.5095069408416748,1.511252522468567,0.0
48.0,-1.5022786855697632,1.4901726245880127,0.0
48.0,-1.5091522932052612,1.4832110404968262,0.0
48.0,-1.504530429840088,1.4650554656982422,0.0
48.0,-1.5112879276275635,1.4580838680267334,0.0
48.0,-1.5064473152160645,1.4400253295898438,0.0
48.0,-1.498567819595337,1.4192920923233032,0.0
48.0,-1.5051137208938599,1.4123485088348389,0.0
48.0,-1.499909520149231,1.3944804668426514,0.0
48.0,-1.49604332447052,1.378045678138733,0.0
48.0,-1.5023986101150513,1.3711141347885132,0.0
48.0,-1.4968537092208862,1.3534225225448608,0.0
48.0,-1.503095030784607,1.3464876413345337,0.0
48.0,-1.498833417892456,1.3302308320999146,0.0
48.0,-1.4929519891738892,1.312721848487854,0.0
48.0,-1.4990051984786987,1.3058053255081177,0.0
48.0,-1.4929134845733643,1.288407325744629,0.0
48.0,-1.4988542795181274,1.2814912796020508,0.0
48.0,-1.4956063032150269,1.2667919397354126,0.0
48.0,-1.5014472007751465,1.2598636150360107,0.0
48.0,-1.4964898824691772,1.2439590692520142,0.0
48.0,-1.4914177656173706,1.2281274795532227,0.0
48.0,-1.4970799684524536,1.2212189435958862,0.0
48.0,-1.4918208122253418,1.205485224723816,0.0
48.0,-1.4973783493041992,1.1985750198364258,0.0
48.0,-1.4919337034225464,1.182941198348999,0.0
48.0,-1.4879496097564697,1.1686187982559204,0.0
48.0,-1.4933366775512695,1.161726951599121,0.0
48.0,-1.4876021146774292,1.1462652683258057,0.0
48.0,-1.4928858280181885,1.1393752098083496,0.0
48.0,-1.4869693517684937,1.124018669128418,0.0
48.0,-1.482544183731079,1.1099400520324707,0.0
48.0,-1.4876599311828613,1.1030738353729248,0.0
48.0,-1.4814597368240356,1.087897539138794,0.0
48.0,-1.4864736795425415,1.0810365676879883,0.0
48.0,-1.4833412170410156,1.0683083534240723,0.0
48.0,-1.4801230430603027,1.0556323528289795,0.0
48.0,-1.4849878549575806,1.0487778186798096,0.0
48.0,-1.4799870252609253,1.035023808479309,0.0
48.0,-1.484756588935852,1.0281702280044556,0.0
48.0,-1.481246829032898,1.0156396627426147,0.0
48.0,-1.485926628112793,1.0087803602218628,0.0
48.0,-1.482275366783142,0.9963211417198181,0.0
48.0,-1.4768757820129395,0.98280930519104,0.0
48.0,-1.4814038276672363,0.9759706854820251,0.0
48.0,-1.4775242805480957,0.9636483192443848,0.0
48.0,-1.481963872909546,0.9568068385124207,0.0
48.0,-1.4779454469680786,0.9445596933364868,0.0
48.0,-1.4738457202911377,0.9323703646659851,0.0
48.0,-1.4781407117843628,0.9255462884902954,0.0
48.0,-1.473904013633728,0.913434624671936,0.0
48.0,-1.4781113862991333,0.9066104292869568,0.0
48.0,-1.4737389087677002,0.8945779204368591,0.0
48.0,-1.4692867994308472,0.8826053142547607,0.0
48.0,-1.4733517169952393,0.8758028149604797,0.0
48.0,-1.470489501953125,0.8649256825447083,0.0
48.0,-1.4744726419448853,0.8581178188323975,0.0
48.0,-1.4697582721710205,0.8463016152381897,0.0
48.0,-1.4684420824050903,0.8365274667739868,0.0
48.0,-1.4722938537597656,0.8297293782234192,0.0
48.0,-1.46912682056427,0.8190180659294128,0.0
48.0,-1.4728976488113403,0.8122169971466064,0.0
48.0,-1.4696139097213745,0.8015679121017456,0.0
48.0,-1.4645030498504639,0.7900170683860779,0.0
48.0,-1.468139886856079,0.7832376956939697,0.0
48.0,-1.4646697044372559,0.7727086544036865,0.0
48.0,-1.4682265520095825,0.7659286856651306,0.0
48.0,-1.4646421670913696,0.755465030670166,0.0
48.0,-1.4681192636489868,0.748685359954834,0.0
48.0,-1.4662073850631714,0.7391886115074158,0.0
48.0,-1.460659146308899,0.7279414534568787,0.0
48.0,-1.4640090465545654,0.7211805582046509,0.0
48.0,-1.4619331359863281,0.7117776870727539,0.0
48.0,-1.4598016738891602,0.7024095058441162,0.0
48.0,-1.4630335569381714,0.6956527829170227,0.0
48.0,-1.4589935541152954,0.6854793429374695,0.0
48.0,-1.4621471166610718,0.6787264943122864,0.0
48.0,-1.4598156213760376,0.6694580912590027,0.0
48.0,-1.462895154953003,0.6627016663551331,0.0
48.0,-1.460466742515564,0.653480589389801,0.0
48.0,-1.457984447479248,0.6442961096763611,0.0
48.0,-1.4609476327896118,0.6375483870506287,0.0
48.0,-1.4565327167510986,0.6276212334632874,0.0
48.0,-1.4594188928604126,0.6208804845809937,0.0
48.0,-1.4567419290542603,0.6118031144142151,0.0
48.0,-1.4540122747421265,0.6027637720108032,0.0
48.0,-1.4567835330963135,0.5960349440574646,0.0
48.0,-1.4539600610733032,0.5870469212532043,0.0
48.0,-1.4566586017608643,0.5803184509277344,0.0
48.0,-1.4537420272827148,0.5713827610015869,0.0
48.0,-1.4507739543914795,0.5624865293502808,0.0
48.0,-1.4533590078353882,0.5557730197906494,0.0
48.0,-1.4502989053726196,0.5469304919242859,0.0
48.0,-1.4528120756149292,0.5402193665504456,0.0
48.0,-1.4515385627746582,0.5321199893951416,0.0
48.0,-1.4539833068847656,0.5254032611846924,0.0
48.0,-1.45074462890625,0.5166623592376709,0.0
48.0,-1.4493435621261597,0.5086249709129333,0.0
48.0,-1.4516795873641968,0.5019186735153198,0.0
48.0,-1.4483050107955933,0.493267297744751,0.0
48.0,-1.4505701065063477,0.4865659475326538,0.0
48.0,-1.447106957435608,0.47797247767448425,0.0
48.0,-1.4454972743988037,0.47003987431526184,0.0
48.0,-1.4476549625396729,0.4633517861366272,0.0
48.0,-1.4459666013717651,0.4554520845413208,0.0
48.0,-1.448056936264038,0.4487619698047638,0.0
48.0,-1.4443769454956055,0.4403126835823059,0.0
48.0,-1.4444814920425415,0.43305572867393494,0.0
48.0,-1.4464682340621948,0.4263727366924286,0.0
48.0,-1.4445819854736328,0.41856738924980164,0.0
48.0,-1.4465017318725586,0.411884069442749,0.0
48.0,-1.4445385932922363,0.40411433577537537,0.0
48.0,-1.4425344467163086,0.3963715732097626,0.0
48.0,-1.4443516731262207,0.38969796895980835,0.0
48.0,-1.4422712326049805,0.3819918930530548,0.0
48.0,-1.4440218210220337,0.3753196597099304,0.0
48.0,-1.4418656826019287,0.367651104927063,0.0
48.0,-1.4435501098632812,0.3609808683395386,0.0
48.0,-1.4413186311721802,0.35335052013397217,0.0
48.0,-1.4390475749969482,0.34574854373931885,0.0
48.0,-1.4406307935714722,0.33909159898757935,0.0
48.0,-1.4402341842651367,0.3319781720638275,0.0
48.0,-1.4417537450790405,0.3253158926963806,0.0
48.0,-1.4393362998962402,0.31778424978256226,0.0
48.0,-1.436880350112915,0.31028199195861816,0.0
48.0,-1.438299536705017,0.3036354184150696,0.0
48.0,-1.4357703924179077,0.2961742579936981,0.0
48.0,-1.4371243715286255,0.28953298926353455,0.0
48.0,-1.4384477138519287,0.2828855514526367,0.0
48.0,-1.4358118772506714,0.275478333234787,0.0
48.0,-1.4370701313018799,0.2688370943069458,0.0
48.0,-1.434362530708313,0.26147276163101196,0.0
48.0,-1.4355560541152954,0.25483837723731995,0.0
48.0,-1.4347481727600098,0.24785807728767395,0.0
48.0,-1.4358787536621094,0.2412220537662506,0.0
48.0,-1.4350048303604126,0.23425865173339844,0.0
48.0,-1.4340972900390625,0.2273084968328476,0.0
48.0,-1.4351328611373901,0.22067570686340332,0.0
48.0,-1.4321813583374023,0.21344853937625885,0.0
48.0,-1.4331529140472412,0.20682474970817566,0.0
48.0,-1.4321130514144897,0.19992002844810486,0.0
48.0,-1.4350041151046753,0.1935640573501587,0.0
48.0,-1.4358837604522705,0.1869274228811264,0.0
48.0,-1.4327638149261475,0.17978878319263458,0.0
48.0,-1.433579683303833,0.17316265404224396,0.0
48.0,-1.4303916692733765,0.16607153415679932,0.0
48.0,-1.4291564226150513,0.15923504531383514,0.0
48.0,-1.4298774003982544,0.15262581408023834,0.0
48.0,-1.4285781383514404,0.14581026136875153,0.0
48.0,-1.4292370080947876,0.13920384645462036,0.0
48.0,-1.4298652410507202,0.13259446620941162,0.0
48.0,-1.4284707307815552,0.1258067935705185,0.0
48.0,-1.429037094116211,0.11920109391212463,0.0
48.0,-1.4255852699279785,0.1122787743806839,0.0
48.0,-1.4260891675949097,0.10568656772375107,0.0
48.0,-1.4265625476837158,0.09909209609031677,0.0
48.0,-1.427005410194397,0.09249550849199295,0.0
48.0,-1.4274177551269531,0.08589693903923035,0.0
48.0,-1.4258028268814087,0.07918563485145569,0.0
48.0,-1.4261536598205566,0.07259277254343033,0.0
48.0,-1.4264739751815796,0.06599835306406021,0.0
48.0,-1.426763892173767,0.059402529150247574,0.0
48.0,-1.4230260848999023,0.05265752226114273,0.0
48.0,-1.423254370689392,0.04607778042554855,0.0
48.0,-1.4234521389007568,0.039497051388025284,0.0
48.0,-1.4236195087432861,0.03291548043489456,0.0
48.0,-1.42375648021698,0.02633320540189743,0.0
48.0,-1.421863317489624,0.019722629338502884,0.0
48.0,-1.4219392538070679,0.013148615136742592,0.0
48.0,-1.4219849109649658,0.006574319209903479,0.0
49.0,-1.4220000505447388,1.2431519280653447e-07,0.0
49.0,-1.4199848175048828,-0.006565064657479525,0.0
49.0,-1.4199392795562744,-0.013130112551152706,0.0
49.0,-1.4198633432388306,-0.01969487965106964,0.0
49.0,-1.4197571277618408,-0.026259226724505424,0.0
49.0,-1.4196205139160156,-0.03282301127910614,0.0
49.0,-1.4194536209106445,-0.039386097341775894,0.0
49.0,-1.423254370689392,-0.04607777297496796,0.0
49.0,-1.4230260848999023,-0.052657514810562134,0.0
49.0,-1.4227674007415771,-0.059236131608486176,0.0
49.0,-1.4224783182144165,-0.06581348180770874,0.0
49.0,-1.420161485671997,-0.07228775322437286,0.0
49.0,-1.4198120832443237,-0.07885292172431946,0.0
49.0,-1.4194324016571045,-0.08541639894247055,0.0
49.0,-1.4190223217010498,-0.0919780507683754,0.0
49.0,-1.4185818433761597,-0.09853773564100266,0.0
49.0,-1.4201055765151978,-0.10524312406778336,0.0
49.0,-1.4196038246154785,-0.1118076741695404,0.0
49.0,-1.4190717935562134,-0.11836984008550644,0.0
49.0,-1.4185093641281128,-0.12492947280406952,0.0
49.0,-1.4179165363311768,-0.1314864307641983,0.0
49.0,-1.4172935485839844,-0.13804058730602264,0.0
49.0,-1.4166401624679565,-0.1445917785167694,0.0
49.0,-1.4159564971923828,-0.15113988518714905,0.0
49.0,-1.417230248451233,-0.15790623426437378,0.0
49.0,-1.416485071182251,-0.16445693373680115,0.0
49.0,-1.4157096147537231,-0.17100411653518677,0.0
49.0,-1.4149038791656494,-0.1775476336479187,0.0
49.0,-1.4160510301589966,-0.184345543384552,0.0
49.0,-1.415183663368225,-0.19089050590991974,0.0
49.0,-1.4142858982086182,-0.19743138551712036,0.0
49.0,-1.4153375625610352,-0.20425371825695038,0.0
49.0,-1.4163563251495361,-0.21108999848365784,0.0
49.0,-1.415365219116211,-0.2176360934972763,0.0
49.0,-1.4143438339233398,-0.2241775244474411,0.0
49.0,-1.4132922887802124,-0.23071415722370148,0.0
49.0,-1.4141827821731567,-0.23757721483707428,0.0
49.0,-1.415040135383606,-0.24445343017578125,0.0
49.0,-1.413894772529602,-0.2509930729866028,0.0
49.0,-1.4127192497253418,-0.25752735137939453,0.0
49.0,-1.4115134477615356,-0.26405614614486694,0.0
49.0,-1.4122416973114014,-0.2709560990333557,0.0
49.0,-1.4129364490509033,-0.27786847949028015,0.0
49.0,-1.4116365909576416,-0.28439804911613464,0.0
49.0,-1.412265419960022,-0.29132556915283203,0.0
49.0,-1.4109033346176147,-0.29785189032554626,0.0
49.0,-1.411466121673584,-0.30479398369789124,0.0
49.0,-1.4100419282913208,-0.31131646037101746,0.0
49.0,-1.4105384349822998,-0.31827250123023987,0.0
49.0,-1.4110007286071777,-0.32523974776268005,0.0
49.0,-1.4094818830490112,-0.33175987005233765,0.0
49.0,-1.4118224382400513,-0.33920735120773315,0.0
49.0,-1.4102389812469482,-0.34573110938072205,0.0
49.0,-1.410565733909607,-0.35273265838623047,0.0
49.0,-1.4089198112487793,-0.3592504560947418,0.0
49.0,-1.409179449081421,-0.36626365780830383,0.0
49.0,-1.4094043970108032,-0.3732869625091553,0.0
49.0,-1.4076634645462036,-0.3797991871833801,0.0
49.0,-1.4097496271133423,-0.38736310601234436,0.0
49.0,-1.407943606376648,-0.3938767611980438,0.0
49.0,-1.4061075448989868,-0.40038201212882996,0.0
49.0,-1.4080833196640015,-0.407991886138916,0.0
49.0,-1.4061819314956665,-0.41449761390686035,0.0
49.0,-1.408082127571106,-0.42214319109916687,0.0
49.0,-1.4061152935028076,-0.42864876985549927,0.0
49.0,-1.4060288667678833,-0.4357371926307678,0.0
49.0,-1.4039992094039917,-0.442233145236969,0.0
49.0,-1.4057492017745972,-0.44993895292282104,0.0
49.0,-1.4055559635162354,-0.45705196261405945,0.0
49.0,-1.4034278392791748,-0.46354547142982483,0.0
49.0,-1.405061960220337,-0.4713011384010315,0.0
49.0,-1.4028680324554443,-0.47779223322868347,0.0
49.0,-1.4044243097305298,-0.485580176115036,0.0
49.0,-1.405938744544983,-0.4933927357196808,0.0
49.0,-1.4036425352096558,-0.499887615442276,0.0
49.0,-1.4031972885131836,-0.5070515275001526,0.0
49.0,-1.400838017463684,-0.5135335922241211,0.0
49.0,-1.402198076248169,-0.5213988423347473,0.0
49.0,-1.3997724056243896,-0.5278761982917786,0.0
49.0,-1.4029210805892944,-0.5364852547645569,0.0
49.0,-1.4041552543640137,-0.5444117784500122,0.0
49.0,-1.401623249053955,-0.5508978962898254,0.0
49.0,-1.4009191989898682,-0.558112382888794,0.0
49.0,-1.398323893547058,-0.564583420753479,0.0
49.0,-1.4012519121170044,-0.5733144283294678,0.0
49.0,-1.4022812843322754,-0.5813185572624207,0.0
49.0,-1.39957857131958,-0.587795615196228,0.0
49.0,-1.400526762008667,-0.5958260297775269,0.0
49.0,-1.3977570533752441,-0.6022948026657104,0.0
49.0,-1.4004566669464111,-0.6111505031585693,0.0
49.0,-1.4031041860580444,-0.6200440526008606,0.0
49.0,-1.4002225399017334,-0.6265245079994202,0.0
49.0,-1.4009544849395752,-0.6346421241760254,0.0
49.0,-1.3980052471160889,-0.6411124467849731,0.0
49.0,-1.4004684686660767,-0.6500954031944275,0.0
49.0,-1.397447943687439,-0.6565633416175842,0.0
49.0,-1.3980097770690918,-0.6647348999977112,0.0
49.0,-1.3949215412139893,-0.6711912751197815,0.0
49.0,-1.3971980810165405,-0.6802598834037781,0.0
49.0,-1.3994203805923462,-0.6893637180328369,0.0
49.0,-1.3962182998657227,-0.6958264112472534,0.0
49.0,-1.3983439207077026,-0.7049752473831177,0.0
49.0,-1.3950695991516113,-0.7114328145980835,0.0
49.0,-1.3970979452133179,-0.720625638961792,0.0
49.0,-1.3990709781646729,-0.7298523187637329,0.0
49.0,-1.395681619644165,-0.7363129258155823,0.0
49.0,-1.397556185722351,-0.7455819845199585,0.0
49.0,-1.3940942287445068,-0.7520354390144348,0.0
49.0,-1.3958698511123657,-0.7613458633422852,0.0
49.0,-1.3975889682769775,-0.7706886529922485,0.0
49.0,-1.3940107822418213,-0.7771419882774353,0.0
49.0,-1.3973723649978638,-0.7875064015388489,0.0
49.0,-1.3937164545059204,-0.7939585447311401,0.0
49.0,-1.3952305316925049,-0.8033877611160278,0.0
49.0,-1.3915011882781982,-0.809829831123352,0.0
49.0,-1.3946378231048584,-0.8203105330467224,0.0
49.0,-1.395987868309021,-0.8298155069351196,0.0
49.0,-1.3921363353729248,-0.8362607955932617,0.0
49.0,-1.3933842182159424,-0.8458016514778137,0.0
49.0,-1.3894588947296143,-0.8522347211837769,0.0
49.0,-1.3923038244247437,-0.8628638386726379,0.0
49.0,-1.3950800895690918,-0.8735374212265015,0.0
49.0,-1.391026496887207,-0.8799780607223511,0.0
49.0,-1.3936841487884521,-0.8907080292701721,0.0
49.0,-1.3895511627197266,-0.8971419930458069,0.0
49.0,-1.3920891284942627,-0.9079270958900452,0.0
49.0,-1.3878766298294067,-0.9143534898757935,0.0
49.0,-1.391959547996521,-0.9263005256652832,0.0
49.0,-1.3926416635513306,-0.9360732436180115,0.0
49.0,-1.3882989883422852,-0.942501962184906,0.0
49.0,-1.3905246257781982,-0.9534345269203186,0.0
49.0,-1.3861016035079956,-0.9598532319068909,0.0
49.0,-1.3898439407348633,-0.971982479095459,0.0
49.0,-1.3853352069854736,-0.9783978462219238,0.0
49.0,-1.3873101472854614,-0.9894375801086426,0.0
49.0,-1.3892123699188232,-1.000516414642334,0.0
49.0,-1.3845717906951904,-1.006928563117981,0.0
49.0,-1.3911857604980469,-1.0216056108474731,0.0
49.0,-1.3864476680755615,-1.0280267000198364,0.0
49.0,-1.381679892539978,-1.0344257354736328,0.0
49.0,-1.3641189336776733,-1.0311545133590698,0.0
49.0,-1.3593369722366333,-1.0374503135681152,0.0
49.0,-1.3418519496917725,-1.033958077430725,0.0
49.0,-1.3370572328567505,-1.0401508808135986,0.0
49.0,-1.3196508884429932,-1.0364389419555664,0.0
49.0,-1.3148448467254639,-1.0425291061401367,0.0
49.0,-1.2943968772888184,-1.0360987186431885,0.0
49.0,-1.2771480083465576,-1.0320159196853638,0.0
49.0,-1.2723629474639893,-1.0379096269607544,0.0
49.0,-1.2551994323730469,-1.0336103439331055,0.0
49.0,-1.2381031513214111,-1.0291748046875,0.0
49.0,-1.2333316802978516,-1.0348880290985107,0.0
49.0,-1.2178508043289185,-1.031530499458313,0.0
49.0,-1.2130687236785889,-1.0371500253677368,0.0
49.0,-1.1976618766784668,-1.0336005687713623,0.0
49.0,-1.1928703784942627,-1.0391267538070679,0.0
49.0,-1.1790415048599243,-1.0367069244384766,0.0
49.0,-1.162269115447998,-1.0315263271331787,0.0
49.0,-1.1574875116348267,-1.0368889570236206,0.0
49.0,-1.1408132314682007,-1.0314985513687134,0.0
49.0,-1.136031985282898,-1.0367618799209595,0.0
49.0,-1.1224004030227661,-1.0338730812072754,0.0
49.0,-1.1102845668792725,-1.0322422981262207,0.0
49.0,-1.105500340461731,-1.0373644828796387,0.0
49.0,-1.0905276536941528,-1.0328376293182373,0.0
49.0,-1.0857408046722412,-1.0378684997558594,0.0
49.0,-1.0694161653518677,-1.0317678451538086,0.0
49.0,-1.056037187576294,-1.0283294916152954,0.0
49.0,-1.0512715578079224,-1.033200979232788,0.0
49.0,-1.0379638671875,-1.0295994281768799,0.0
49.0,-1.03319251537323,-1.0343873500823975,0.0
49.0,-1.0199581384658813,-1.0306237936019897,0.0
49.0,-1.0095813274383545,-1.029616355895996,0.0
49.0,-1.0048102140426636,-1.0342729091644287,0.0
49.0,-0.9916956424713135,-1.0302618741989136,0.0
49.0,-0.9869217872619629,-1.0348358154296875,0.0
49.0,-0.9752587676048279,-1.0321192741394043,0.0
49.0,-0.9636421203613281,-1.0293171405792236,0.0
49.0,-0.95887291431427,-1.0337613821029663,0.0
49.0,-0.9459633827209473,-1.0293480157852173,0.0
49.0,-0.9411942362785339,-1.0337104797363281,0.0
49.0,-0.9297067523002625,-1.0306257009506226,0.0
49.0,-0.918268084526062,-1.0274569988250732,0.0
49.0,-0.9135079383850098,-1.0316914319992065,0.0
49.0,-0.9034526348114014,-1.0298899412155151,0.0
49.0,-0.8986814022064209,-1.0340559482574463,0.0
49.0,-0.8873662352561951,-1.0306217670440674,0.0
49.0,-0.8748042583465576,-1.0255835056304932,0.0
49.0,-0.870053231716156,-1.029617190361023,0.0
49.0,-0.8614321947097778,-1.0290279388427734,0.0
49.0,-0.8566654324531555,-1.0329996347427368,0.0
49.0,-0.8455324769020081,-1.0292224884033203,0.0
49.0,-0.8357153534889221,-1.0269156694412231,0.0
49.0,-0.8309586048126221,-1.0307685136795044,0.0
49.0,-0.8211920261383057,-1.0283479690551758,0.0
49.0,-0.8164287805557251,-1.03213369846344,0.0
49.0,-0.8054805994033813,-1.02802574634552,0.0
49.0,-0.8007190823554993,-1.0317387580871582,0.0
49.0,-0.7922836542129517,-1.0306727886199951,0.0
49.0,-0.782663881778717,-1.0279598236083984,0.0
49.0,-0.7779028415679932,-1.0315674543380737,0.0
49.0,-0.7695348262786865,-1.0303456783294678,0.0
49.0,-0.7600054740905762,-1.0274608135223389,0.0
49.0,-0.7552469968795776,-1.030963659286499,0.0
49.0,-0.7457746267318726,-1.0279690027236938,0.0
49.0,-0.7410139441490173,-1.0314059257507324,0.0
49.0,-0.731599748134613,-1.0283023118972778,0.0
49.0,-0.726837694644928,-1.031673789024353,0.0
49.0,-0.7186272144317627,-1.0301024913787842,0.0
49.0,-0.7093101143836975,-1.0268316268920898,0.0
49.0,-0.704555094242096,-1.0301001071929932,0.0
49.0,-0.6952992081642151,-1.0267224311828613,0.0
49.0,-0.6905449032783508,-1.029926061630249,0.0
49.0,-0.682457447052002,-1.028108835220337,0.0
49.0,-0.6733033657073975,-1.0245674848556519,0.0
49.0,-0.668559193611145,-1.0276694297790527,0.0
49.0,-0.6605521440505981,-1.025705099105835,0.0
49.0,-0.6558029055595398,-1.0287480354309082,0.0
49.0,-0.64783775806427,-1.0266947746276855,0.0
49.0,-0.6399056911468506,-1.024590015411377,0.0
49.0,-0.6351617574691772,-1.0275375843048096,0.0
49.0,-0.6272732019424438,-1.025344967842102,0.0
49.0,-0.6225259304046631,-1.0282341241836548,0.0
49.0,-0.6146816611289978,-1.0259543657302856,0.0
49.0,-0.6099317073822021,-1.0287853479385376,0.0
49.0,-0.6031447649002075,-1.028144121170044,0.0
49.0,-0.5953727960586548,-1.0257325172424316,0.0
49.0,-0.5906240940093994,-1.02847421169281,0.0
49.0,-0.5838868618011475,-1.027716040611267,0.0
49.0,-0.5791290998458862,-1.0304045677185059,0.0
49.0,-0.5714434385299683,-1.0278270244598389,0.0
49.0,-0.5637940168380737,-1.025200605392456,0.0
49.0,-0.5590481162071228,-1.0277962684631348,0.0
49.0,-0.5523952841758728,-1.0268473625183105,0.0
49.0,-0.5457631349563599,-1.0258588790893555,0.0
49.0,-0.5410143733024597,-1.0283712148666382,0.0
49.0,-0.5334851741790771,-1.025538682937622,0.0
49.0,-0.5287380218505859,-1.0279942750930786,0.0
49.0,-0.5221664309501648,-1.0268622636795044,0.0
49.0,-0.517413318157196,-1.0292654037475586,0.0
49.0,-0.5099790692329407,-1.0262736082077026,0.0
49.0,-0.5034652948379517,-1.0250300168991089,0.0
49.0,-0.49872082471847534,-1.0273468494415283,0.0
49.0,-0.49137043952941895,-1.024232029914856,0.0
49.0,-0.48662978410720825,-1.0264928340911865,0.0
49.0,-0.4801819324493408,-1.0251094102859497,0.0
49.0,-0.4729174077510834,-1.0218733549118042,0.0
49.0,-0.4681878387928009,-1.024048924446106,0.0
49.0,-0.4618018865585327,-1.022557020187378,0.0
49.0,-0.4570693075656891,-1.0246812105178833,0.0
49.0,-0.4515206515789032,-1.0249532461166382,0.0
49.0,-0.4467770755290985,-1.0270298719406128,0.0
49.0,-0.44044533371925354,-1.02540922164917,0.0
49.0,-0.43413808941841125,-1.023751974105835,0.0
49.0,-0.4294002652168274,-1.0257482528686523,0.0
49.0,-0.42236196994781494,-1.0221772193908691,0.0
49.0,-0.4176315367221832,-1.0241190195083618,0.0
49.0,-0.41214555501937866,-1.0241835117340088,0.0
49.0,-0.40666791796684265,-1.024219274520874,0.0
49.0,-0.40192824602127075,-1.0260885953903198,0.0
49.0,-0.39501744508743286,-1.022339105606079,0.0
49.0,-0.39028656482696533,-1.0241544246673584,0.0
49.0,-0.38554733991622925,-1.02594792842865,0.0
49.0,-0.38149479031562805,-1.0295950174331665,0.0
49.0,-0.3767305314540863,-1.0313477516174316,0.0
49.0,-0.37128064036369324,-1.0311967134475708,0.0
49.0,-0.3665090799331665,-1.0329022407531738,0.0
49.0,-0.3604094982147217,-1.0308098793029785,0.0
49.0,-0.3543371260166168,-1.0286833047866821,0.0
49.0,-0.3495773673057556,-1.0303105115890503,0.0
49.0,-0.3441762328147888,-1.0300188064575195,0.0
49.0,-0.3394103944301605,-1.0315990447998047,0.0
49.0,-0.3334047794342041,-1.029351830482483,0.0
49.0,-0.3286421298980713,-1.0308823585510254,0.0
49.0,-0.32327380776405334,-1.030482530593872,0.0
49.0,-0.31791621446609497,-1.0300549268722534,0.0
49.0,-0.3131504952907562,-1.0315138101577759,0.0
49.0,-0.3072338104248047,-1.0291178226470947,0.0
49.0,-0.3024725317955017,-1.0305272340774536,0.0
49.0,-0.2971504032611847,-1.0299930572509766,0.0
49.0,-0.29183971881866455,-1.029431700706482,0.0
49.0,-0.2870771586894989,-1.0307700634002686,0.0
49.0,-0.28125306963920593,-1.0282279253005981,0.0
49.0,-0.27649617195129395,-1.0295172929763794,0.0
49.0,-0.2712235748767853,-1.0288506746292114,0.0
49.0,-0.26596304774284363,-1.0281574726104736,0.0
49.0,-0.26120665669441223,-1.0293761491775513,0.0
49.0,-0.25596168637275696,-1.0286318063735962,0.0
49.0,-0.2512032091617584,-1.0298042297363281,0.0
49.0,-0.24597439169883728,-1.029009461402893,0.0
49.0,-0.2407582849264145,-1.0281884670257568,0.0
49.0,-0.23600201308727264,-1.0292905569076538,0.0
49.0,-0.2308027595281601,-1.0284192562103271,0.0
49.0,-0.22604551911354065,-1.0294753313064575,0.0
49.0,-0.22044365108013153,-1.0265984535217285,0.0
49.0,-0.21569494903087616,-1.027606725692749,0.0
49.0,-0.21053984761238098,-1.0266337394714355,0.0
49.0,-0.20579108595848083,-1.0275962352752686,0.0
49.0,-0.2010379284620285,-1.0285366773605347,0.0
49.0,-0.1959058940410614,-1.0274906158447266,0.0
49.0,-0.19115333259105682,-1.0283854007720947,0.0
49.0,-0.18604028224945068,-1.0272901058197021,0.0
49.0,-0.18059414625167847,-1.0241999626159668,0.0
49.0,-0.17585696280002594,-1.0250240564346313,0.0
49.0,-0.17078694701194763,-1.0238534212112427,0.0
49.0,-0.1660514622926712,-1.0246320962905884,0.0
49.0,-0.16131243109703064,-1.0253888368606567,0.0
49.0,-0.1565699577331543,-1.0261236429214478,0.0
49.0,-0.15153160691261292,-1.0248581171035767,0.0
49.0,-0.14650830626487732,-1.0235679149627686,0.0
49.0,-0.14177440106868744,-1.024234414100647,0.0
49.0,-0.1370374709367752,-1.024878978729248,0.0
49.0,-0.1322976052761078,-1.0255014896392822,0.0
49.0,-0.12755492329597473,-1.0261023044586182,0.0
49.0,-0.12233441323041916,-1.0227092504501343,0.0
49.0,-0.11760473996400833,-1.023263931274414,0.0
49.0,-0.11287254840135574,-1.0237966775894165,0.0
49.0,-0.10813795030117035,-1.0243076086044312,0.0
49.0,-0.103200264275074,-1.0228067636489868,0.0
49.0,-0.09827876836061478,-1.0212821960449219,0.0
49.0,-0.09355594962835312,-1.0217256546020508,0.0
49.0,-0.0891774520277977,-1.0261322259902954,0.0
49.0,-0.08443230390548706,-1.026533603668213,0.0
49.0,-0.07953062653541565,-1.0249189138412476,0.0
49.0,-0.07479120045900345,-1.025275707244873,0.0
49.0,-0.07005016505718231,-1.0256105661392212,0.0
49.0,-0.06530763953924179,-1.025923490524292,0.0
49.0,-0.06056371331214905,-1.026214361190796,0.0
49.0,-0.055709902197122574,-1.0244864225387573,0.0
49.0,-0.050972722470760345,-1.024733066558838,0.0
49.0,-0.046144332736730576,-1.02295982837677,0.0
49.0,-0.04141431301832199,-1.0231622457504272,0.0
49.0,-0.03668341040611267,-1.0233427286148071,0.0
49.0,-0.03188931569457054,-1.0215022563934326,0.0
49.0,-0.02716618962585926,-1.0216388702392578,0.0
49.0,-0.02244248241186142,-1.0217535495758057,0.0
49.0,-0.017718294635415077,-1.0218462944030762,0.0
49.0,-0.012993729673326015,-1.0219173431396484,0.0
49.0,-0.008268886245787144,-1.0219664573669434,0.0
49.0,-0.0035438663326203823,-1.0219937562942505,0.0
49.0,0.0011812294833362103,-1.0219992399215698,0.0
49.0,0.005906300153583288,-1.0219829082489014,0.0
49.0,0.010631244629621506,-1.0219446420669556,0.0
49.0,0.01535596139729023,-1.021884560585022,0.0
49.0,0.02008035033941269,-1.0218026638031006,0.0
49.0,0.024804310873150826,-1.0216989517211914,0.0
49.0,0.029527738690376282,-1.0215733051300049,0.0
49.0,0.03425053879618645,-1.0214258432388306,0.0
49.0,0.038972605019807816,-1.0212565660476685,0.0
49.0,0.04369383677840233,-1.0210654735565186,0.0
49.0,0.048414137214422226,-1.0208525657653809,0.0
49.0,0.05313339829444885,-1.0206178426742554,0.0
49.0,0.05785152688622475,-1.020361304283142,0.0
49.0,0.062690868973732,-1.0220792293548584,0.0
49.0,0.06741565465927124,-1.0217784643173218,0.0
49.0,0.07199808955192566,-1.019460678100586,0.0
49.0,0.07671067118644714,-1.019116997718811,0.0
49.0,0.08142160624265671,-1.0187513828277588,0.0
49.0,0.0862993597984314,-1.0203570127487183,0.0
49.0,0.09101593494415283,-1.0199471712112427,0.0
49.0,0.09573055803775787,-1.0195153951644897,0.0
49.0,0.10044313222169876,-1.0190619230270386,0.0
49.0,0.10515356063842773,-1.0185866355895996,0.0
49.0,0.10986173897981644,-1.0180896520614624,0.0
49.0,0.1145675778388977,-1.0175708532333374,0.0
49.0,0.11927095800638199,-1.0170302391052246,0.0
49.0,0.12397179752588272,-1.0164679288864136,0.0
49.0,0.1289212852716446,-1.0178680419921875,0.0
49.0,0.13362589478492737,-1.0172611474990845,0.0
49.0,0.13832764327526093,-1.0166324377059937,0.0
49.0,0.1430264264345169,-1.0159820318222046,0.0
49.0,0.14801011979579926,-1.0172890424728394,0.0
49.0,0.15271183848381042,-1.0165938138961792,0.0
49.0,0.15741030871868134,-1.0158770084381104,0.0
49.0,0.16210539638996124,-1.0151383876800537,0.0
49.0,0.16679702699184418,-1.0143779516220093,0.0
49.0,0.17181871831417084,-1.0155678987503052,0.0
49.0,0.1765122264623642,-1.0147627592086792,0.0
49.0,0.1812019646167755,-1.0139358043670654,0.0
49.0,0.186248779296875,-1.0150543451309204,0.0
49.0,0.1909397542476654,-1.0141823291778564,0.0
49.0,0.19600580632686615,-1.0152525901794434,0.0
49.0,0.20069760084152222,-1.0143355131149292,0.0
49.0,0.20578236877918243,-1.0153568983078003,0.0
49.0,0.21047453582286835,-1.0143946409225464,0.0
49.0,0.2151622176170349,-1.0134106874465942,0.0
49.0,0.22026969492435455,-1.014359474182129,0.0
49.0,0.22495709359645844,-1.013330340385437,0.0
49.0,0.23008215427398682,-1.0142297744750977,0.0
49.0,0.23522035777568817,-1.0151036977767944,0.0
49.0,0.2399110496044159,-1.0140053033828735,0.0
49.0,0.24553555250167847,-1.0167734622955322,0.0
49.0,0.25023385882377625,-1.015627384185791,0.0
49.0,0.25590163469314575,-1.018338918685913,0.0
49.0,0.2606070637702942,-1.0171449184417725,0.0
49.0,0.26530691981315613,-1.0159292221069336,0.0
49.0,0.27051541209220886,-1.0166245698928833,0.0
49.0,0.27521276473999023,-1.0153629779815674,0.0
49.0,0.28043636679649353,-1.016007661819458,0.0
49.0,0.28513073921203613,-1.014700174331665,0.0
49.0,0.2903689742088318,-1.0152939558029175,0.0
49.0,0.29561877250671387,-1.015860915184021,0.0
49.0,0.3003123104572296,-1.0144833326339722,0.0
49.0,0.304999440908432,-1.013084053993225,0.0
49.0,0.3096800446510315,-1.0116630792617798,0.0
49.0,0.31494826078414917,-1.0121301412582397,0.0
49.0,0.3202274441719055,-1.0125702619552612,0.0
49.0,0.32490551471710205,-1.0110788345336914,0.0
49.0,0.330197274684906,-1.0114670991897583,0.0
49.0,0.3348701596260071,-1.0099296569824219,0.0
49.0,0.3414505422115326,-1.0140570402145386,0.0
49.0,0.3461352586746216,-1.0124675035476685,0.0
49.0,0.35212400555610657,-1.0146352052688599,0.0
49.0,0.35747572779655457,-1.0148828029632568,0.0
49.0,0.36216408014297485,-1.0132192373275757,0.0
49.0,0.3675265610218048,-1.0134141445159912,0.0
49.0,0.37220802903175354,-1.0117040872573853,0.0
49.0,0.37827998399734497,-1.0137200355529785,0.0
49.0,0.38296276330947876,-1.0119602680206299,0.0
49.0,0.3883538544178009,-1.0120460987091064,0.0
49.0,0.39375388622283936,-1.0121036767959595,0.0
49.0,0.3984290063381195,-1.0102723836898804,0.0
49.0,0.40458035469055176,-1.0121338367462158,0.0
49.0,0.4092555046081543,-1.0102524757385254,0.0
49.0,0.4154408574104309,-1.0120497941970825,0.0
49.0,0.42088353633880615,-1.0119649171829224,0.0
49.0,0.4255577027797699,-1.0100082159042358,0.0
49.0,0.4317930042743683,-1.0117088556289673,0.0
49.0,0.43646588921546936,-1.0097017288208008,0.0
49.0,0.4427335262298584,-1.011337161064148,0.0
49.0,0.4498361647129059,-1.0147647857666016,0.0
49.0,0.4545229971408844,-1.01267409324646,0.0
49.0,0.4600274860858917,-1.0123826265335083,0.0
49.0,0.46470317244529724,-1.0102449655532837,0.0
49.0,0.4702131152153015,-1.0098987817764282,0.0
49.0,0.4748772382736206,-1.007714033126831,0.0
49.0,0.4821139872074127,-1.0109233856201172,0.0
49.0,0.49025973677635193,-1.0158884525299072,0.0
49.0,0.4949513077735901,-1.0136109590530396,0.0
49.0,0.5014040470123291,-1.0148979425430298,0.0
49.0,0.5060909390449524,-1.0125689506530762,0.0
49.0,0.5125718712806702,-1.0137879848480225,0.0
49.0,0.5172535181045532,-1.0114073753356934,0.0
49.0,0.5228429436683655,-1.0107815265655518,0.0
49.0,0.5293647646903992,-1.0118976831436157,0.0
49.0,0.5340374708175659,-1.0094393491744995,0.0
49.0,0.5415290594100952,-1.0122500658035278,0.0
49.0,0.5462033152580261,-1.0097355842590332,0.0
49.0,0.5527852177619934,-1.0107088088989258,0.0
49.0,0.5603556036949158,-1.0133930444717407,0.0
49.0,0.5650349259376526,-1.010791540145874,0.0
49.0,0.5726540088653564,-1.0133920907974243,0.0
49.0,0.5773331522941589,-1.0107336044311523,0.0
49.0,0.5849999189376831,-1.0132497549057007,0.0
49.0,0.5896783471107483,-1.0105341672897339,0.0
49.0,0.5953601002693176,-1.0095199346542358,0.0
49.0,0.6000211238861084,-1.0067565441131592,0.0
49.0,0.6067330241203308,-1.0073981285095215,0.0
49.0,0.6145034432411194,-1.0097076892852783,0.0
49.0,0.6191651225090027,-1.006855845451355,0.0
49.0,0.6269801259040833,-1.0090787410736084,0.0
49.0,0.631638765335083,-1.0061691999435425,0.0
49.0,0.6394974589347839,-1.0083049535751343,0.0
49.0,0.6463103294372559,-1.008705496788025,0.0
49.0,0.6509670615196228,-1.005706548690796,0.0
49.0,0.6577989459037781,-1.0060341358184814,0.0
49.0,0.6624431610107422,-1.0029821395874023,0.0
49.0,0.670403003692627,-1.0048998594284058,0.0
49.0,0.6783947348594666,-1.006765365600586,0.0
49.0,0.6830421686172485,-1.0036181211471558,0.0
49.0,0.692206621170044,-1.0070421695709229,0.0
49.0,0.6968551278114319,-1.003831148147583,0.0
49.0,0.7060811519622803,-1.00714910030365,0.0
49.0,0.7107300758361816,-1.0038739442825317,0.0
49.0,0.7188532948493958,-1.0054579973220825,0.0
49.0,0.728177011013031,-1.0086100101470947,0.0
49.0,0.7328324317932129,-1.005232572555542,0.0
49.0,0.7410290837287903,-1.0066657066345215,0.0
49.0,0.7456753849983215,-1.0032289028167725,0.0
49.0,0.7551077008247375,-1.0061691999435425,0.0
49.0,0.7597514986991882,-1.0026673078536987,0.0
49.0,0.7680248022079468,-1.0039093494415283,0.0
49.0,0.7775481939315796,-1.0066790580749512,0.0
49.0,0.7821941375732422,-1.0030733346939087,0.0
49.0,0.7930091023445129,-1.0073035955429077,0.0
49.0,0.7976577281951904,-1.0036264657974243,0.0
49.0,0.8060442805290222,-1.0046076774597168,0.0
49.0,0.816974401473999,-1.008641004562378,0.0
49.0,0.821628987789154,-1.0048531293869019,0.0
49.0,0.8326317071914673,-1.0087558031082153,0.0
49.0,0.837286651134491,-1.0048954486846924,0.0
49.0,0.8470731377601624,-1.0071361064910889,0.0
49.0,0.8517204523086548,-1.0032089948654175,0.0
49.0,0.8602538704872131,-1.0038163661956787,0.0
49.0,0.8714279532432556,-1.007391333580017,0.0
49.0,0.8760762214660645,-1.0033516883850098,0.0
49.0,0.8859952092170715,-1.005292296409607,0.0
49.0,0.8906335830688477,-1.0011851787567139,0.0
49.0,0.9019339084625244,-1.0044975280761719,0.0
49.0,0.9065684676170349,-1.000316858291626,0.0
49.0,0.9179331064224243,-1.003493309020996,0.0
49.0,0.9293463826179504,-1.006585955619812,0.0
49.0,0.9339902400970459,-1.0022785663604736,0.0
49.0,0.9468355774879456,-1.0066907405853271,0.0
49.0,0.9514797925949097,-1.0023024082183838,0.0
49.0,0.9644055962562561,-1.0065574645996094,0.0
49.0,0.9690489768981934,-1.002087950706482,0.0
49.0,0.9848471283912659,-1.009047031402588,0.0
49.0,1.0021337270736694,-1.0173062086105347,0.0
49.0,1.006826400756836,-1.0126620531082153,0.0
49.0,1.025664210319519,-1.0221139192581177,0.0
49.0,1.030378818511963,-1.0173609256744385,0.0
49.0,1.0507978200912476,-1.0279709100723267,0.0
49.0,1.0555392503738403,-1.0231016874313354,0.0
49.0,1.0761258602142334,-1.0334490537643433,0.0
49.0,1.0953816175460815,-1.042249083518982,0.0
49.0,1.1001886129379272,-1.0371735095977783,0.0
49.0,1.1210497617721558,-1.0470929145812988,0.0
49.0,1.125878930091858,-1.0418987274169922,0.0
49.0,1.146899700164795,-1.0515497922897339,0.0
49.0,1.1517491340637207,-1.0462360382080078,0.0
49.0,1.1744132041931152,-1.0569549798965454,0.0
49.0,1.1972005367279053,-1.0674861669540405,0.0
49.0,1.2021231651306152,-1.0619397163391113,0.0
49.0,1.223575234413147,-1.070859432220459,0.0
49.0,1.2285131216049194,-1.0651909112930298,0.0
49.0,1.2546645402908325,-1.077744483947754,0.0
49.0,1.2596338987350464,-1.071932077407837,0.0
49.0,1.2844548225402832,-1.0828553438186646,0.0
49.0,1.1629650592803955,-0.9442014098167419,0.0
49.0,1.1673181056976318,-0.9388144612312317,0.0
49.0,1.1716461181640625,-0.9334074854850769,0.0
49.0,1.1759490966796875,-0.9279805421829224,0.0
49.0,1.202287197113037,-0.9397774338722229,0.0
49.0,1.2303404808044434,-0.9525745511054993,0.0
49.0,1.2347314357757568,-0.946876049041748,0.0
49.0,1.2613933086395264,-0.9580932855606079,0.0
49.0,1.2658095359802246,-0.9522511959075928,0.0
49.0,1.2942553758621216,-0.9643126726150513,0.0
49.0,1.2986998558044434,-0.9583185911178589,0.0
49.0,1.330567717552185,-0.9723649024963379,0.0
49.0,1.3350491523742676,-0.9662027955055237,0.0
49.0,1.3671373128890991,-0.9798263311386108,0.0
49.0,1.3977484703063965,-0.9920157194137573,0.0
49.0,1.4023200273513794,-0.9855428338050842,0.0
49.0,1.431485652923584,-0.9961850047111511,0.0
49.0,1.4360761642456055,-0.989556074142456,0.0
49.0,1.4637653827667236,-0.9986866116523743,0.0
49.0,1.4683669805526733,-0.9919083714485168,0.0
49.0,1.489561915397644,-0.9962276220321655,0.0
49.0,1.510827660560608,-1.0003718137741089,0.0
49.0,1.5154366493225098,-0.9933760166168213,0.0
49.0,1.5435012578964233,-1.001600742340088,0.0
49.0,1.5481154918670654,-0.9944538474082947,0.0
49.0,1.5661983489990234,-0.9958707094192505,0.0
49.0,1.5707858800888062,-0.9886189699172974,0.0
49.0,1.575339913368225,-0.981346070766449,0.0
49.0,1.574752926826477,-0.9709033966064453,0.0
49.0,1.579224944114685,-0.9636123180389404,0.0
49.0,1.5751028060913086,-0.9511314630508423,0.0
49.0,1.5794835090637207,-0.9438390135765076,0.0
49.0,1.57694411277771,-0.932454526424408,0.0
49.0,1.5743333101272583,-0.9211137890815735,0.0
49.0,1.5785751342773438,-0.9138252139091492,0.0
49.0,1.5793122053146362,-0.9045291543006897,0.0
49.0,1.5834773778915405,-0.8972177505493164,0.0
49.0,1.599820852279663,-0.8967323899269104,0.0
49.0,1.6179428100585938,-0.8970848321914673,0.0
49.0,1.6220730543136597,-0.8895949125289917,0.0
49.0,1.6419907808303833,-0.8906683921813965,0.0
49.0,1.6460912227630615,-0.8830673694610596,0.0
49.0,1.6660572290420532,-0.8838832378387451,0.0
49.0,1.670125961303711,-0.8761709928512573,0.0
49.0,1.688361644744873,-0.8758074045181274,0.0
49.0,1.470442533493042,-0.7033481597900391,0.0
49.0,1.473678708076477,-0.6965422630310059,0.0
49.0,1.4768832921981812,-0.689721405506134,0.0
49.0,1.4800564050674438,-0.6828858852386475,0.0
49.0,1.4995766878128052,-0.683501124382019,0.0
49.0,1.5027207136154175,-0.6765607595443726,0.0
49.0,1.5204523801803589,-0.6761069297790527,0.0
49.0,1.5235620737075806,-0.6690700650215149,0.0
49.0,1.5394834280014038,-0.6675887703895569,0.0
49.0,1.5554234981536865,-0.665974497795105,0.0
49.0,1.5584858655929565,-0.658776044845581,0.0
49.0,1.5652064085006714,-0.6531038880348206,0.0
49.0,1.5682092905044556,-0.6458603739738464,0.0
49.0,1.56747305393219,-0.6370969414710999,0.0
49.0,1.5648329257965088,-0.6276096105575562,0.0
49.0,1.5677179098129272,-0.6203681230545044,0.0
49.0,1.5649800300598145,-0.610931396484375,0.0
49.0,1.5677878856658936,-0.6036893725395203,0.0
49.0,1.56682288646698,-0.5950143933296204,0.0
49.0,1.5695570707321167,-0.5877640247344971,0.0
49.0,1.5666290521621704,-0.5784229636192322,0.0
49.0,1.5636485815048218,-0.5691215395927429,0.0
49.0,1.5662630796432495,-0.5618861317634583,0.0
49.0,1.5650728940963745,-0.553305447101593,0.0
49.0,1.567614197731018,-0.5460636019706726,0.0
49.0,1.5663387775421143,-0.5375117659568787,0.0
49.0,1.5631229877471924,-0.5283430218696594,0.0
49.0,1.5655490159988403,-0.521110475063324,0.0
49.0,1.5641405582427979,-0.5126210451126099,0.0
49.0,1.5664938688278198,-0.5053839683532715,0.0
49.0,1.5650012493133545,-0.4969255328178406,0.0
49.0,1.56728196144104,-0.4896846413612366,0.0
49.0,1.5657057762145996,-0.4812580347061157,0.0
49.0,1.5621708631515503,-0.4722777307033539,0.0
49.0,1.5643376111984253,-0.46505019068717957,0.0
49.0,1.5626317262649536,-0.45669063925743103,0.0
49.0,1.5608818531036377,-0.4483567774295807,0.0
49.0,1.5629380941390991,-0.441135436296463,0.0
49.0,1.5611063241958618,-0.43283596634864807,0.0
49.0,1.5630908012390137,-0.42561376094818115,0.0
49.0,1.5611776113510132,-0.4173494279384613,0.0
49.0,1.5630905628204346,-0.41012707352638245,0.0
49.0,1.56109619140625,-0.40189865231513977,0.0
49.0,1.5551811456680298,-0.3927181363105774,0.0
49.0,1.5569802522659302,-0.3855237364768982,0.0
49.0,1.5470845699310303,-0.37549081444740295,0.0
49.0,1.5488040447235107,-0.3683340549468994,0.0
49.0,1.5407512187957764,-0.3589007556438446,0.0
49.0,1.5676075220108032,-0.14171351492404938,0.0
49.0,1.5682458877563477,-0.13446436822414398,0.0
49.0,1.5688508749008179,-0.12721234560012817,0.0
49.0,1.5694222450256348,-0.11995761096477509,0.0
49.0,1.5619806051254272,-0.11212749034166336,0.0
49.0,1.5545002222061157,-0.10436876118183136,0.0
49.0,1.5549662113189697,-0.09718061238527298,0.0
49.0,1.5553988218307495,-0.08999038487672806,0.0
49.0,1.5557982921600342,-0.08279823511838913,0.0
49.0,1.5601598024368286,-0.07579842954874039,0.0
49.0,1.5604935884475708,-0.06858441978693008,0.0
49.0,1.5707862377166748,-0.061761826276779175,0.0
49.0,1.5790503025054932,-0.054776184260845184,0.0
49.0,1.5792865753173828,-0.04747506231069565,0.0
49.0,1.589486002922058,-0.04042718559503555,0.0
49.0,1.589655876159668,-0.033077966421842575,0.0
49.0,1.5997905731201172,-0.02588985301554203,0.0
49.0,1.6118923425674438,-0.018631847575306892,0.0
49.0,1.6119612455368042,-0.011179269291460514,0.0
49.0,1.6199957132339478,-0.0037449460942298174,0.0
49.0,1.6199957132339478,0.0037449372466653585,0.0
49.0,1.6299607753753662,0.011304090730845928,0.0
49.0,1.6298911571502686,0.018839886412024498,0.0
49.0,1.6397852897644043,0.026537088677287102,0.0
49.0,1.649642825126648,0.034326180815696716,0.0
49.0,1.6494665145874023,0.04195272549986839,0.0
49.0,1.6612495183944702,0.04993894696235657,0.0
49.0,1.6610008478164673,0.05761898681521416,0.0
49.0,1.6707091331481934,0.06569068878889084,0.0
49.0,1.6703875064849854,0.07341429591178894,0.0
49.0,1.4353172779083252,0.24454084038734436,0.0
49.0,1.4341713190078735,0.2511742413043976,0.0
49.0,1.4329947233200073,0.25780224800109863,0.0
49.0,1.4317874908447266,0.26442477107048035,0.0
49.0,1.4423400163650513,0.2732754945755005,0.0
49.0,1.4410611391067505,0.27994105219841003,0.0
49.0,1.4397515058517456,0.28660061955451965,0.0
49.0,1.4521287679672241,0.2960507571697235,0.0
49.0,1.4507445096969604,0.3027613162994385,0.0
49.0,1.4630206823349,0.3123888671398163,0.0
49.0,1.4615607261657715,0.31914961338043213,0.0
49.0,1.4737331867218018,0.32895341515541077,0.0
49.0,1.4838961362838745,0.33843183517456055,0.0
49.0,1.4823155403137207,0.34528881311416626,0.0
49.0,1.494323492050171,0.35537755489349365,0.0
49.0,1.4926645755767822,0.36228257417678833,0.0
49.0,1.5103873014450073,0.3739868700504303,0.0
49.0,1.5086420774459839,0.3809659481048584,0.0
49.0,1.5262330770492554,0.3929232358932495,0.0
49.0,1.549548864364624,0.40657395124435425,0.0
49.0,1.5476524829864502,0.41373375058174133,0.0
49.0,1.5708098411560059,0.42771556973457336,0.0
49.0,1.5688155889511108,0.43497341871261597,0.0
49.0,1.5821861028671265,0.44656816124916077,0.0
49.0,1.5801045894622803,0.4538784325122833,0.0
49.0,1.5914270877838135,0.4651062786579132,0.0
49.0,1.6045963764190674,0.4770183861255646,0.0
49.0,1.6023738384246826,0.4844319522380829,0.0
49.0,1.6154108047485352,0.4965360760688782,0.0
49.0,1.613097906112671,0.5039994120597839,0.0
49.0,1.6240938901901245,0.5156888365745544,0.0
49.0,1.6216922998428345,0.5231921076774597,0.0
49.0,1.632559895515442,0.5350443124771118,0.0
49.0,1.6433521509170532,0.5470080375671387,0.0
49.0,1.6408054828643799,0.5546000599861145,0.0
49.0,1.6495741605758667,0.5660751461982727,0.0
49.0,1.6469392776489258,0.573695719242096,0.0
49.0,1.6574687957763672,0.5859704613685608,0.0
49.0,1.654741883277893,0.5936272740364075,0.0
49.0,1.4396090507507324,0.5239748358726501,0.0
49.0,1.4478133916854858,0.5421737432479858,0.0
49.0,1.44529128074646,0.5488617420196533,0.0
49.0,1.4427381753921509,0.5555379986763,0.0
49.0,1.4401543140411377,0.5622023940086365,0.0
49.0,1.452417254447937,0.5747419595718384,0.0
49.0,1.449744462966919,0.581450879573822,0.0
49.0,1.46371591091156,0.594925045967102,0.0
49.0,1.4775934219360352,0.6085406541824341,0.0
49.0,1.4747642278671265,0.6153655648231506,0.0
49.0,1.48848295211792,0.629185676574707,0.0
49.0,1.4855581521987915,0.6360607147216797,0.0
49.0,1.5009504556655884,0.6508792042732239,0.0
49.0,1.5180684328079224,0.6666575074195862,0.0
49.0,1.5149699449539185,0.6736689805984497,0.0
49.0,1.528252363204956,0.688055694103241,0.0
49.0,1.525054931640625,0.695114016532898,0.0
49.0,1.5290889739990234,0.7055090665817261,0.0
49.0,1.525810718536377,0.7125710844993591,0.0
49.0,1.5279245376586914,0.7221818566322327,0.0
49.0,1.5299819707870483,0.7318272590637207,0.0
49.0,1.52658212184906,0.7388931512832642,0.0
49.0,1.530334234237671,0.7494617700576782,0.0
49.0,1.5268528461456299,0.7565290927886963,0.0
49.0,1.528702735900879,0.7662689089775085,0.0
49.0,1.5251436233520508,0.7733284831047058,0.0
49.0,1.5251110792160034,0.7821969389915466,0.0
49.0,1.5268045663833618,0.7920025587081909,0.0
49.0,1.523126482963562,0.7990530729293823,0.0
49.0,1.5264829397201538,0.8098357319831848,0.0
49.0,1.5227224826812744,0.8168845772743225,0.0
49.0,1.5259613990783691,0.8277303576469421,0.0
49.0,1.523871898651123,0.8357383608818054,0.0
49.0,1.5199916362762451,0.8427748680114746,0.0
49.0,1.517823576927185,0.8507711887359619,0.0
49.0,1.5138739347457886,0.8577795624732971,0.0
49.0,1.5098918676376343,0.8647696375846863,0.0
49.0,1.5058776140213013,0.8717411756515503,0.0
49.0,1.4793899059295654,0.8655641674995422,0.0
49.0,1.2479749917984009,1.1336464881896973,0.0
49.0,1.242720365524292,1.139404296875,0.0
49.0,1.2374391555786133,1.1451376676559448,0.0
49.0,1.2321316003799438,1.1508464813232422,0.0
49.0,1.2180659770965576,1.1482993364334106,0.0
49.0,1.2127439975738525,1.1539186239242554,0.0
49.0,1.1987407207489014,1.1512012481689453,0.0
49.0,1.1905333995819092,1.1539472341537476,0.0
49.0,1.185185432434082,1.159439206123352,0.0
49.0,1.1769659519195557,1.1620960235595703,0.0
49.0,1.1715805530548096,1.1675251722335815,0.0
49.0,1.1562992334365845,1.163001298904419,0.0
49.0,1.1396815776824951,1.1569364070892334,0.0
49.0,1.1343203783035278,1.1621931791305542,0.0
49.0,0.9735448360443115,1.284816861152649,0.0
49.0,0.9675942659378052,1.289304256439209,0.0
49.0,0.961622953414917,1.2937639951705933,0.0
49.0,0.9556311368942261,1.2981960773468018,0.0
49.0,0.9305544495582581,1.3015638589859009,0.0
49.0,0.9245269298553467,1.3058522939682007,0.0
49.0,0.9184795618057251,1.310112714767456,0.0
49.0,0.9124126434326172,1.3143452405929565,0.0
49.0,0.9040603041648865,1.3152531385421753,0.0
49.0,0.8968445062637329,1.317765474319458,0.0
49.0,0.8907423615455627,1.3218978643417358,0.0
49.0,0.8835113048553467,1.3243381977081299,0.0
49.0,0.8773789405822754,1.3284088373184204,0.0
49.0,0.8701333403587341,1.3307772874832153,0.0
49.0,0.8628846406936646,1.3331069946289062,0.0
49.0,0.8567119836807251,1.3370821475982666,0.0
49.0,0.8505209684371948,1.3410288095474243,0.0
49.0,0.8443118333816528,1.3449467420578003,0.0
49.0,0.8380845785140991,1.3488359451293945,0.0
49.0,0.8318394422531128,1.3526962995529175,0.0
49.0,0.8255765438079834,1.3565278053283691,0.0
49.0,0.8182640671730042,1.358616828918457,0.0
49.0,0.8119739294052124,1.3623855113983154,0.0
49.0,0.805666446685791,1.3661249876022339,0.0
49.0,0.7993417382240295,1.3698352575302124,0.0
49.0,0.7929999232292175,1.373516321182251,0.0
49.0,0.7856492400169373,1.3754312992095947,0.0
49.0,0.7792816758155823,1.3790489435195923,0.0
49.0,0.7728975415229797,1.3826371431350708,0.0
49.0,0.7664967775344849,1.3861957788467407,0.0
49.0,0.7610393762588501,1.3914793729782104,0.0
49.0,0.7545979619026184,1.3949830532073975,0.0
49.0,0.7481403350830078,1.3984569311141968,0.0
49.0,0.7416667342185974,1.4019010066986084,0.0
49.0,0.7351773381233215,1.4053149223327637,0.0
49.0,0.7286721467971802,1.4086989164352417,0.0
49.0,0.4739013910293579,0.948165237903595,0.0
49.0,0.46951261162757874,0.9503461122512817,0.0
49.0,0.4651137888431549,0.9525067210197449,0.0
49.0,0.460705041885376,0.9546469449996948,0.0
49.0,0.45370370149612427,0.9513511657714844,0.0
49.0,0.4475952386856079,0.9498202204704285,0.0
49.0,0.443199098110199,0.9518794417381287,0.0
49.0,0.43795767426490784,0.9521013498306274,0.0
49.0,0.4335510730743408,0.9541160464286804,0.0
49.0,0.4274972975254059,0.9524610638618469,0.0
49.0,0.4214681088924408,0.9507704973220825,0.0
49.0,0.41706782579421997,0.9527089595794678,0.0
49.0,0.4110715091228485,0.9509554505348206,0.0
49.0,0.4066705107688904,0.9528458118438721,0.0
49.0,0.4007076323032379,0.9510295987129211,0.0
49.0,0.3963063955307007,0.9528720378875732,0.0
49.0,0.3903777003288269,0.9509938359260559,0.0
49.0,0.3852258324623108,0.950934886932373,0.0
49.0,0.3808251619338989,0.9527057409286499,0.0
49.0,0.3749488592147827,0.9507350921630859,0.0
49.0,0.3698241114616394,0.9505946040153503,0.0
49.0,0.3654251992702484,0.9522942900657654,0.0
49.0,0.35960274934768677,0.9502325654029846,0.0
49.0,0.35520562529563904,0.9518849849700928,0.0
49.0,0.3494197726249695,0.9497630000114441,0.0
49.0,0.34434306621551514,0.9494881629943848,0.0
49.0,0.3399495482444763,0.9510700702667236,0.0
49.0,0.3348843455314636,0.9507452249526978,0.0
49.0,0.33048510551452637,0.9522833824157715,0.0
49.0,0.3247848153114319,0.9500161409378052,0.0
49.0,0.320389062166214,0.9515076279640198,0.0
49.0,0.31409814953804016,0.9472836852073669,0.0
49.0,0.30909445881843567,0.9468244910240173,0.0
49.0,0.304713636636734,0.9482434391975403,0.0
49.0,0.29972323775291443,0.9477351903915405,0.0
49.0,0.29533830285072327,0.9491108059883118,0.0
49.0,0.2903616428375244,0.9485536813735962,0.0
49.0,0.2853964567184448,0.9479709267616272,0.0
49.0,0.28101059794425964,0.9492802619934082,0.0
49.0,0.2760598659515381,0.948648989200592,0.0
49.0,0.27167096734046936,0.9499151706695557,0.0
49.0,0.2661941647529602,0.9473102688789368,0.0
49.0,0.2612794041633606,0.9466028809547424,0.0
49.0,0.2569001317024231,0.9478007555007935,0.0
49.0,0.2520010471343994,0.9470456838607788,0.0
49.0,0.24761982262134552,0.9482006430625916,0.0
49.0,0.24224050343036652,0.9454604983329773,0.0
49.0,0.237379252910614,0.9446306228637695,0.0
49.0,0.23300933837890625,0.9457180500030518,0.0
49.0,0.22863443195819855,0.9467852115631104,0.0
49.0,0.22425465285778046,0.9478321671485901,0.0
49.0,0.21941860020160675,0.9469105005264282,0.0
49.0,0.21459588408470154,0.9459643959999084,0.0
49.0,0.21022003889083862,0.9469464421272278,0.0
49.0,0.2054152935743332,0.9459537863731384,0.0
49.0,0.20103959739208221,0.9468933939933777,0.0
49.0,0.19625328481197357,0.9458544850349426,0.0
49.0,0.19187815487384796,0.9467517137527466,0.0
49.0,0.18711072206497192,0.9456667304039001,0.0
49.0,0.18235743045806885,0.9445579648017883,0.0
49.0,0.1779884397983551,0.9453909993171692,0.0
49.0,0.17325468361377716,0.9442366361618042,0.0
49.0,0.16888727247714996,0.9450275301933289,0.0
49.0,0.16451625525951385,0.9457982778549194,0.0
49.0,0.15980809926986694,0.9445767998695374,0.0
49.0,0.15543925762176514,0.945305585861206,0.0
49.0,0.1510670930147171,0.9460141062736511,0.0
49.0,0.1466917097568512,0.9467024803161621,0.0
49.0,0.14201606810092926,0.9453927278518677,0.0
49.0,0.13764365017414093,0.9460391998291016,0.0
49.0,0.1332682967185974,0.9466654658317566,0.0
49.0,0.12835079431533813,0.9433080554008484,0.0
49.0,0.12398815900087357,0.9438914060592651,0.0
49.0,0.11962287127971649,0.944454550743103,0.0
49.0,0.11525502800941467,0.9449975490570068,0.0
49.0,0.11065176874399185,0.9435338973999023,0.0
49.0,0.10606451332569122,0.9420479536056519,0.0
49.0,0.10170794278383255,0.942528247833252,0.0
49.0,0.09714381396770477,0.9409989714622498,0.0
49.0,0.09279219061136246,0.9414380192756653,0.0
49.0,0.08843857795000076,0.9418569803237915,0.0
49.0,0.08408308029174805,0.9422557950019836,0.0
49.0,0.07972577959299088,0.9426344633102417,0.0
49.0,0.0753667801618576,0.9429929852485657,0.0
49.0,0.0710061639547348,0.9433313608169556,0.0
49.0,0.06664403527975082,0.9436495900154114,0.0
49.0,0.062280476093292236,0.9439476132392883,0.0
49.0,0.05779314786195755,0.9422292709350586,0.0
49.0,0.05343625321984291,0.9424864053726196,0.0
49.0,0.049078214913606644,0.9427233338356018,0.0
49.0,0.04471912980079651,0.9429401755332947,0.0
49.0,0.04035909101366997,0.9431368708610535,0.0
49.0,0.035998184233903885,0.9433133602142334,0.0
49.0,0.03156948462128639,0.9414708018302917,0.0
49.0,0.02721637673676014,0.9416067004203796,0.0
49.0,0.022862685844302177,0.9417225122451782,0.0
49.0,0.018508508801460266,0.941818118095398,0.0
49.0,0.014153935015201569,0.9418936371803284,0.0
49.0,0.009799058549106121,0.9419490098953247,0.0
49.0,0.005443972535431385,0.941984236240387,0.0
49.0,0.0010887705720961094,0.9419993162155151,0.0
49.0,-0.0032664549071341753,0.941994309425354,0.0
49.0,-0.007621610537171364,0.9419691562652588,0.0
49.0,-0.011976603418588638,0.9419238567352295,0.0
49.0,-0.01633133925497532,0.9418584108352661,0.0
49.0,-0.020685726776719093,0.9417728185653687,0.0
49.0,-0.0250396728515625,0.9416671395301819,0.0
49.0,-0.029330678284168243,0.939542293548584,0.0
49.0,-0.0336742177605629,0.9393966197967529,0.0
49.0,-0.03809792548418045,0.9412292242050171,0.0
49.0,-0.04244917258620262,0.9410430192947388,0.0
49.0,-0.04679951071739197,0.9408367276191711,0.0
49.0,-0.05114884674549103,0.9406102895736694,0.0
49.0,-0.05549709498882294,0.9403637647628784,0.0
49.0,-0.05984415113925934,0.9400971531867981,0.0
49.0,-0.06418993324041367,0.9398103952407837,0.0
49.0,-0.06853433698415756,0.9395036101341248,0.0
49.0,-0.07303201407194138,0.9411707520484924,0.0
49.0,-0.07738261669874191,0.9408230185508728,0.0
49.0,-0.08155839890241623,0.9384626746177673,0.0
49.0,-0.08589638769626617,0.9380755424499512,0.0
49.0,-0.09042412787675858,0.9396592378616333,0.0
49.0,-0.09476755559444427,0.9392311573028564,0.0
49.0,-0.09910895675420761,0.9387829303741455,0.0
49.0,-0.10366740822792053,0.9403026103973389,0.0
49.0,-0.10801366716623306,0.9398132562637329,0.0
49.0,-0.11235762387514114,0.9393038749694824,0.0
49.0,-0.11669917404651642,0.9387743473052979,0.0
49.0,-0.12129412591457367,0.940208375453949,0.0
49.0,-0.12563976645469666,0.9396375417709351,0.0
49.0,-0.12998270988464355,0.9390466213226318,0.0
49.0,-0.1343228816986084,0.9384356141090393,0.0
49.0,-0.13866019248962402,0.9378045797348022,0.0
49.0,-0.14329619705677032,0.9391305446624756,0.0
49.0,-0.14763662219047546,0.9384579658508301,0.0
49.0,-0.1522938311100006,0.9397396445274353,0.0
49.0,-0.15663696825504303,0.9390255212783813,0.0
49.0,-0.16097676753997803,0.9382912516593933,0.0
49.0,-0.16531310975551605,0.9375370144844055,0.0
49.0,-0.16964592039585114,0.9367626905441284,0.0
49.0,-0.1747061014175415,0.9399009346961975,0.0
49.0,-0.17904974520206451,0.9390831589698792,0.0
49.0,-0.1841568797826767,0.9421709775924683,0.0
49.0,-0.18890365958213806,0.9432706236839294,0.0
49.0,-0.1932627260684967,0.9423871636390686,0.0
49.0,-0.19720681011676788,0.9395262002944946,0.0
49.0,-0.2015484869480133,0.9386043548583984,0.0
49.0,-0.2058858424425125,0.9376624822616577,0.0
49.0,-0.2106567770242691,0.9386520981788635,0.0
49.0,-0.21499426662921906,0.9376680850982666,0.0
49.0,-0.21978312730789185,0.9386113882064819,0.0
49.0,-0.2241203337907791,0.9375852346420288,0.0
49.0,-0.22940067946910858,0.9404250979423523,0.0
49.0,-0.23374615609645844,0.939354419708252,0.0
49.0,-0.23808665573596954,0.9382636547088623,0.0
49.0,-0.24292293190956116,0.9390891790390015,0.0
49.0,-0.24726209044456482,0.9379560351371765,0.0
49.0,-0.2521147131919861,0.9387343525886536,0.0
49.0,-0.25645214319229126,0.9375587105751038,0.0
49.0,-0.26132068037986755,0.9382896423339844,0.0
49.0,-0.2662014365196228,0.9389956593513489,0.0
49.0,-0.27053990960121155,0.9377548694610596,0.0
49.0,-0.27599915862083435,0.9403321146965027,0.0
49.0,-0.2803437113761902,0.9390460252761841,0.0
49.0,-0.2846822738647461,0.9377398490905762,0.0
49.0,-0.29019439220428467,0.9402357339859009,0.0
49.0,-0.29453834891319275,0.9388840198516846,0.0
49.0,-0.2994834780693054,0.9394177198410034,0.0
49.0,-0.3038235604763031,0.938023030757904,0.0
49.0,-0.30815714597702026,0.9366083145141602,0.0
49.0,-0.31248414516448975,0.9351736307144165,0.0
49.0,-0.31808966398239136,0.9375067949295044,0.0
49.0,-0.32242071628570557,0.9360260963439941,0.0
49.0,-0.3274049460887909,0.9364133477210999,0.0
49.0,-0.3323996663093567,0.936774492263794,0.0
49.0,-0.33672717213630676,0.9352276921272278,0.0
49.0,-0.3417336642742157,0.9355394840240479,0.0
49.0,-0.34605535864830017,0.9339494705200195,0.0
49.0,-0.3510732352733612,0.934211790561676,0.0
49.0,-0.35681307315826416,0.9363163709640503,0.0
49.0,-0.3611381947994232,0.9346566796302795,0.0
49.0,-0.3661850392818451,0.9348392486572266,0.0
49.0,-0.3705032467842102,0.9331362247467041,0.0
49.0,-0.37630683183670044,0.9351241588592529,0.0
49.0,-0.38062623143196106,0.9333743453025818,0.0
49.0,-0.3872288167476654,0.9371499419212341,0.0
49.0,-0.39232975244522095,0.9371944665908813,0.0
49.0,-0.3966585695743561,0.9353705644607544,0.0
49.0,-0.40255752205848694,0.9372019171714783,0.0
49.0,-0.4068862497806549,0.9353306889533997,0.0
49.0,-0.41201257705688477,0.9352697730064392,0.0
49.0,-0.41714704036712646,0.9351814985275269,0.0
49.0,-0.42146629095077515,0.9332428574562073,0.0
49.0,-0.4266080856323242,0.9331032037734985,0.0
49.0,-0.4309176206588745,0.9311208724975586,0.0
49.0,-0.4369146525859833,0.9327408671379089,0.0
49.0,-0.4412223994731903,0.9307108521461487,0.0
49.0,-0.4472509026527405,0.9322674870491028,0.0
49.0,-0.45330315828323364,0.9337881207466125,0.0
49.0,-0.45761555433273315,0.9316823482513428,0.0
49.0,-0.46369826793670654,0.9331387877464294,0.0
49.0,-0.46800753474235535,0.9309849739074707,0.0
49.0,-0.4750264286994934,0.9341594576835632,0.0
49.0,-0.4793403148651123,0.9319532513618469,0.0
49.0,-0.48548996448516846,0.9332757592201233,0.0
49.0,-0.4916619658470154,0.9345611333847046,0.0
49.0,-0.4959775507450104,0.9322779774665833,0.0
49.0,-0.5021774768829346,0.9334975481033325,0.0
49.0,-0.506488025188446,0.9311658143997192,0.0
49.0,-1.1254725456237793,1.9598243236541748,0.0
49.0,-1.1345216035842896,1.9545998573303223,0.0
49.0,-1.143546223640442,1.949333667755127,0.0
49.0,-1.1525465250015259,1.9440258741378784,0.0
49.0,-1.1656336784362793,1.945538878440857,0.0
49.0,-1.1787595748901367,1.9469724893569946,0.0
49.0,-1.1877485513687134,1.9415018558502197,0.0
49.0,-1.203021764755249,1.9461971521377563,0.0
49.0,-1.2120068073272705,1.9406143426895142,0.0
49.0,-1.2273696660995483,1.9451384544372559,0.0
49.0,-1.2406500577926636,1.946189045906067,0.0
49.0,-1.2496347427368164,1.9404323101043701,0.0
49.0,-1.265136480331421,1.944692611694336,0.0
49.0,-1.2741140127182007,1.938822627067566,0.0
49.0,-1.2897008657455444,1.9429091215133667,0.0
49.0,-1.2986699342727661,1.9369255304336548,0.0
49.0,-1.3143398761749268,1.9408366680145264,0.0
49.0,-1.3300734758377075,1.9446439743041992,0.0
49.0,-1.3390501737594604,1.9384738206863403,0.0
49.0,-1.3548640012741089,1.9421039819717407,0.0
49.0,-1.3638285398483276,1.935819149017334,0.0
49.0,-1.379720687866211,1.9392708539962769,0.0
49.0,-1.3956735134124756,1.942616581916809,0.0
49.0,-1.4046399593353271,1.936143159866333,0.0
49.0,-1.420668125152588,1.939308762550354,0.0
49.0,-1.4296190738677979,1.9327197074890137,0.0
49.0,-1.4481137990951538,1.9389086961746216,0.0
49.0,-1.4570626020431519,1.9321928024291992,0.0
49.0,-1.4732495546340942,1.9349831342697144,0.0
49.0,-1.4894933700561523,1.9376649856567383,0.0
49.0,-1.4984359741210938,1.930757761001587,0.0
49.0,-1.5147476196289062,1.9332553148269653,0.0
49.0,-1.5236696004867554,1.9262313842773438,0.0
49.0,-1.5300629138946533,1.9160404205322266,0.0
49.0,-1.526352882385254,1.8933753967285156,0.0
49.0,-1.5350903272628784,1.8862982988357544,0.0
49.0,-1.5285601615905762,1.8606363534927368,0.0
49.0,-1.5371463298797607,1.8535493612289429,0.0
49.0,-1.5277262926101685,1.8249528408050537,0.0
49.0,-1.5206568241119385,1.799538493156433,0.0
49.0,-1.5289604663848877,1.792488694190979,0.0
49.0,-1.5215721130371094,1.767213225364685,0.0
49.0,-1.5297263860702515,1.7601594924926758,0.0
49.0,-1.522020936012268,1.7350263595581055,0.0
49.0,-1.5300264358520508,1.7279709577560425,0.0
49.0,-1.5246715545654297,1.7059663534164429,0.0
49.0,-1.5164668560028076,1.6810781955718994,0.0
49.0,-1.5242228507995605,1.6740490198135376,0.0
49.0,-1.5184133052825928,1.6522581577301025,0.0
49.0,-1.526036024093628,1.6452202796936035,0.0
49.0,-1.5199575424194336,1.623547077178955,0.0
49.0,-1.5137115716934204,1.6019654273986816,0.0
49.0,-1.5211018323898315,1.5949499607086182,0.0
49.0,-1.5118157863616943,1.570609211921692,0.0
49.0,-1.505124807357788,1.549257755279541,0.0
49.0,-1.512271523475647,1.5422824621200562,0.0
49.0,-1.5053175687789917,1.5210586786270142,0.0
49.0,-1.512333869934082,1.5140827894210815,0.0
49.0,-1.505118489265442,1.4929895401000977,0.0
49.0,-1.512005090713501,1.4860148429870605,0.0
49.0,-1.5073963403701782,1.4678462743759155,0.0
49.0,-1.4997735023498535,1.446974754333496,0.0
49.0,-1.5064473152160645,1.4400253295898438,0.0
49.0,-1.5014722347259521,1.422042727470398,0.0
49.0,-1.5080307722091675,1.4150856733322144,0.0
49.0,-1.5028390884399414,1.397204041481018,0.0
49.0,-1.4975144863128662,1.3794007301330566,0.0
49.0,-1.503875970840454,1.3724623918533325,0.0
49.0,-1.4998208284378052,1.3561054468154907,0.0
49.0,-1.5060745477676392,1.3491566181182861,0.0
49.0,-1.5003293752670288,1.3315584659576416,0.0
49.0,-1.4929519891738892,1.312721848487854,0.0
49.0,-1.4990051984786987,1.3058053255081177,0.0
49.0,-1.4944275617599487,1.289713978767395,0.0
49.0,-1.500374436378479,1.2827908992767334,0.0
49.0,-1.497132420539856,1.2680845260620117,0.0
49.0,-1.492254614830017,1.2521501779556274,0.0
49.0,-1.4980278015136719,1.2452374696731567,0.0
49.0,-1.4929616451263428,1.2293988466262817,0.0
49.0,-1.4986296892166138,1.2224831581115723,0.0
49.0,-1.49337637424469,1.2067421674728394,0.0
49.0,-1.4880099296569824,1.1910761594772339,0.0
49.0,-1.493500828742981,1.1841838359832764,0.0
49.0,-1.4895225763320923,1.1698541641235352,0.0
49.0,-1.494915246963501,1.1629550457000732,0.0
49.0,-1.4891862869262695,1.1474859714508057,0.0
49.0,-1.483346700668335,1.1320949792861938,0.0
49.0,-1.4885648488998413,1.1252247095108032,0.0
49.0,-1.482544183731079,1.1099400520324707,0.0
49.0,-1.4876599311828613,1.1030738353729248,0.0
49.0,-1.4830718040466309,1.0890812873840332,0.0
49.0,-1.4800037145614624,1.076331377029419,0.0
49.0,-1.4849642515182495,1.0694772005081177,0.0
49.0,-1.4801230430603027,1.0556323528289795,0.0
49.0,-1.4849878549575806,1.0487778186798096,0.0
49.0,-1.481626033782959,1.0361700057983398,0.0
49.0,-1.4864007234573364,1.029308795928955,0.0
49.0,-1.482896327972412,1.016770601272583,0.0
49.0,-1.4793078899383545,1.0042870044708252,0.0
49.0,-1.4839352369308472,0.9974368214607239,0.0
49.0,-1.4785407781600952,0.9839172959327698,0.0
49.0,-1.4830739498138428,0.9770709276199341,0.0
49.0,-1.4775242805480957,0.9636483192443848,0.0
49.0,-1.4735625982284546,0.9513826966285706,0.0
49.0,-1.4779454469680786,0.9445596933364868,0.0
49.0,-1.4738457202911377,0.9323703646659851,0.0
49.0,-1.4781407117843628,0.9255462884902954,0.0
49.0,-1.473904013633728,0.913434624671936,0.0
49.0,-1.4712920188903809,0.9024276733398438,0.0
49.0,-1.475448489189148,0.8956156969070435,0.0
49.0,-1.4727157354354858,0.8846651315689087,0.0
49.0,-1.476790189743042,0.8778467774391174,0.0
49.0,-1.4722133874893188,0.8659396767616272,0.0
49.0,-1.4692870378494263,0.8550998568534851,0.0
49.0,-1.4732247591018677,0.848297655582428,0.0
49.0,-1.470179796218872,0.8375174403190613,0.0
49.0,-1.4740362167358398,0.830711305141449,0.0
49.0,-1.4708735942840576,0.819991946220398,0.0
49.0,-1.4658921957015991,0.8083539009094238,0.0
49.0,-1.4696139097213745,0.8015679121017456,0.0
49.0,-1.4645030498504639,0.7900170683860779,0.0
49.0,-1.468139886856079,0.7832376956939697,0.0
49.0,-1.4664386510849,0.7736418843269348,0.0
49.0,-1.4699997901916504,0.7668536901473999,0.0
49.0,-1.4664195775985718,0.7563818097114563,0.0
49.0,-1.4627741575241089,0.7459595203399658,0.0
49.0,-1.4662073850631714,0.7391886115074158,0.0
49.0,-1.464239239692688,0.7297256588935852,0.0
49.0,-1.460420846939087,0.7194129824638367,0.0
49.0,-1.4637314081192017,0.7126532196998596,0.0
49.0,-1.4598016738891602,0.7024095058441162,0.0
49.0,-1.4630335569381714,0.6956527829170227,0.0
49.0,-1.4608036279678345,0.6863297820091248,0.0
49.0,-1.4639612436294556,0.6795685887336731,0.0
49.0,-1.4616336822509766,0.6702918410301208,0.0
49.0,-1.4592516422271729,0.6610511541366577,0.0
49.0,-1.4622923135757446,0.654297411441803,0.0
49.0,-1.457984447479248,0.6442961096763611,0.0
49.0,-1.4609476327896118,0.6375483870506287,0.0
49.0,-1.458369493484497,0.6284127235412598,0.0
49.0,-1.4557381868362427,0.6193145513534546,0.0
49.0,-1.4585858583450317,0.6125775575637817,0.0
49.0,-1.4558597803115845,0.603529691696167,0.0
49.0,-1.458634614944458,0.5967922806739807,0.0
49.0,-1.4539600610733032,0.5870469212532043,0.0
49.0,-1.4510847330093384,0.5780978798866272,0.0
49.0,-1.4537420272827148,0.5713827610015869,0.0
49.0,-1.4526386260986328,0.5632094740867615,0.0
49.0,-1.455227017402649,0.5564873814582825,0.0
49.0,-1.4540417194366455,0.5483419299125671,0.0
49.0,-1.4565613269805908,0.5416135191917419,0.0
49.0,-1.453416347503662,0.5328083634376526,0.0
49.0,-1.4521023035049438,0.5247235894203186,0.0
49.0,-1.4545128345489502,0.5180043578147888,0.0
49.0,-1.4512306451797485,0.5092872381210327,0.0
49.0,-1.453569769859314,0.502572238445282,0.0
49.0,-1.4501981735229492,0.49391207098960876,0.0
49.0,-1.448673963546753,0.485929936170578,0.0
49.0,-1.4509050846099854,0.4792269766330719,0.0
49.0,-1.4473992586135864,0.4706583619117737,0.0
49.0,-1.4495598077774048,0.4639614522457123,0.0
49.0,-1.4459666013717651,0.4554520845413208,0.0
49.0,-1.444236159324646,0.44757789373397827,0.0
49.0,-1.4462900161743164,0.44089585542678833,0.0
49.0,-1.4444814920425415,0.43305572867393494,0.0
49.0,-1.4464682340621948,0.4263727366924286,0.0
49.0,-1.4445819854736328,0.41856738924980164,0.0
49.0,-1.4426547288894653,0.4107886552810669,0.0
49.0,-1.4445385932922363,0.40411433577537537,0.0
49.0,-1.4425344467163086,0.3963715732097626,0.0
49.0,-1.4443516731262207,0.38969796895980835,0.0
49.0,-1.4422712326049805,0.3819918930530548,0.0
49.0,-1.440150499343872,0.37431344389915466,0.0
49.0,-1.4418656826019287,0.367651104927063,0.0
49.0,-1.4396694898605347,0.3600104749202728,0.0
49.0,-1.4413186311721802,0.35335052013397217,0.0
49.0,-1.4409922361373901,0.34621575474739075,0.0
49.0,-1.4425774812698364,0.33954980969429016,0.0
49.0,-1.4421831369400024,0.33242738246917725,0.0
49.0,-1.439802646636963,0.3248756527900696,0.0
49.0,-1.4412893056869507,0.31821542978286743,0.0
49.0,-1.436880350112915,0.31028199195861816,0.0
49.0,-1.438299536705017,0.3036354184150696,0.0
49.0,-1.4377292394638062,0.2965783476829529,0.0
49.0,-1.4351638555526733,0.28913798928260803,0.0
49.0,-1.4364852905273438,0.28249961137771606,0.0
49.0,-1.4358118772506714,0.275478333234787,0.0
49.0,-1.4370701313018799,0.2688370943069458,0.0
49.0,-1.4363301992416382,0.26183146238327026,0.0
49.0,-1.4355560541152954,0.25483837723731995,0.0
49.0,-1.4367189407348633,0.24819853901863098,0.0
49.0,-1.4339064359664917,0.2408907115459442,0.0
49.0,-1.4350048303604126,0.23425865173339844,0.0
49.0,-1.4340972900390625,0.2273084968328476,0.0
49.0,-1.4351328611373901,0.22067570686340332,0.0
49.0,-1.4341596364974976,0.21374337375164032,0.0
49.0,-1.4311734437942505,0.2065390944480896,0.0
49.0,-1.4321130514144897,0.19992002844810486,0.0
49.0,-1.4310400485992432,0.19302935898303986,0.0
49.0,-1.4319171905517578,0.186411052942276,0.0
49.0,-1.4307793378829956,0.1795397698879242,0.0
49.0,-1.4296085834503174,0.172682985663414,0.0
49.0,-1.4303916692733765,0.16607153415679932,0.0
49.0,-1.4311442375183105,0.1594565212726593,0.0
49.0,-1.43186616897583,0.1528381109237671,0.0
49.0,-1.430567741394043,0.14601333439350128,0.0
49.0,-1.4292370080947876,0.13920384645462036,0.0
49.0,-1.4298652410507202,0.13259446620941162,0.0
49.0,-1.4284707307815552,0.1258067935705185,0.0
49.0,-1.429037094116211,0.11920109391212463,0.0
49.0,-1.4275791645050049,0.11243581771850586,0.0
49.0,-1.4280837774276733,0.10583438724279404,0.0
49.0,-1.4265625476837158,0.09909209609031677,0.0
49.0,-1.427005410194397,0.09249550849199295,0.0
49.0,-1.4274177551269531,0.08589693903923035,0.0
49.0,-1.4258028268814087,0.07918563485145569,0.0
49.0,-1.4261536598205566,0.07259277254343033,0.0
49.0,-1.424476146697998,0.06590592116117477,0.0
49.0,-1.424765706062317,0.05931933596730232,0.0
49.0,-1.4250247478485107,0.0527314767241478,0.0
49.0,-1.4252532720565796,0.046142496168613434,0.0
49.0,-1.425451397895813,0.03955252468585968,0.0
49.0,-1.4236195087432861,0.03291548043489456,0.0
49.0,-1.4217568635940552,0.0262962207198143,0.0
49.0,-1.421863317489624,0.019722629338502884,0.0
49.0,-1.4239391088485718,0.013167107477784157,0.0
49.0,-1.4239847660064697,0.006583565846085548,0.0
50.0,-1.4199999570846558,1.2414034245011862e-07,0.0
50.0,-1.4199848175048828,-0.006565064657479525,0.0
50.0,-1.4219392538070679,-0.01314860675483942,0.0
50.0,-1.4198633432388306,-0.01969487965106964,0.0
50.0,-1.4197571277618408,-0.026259226724505424,0.0
50.0,-1.4196205139160156,-0.03282301127910614,0.0
50.0,-1.4194536209106445,-0.039386097341775894,0.0
50.0,-1.423254370689392,-0.04607777297496796,0.0
50.0,-1.4210275411605835,-0.05258355662226677,0.0
50.0,-1.420769214630127,-0.059152934700250626,0.0
50.0,-1.4184825420379639,-0.06562861055135727,0.0
50.0,-1.4181640148162842,-0.07218608260154724,0.0
50.0,-1.4198120832443237,-0.07885292172431946,0.0
50.0,-1.4214286804199219,-0.08553653210401535,0.0
50.0,-1.4210180044174194,-0.09210740774869919,0.0
50.0,-1.4185818433761597,-0.09853773564100266,0.0
50.0,-1.4181110858917236,-0.10509531199932098,0.0
50.0,-1.4176100492477417,-0.11165064573287964,0.0
50.0,-1.4170787334442139,-0.11820358783006668,0.0
50.0,-1.4165170192718506,-0.12475401163101196,0.0
50.0,-1.4179165363311768,-0.1314864307641983,0.0
50.0,-1.4172935485839844,-0.13804058730602264,0.0
50.0,-1.4166401624679565,-0.1445917785167694,0.0
50.0,-1.4159564971923828,-0.15113988518714905,0.0
50.0,-1.4152425527572632,-0.15768477320671082,0.0
50.0,-1.416485071182251,-0.16445693373680115,0.0
50.0,-1.4157096147537231,-0.17100411653518677,0.0
50.0,-1.4149038791656494,-0.1775476336479187,0.0
50.0,-1.4140678644180298,-0.1840873658657074,0.0
50.0,-1.4132015705108643,-0.19062316417694092,0.0
50.0,-1.4142858982086182,-0.19743138551712036,0.0
50.0,-1.4133580923080444,-0.20396804809570312,0.0
50.0,-1.414378046989441,-0.21079516410827637,0.0
50.0,-1.415365219116211,-0.2176360934972763,0.0
50.0,-1.4143438339233398,-0.2241775244474411,0.0
50.0,-1.4152661561965942,-0.23103637993335724,0.0
50.0,-1.4141827821731567,-0.23757721483707428,0.0
50.0,-1.4130693674087524,-0.24411296844482422,0.0
50.0,-1.413894772529602,-0.2509930729866028,0.0
50.0,-1.4127192497253418,-0.25752735137939453,0.0
50.0,-1.4134793281555176,-0.2644239068031311,0.0
50.0,-1.4122416973114014,-0.2709560990333557,0.0
50.0,-1.4129364490509033,-0.27786847949028015,0.0
50.0,-1.4116365909576416,-0.28439804911613464,0.0
50.0,-1.410306692123413,-0.29092150926589966,0.0
50.0,-1.4109033346176147,-0.29785189032554626,0.0
50.0,-1.4095112085342407,-0.30437183380126953,0.0
50.0,-1.4100419282913208,-0.31131646037101746,0.0
50.0,-1.4105384349822998,-0.31827250123023987,0.0
50.0,-1.409051775932312,-0.3247905373573303,0.0
50.0,-1.4114288091659546,-0.33221811056137085,0.0
50.0,-1.4098777770996094,-0.33874011039733887,0.0
50.0,-1.4102389812469482,-0.34573110938072205,0.0
50.0,-1.4086254835128784,-0.3522474765777588,0.0
50.0,-1.4089198112487793,-0.3592504560947418,0.0
50.0,-1.4072438478469849,-0.36576056480407715,0.0
50.0,-1.4074710607528687,-0.3727749288082123,0.0
50.0,-1.4095945358276367,-0.3803201913833618,0.0
50.0,-1.4078210592269897,-0.38683319091796875,0.0
50.0,-1.406017541885376,-0.3933379352092743,0.0
50.0,-1.4041839838027954,-0.3998342752456665,0.0
50.0,-1.4061622619628906,-0.40743526816368103,0.0
50.0,-1.4081003665924072,-0.41506311297416687,0.0
50.0,-1.4061663150787354,-0.4215688407421112,0.0
50.0,-1.4061152935028076,-0.42864876985549927,0.0
50.0,-1.404118537902832,-0.43514516949653625,0.0
50.0,-1.4059067964553833,-0.4428339898586273,0.0
50.0,-1.4038443565368652,-0.44932928681373596,0.0
50.0,-1.4055559635162354,-0.45705196261405945,0.0
50.0,-1.4053269624710083,-0.46417272090911865,0.0
50.0,-1.4031658172607422,-0.4706651270389557,0.0
50.0,-1.4047611951828003,-0.47843700647354126,0.0
50.0,-1.4025341272354126,-0.48492664098739624,0.0
50.0,-1.4040515422821045,-0.4927304685115814,0.0
50.0,-1.4036425352096558,-0.499887615442276,0.0
50.0,-1.4013164043426514,-0.5063718557357788,0.0
50.0,-1.402715802192688,-0.5142219662666321,0.0
50.0,-1.4003233909606934,-0.5207017660140991,0.0
50.0,-1.4016437530517578,-0.5285818576812744,0.0
50.0,-1.4029210805892944,-0.5364852547645569,0.0
50.0,-1.400425672531128,-0.5429657697677612,0.0
50.0,-1.401623249053955,-0.5508978962898254,0.0
50.0,-1.3990612030029297,-0.5573722124099731,0.0
50.0,-1.4001784324645996,-0.5653321743011475,0.0
50.0,-1.3975496292114258,-0.5717996954917908,0.0
50.0,-1.4004337787628174,-0.5805526971817017,0.0
50.0,-1.4032665491104126,-0.5893445014953613,0.0
50.0,-1.400526762008667,-0.5958260297775269,0.0
50.0,-1.401430606842041,-0.6038777232170105,0.0
50.0,-1.3986237049102783,-0.6103506088256836,0.0
50.0,-1.3994455337524414,-0.6184272170066833,0.0
50.0,-1.402048110961914,-0.6273413300514221,0.0
50.0,-1.3991327285766602,-0.6338168382644653,0.0
50.0,-1.3998231887817383,-0.6419461369514465,0.0
50.0,-1.3968403339385986,-0.6484111547470093,0.0
50.0,-1.399258017539978,-0.6574137806892395,0.0
50.0,-1.396203637123108,-0.6638760566711426,0.0
50.0,-1.3985260725021362,-0.6729256510734558,0.0
50.0,-1.3989962339401245,-0.681135356426239,0.0
50.0,-1.3958321809768677,-0.6875961422920227,0.0
50.0,-1.3980083465576172,-0.6967185139656067,0.0
50.0,-1.3947722911834717,-0.7031745910644531,0.0
50.0,-1.3968513011932373,-0.7123413681983948,0.0
50.0,-1.393543004989624,-0.7187919616699219,0.0
50.0,-1.395524501800537,-0.7280022501945496,0.0
50.0,-1.397450566291809,-0.7372461557388306,0.0
50.0,-1.3940271139144897,-0.7436992526054382,0.0
50.0,-1.3976147174835205,-0.7539345622062683,0.0
50.0,-1.3941140174865723,-0.760388195514679,0.0
50.0,-1.395837664604187,-0.7697228789329529,0.0
50.0,-1.3975046873092651,-0.7790897488594055,0.0
50.0,-1.3938877582550049,-0.7855426073074341,0.0
50.0,-1.3954542875289917,-0.7949485182762146,0.0
50.0,-1.3917640447616577,-0.8013917207717896,0.0
50.0,-1.3966870307922363,-0.8128478527069092,0.0
50.0,-1.398085594177246,-0.8223385214805603,0.0
50.0,-1.3942686319351196,-0.8287935853004456,0.0
50.0,-1.3938509225845337,-0.8372907042503357,0.0
50.0,-1.3899649381637573,-0.8437260985374451,0.0
50.0,-1.39116370677948,-0.8532804250717163,0.0
50.0,-1.3872038125991821,-0.8597031235694885,0.0
50.0,-1.3916897773742676,-0.8714145421981812,0.0
50.0,-1.3876460790634155,-0.8778395056724548,0.0
50.0,-1.3903136253356934,-0.8885539174079895,0.0
50.0,-1.3929115533828735,-0.8993116021156311,0.0
50.0,-1.3887388706207275,-0.9057419300079346,0.0
50.0,-1.3912168741226196,-0.9165541529655457,0.0
50.0,-1.3869644403457642,-0.9229764938354492,0.0
50.0,-1.3893219232559204,-0.9338418841362,0.0
50.0,-1.391608476638794,-0.9447486996650696,0.0
50.0,-1.38722562789917,-0.9511725306510925,0.0
50.0,-1.3910343647003174,-0.9632691144943237,0.0
50.0,-1.3865660429000854,-0.9696900844573975,0.0
50.0,-1.3886024951934814,-0.9807054400444031,0.0
50.0,-1.3905667066574097,-0.9917601346969604,0.0
50.0,-1.3859665393829346,-0.9981786608695984,0.0
50.0,-1.38780677318573,-1.0092811584472656,0.0
50.0,-1.38312566280365,-1.0156866312026978,0.0
50.0,-1.3832346200942993,-1.0256441831588745,0.0
50.0,-1.378477931022644,-1.0320284366607666,0.0
50.0,-1.3705008029937744,-1.0359786748886108,0.0
50.0,-1.351387619972229,-1.0313833951950073,0.0
50.0,-1.3466047048568726,-1.0376203060150146,0.0
50.0,-1.3291643857955933,-1.0340107679367065,0.0
50.0,-1.3243695497512817,-1.040144920349121,0.0
50.0,-1.3101434707641602,-1.0388013124465942,0.0
50.0,-1.28971266746521,-1.0323492288589478,0.0
50.0,-1.284925937652588,-1.0383011102676392,0.0
50.0,-1.2677136659622192,-1.0341171026229858,0.0
50.0,-1.2629190683364868,-1.0399671792984009,0.0
50.0,-1.2457932233810425,-1.0355671644210815,0.0
50.0,-1.2272032499313354,-1.0297456979751587,0.0
50.0,-1.2224292755126953,-1.0354084968566895,0.0
50.0,-1.2069882154464722,-1.0319514274597168,0.0
50.0,-1.2022042274475098,-1.0375207662582397,0.0
50.0,-1.1883461475372314,-1.035185694694519,0.0
50.0,-1.1715316772460938,-1.0301035642623901,0.0
50.0,-1.1667566299438477,-1.0355089902877808,0.0
50.0,-1.1500390768051147,-1.0302165746688843,0.0
50.0,-1.1452637910842896,-1.0355225801467896,0.0
50.0,-1.1316001415252686,-1.032717227935791,0.0
50.0,-1.1165162324905396,-1.02845299243927,0.0
50.0,-1.111749291419983,-1.0336041450500488,0.0
50.0,-1.0967495441436768,-1.0291531085968018,0.0
50.0,-1.091979742050171,-1.0342128276824951,0.0
50.0,-1.077066421508789,-1.0295765399932861,0.0
50.0,-1.0636589527130127,-1.0262134075164795,0.0
50.0,-1.0589029788970947,-1.0311200618743896,0.0
50.0,-1.046992301940918,-1.0289952754974365,0.0
50.0,-1.0422236919403076,-1.0338249206542969,0.0
50.0,-1.0289523601531982,-1.0301421880722046,0.0
50.0,-1.0241786241531372,-1.0348883867263794,0.0
50.0,-1.0123817920684814,-1.0324723720550537,0.0
50.0,-0.9992356300354004,-1.028535008430481,0.0
50.0,-0.9944696426391602,-1.0331437587738037,0.0
50.0,-0.9827808737754822,-1.030493974685669,0.0
50.0,-0.9780060052871704,-1.0350266695022583,0.0
50.0,-0.9663759469985962,-1.03223717212677,0.0
50.0,-0.9561527371406555,-1.030828833580017,0.0
50.0,-0.9513766169548035,-1.0352383852005005,0.0
50.0,-0.938501238822937,-1.0307528972625732,0.0
50.0,-0.9337256550788879,-1.035080909729004,0.0
50.0,-0.9209335446357727,-1.0304393768310547,0.0
50.0,-0.9095304012298584,-1.0271992683410645,0.0
50.0,-0.9047715663909912,-1.0313934087753296,0.0
50.0,-0.8934336304664612,-1.0280176401138306,0.0
50.0,-0.8886711597442627,-1.032137393951416,0.0
50.0,-0.8786979913711548,-1.0301483869552612,0.0
50.0,-0.8687623143196106,-1.0280894041061401,0.0
50.0,-0.8639997839927673,-1.0320950746536255,0.0
50.0,-0.8541120886802673,-1.0299206972122192,0.0
50.0,-0.8493412137031555,-1.0338586568832397,0.0
50.0,-0.8382401466369629,-1.0300180912017822,0.0
50.0,-0.8271929025650024,-1.0260974168777466,0.0
50.0,-0.8224400281906128,-1.0299108028411865,0.0
50.0,-0.812706470489502,-1.0274279117584229,0.0
50.0,-0.80794757604599,-1.0311743021011353,0.0
50.0,-0.7982666492462158,-1.0285788774490356,0.0
50.0,-0.789845883846283,-1.0275015830993652,0.0
50.0,-0.7850869297981262,-1.0311423540115356,0.0
50.0,-0.7754944562911987,-1.0283735990524292,0.0
50.0,-0.7707316279411316,-1.0319480895996094,0.0
50.0,-0.7611948251724243,-1.0290687084197998,0.0
50.0,-0.7517012357711792,-1.0261234045028687,0.0
50.0,-0.7469490170478821,-1.029587745666504,0.0
50.0,-0.7375131249427795,-1.0265332460403442,0.0
50.0,-0.7327591776847839,-1.0299320220947266,0.0
50.0,-0.7245339155197144,-1.028403878211975,0.0
50.0,-0.7197715044021606,-1.0317426919937134,0.0
50.0,-0.7115834951400757,-1.0301227569580078,0.0
50.0,-0.7011678218841553,-1.0251476764678955,0.0
50.0,-0.6964206695556641,-1.0283784866333008,0.0
50.0,-0.6883172988891602,-1.0266036987304688,0.0
50.0,-0.6835635304450989,-1.0297751426696777,0.0
50.0,-0.6765984892845154,-1.0295816659927368,0.0
50.0,-0.6674685478210449,-1.0259929895401,0.0
50.0,-0.662717878818512,-1.0290679931640625,0.0
50.0,-0.6547278165817261,-1.0270615816116333,0.0
50.0,-0.6499723196029663,-1.0300776958465576,0.0
50.0,-0.642024576663971,-1.0279827117919922,0.0
50.0,-0.6351617574691772,-1.0275375843048096,0.0
50.0,-0.6304042935371399,-1.0304630994796753,0.0
50.0,-0.6225259304046631,-1.0282341241836548,0.0
50.0,-0.6177653670310974,-1.0311013460159302,0.0
50.0,-0.6089117527008057,-1.0270649194717407,0.0
50.0,-0.6021327972412109,-1.0264191627502441,0.0
50.0,-0.5973808765411377,-1.0291920900344849,0.0
50.0,-0.5886321663856506,-1.0250054597854614,0.0
50.0,-0.5838868618011475,-1.027716040611267,0.0
50.0,-0.5771692395210266,-1.0269174575805664,0.0
50.0,-0.572415292263031,-1.029574990272522,0.0
50.0,-0.5657215714454651,-1.0287055969238281,0.0
50.0,-0.5580925345420837,-1.0260393619537354,0.0
50.0,-0.5533427596092224,-1.0286086797714233,0.0
50.0,-0.5457631349563599,-1.0258588790893555,0.0
50.0,-0.5391520857810974,-1.0248311758041382,0.0
50.0,-0.5344080924987793,-1.027312994003296,0.0
50.0,-0.5278232097625732,-1.0262157917022705,0.0
50.0,-0.5230730175971985,-1.0286450386047363,0.0
50.0,-0.5156167149543762,-1.0256916284561157,0.0
50.0,-0.5108690857887268,-1.0280646085739136,0.0
50.0,-0.5043470859527588,-1.0268253087997437,0.0
50.0,-0.49784740805625916,-1.0255476236343384,0.0
50.0,-0.4931006133556366,-1.0278383493423462,0.0
50.0,-0.4857729971408844,-1.0246855020523071,0.0
50.0,-0.48103031516075134,-1.0269205570220947,0.0
50.0,-0.47375738620758057,-1.0236884355545044,0.0
50.0,-0.46735620498657227,-1.0222299098968506,0.0
50.0,-0.46262505650520325,-1.0243797302246094,0.0
50.0,-0.4562545716762543,-1.0228546857833862,0.0
50.0,-0.4515206515789032,-1.0249532461166382,0.0
50.0,-0.4459792673587799,-1.025195837020874,0.0
50.0,-0.43965595960617065,-1.023571491241455,0.0
50.0,-0.43491891026496887,-1.0255931615829468,0.0
50.0,-0.42862799763679504,-1.0239033699035645,0.0
50.0,-0.42388951778411865,-1.025874137878418,0.0
50.0,-0.4176315367221832,-1.0241190195083618,0.0
50.0,-0.41139891743659973,-1.0223281383514404,0.0
50.0,-0.40666791796684265,-1.024219274520874,0.0
50.0,-0.4011988043785095,-1.0242263078689575,0.0
50.0,-0.3964591324329376,-1.026070237159729,0.0
50.0,-0.3909987807273865,-1.0260233879089355,0.0
50.0,-0.38625091314315796,-1.0278202295303345,0.0
50.0,-0.38079988956451416,-1.027719497680664,0.0
50.0,-0.37604427337646484,-1.0294691324234009,0.0
50.0,-0.37128064036369324,-1.0311967134475708,0.0
50.0,-0.36584025621414185,-1.0310174226760864,0.0
50.0,-0.36106956005096436,-1.0326977968215942,0.0
50.0,-0.35563981533050537,-1.0324652194976807,0.0
50.0,-0.3495773673057556,-1.0303105115890503,0.0
50.0,-0.3448100984096527,-1.0319157838821411,0.0
50.0,-0.3387853503227234,-1.0296992063522339,0.0
50.0,-0.33402103185653687,-1.031254529953003,0.0
50.0,-0.3286421298980713,-1.0308823585510254,0.0
50.0,-0.3226751387119293,-1.0285741090774536,0.0
50.0,-0.31791621446609497,-1.0300549268722534,0.0
50.0,-0.3125694990158081,-1.0296000242233276,0.0
50.0,-0.3078059256076813,-1.0310341119766235,0.0
50.0,-0.3024725317955017,-1.0305272340774536,0.0
50.0,-0.2977047860622406,-1.0319147109985352,0.0
50.0,-0.29183971881866455,-1.029431700706482,0.0
50.0,-0.28654053807258606,-1.0288432836532593,0.0
50.0,-0.28178074955940247,-1.0301570892333984,0.0
50.0,-0.2759774327278137,-1.027585744857788,0.0
50.0,-0.270713746547699,-1.0269168615341187,0.0
50.0,-0.26596304774284363,-1.0281574726104736,0.0
50.0,-0.26071470975875854,-1.027437448501587,0.0
50.0,-0.25596168637275696,-1.0286318063735962,0.0
50.0,-0.2507292628288269,-1.02786123752594,0.0
50.0,-0.24597439169883728,-1.029009461402893,0.0
50.0,-0.2407582849264145,-1.0281884670257568,0.0
50.0,-0.23555505275726318,-1.0273411273956299,0.0
50.0,-0.2308027595281601,-1.0284192562103271,0.0
50.0,-0.22561660408973694,-1.0275218486785889,0.0
50.0,-0.22086356580257416,-1.028554081916809,0.0
50.0,-0.21569494903087616,-1.027606725692749,0.0
50.0,-0.21053984761238098,-1.0266337394714355,0.0
50.0,-0.20579108595848083,-1.0275962352752686,0.0
50.0,-0.2006542831659317,-1.026573896408081,0.0
50.0,-0.1959058940410614,-1.0274906158447266,0.0
50.0,-0.19078783690929413,-1.0264190435409546,0.0
50.0,-0.18604028224945068,-1.0272901058197021,0.0
50.0,-0.18128874897956848,-1.028139352798462,0.0
50.0,-0.17585696280002594,-1.0250240564346313,0.0
50.0,-0.17111600935459137,-1.025826096534729,0.0
50.0,-0.1660514622926712,-1.0246320962905884,0.0
50.0,-0.16131243109703064,-1.0253888368606567,0.0
50.0,-0.15626828372478485,-1.024146556854248,0.0
50.0,-0.1512390822172165,-1.022879719734192,0.0
50.0,-0.14650830626487732,-1.0235679149627686,0.0
50.0,-0.14177440106868744,-1.024234414100647,0.0
50.0,-0.1370374709367752,-1.024878978729248,0.0
50.0,-0.13204170763492584,-1.0235178470611572,0.0
50.0,-0.12706147134304047,-1.0221327543258667,0.0
50.0,-0.12233441323041916,-1.0227092504501343,0.0
50.0,-0.11783309280872345,-1.025250792503357,0.0
50.0,-0.11309172213077545,-1.0257846117019653,0.0
50.0,-0.10813795030117035,-1.0243076086044312,0.0
50.0,-0.10340104252099991,-1.0247966051101685,0.0
50.0,-0.09847034513950348,-1.02327299118042,0.0
50.0,-0.09373831748962402,-1.0237172842025757,0.0
50.0,-0.08900429308414459,-1.0241397619247437,0.0
50.0,-0.08426836133003235,-1.0245403051376343,0.0
50.0,-0.07953062653541565,-1.0249189138412476,0.0
50.0,-0.07464569061994553,-1.0232809782028198,0.0
50.0,-0.06991388648748398,-1.0236152410507202,0.0
50.0,-0.06518058478832245,-1.0239274501800537,0.0
50.0,-0.06032806262373924,-1.0222214460372925,0.0
50.0,-0.05560130625963211,-1.0224894285202026,0.0
50.0,-0.05087336152791977,-1.022735595703125,0.0
50.0,-0.046144332736730576,-1.02295982837677,0.0
50.0,-0.04141431301832199,-1.0231622457504272,0.0
50.0,-0.03668341040611267,-1.0233427286148071,0.0
50.0,-0.031951725482940674,-1.0235013961791992,0.0
50.0,-0.02716618962585926,-1.0216388702392578,0.0
50.0,-0.02244248241186142,-1.0217535495758057,0.0
50.0,-0.017718294635415077,-1.0218462944030762,0.0
50.0,-0.012993729673326015,-1.0219173431396484,0.0
50.0,-0.008268886245787144,-1.0219664573669434,0.0
50.0,-0.0035508018918335438,-1.0239938497543335,0.0
50.0,0.0011835411423817277,-1.0239993333816528,0.0
50.0,0.005917858798056841,-1.0239830017089844,0.0
50.0,0.010631244629621506,-1.0219446420669556,0.0
50.0,0.01535596139729023,-1.021884560585022,0.0
50.0,0.020041054114699364,-1.0198030471801758,0.0
50.0,0.024755770340561867,-1.0196995735168457,0.0
50.0,0.029527738690376282,-1.0215733051300049,0.0
50.0,0.03425053879618645,-1.0214258432388306,0.0
50.0,0.038972605019807816,-1.0212565660476685,0.0
50.0,0.04369383677840233,-1.0210654735565186,0.0
50.0,0.048414137214422226,-1.0208525657653809,0.0
50.0,0.05313339829444885,-1.0206178426742554,0.0
50.0,0.05785152688622475,-1.020361304283142,0.0
50.0,0.06256841868162155,-1.0200828313827515,0.0
50.0,0.06728397309780121,-1.0197826623916626,0.0
50.0,0.07199808955192566,-1.019460678100586,0.0
50.0,0.07686079293489456,-1.0211113691329956,0.0
50.0,0.08158095180988312,-1.0207451581954956,0.0
50.0,0.0862993597984314,-1.0203570127487183,0.0
50.0,0.09101593494415283,-1.0199471712112427,0.0
50.0,0.09573055803775787,-1.0195153951644897,0.0
50.0,0.10044313222169876,-1.0190619230270386,0.0
50.0,0.10515356063842773,-1.0185866355895996,0.0
50.0,0.10986173897981644,-1.0180896520614624,0.0
50.0,0.11479133367538452,-1.0195581912994385,0.0
50.0,0.11950390785932541,-1.0190166234970093,0.0
50.0,0.12421392649412155,-1.0184532403945923,0.0
50.0,0.1289212852716446,-1.0178680419921875,0.0
50.0,0.13362589478492737,-1.0172611474990845,0.0
50.0,0.13832764327526093,-1.0166324377059937,0.0
50.0,0.1433052271604538,-1.0179624557495117,0.0
50.0,0.14801011979579926,-1.0172890424728394,0.0
50.0,0.15271183848381042,-1.0165938138961792,0.0
50.0,0.1577165424823761,-1.0178533792495728,0.0
50.0,0.16242077946662903,-1.0171133279800415,0.0
50.0,0.1671215295791626,-1.0163514614105225,0.0
50.0,0.17181871831417084,-1.0155678987503052,0.0
50.0,0.1765122264623642,-1.0147627592086792,0.0
50.0,0.18155381083488464,-1.0159045457839966,0.0
50.0,0.186248779296875,-1.0150543451309204,0.0
50.0,0.19130980968475342,-1.0161479711532593,0.0
50.0,0.19600580632686615,-1.0152525901794434,0.0
50.0,0.20069760084152222,-1.0143355131149292,0.0
50.0,0.20578236877918243,-1.0153568983078003,0.0
50.0,0.21047453582286835,-1.0143946409225464,0.0
50.0,0.21557757258415222,-1.015367031097412,0.0
50.0,0.22026969492435455,-1.014359474182129,0.0
50.0,0.22539053857326508,-1.0152827501296997,0.0
50.0,0.23008215427398682,-1.0142297744750977,0.0
50.0,0.23522035777568817,-1.0151036977767944,0.0
50.0,0.24037152528762817,-1.0159515142440796,0.0
50.0,0.2450660765171051,-1.014829397201538,0.0
50.0,0.2507123053073883,-1.0175693035125732,0.0
50.0,0.255414217710495,-1.0163992643356323,0.0
50.0,0.2606070637702942,-1.0171449184417725,0.0
50.0,0.26581230759620667,-1.0178643465042114,0.0
50.0,0.27051541209220886,-1.0166245698928833,0.0
50.0,0.2757359743118286,-1.0172933340072632,0.0
50.0,0.28043636679649353,-1.016007661819458,0.0
50.0,0.28567177057266235,-1.0166256427764893,0.0
50.0,0.2903689742088318,-1.0152939558029175,0.0
50.0,0.2950599491596222,-1.013940691947937,0.0
50.0,0.3003123104572296,-1.0144833326339722,0.0
50.0,0.304999440908432,-1.013084053993225,0.0
50.0,0.3102654218673706,-1.0135754346847534,0.0
50.0,0.31494826078414917,-1.0121301412582397,0.0
50.0,0.3202274441719055,-1.0125702619552612,0.0
50.0,0.3261292278766632,-1.0148869752883911,0.0
50.0,0.33081793785095215,-1.0133683681488037,0.0
50.0,0.3367585241794586,-1.0156248807907104,0.0
50.0,0.3414505422115326,-1.0140570402145386,0.0
50.0,0.34678223729133606,-1.014359951019287,0.0
50.0,0.3514682948589325,-1.0127458572387695,0.0
50.0,0.35747572779655457,-1.0148828029632568,0.0
50.0,0.36216408014297485,-1.0132192373275757,0.0
50.0,0.36684468388557434,-1.0115339756011963,0.0
50.0,0.3728986084461212,-1.0135811567306519,0.0
50.0,0.37758079171180725,-1.0118463039398193,0.0
50.0,0.38296276330947876,-1.0119602680206299,0.0
50.0,0.3883538544178009,-1.0120460987091064,0.0
50.0,0.39302876591682434,-1.0102397203445435,0.0
50.0,0.3984290063381195,-1.0102723836898804,0.0
50.0,0.40309563279151917,-1.0084195137023926,0.0
50.0,0.41000640392303467,-1.0121060609817505,0.0
50.0,0.4146813750267029,-1.0101996660232544,0.0
50.0,0.42165160179138184,-1.0138115882873535,0.0
50.0,0.427110880613327,-1.013694405555725,0.0
50.0,0.4317930042743683,-1.0117088556289673,0.0
50.0,0.4372594654560089,-1.0115375518798828,0.0
50.0,0.44193148612976074,-1.0095051527023315,0.0
50.0,0.4482150971889496,-1.0111078023910522,0.0
50.0,0.45616087317466736,-1.0163233280181885,0.0
50.0,0.4608548581600189,-1.0142035484313965,0.0
50.0,0.46637481451034546,-1.0138790607452393,0.0
50.0,0.47105735540390015,-1.0117119550704956,0.0
50.0,0.4774349331855774,-1.0131416320800781,0.0
50.0,0.4821139872074127,-1.0109233856201172,0.0
50.0,0.4876519441604614,-1.0104848146438599,0.0
50.0,0.494073748588562,-1.0118138790130615,0.0
50.0,0.49874645471572876,-1.0095187425613403,0.0
50.0,0.5060909390449524,-1.0125689506530762,0.0
50.0,0.5107670426368713,-1.0102182626724243,0.0
50.0,0.5181641578674316,-1.0131880044937134,0.0
50.0,0.5228429436683655,-1.0107815265655518,0.0
50.0,0.5302918553352356,-1.0136698484420776,0.0
50.0,0.535908043384552,-1.0129750967025757,0.0
50.0,0.5405856370925903,-1.0104866027832031,0.0
50.0,0.5462033152580261,-1.0097355842590332,0.0
50.0,0.5508658289909363,-1.0071995258331299,0.0
50.0,0.5584200620651245,-1.0098927021026611,0.0
50.0,0.5660107731819153,-1.0125372409820557,0.0
50.0,0.5706861019134521,-1.0099095106124878,0.0
50.0,0.5773331522941589,-1.0107336044311523,0.0
50.0,0.5819999575614929,-1.0080536603927612,0.0
50.0,0.5896783471107483,-1.0105341672897339,0.0
50.0,0.5953601002693176,-1.0095199346542358,0.0
50.0,0.6000211238861084,-1.0067565441131592,0.0
50.0,0.6067330241203308,-1.0073981285095215,0.0
50.0,0.6113840937614441,-1.0045822858810425,0.0
50.0,0.6202127933502197,-1.0085594654083252,0.0
50.0,0.6248691082000732,-1.0056811571121216,0.0
50.0,0.631638765335083,-1.0061691999435425,0.0
50.0,0.6362839341163635,-1.0032380819320679,0.0
50.0,0.6441524028778076,-1.0053375959396362,0.0
50.0,0.6531406044960022,-1.0090645551681519,0.0
50.0,0.6577989459037781,-1.0060341358184814,0.0
50.0,0.6646475791931152,-1.0063197612762451,0.0
50.0,0.6692931056022644,-1.0032360553741455,0.0
50.0,0.677277147769928,-1.005106806755066,0.0
50.0,0.6852927207946777,-1.0069249868392944,0.0
50.0,0.6899408102035522,-1.0037459135055542,0.0
50.0,0.6991361379623413,-1.0071169137954712,0.0
50.0,0.7037849426269531,-1.0038738250732422,0.0
50.0,0.713041365146637,-1.0071384906768799,0.0
50.0,0.717690110206604,-1.0038310289382935,0.0
50.0,0.7246649265289307,-1.003745436668396,0.0
50.0,0.734010636806488,-1.0068488121032715,0.0
50.0,0.7386578321456909,-1.0034444332122803,0.0
50.0,0.7480615377426147,-1.006439208984375,0.0
50.0,0.7527066469192505,-1.0029698610305786,0.0
50.0,0.76216721534729,-1.0058553218841553,0.0
50.0,0.7668095231056213,-1.0023208856582642,0.0
50.0,0.7763256430625916,-1.005096197128296,0.0
50.0,0.784653902053833,-1.006227731704712,0.0
50.0,0.7892976999282837,-1.002589225769043,0.0
50.0,0.8013909459114075,-1.0083235502243042,0.0
50.0,0.8060442805290222,-1.0046076774597168,0.0
50.0,0.8157156109809875,-1.0070868730545044,0.0
50.0,0.8203630447387695,-1.0033048391342163,0.0
50.0,0.8288123607635498,-1.0041285753250122,0.0
50.0,0.839847207069397,-1.0079686641693115,0.0
50.0,0.8444984555244446,-1.0040749311447144,0.0
50.0,0.8543092608451843,-1.006258249282837,0.0
50.0,0.8589524626731873,-1.0022977590560913,0.0
50.0,0.8675025701522827,-1.002853512763977,0.0
50.0,0.8787069916725159,-1.0063647031784058,0.0
50.0,0.8833504319190979,-1.0022913217544556,0.0
50.0,0.8946214914321899,-1.005668044090271,0.0
50.0,0.899261474609375,-1.0015212297439575,0.0
50.0,0.9092545509338379,-1.0032806396484375,0.0
50.0,0.9206328392028809,-1.0064446926116943,0.0
50.0,0.9252762198448181,-1.0021775960922241,0.0
50.0,0.9367172122001648,-1.0052047967910767,0.0
50.0,0.9413546323776245,-1.0008633136749268,0.0
50.0,0.9542337656021118,-1.0052034854888916,0.0
50.0,0.9588709473609924,-1.0007809400558472,0.0
50.0,0.9732198715209961,-1.0064010620117188,0.0
50.0,0.9904349446296692,-1.0147721767425537,0.0
50.0,0.9951160550117493,-1.0101821422576904,0.0
50.0,1.0124669075012207,-1.018335223197937,0.0
50.0,1.0171642303466797,-1.0136433839797974,0.0
50.0,1.0346484184265137,-1.0215765237808228,0.0
50.0,1.039360523223877,-1.0167820453643799,0.0
50.0,1.0598474740982056,-1.0272775888442993,0.0
50.0,1.0645856857299805,-1.0223665237426758,0.0
50.0,1.0852391719818115,-1.032598614692688,0.0
50.0,1.1060097217559814,-1.0426613092422485,0.0
50.0,1.1108185052871704,-1.03753662109375,0.0
50.0,1.131750464439392,-1.0473322868347168,0.0
50.0,1.1365805864334106,-1.0420886278152466,0.0
50.0,1.1591510772705078,-1.05295991897583,0.0
50.0,1.1640069484710693,-1.0475895404815674,0.0
50.0,1.186751127243042,-1.0581690073013306,0.0
50.0,1.2081187963485718,-1.0672361850738525,0.0
50.0,1.2130401134490967,-1.0616391897201538,0.0
50.0,1.2345573902130127,-1.0704317092895508,0.0
50.0,1.2394931316375732,-1.064712405204773,0.0
50.0,1.2687727212905884,-1.0797091722488403,0.0
50.0,1.2737510204315186,-1.073831558227539,0.0
50.0,1.297122836112976,-1.0833154916763306,0.0
50.0,1.1678683757781982,-0.9571747779846191,0.0
50.0,1.172281265258789,-0.9517650604248047,0.0
50.0,1.1766690015792847,-0.9463350176811218,0.0
50.0,1.1810317039489746,-0.9408847093582153,0.0
50.0,1.2073495388031006,-0.9527597427368164,0.0
50.0,1.21174156665802,-0.9471675157546997,0.0
50.0,1.216107726097107,-0.9415550827980042,0.0
50.0,1.2204478979110718,-0.9359224438667297,0.0
50.0,1.2486519813537598,-0.9484155774116516,0.0
50.0,1.2769972085952759,-0.9606675505638123,0.0
50.0,1.28142511844635,-0.9547532796859741,0.0
50.0,1.3131835460662842,-0.9690061211585999,0.0
50.0,1.3176496028900146,-0.9629244208335876,0.0
50.0,1.348010778427124,-0.9755834341049194,0.0
50.0,1.3525068759918213,-0.9693406224250793,0.0
50.0,1.3814387321472168,-0.9804403185844421,0.0
50.0,1.408865213394165,-0.9901427626609802,0.0
50.0,1.4134279489517212,-0.9836184978485107,0.0
50.0,1.4459574222564697,-0.9963650107383728,0.0
50.0,1.450548529624939,-0.989669144153595,0.0
50.0,1.4766534566879272,-0.9975060820579529,0.0
50.0,1.4812495708465576,-0.9906682968139648,0.0
50.0,1.5041574239730835,-0.9959551692008972,0.0
50.0,1.527145266532898,-1.0010510683059692,0.0
50.0,1.5317572355270386,-0.993979811668396,0.0
50.0,1.55652916431427,-0.9998584389686584,0.0
50.0,1.5611352920532227,-0.9926513433456421,0.0
50.0,1.5758639574050903,-0.9918149709701538,0.0
50.0,1.575339913368225,-0.981346070766449,0.0
50.0,1.5798602104187012,-0.9740521907806396,0.0
50.0,1.5775176286697388,-0.9625706076622009,0.0
50.0,1.5819511413574219,-0.9552668333053589,0.0
50.0,1.5777666568756104,-0.9428131580352783,0.0
50.0,1.582108736038208,-0.9355084896087646,0.0
50.0,1.579512119293213,-0.9241437911987305,0.0
50.0,1.5768442153930664,-0.9128232598304749,0.0
50.0,1.581047773361206,-0.9055231213569641,0.0
50.0,1.5869574546813965,-0.8991896510124207,0.0
50.0,1.5910978317260742,-0.8918429017066956,0.0
50.0,1.6091971397399902,-0.8922357559204102,0.0
50.0,1.6290874481201172,-0.8934417963027954,0.0
50.0,1.633200764656067,-0.8859003782272339,0.0
50.0,1.6531407833099365,-0.8868492245674133,0.0
50.0,1.6572233438491821,-0.8791967034339905,0.0
50.0,1.6772102117538452,-0.8798875212669373,0.0
50.0,1.681260347366333,-0.8721237182617188,0.0
50.0,1.4563738107681274,-0.7049110531806946,0.0
50.0,1.459617257118225,-0.6981701254844666,0.0
50.0,1.46282958984375,-0.6914143562316895,0.0
50.0,1.466010570526123,-0.6846437454223633,0.0
50.0,1.4836883544921875,-0.6845616698265076,0.0
50.0,1.4868375062942505,-0.6776946783065796,0.0
50.0,1.5063680410385132,-0.6782028675079346,0.0
50.0,1.509487509727478,-0.6712310910224915,0.0
50.0,1.5272244215011597,-0.6706783771514893,0.0
50.0,1.5303088426589966,-0.6636102795600891,0.0
50.0,1.5480692386627197,-0.6628256440162659,0.0
50.0,1.5603280067443848,-0.6595547199249268,0.0
50.0,1.5633606910705566,-0.6523337364196777,0.0
50.0,1.5663599967956543,-0.6450987458229065,0.0
50.0,1.5693258047103882,-0.6378499865531921,0.0
50.0,1.5685455799102783,-0.629098653793335,0.0
50.0,1.5714373588562012,-0.6218399405479431,0.0
50.0,1.5687062740325928,-0.6123860478401184,0.0
50.0,1.5659215450286865,-0.6029707193374634,0.0
50.0,1.5686925649642944,-0.5957244634628296,0.0
50.0,1.5658111572265625,-0.586361289024353,0.0
50.0,1.5685054063796997,-0.5791156888008118,0.0
50.0,1.5655279159545898,-0.5698055624961853,0.0
50.0,1.5643805265426636,-0.5612107515335083,0.0
50.0,1.5669584274291992,-0.553972065448761,0.0
50.0,1.565725564956665,-0.5454056859016418,0.0
50.0,1.5682305097579956,-0.5381609201431274,0.0
50.0,1.5650177001953125,-0.5289834141731262,0.0
50.0,1.563651442527771,-0.5204788446426392,0.0
50.0,1.566041111946106,-0.5132439136505127,0.0
50.0,1.564590573310852,-0.5047699213027954,0.0
50.0,1.566907525062561,-0.49753081798553467,0.0
50.0,1.5653730630874634,-0.48908817768096924,0.0
50.0,1.5676175355911255,-0.4818456470966339,0.0
50.0,1.5640852451324463,-0.4728564918041229,0.0
50.0,1.5624206066131592,-0.46448028087615967,0.0
50.0,1.5645513534545898,-0.4572516679763794,0.0
50.0,1.5628042221069336,-0.4489089548587799,0.0
50.0,1.5629380941390991,-0.441135436296463,0.0
50.0,1.5649608373641968,-0.4339046776294708,0.0
50.0,1.5611611604690552,-0.4250883162021637,0.0
50.0,1.5631097555160522,-0.41786596179008484,0.0
50.0,1.561155915260315,-0.40961945056915283,0.0
50.0,1.563033103942871,-0.4023972749710083,0.0
50.0,1.560998558998108,-0.39418715238571167,0.0
50.0,1.5530974864959717,-0.38456234335899353,0.0
50.0,1.554858922958374,-0.3773776888847351,0.0
50.0,1.5429668426513672,-0.3669458329677582,0.0
50.0,1.5446468591690063,-0.35980820655822754,0.0
50.0,1.5482438802719116,-0.35310763120651245,0.0
50.0,1.5788816213607788,-0.15009528398513794,0.0
50.0,1.5795587301254272,-0.1427939236164093,0.0
50.0,1.5802019834518433,-0.13548950850963593,0.0
50.0,1.580811619758606,-0.12818220257759094,0.0
50.0,1.5654339790344238,-0.11965276300907135,0.0
50.0,1.5659704208374023,-0.11241389811038971,0.0
50.0,1.5564957857131958,-0.10450273752212524,0.0
50.0,1.552970051765442,-0.09705586731433868,0.0
50.0,1.5534021854400635,-0.08987487107515335,0.0
50.0,1.5577954053878784,-0.08290452510118484,0.0
50.0,1.5581620931625366,-0.07570137083530426,0.0
50.0,1.5624916553497314,-0.06867223232984543,0.0
50.0,1.562792420387268,-0.061447516083717346,0.0
50.0,1.5730538368225098,-0.05456817150115967,0.0
50.0,1.5832847356796265,-0.047595251351594925,0.0
50.0,1.583487868309021,-0.04027462750673294,0.0
50.0,1.593654990196228,-0.03316117823123932,0.0
50.0,1.5937912464141846,-0.025792764499783516,0.0
50.0,1.6058926582336426,-0.018562497571110725,0.0
50.0,1.6179611682891846,-0.011220879852771759,0.0
50.0,1.6179957389831543,-0.0037403227761387825,0.0
50.0,1.6279957294464111,0.0037634307518601418,0.0
50.0,1.6279609203338623,0.01129022054374218,0.0
50.0,1.6378905773162842,0.01893235184252262,0.0
50.0,1.63778555393219,0.026504727080464363,0.0
50.0,1.6436442136764526,0.03420136123895645,0.0
50.0,1.6554646492004395,0.042105283588171005,0.0
50.0,1.6552523374557495,0.0497586615383625,0.0
50.0,1.6649985313415527,0.0577576644718647,0.0
50.0,1.664713740348816,0.06545495241880417,0.0
50.0,1.4324862957000732,0.23724864423274994,0.0
50.0,1.431374192237854,0.24386903643608093,0.0
50.0,1.4302313327789307,0.2504841983318329,0.0
50.0,1.4290579557418823,0.25709402561187744,0.0
50.0,1.4376877546310425,0.26551443338394165,0.0
50.0,1.436444878578186,0.27215856313705444,0.0
50.0,1.4351712465286255,0.27879688143730164,0.0
50.0,1.4456359148025513,0.287771999835968,0.0
50.0,1.444290041923523,0.29445263743400574,0.0
50.0,1.4566179513931274,0.3039870858192444,0.0
50.0,1.4551969766616821,0.3107183277606964,0.0
50.0,1.4693764448165894,0.3208562731742859,0.0
50.0,1.4678772687911987,0.32764631509780884,0.0
50.0,1.4799963235855103,0.33754241466522217,0.0
50.0,1.4862112998962402,0.3461962938308716,0.0
50.0,1.4845948219299316,0.3530639111995697,0.0
50.0,1.49849534034729,0.36369776725769043,0.0
50.0,1.496797800064087,0.3706219792366028,0.0
50.0,1.5183377265930176,0.3834143280982971,0.0
50.0,1.5165488719940186,0.3904300630092621,0.0
50.0,1.537941813468933,0.40352848172187805,0.0
50.0,1.5592453479766846,0.41683289408683777,0.0
50.0,1.5573015213012695,0.4240373969078064,0.0
50.0,1.5765247344970703,0.43711090087890625,0.0
50.0,1.5744869709014893,0.4443950653076172,0.0
50.0,1.5897159576416016,0.45663923025131226,0.0
50.0,1.5875877141952515,0.4639842212200165,0.0
50.0,1.59884512424469,0.4753086566925049,0.0
50.0,1.6100314855575562,0.48674702644348145,0.0
50.0,1.6077638864517212,0.4941856265068054,0.0
50.0,1.6207337379455566,0.5063852071762085,0.0
50.0,1.6183751821517944,0.5138730406761169,0.0
50.0,1.6293059587478638,0.5256484150886536,0.0
50.0,1.6268582344055176,0.5331757068634033,0.0
50.0,1.6357614994049072,0.5444814562797546,0.0
50.0,1.6464896202087402,0.5565212965011597,0.0
50.0,1.6438990831375122,0.5641276836395264,0.0
50.0,1.654494047164917,0.576327383518219,0.0
50.0,1.6518118381500244,0.5839705467224121,0.0
50.0,1.6603895425796509,0.5956533551216125,0.0
50.0,1.6576178073883057,0.6033235788345337,0.0
50.0,1.4615617990493774,0.5396304726600647,0.0
50.0,1.459051251411438,0.5463820695877075,0.0
50.0,1.4396820068359375,0.5467315912246704,0.0
50.0,1.4371389150619507,0.5533819198608398,0.0
50.0,1.4494696855545044,0.5658388733863831,0.0
50.0,1.446838140487671,0.5725342631340027,0.0
50.0,1.4608820676803589,0.5859178900718689,0.0
50.0,1.4581575393676758,0.5926657915115356,0.0
50.0,1.47019624710083,0.6054940819740295,0.0
50.0,1.4821470975875854,0.6184462308883667,0.0
50.0,1.4792720079421997,0.6252921223640442,0.0
50.0,1.4965894222259521,0.640783965587616,0.0
50.0,1.4936108589172363,0.6476963758468628,0.0
50.0,1.5107436180114746,0.6634408235549927,0.0
50.0,1.507660150527954,0.6704185009002686,0.0
50.0,1.522781252861023,0.6855924725532532,0.0
50.0,1.5305145978927612,0.6976025104522705,0.0
50.0,1.5272729396820068,0.7046712040901184,0.0
50.0,1.5294349193572998,0.7142636179924011,0.0
50.0,1.5261163711547852,0.7213271260261536,0.0
50.0,1.5281777381896973,0.7309643030166626,0.0
50.0,1.5301826000213623,0.7406358122825623,0.0
50.0,1.5267419815063477,0.7477025389671326,0.0
50.0,1.5286449193954468,0.7574170231819153,0.0
50.0,1.5251268148422241,0.7644764184951782,0.0
50.0,1.5269274711608887,0.7742329239845276,0.0
50.0,1.5233315229415894,0.7812842130661011,0.0
50.0,1.525029182434082,0.7910816073417664,0.0
50.0,1.5266685485839844,0.8009113073348999,0.0
50.0,1.5229493379592896,0.807961106300354,0.0
50.0,1.526247262954712,0.818775475025177,0.0
50.0,1.5224454402923584,0.8258231282234192,0.0
50.0,1.523871898651123,0.8357383608818054,0.0
50.0,1.5217407941818237,0.8437446355819702,0.0
50.0,1.517823576927185,0.8507711887359619,0.0
50.0,1.5121338367462158,0.8567936420440674,0.0
50.0,1.508156418800354,0.8637756705284119,0.0
50.0,1.5058776140213013,0.8717411756515503,0.0
50.0,1.48456871509552,0.8685941696166992,0.0
50.0,1.4805370569229126,0.8754485845565796,0.0
50.0,1.2576627731323242,1.13187837600708,0.0
50.0,1.2524162530899048,1.1376808881759644,0.0
50.0,1.2471429109573364,1.1434590816497803,0.0
50.0,1.2418429851531982,1.1492128372192383,0.0
50.0,1.2262850999832153,1.1453858613967896,0.0
50.0,1.22097647190094,1.151043176651001,0.0
50.0,1.2069482803344727,1.1484041213989258,0.0
50.0,1.2016258239746094,1.1539719104766846,0.0
50.0,1.1934055089950562,1.1567312479019165,0.0
50.0,1.185185432434082,1.159439206123352,0.0
50.0,1.1798123121261597,1.16490638256073,0.0
50.0,1.1673306226730347,1.1632899045944214,0.0
50.0,1.1619397401809692,1.1686744689941406,0.0
50.0,1.148102879524231,1.1654852628707886,0.0
50.0,1.1343203783035278,1.1621931791305542,0.0
50.0,1.1289349794387817,1.1674251556396484,0.0
50.0,0.97475266456604,1.286410927772522,0.0
50.0,0.9687947034835815,1.2909038066864014,0.0
50.0,0.962816059589386,1.2953691482543945,0.0
50.0,0.9568167924880981,1.2998067140579224,0.0
50.0,0.9389035105705261,1.3004907369613647,0.0
50.0,0.9328808188438416,1.3048176765441895,0.0
50.0,0.926838219165802,1.3091168403625488,0.0
50.0,0.9207757711410522,1.3133879899978638,0.0
50.0,0.9112721085548401,1.3127022981643677,0.0
50.0,0.9051932692527771,1.316901445388794,0.0
50.0,0.8968445062637329,1.317765474319458,0.0
50.0,0.8896247744560242,1.3202393054962158,0.0
50.0,0.8835113048553467,1.3243381977081299,0.0
50.0,0.8762767314910889,1.326740026473999,0.0
50.0,0.8701333403587341,1.3307772874832153,0.0
50.0,0.8628846406936646,1.3331069946289062,0.0
50.0,0.8567119836807251,1.3370821475982666,0.0
50.0,0.8505209684371948,1.3410288095474243,0.0
50.0,0.8443118333816528,1.3449467420578003,0.0
50.0,0.8380845785140991,1.3488359451293945,0.0
50.0,0.8318394422531128,1.3526962995529175,0.0
50.0,0.8255765438079834,1.3565278053283691,0.0
50.0,0.8192960023880005,1.3603302240371704,0.0
50.0,0.8119739294052124,1.3623855113983154,0.0
50.0,0.805666446685791,1.3661249876022339,0.0
50.0,0.7993417382240295,1.3698352575302124,0.0
50.0,0.7929999232292175,1.373516321182251,0.0
50.0,0.7856492400169373,1.3754312992095947,0.0
50.0,0.7792816758155823,1.3790489435195923,0.0
50.0,0.7728975415229797,1.3826371431350708,0.0
50.0,0.7664967775344849,1.3861957788467407,0.0
50.0,0.7600797414779663,1.3897247314453125,0.0
50.0,0.7536463737487793,1.3932240009307861,0.0
50.0,0.7471969127655029,1.396693468093872,0.0
50.0,0.7416667342185974,1.4019010066986084,0.0
50.0,0.7351773381233215,1.4053149223327637,0.0
50.0,0.7286721467971802,1.4086989164352417,0.0
50.0,0.7257940769195557,1.419175386428833,0.0
50.0,0.7192249298095703,1.422515869140625,0.0
50.0,0.47568973898887634,0.9517433047294617,0.0
50.0,0.4712843894958496,0.9539324045181274,0.0
50.0,0.46686896681785583,0.95610111951828,0.0
50.0,0.45983579754829407,0.9528457522392273,0.0
50.0,0.455425500869751,0.9549615383148193,0.0
50.0,0.4484478533267975,0.9516294598579407,0.0
50.0,0.443199098110199,0.9518794417381287,0.0
50.0,0.43879345059394836,0.9539183378219604,0.0
50.0,0.4327237010002136,0.9522952437400818,0.0
50.0,0.42831626534461975,0.9542856812477112,0.0
50.0,0.42227864265441895,0.9525989890098572,0.0
50.0,0.4178699254989624,0.9545411467552185,0.0
50.0,0.41186508536338806,0.9527912139892578,0.0
50.0,0.4058854281902313,0.9510063529014587,0.0
50.0,0.4014842212200165,0.9528727531433105,0.0
50.0,0.3955383598804474,0.9510254263877869,0.0
50.0,0.39113718271255493,0.952843964099884,0.0
50.0,0.3852258324623108,0.950934886932373,0.0
50.0,0.3800828456878662,0.9508486390113831,0.0
50.0,0.37568265199661255,0.9525957703590393,0.0
50.0,0.3705492615699768,0.9524585008621216,0.0
50.0,0.3661417067050934,0.9541614651679993,0.0
50.0,0.3603106141090393,0.9521030783653259,0.0
50.0,0.35450640320777893,0.9500111937522888,0.0
50.0,0.35011035203933716,0.9516400694847107,0.0
50.0,0.34434306621551514,0.9494881629943848,0.0
50.0,0.3399495482444763,0.9510700702667236,0.0
50.0,0.3348843455314636,0.9507452249526978,0.0
50.0,0.32917362451553345,0.9485043883323669,0.0
50.0,0.3247848153114319,0.9500161409378052,0.0
50.0,0.319112628698349,0.9477167725563049,0.0
50.0,0.3147275745868683,0.9491820335388184,0.0
50.0,0.3097151219844818,0.9487257599830627,0.0
50.0,0.3053255081176758,0.9501475691795349,0.0
50.0,0.29972323775291443,0.9477351903915405,0.0
50.0,0.2947440445423126,0.9472010731697083,0.0
50.0,0.2903616428375244,0.9485536813735962,0.0
50.0,0.2853964567184448,0.9479709267616272,0.0
50.0,0.28101059794425964,0.9492802619934082,0.0
50.0,0.2760598659515381,0.948648989200592,0.0
50.0,0.2705710828304291,0.9460694193840027,0.0
50.0,0.2661941647529602,0.9473102688789368,0.0
50.0,0.2612794041633606,0.9466028809547424,0.0
50.0,0.2569001317024231,0.9478007555007935,0.0
50.0,0.2520010471343994,0.9470456838607788,0.0
50.0,0.24711446464061737,0.9462655186653137,0.0
50.0,0.24273689091205597,0.9473978877067566,0.0
50.0,0.23786669969558716,0.9465703368186951,0.0
50.0,0.2334877997636795,0.947659969329834,0.0
50.0,0.22863443195819855,0.9467852115631104,0.0
50.0,0.22379417717456818,0.9458858966827393,0.0
50.0,0.21941860020160675,0.9469105005264282,0.0
50.0,0.21459588408470154,0.9459643959999084,0.0
50.0,0.21022003889083862,0.9469464421272278,0.0
50.0,0.2054152935743332,0.9459537863731384,0.0
50.0,0.2006242275238037,0.944936990737915,0.0
50.0,0.19625328481197357,0.9458544850349426,0.0
50.0,0.19148088991641998,0.9447915554046631,0.0
50.0,0.18711072206497192,0.9456667304039001,0.0
50.0,0.18235743045806885,0.9445579648017883,0.0
50.0,0.1779884397983551,0.9453909993171692,0.0
50.0,0.17361563444137573,0.9462038278579712,0.0
50.0,0.16853544116020203,0.9430587291717529,0.0
50.0,0.16417351365089417,0.9438278675079346,0.0
50.0,0.15980809926986694,0.9445767998695374,0.0
50.0,0.15543925762176514,0.945305585861206,0.0
50.0,0.1510670930147171,0.9460141062736511,0.0
50.0,0.14638546109199524,0.9447259902954102,0.0
50.0,0.14201606810092926,0.9453927278518677,0.0
50.0,0.13735570013523102,0.9440600872039795,0.0
50.0,0.13298949599266052,0.9446850419044495,0.0
50.0,0.1286204308271408,0.9452897906303406,0.0
50.0,0.12398815900087357,0.9438914060592651,0.0
50.0,0.11962287127971649,0.944454550743103,0.0
50.0,0.11525502800941467,0.9449975490570068,0.0
50.0,0.11088472604751587,0.945520281791687,0.0
50.0,0.10651204735040665,0.9460228681564331,0.0
50.0,0.10213708877563477,0.9465051889419556,0.0
50.0,0.09755457192659378,0.9449778199195862,0.0
50.0,0.09298837184906006,0.9434283971786499,0.0
50.0,0.08862555772066116,0.9438482522964478,0.0
50.0,0.08408308029174805,0.9422557950019836,0.0
50.0,0.07972577959299088,0.9426344633102417,0.0
50.0,0.0753667801618576,0.9429929852485657,0.0
50.0,0.0710061639547348,0.9433313608169556,0.0
50.0,0.06664403527975082,0.9436495900154114,0.0
50.0,0.0621488057076931,0.9419519901275635,0.0
50.0,0.05779314786195755,0.9422292709350586,0.0
50.0,0.05343625321984291,0.9424864053726196,0.0
50.0,0.049078214913606644,0.9427233338356018,0.0
50.0,0.04471912980079651,0.9429401755332947,0.0
50.0,0.04027358070015907,0.9411386847496033,0.0
50.0,0.035921916365623474,0.9413148164749146,0.0
50.0,0.03156948462128639,0.9414708018302917,0.0
50.0,0.02721637673676014,0.9416067004203796,0.0
50.0,0.022862685844302177,0.9417225122451782,0.0
50.0,0.018508508801460266,0.941818118095398,0.0
50.0,0.014153935015201569,0.9418936371803284,0.0
50.0,0.009799058549106121,0.9419490098953247,0.0
50.0,0.005443972535431385,0.941984236240387,0.0
50.0,0.0010887705720961094,0.9419993162155151,0.0
50.0,-0.0032664549071341753,0.941994309425354,0.0
50.0,-0.007621610537171364,0.9419691562652588,0.0
50.0,-0.012002031318843365,0.9439237117767334,0.0
50.0,-0.016366014257073402,0.9438581466674805,0.0
50.0,-0.020685726776719093,0.9417728185653687,0.0
50.0,-0.02509283646941185,0.9436664581298828,0.0
50.0,-0.02945549041032791,0.9435403347015381,0.0
50.0,-0.03381751477718353,0.9433940649032593,0.0
50.0,-0.038178812712430954,0.9432276487350464,0.0
50.0,-0.04244917258620262,0.9410430192947388,0.0
50.0,-0.04679951071739197,0.9408367276191711,0.0
50.0,-0.05114884674549103,0.9406102895736694,0.0
50.0,-0.05549709498882294,0.9403637647628784,0.0
50.0,-0.05984415113925934,0.9400971531867981,0.0
50.0,-0.0643262192606926,0.9418057799339294,0.0
50.0,-0.06867984682321548,0.941498339176178,0.0
50.0,-0.07303201407194138,0.9411707520484924,0.0
50.0,-0.0772186666727066,0.9388297200202942,0.0
50.0,-0.08155839890241623,0.9384626746177673,0.0
50.0,-0.08607876300811768,0.9400672912597656,0.0
50.0,-0.09042412787675858,0.9396592378616333,0.0
50.0,-0.09476755559444427,0.9392311573028564,0.0
50.0,-0.09910895675420761,0.9387829303741455,0.0
50.0,-0.10344824194908142,0.93831467628479,0.0
50.0,-0.10801366716623306,0.9398132562637329,0.0
50.0,-0.11235762387514114,0.9393038749694824,0.0
50.0,-0.11669917404651642,0.9387743473052979,0.0
50.0,-0.12103822827339172,0.9382247924804688,0.0
50.0,-0.12563976645469666,0.9396375417709351,0.0
50.0,-0.12998270988464355,0.9390466213226318,0.0
50.0,-0.1343228816986084,0.9384356141090393,0.0
50.0,-0.13895271718502045,0.9397830367088318,0.0
50.0,-0.14329619705677032,0.9391305446624756,0.0
50.0,-0.14763662219047546,0.9384579658508301,0.0
50.0,-0.1519738882780075,0.93776535987854,0.0
50.0,-0.1563078910112381,0.9370527267456055,0.0
50.0,-0.1613149493932724,0.9402624368667603,0.0
50.0,-0.16566039621829987,0.9395065903663635,0.0
50.0,-0.17035871744155884,0.9406986236572266,0.0
50.0,-0.1747061014175415,0.9399009346961975,0.0
50.0,-0.17904974520206451,0.9390831589698792,0.0
50.0,-0.1837732195854187,0.9402081966400146,0.0
50.0,-0.18811818957328796,0.9393484592437744,0.0
50.0,-0.1928609311580658,0.9404278993606567,0.0
50.0,-0.19720681011676788,0.9395262002944946,0.0
50.0,-0.20196838676929474,0.9405598044395447,0.0
50.0,-0.2063147872686386,0.9396160244941711,0.0
50.0,-0.2106567770242691,0.9386520981788635,0.0
50.0,-0.21544122695922852,0.9396175146102905,0.0
50.0,-0.21978312730789185,0.9386113882064819,0.0
50.0,-0.22458532452583313,0.9395304322242737,0.0
50.0,-0.22892671823501587,0.9384820461273193,0.0
50.0,-0.23374615609645844,0.939354419708252,0.0
50.0,-0.23857857286930084,0.9402022957801819,0.0
50.0,-0.24292293190956116,0.9390891790390015,0.0
50.0,-0.24726209044456482,0.9379560351371765,0.0
50.0,-0.25159597396850586,0.9368028044700623,0.0
50.0,-0.25645214319229126,0.9375587105751038,0.0
50.0,-0.2607840895652771,0.9363629817962646,0.0
50.0,-0.2656559348106384,0.9370714426040649,0.0
50.0,-0.27053990960121155,0.9377548694610596,0.0
50.0,-0.27487263083457947,0.9364940524101257,0.0
50.0,-0.2803437113761902,0.9390460252761841,0.0
50.0,-0.2846822738647461,0.9377398490905762,0.0
50.0,-0.2890147566795349,0.9364136457443237,0.0
50.0,-0.29453834891319275,0.9388840198516846,0.0
50.0,-0.298876017332077,0.937512218952179,0.0
50.0,-0.3038235604763031,0.938023030757904,0.0
50.0,-0.30815714597702026,0.9366083145141602,0.0
50.0,-0.31311798095703125,0.9370704889297485,0.0
50.0,-0.31744706630706787,0.9356127977371216,0.0
50.0,-0.32242071628570557,0.9360260963439941,0.0
50.0,-0.3274049460887909,0.9364133477210999,0.0
50.0,-0.33173084259033203,0.9348896145820618,0.0
50.0,-0.33672717213630676,0.9352276921272278,0.0
50.0,-0.341047465801239,0.9336608648300171,0.0
50.0,-0.34675025939941406,0.9358249306678772,0.0
50.0,-0.3510732352733612,0.934211790561676,0.0
50.0,-0.3561008870601654,0.9344475269317627,0.0
50.0,-0.3618590235710144,0.9365222454071045,0.0
50.0,-0.3661850392818451,0.9348392486572266,0.0
50.0,-0.37197938561439514,0.9368540048599243,0.0
50.0,-0.37630683183670044,0.9351241588592529,0.0
50.0,-0.38213664293289185,0.9370781779289246,0.0
50.0,-0.3879925608634949,0.9389983415603638,0.0
50.0,-0.39232975244522095,0.9371944665908813,0.0
50.0,-0.3974393904209137,0.937211811542511,0.0
50.0,-0.40176820755004883,0.9353642463684082,0.0
50.0,-0.4068862497806549,0.9353306889533997,0.0
50.0,-0.41120630502700806,0.9334395527839661,0.0
50.0,-0.41714704036712646,0.9351814985275269,0.0
50.0,-0.4231126010417938,0.9368883371353149,0.0
50.0,-0.4274396598339081,0.9349220991134644,0.0
50.0,-0.4325975775718689,0.9347509145736694,0.0
50.0,-0.4369146525859833,0.9327408671379089,0.0
50.0,-0.44293591380119324,0.9343253374099731,0.0
50.0,-0.4472509026527405,0.9322674870491028,0.0
50.0,-0.45330315828323364,0.9337881207466125,0.0
50.0,-0.45937904715538025,0.9352726936340332,0.0
50.0,-0.46369826793670654,0.9331387877464294,0.0
50.0,-0.4698041081428528,0.9345588088035583,0.0
50.0,-0.4741199016571045,0.9323767423629761,0.0
50.0,-0.4802550673484802,0.933731734752655,0.0
50.0,-0.486412912607193,0.9350500106811523,0.0
50.0,-0.49073082208633423,0.9327911138534546,0.0
50.0,-0.49691689014434814,0.9340436458587646,0.0
50.0,-0.501230001449585,0.9317362308502197,0.0
50.0,-0.506488025188446,0.9311658143997192,0.0
50.0,-0.5107877254486084,0.928814172744751,0.0
50.0,-1.1144236326217651,1.961529016494751,0.0
50.0,-1.1234806776046753,1.9563556909561157,0.0
50.0,-1.1325136423110962,1.9511405229568481,0.0
50.0,-1.1415222883224487,1.9458836317062378,0.0
50.0,-1.1545864343643188,1.947466492652893,0.0
50.0,-1.1697453260421753,1.9524015188217163,0.0
50.0,-1.1787595748901367,1.9469724893569946,0.0
50.0,-1.1919233798980713,1.9483259916305542,0.0
50.0,-1.200918436050415,1.9427945613861084,0.0
50.0,-1.2141257524490356,1.9440069198608398,0.0
50.0,-1.2231006622314453,1.9383728504180908,0.0
50.0,-1.2384997606277466,1.942815899848938,0.0
50.0,-1.253966212272644,1.9471580982208252,0.0
50.0,-1.2629551887512207,1.9413397312164307,0.0
50.0,-1.276310682296753,1.9421653747558594,0.0
50.0,-1.2852764129638672,1.9362437725067139,0.0
50.0,-1.3031249046325684,1.9435701370239258,0.0
50.0,-1.318825602531433,1.947460651397705,0.0
50.0,-1.3278154134750366,1.9413424730300903,0.0
50.0,-1.3435970544815063,1.9450560808181763,0.0
50.0,-1.352575421333313,1.9388233423233032,0.0
50.0,-1.366132378578186,1.939089059829712,0.0
50.0,-1.384358286857605,1.9457893371582031,0.0
50.0,-1.3933396339416504,1.9393681287765503,0.0
50.0,-1.4116867780685425,1.9458563327789307,0.0
50.0,-1.420668125152588,1.939308762550354,0.0
50.0,-1.4367551803588867,1.9423670768737793,0.0
50.0,-1.4457200765609741,1.9357037544250488,0.0
50.0,-1.4594709873199463,1.9353864192962646,0.0
50.0,-1.475672721862793,1.9381657838821411,0.0
50.0,-1.484617829322815,1.931322455406189,0.0
50.0,-1.503340721130371,1.9370777606964111,0.0
50.0,-1.5122805833816528,1.930106520652771,0.0
50.0,-1.526151180267334,1.929368495941162,0.0
50.0,-1.5350550413131714,1.922291874885559,0.0
50.0,-1.5313738584518433,1.8996037244796753,0.0
50.0,-1.5249910354614258,1.873888373374939,0.0
50.0,-1.5336384773254395,1.866817831993103,0.0
50.0,-1.526932716369629,1.8412333726882935,0.0
50.0,-1.5354291200637817,1.8341541290283203,0.0
50.0,-1.5258203744888306,1.8056490421295166,0.0
50.0,-1.518576979637146,1.7803155183792114,0.0
50.0,-1.5267918109893799,1.77327561378479,0.0
50.0,-1.5192307233810425,1.7480828762054443,0.0
50.0,-1.527296543121338,1.7410402297973633,0.0
50.0,-1.5194196701049805,1.7159919738769531,0.0
50.0,-1.5140094757080078,1.6940364837646484,0.0
50.0,-1.5218254327774048,1.6870185136795044,0.0
50.0,-1.5134509801864624,1.6622183322906494,0.0
50.0,-1.5211198329925537,1.6552033424377441,0.0
50.0,-1.5151551961898804,1.6334896087646484,0.0
50.0,-1.50902259349823,1.61186683177948,0.0
50.0,-1.5164587497711182,1.6048728227615356,0.0
50.0,-1.5100593566894531,1.5833712816238403,0.0
50.0,-1.5173636674880981,1.5763728618621826,0.0
50.0,-1.5106992721557617,1.5549956560134888,0.0
50.0,-1.5038700103759766,1.5337141752243042,0.0
50.0,-1.5109448432922363,1.5267448425292969,0.0
50.0,-1.503853440284729,1.5055924654006958,0.0
50.0,-1.5107983350753784,1.4986236095428467,0.0
50.0,-1.5062994956970215,1.4804073572158813,0.0
50.0,-1.5131278038024902,1.4734272956848145,0.0
50.0,-1.5055307149887085,1.4525293111801147,0.0
50.0,-1.4977729320526123,1.4317333698272705,0.0
50.0,-1.5043762922286987,1.4247932434082031,0.0
50.0,-1.4992800951004028,1.4068742990493774,0.0
50.0,-1.5057685375213623,1.3999274969100952,0.0
50.0,-1.50045645236969,1.3821107149124146,0.0
50.0,-1.4964895248413086,1.3657214641571045,0.0
50.0,-1.5027878284454346,1.358788013458252,0.0
50.0,-1.4971363544464111,1.3411496877670288,0.0
50.0,-1.5033210515975952,1.3342136144638062,0.0
50.0,-1.4959558248519897,1.3153630495071411,0.0
50.0,-1.4914649724960327,1.2992368936538696,0.0
50.0,-1.4974558353424072,1.2923274040222168,0.0
50.0,-1.4942938089370728,1.2775921821594238,0.0
50.0,-1.5001846551895142,1.2706698179244995,0.0
50.0,-1.49531888961792,1.2547212839126587,0.0
50.0,-1.4903377294540405,1.2388451099395752,0.0
50.0,-1.4960495233535767,1.2319414615631104,0.0
50.0,-1.492430567741394,1.2174263000488281,0.0
50.0,-1.4980432987213135,1.2105132341384888,0.0
50.0,-1.494255542755127,1.196075439453125,0.0
50.0,-1.4997694492340088,1.1891541481018066,0.0
50.0,-1.4926682710647583,1.172324776649475,0.0
50.0,-1.4870222806930542,1.1568148136138916,0.0
50.0,-1.4923547506332397,1.1499273777008057,0.0
50.0,-1.486526370048523,1.134521722793579,0.0
50.0,-1.4821830987930298,1.1204006671905518,0.0
50.0,-1.4873472452163696,1.11353600025177,0.0
50.0,-1.4812337160110474,1.0983089208602905,0.0
50.0,-1.4862958192825317,1.0914489030838013,0.0
50.0,-1.483238697052002,1.0786839723587036,0.0
50.0,-1.4882099628448486,1.071814775466919,0.0
50.0,-1.4833797216415405,1.057955026626587,0.0
50.0,-1.4800869226455688,1.0453165769577026,0.0
50.0,-1.4849040508270264,1.0384624004364014,0.0
50.0,-1.4814680814743042,1.025892972946167,0.0
50.0,-1.4861953258514404,1.0190327167510986,0.0
50.0,-1.4809625148773193,1.0054103136062622,0.0
50.0,-1.4772956371307373,0.992974042892456,0.0
50.0,-1.4818707704544067,0.986133337020874,0.0
50.0,-1.4780635833740234,0.973770022392273,0.0
50.0,-1.4825499057769775,0.9669259786605835,0.0
50.0,-1.4786033630371094,0.9546371698379517,0.0
50.0,-1.4745750427246094,0.9424057006835938,0.0
50.0,-1.4789164066314697,0.9355781078338623,0.0
50.0,-1.4747505187988281,0.9234234690666199,0.0
50.0,-1.479004144668579,0.9165952801704407,0.0
50.0,-1.4747017621994019,0.9045190811157227,0.0
50.0,-1.4703195095062256,0.8925023674964905,0.0
50.0,-1.4744302034378052,0.8856949806213379,0.0
50.0,-1.469913363456726,0.8737589716911316,0.0
50.0,-1.4739373922348022,0.8669536709785461,0.0
50.0,-1.4710155725479126,0.8561058640480042,0.0
50.0,-1.4680250883102417,0.8453036546707153,0.0
50.0,-1.4719176292419434,0.8385074138641357,0.0
50.0,-1.4688091278076172,0.8277654647827148,0.0
50.0,-1.4726204872131348,0.8209657669067383,0.0
50.0,-1.4693949222564697,0.8102854490280151,0.0
50.0,-1.4731254577636719,0.8034831881523132,0.0
50.0,-1.4697836637496948,0.7928656339645386,0.0
50.0,-1.4663752317428589,0.7822962403297424,0.0
50.0,-1.4699764251708984,0.7755082845687866,0.0
50.0,-1.4664534330368042,0.7650036811828613,0.0
50.0,-1.4699746370315552,0.7582155466079712,0.0
50.0,-1.4681192636489868,0.748685359954834,0.0
50.0,-1.4626356363296509,0.7373879551887512,0.0
50.0,-1.4660292863845825,0.7306177616119385,0.0
50.0,-1.4622149467468262,0.7202967405319214,0.0
50.0,-1.4655295610427856,0.7135286927223206,0.0
50.0,-1.4634060859680176,0.7041438221931458,0.0
50.0,-1.459421157836914,0.6939351558685303,0.0
50.0,-1.4626139402389526,0.6871802806854248,0.0
50.0,-1.4585189819335938,0.6770423650741577,0.0
50.0,-1.4616336822509766,0.6702918410301208,0.0
50.0,-1.4592516422271729,0.6610511541366577,0.0
50.0,-1.4568156003952026,0.6518468260765076,0.0
50.0,-1.4598137140274048,0.6451044678688049,0.0
50.0,-1.4591145515441895,0.6367484927177429,0.0
50.0,-1.4620429277420044,0.6299956440925598,0.0
50.0,-1.4575785398483276,0.6200975179672241,0.0
50.0,-1.4530539512634277,0.6102542281150818,0.0
50.0,-1.4558597803115845,0.603529691696167,0.0
50.0,-1.453081488609314,0.5945202112197876,0.0
50.0,-1.4558147192001343,0.5877957344055176,0.0
50.0,-1.4529427289962769,0.578838050365448,0.0
50.0,-1.4556033611297607,0.5721144080162048,0.0
50.0,-1.4545032978057861,0.563932478427887,0.0
50.0,-1.4533590078353882,0.5557730197906494,0.0
50.0,-1.4559129476547241,0.5490476489067078,0.0
50.0,-1.4528120756149292,0.5402193665504456,0.0
50.0,-1.455294132232666,0.5334967374801636,0.0
50.0,-1.4521023035049438,0.5247235894203186,0.0
50.0,-1.4488605260849,0.5159913897514343,0.0
50.0,-1.4512306451797485,0.5092872381210327,0.0
50.0,-1.4497894048690796,0.5012651681900024,0.0
50.0,-1.4520914554595947,0.49455690383911133,0.0
50.0,-1.448673963546753,0.485929936170578,0.0
50.0,-1.4452077150344849,0.47734519839286804,0.0
50.0,-1.4473992586135864,0.4706583619117737,0.0
50.0,-1.443845510482788,0.46213245391845703,0.0
50.0,-1.4459666013717651,0.4554520845413208,0.0
50.0,-1.444236159324646,0.44757789373397827,0.0
50.0,-1.4443769454956055,0.4403126835823059,0.0
50.0,-1.4463971853256226,0.4336300790309906,0.0
50.0,-1.4445499181747437,0.42580726742744446,0.0
50.0,-1.4465030431747437,0.4191240072250366,0.0
50.0,-1.4445782899856567,0.41133636236190796,0.0
50.0,-1.4406864643096924,0.4030367136001587,0.0
50.0,-1.4425344467163086,0.3963715732097626,0.0
50.0,-1.440489649772644,0.38865596055984497,0.0
50.0,-1.4422712326049805,0.3819918930530548,0.0
50.0,-1.4420862197875977,0.37481653690338135,0.0
50.0,-1.4438036680221558,0.368145227432251,0.0
50.0,-1.4416097402572632,0.3604956567287445,0.0
50.0,-1.4393761157989502,0.3528743088245392,0.0
50.0,-1.4409922361373901,0.34621575474739075,0.0
50.0,-1.4406307935714722,0.33909159898757935,0.0
50.0,-1.4421831369400024,0.33242738246917725,0.0
50.0,-1.439802646636963,0.3248756527900696,0.0
50.0,-1.4373834133148193,0.3173530697822571,0.0
50.0,-1.4388352632522583,0.3107041120529175,0.0
50.0,-1.436342716217041,0.30322232842445374,0.0
50.0,-1.4377292394638062,0.2965783476829529,0.0
50.0,-1.4371243715286255,0.28953298926353455,0.0
50.0,-1.4345228672027588,0.2821137011051178,0.0
50.0,-1.4358118772506714,0.275478333234787,0.0
50.0,-1.435104250907898,0.26846933364868164,0.0
50.0,-1.4363301992416382,0.26183146238327026,0.0
50.0,-1.4355560541152954,0.25483837723731995,0.0
50.0,-1.4367189407348633,0.24819853901863098,0.0
50.0,-1.4358787536621094,0.2412220537662506,0.0
50.0,-1.4330309629440308,0.23393642902374268,0.0
50.0,-1.4340972900390625,0.2273084968328476,0.0
50.0,-1.433156132698059,0.22037173807621002,0.0
50.0,-1.4341596364974976,0.21374337375164032,0.0
50.0,-1.4311734437942505,0.2065390944480896,0.0
50.0,-1.4301323890686035,0.19964352250099182,0.0
50.0,-1.4310400485992432,0.19302935898303986,0.0
50.0,-1.429934024810791,0.1861528754234314,0.0
50.0,-1.4307793378829956,0.1795397698879242,0.0
50.0,-1.4296085834503174,0.172682985663414,0.0
50.0,-1.4284049272537231,0.16584086418151855,0.0
50.0,-1.4291564226150513,0.15923504531383514,0.0
50.0,-1.4298774003982544,0.15262581408023834,0.0
50.0,-1.430567741394043,0.14601333439350128,0.0
50.0,-1.4292370080947876,0.13920384645462036,0.0
50.0,-1.4258824586868286,0.1322251260280609,0.0
50.0,-1.4264785051345825,0.12563133239746094,0.0
50.0,-1.4270440340042114,0.11903484910726547,0.0
50.0,-1.4275791645050049,0.11243581771850586,0.0
50.0,-1.4280837774276733,0.10583438724279404,0.0
50.0,-1.4265625476837158,0.09909209609031677,0.0
50.0,-1.427005410194397,0.09249550849199295,0.0
50.0,-1.4254214763641357,0.08577680587768555,0.0
50.0,-1.4258028268814087,0.07918563485145569,0.0
50.0,-1.4261536598205566,0.07259277254343033,0.0
50.0,-1.4264739751815796,0.06599835306406021,0.0
50.0,-1.424765706062317,0.05931933596730232,0.0
50.0,-1.4230260848999023,0.05265752226114273,0.0
50.0,-1.423254370689392,0.04607778042554855,0.0
50.0,-1.4234521389007568,0.039497051388025284,0.0
50.0,-1.4236195087432861,0.03291548043489456,0.0
50.0,-1.4217568635940552,0.0262962207198143,0.0
50.0,-1.421863317489624,0.019722629338502884,0.0
50.0,-1.4219392538070679,0.013148615136742592,0.0
50.0,-1.4219849109649658,0.006574319209903479,0.0
50.0,-1.4220000505447388,-1.1636915075996512e-07,0.0
51.0,-1.4220000505447388,1.2431519280653447e-07,0.0
51.0,-1.4199848175048828,-0.006565064657479525,0.0
51.0,-1.4199392795562744,-0.013130112551152706,0.0
51.0,-1.4198633432388306,-0.01969487965106964,0.0
51.0,-1.4197571277618408,-0.026259226724505424,0.0
51.0,-1.4196205139160156,-0.03282301127910614,0.0
51.0,-1.4194536209106445,-0.039386097341775894,0.0
51.0,-1.419256329536438,-0.0459483377635479,0.0
51.0,-1.4190287590026855,-0.052509598433971405,0.0
51.0,-1.420769214630127,-0.059152934700250626,0.0
51.0,-1.420480489730835,-0.0657210499048233,0.0
51.0,-1.420161485671997,-0.07228775322437286,0.0
51.0,-1.4198120832443237,-0.07885292172431946,0.0
51.0,-1.4194324016571045,-0.08541639894247055,0.0
51.0,-1.4190223217010498,-0.0919780507683754,0.0
51.0,-1.4185818433761597,-0.09853773564100266,0.0
51.0,-1.4201055765151978,-0.10524312406778336,0.0
51.0,-1.4196038246154785,-0.1118076741695404,0.0
51.0,-1.4190717935562134,-0.11836984008550644,0.0
51.0,-1.4185093641281128,-0.12492947280406952,0.0
51.0,-1.415925145149231,-0.13130176067352295,0.0
51.0,-1.4172935485839844,-0.13804058730602264,0.0
51.0,-1.4166401624679565,-0.1445917785167694,0.0
51.0,-1.4159564971923828,-0.15113988518714905,0.0
51.0,-1.4152425527572632,-0.15768477320671082,0.0
51.0,-1.416485071182251,-0.16445693373680115,0.0
51.0,-1.4157096147537231,-0.17100411653518677,0.0
51.0,-1.4149038791656494,-0.1775476336479187,0.0
51.0,-1.4160510301589966,-0.184345543384552,0.0
51.0,-1.4171656370162964,-0.19115786254405975,0.0
51.0,-1.416266679763794,-0.1977079063653946,0.0
51.0,-1.4153375625610352,-0.20425371825695038,0.0
51.0,-1.4163563251495361,-0.21108999848365784,0.0
51.0,-1.415365219116211,-0.2176360934972763,0.0
51.0,-1.4163191318511963,-0.22449061274528503,0.0
51.0,-1.4152661561965942,-0.23103637993335724,0.0
51.0,-1.4141827821731567,-0.23757721483707428,0.0
51.0,-1.4130693674087524,-0.24411296844482422,0.0
51.0,-1.413894772529602,-0.2509930729866028,0.0
51.0,-1.4127192497253418,-0.25752735137939453,0.0
51.0,-1.4115134477615356,-0.26405614614486694,0.0
51.0,-1.4122416973114014,-0.2709560990333557,0.0
51.0,-1.4109739065170288,-0.2774825394153595,0.0
51.0,-1.4116365909576416,-0.28439804911613464,0.0
51.0,-1.412265419960022,-0.29132556915283203,0.0
51.0,-1.4109033346176147,-0.29785189032554626,0.0
51.0,-1.411466121673584,-0.30479398369789124,0.0
51.0,-1.4100419282913208,-0.31131646037101746,0.0
51.0,-1.4105384349822998,-0.31827250123023987,0.0
51.0,-1.409051775932312,-0.3247905373573303,0.0
51.0,-1.4094818830490112,-0.33175987005233765,0.0
51.0,-1.407932996749878,-0.3382728695869446,0.0
51.0,-1.4102389812469482,-0.34573110938072205,0.0
51.0,-1.410565733909607,-0.35273265838623047,0.0
51.0,-1.4089198112487793,-0.3592504560947418,0.0
51.0,-1.409179449081421,-0.36626365780830383,0.0
51.0,-1.4074710607528687,-0.3727749288082123,0.0
51.0,-1.4076634645462036,-0.3797991871833801,0.0
51.0,-1.4078210592269897,-0.38683319091796875,0.0
51.0,-1.406017541885376,-0.3933379352092743,0.0
51.0,-1.4061075448989868,-0.40038201212882996,0.0
51.0,-1.4042413234710693,-0.40687867999076843,0.0
51.0,-1.4061819314956665,-0.41449761390686035,0.0
51.0,-1.408082127571106,-0.42214319109916687,0.0
51.0,-1.4061152935028076,-0.42864876985549927,0.0
51.0,-1.4060288667678833,-0.4357371926307678,0.0
51.0,-1.4039992094039917,-0.442233145236969,0.0
51.0,-1.4057492017745972,-0.44993895292282104,0.0
51.0,-1.4036539793014526,-0.4564334452152252,0.0
51.0,-1.4053269624710083,-0.46417272090911865,0.0
51.0,-1.4069581031799316,-0.4719371795654297,0.0
51.0,-1.4047611951828003,-0.47843700647354126,0.0
51.0,-1.4044243097305298,-0.485580176115036,0.0
51.0,-1.402164340019226,-0.49206817150115967,0.0
51.0,-1.4036425352096558,-0.499887615442276,0.0
51.0,-1.4031972885131836,-0.5070515275001526,0.0
51.0,-1.400838017463684,-0.5135335922241211,0.0
51.0,-1.402198076248169,-0.5213988423347473,0.0
51.0,-1.3997724056243896,-0.5278761982917786,0.0
51.0,-1.4029210805892944,-0.5364852547645569,0.0
51.0,-1.4041552543640137,-0.5444117784500122,0.0
51.0,-1.401623249053955,-0.5508978962898254,0.0
51.0,-1.4027771949768066,-0.5588526129722595,0.0
51.0,-1.4001784324645996,-0.5653321743011475,0.0
51.0,-1.4012519121170044,-0.5733144283294678,0.0
51.0,-1.3985862731933594,-0.5797867774963379,0.0
51.0,-1.39957857131958,-0.587795615196228,0.0
51.0,-1.400526762008667,-0.5958260297775269,0.0
51.0,-1.3977570533752441,-0.6022948026657104,0.0
51.0,-1.4004566669464111,-0.6111505031585693,0.0
51.0,-1.3976161479949951,-0.6176188588142395,0.0
51.0,-1.4002225399017334,-0.6265245079994202,0.0
51.0,-1.4009544849395752,-0.6346421241760254,0.0
51.0,-1.3980052471160889,-0.6411124467849731,0.0
51.0,-1.4004684686660767,-0.6500954031944275,0.0
51.0,-1.397447943687439,-0.6565633416175842,0.0
51.0,-1.3980097770690918,-0.6647348999977112,0.0
51.0,-1.3949215412139893,-0.6711912751197815,0.0
51.0,-1.3989962339401245,-0.681135356426239,0.0
51.0,-1.401214599609375,-0.6902475357055664,0.0
51.0,-1.3980083465576172,-0.6967185139656067,0.0
51.0,-1.400129795074463,-0.7058756351470947,0.0
51.0,-1.3968513011932373,-0.7123413681983948,0.0
51.0,-1.3988754749298096,-0.7215424180030823,0.0
51.0,-1.395524501800537,-0.7280022501945496,0.0
51.0,-1.395681619644165,-0.7363129258155823,0.0
51.0,-1.397556185722351,-0.7455819845199585,0.0
51.0,-1.3940942287445068,-0.7520354390144348,0.0
51.0,-1.3958698511123657,-0.7613458633422852,0.0
51.0,-1.3923349380493164,-0.7677913308143616,0.0
51.0,-1.3940107822418213,-0.7771419882774353,0.0
51.0,-1.3973723649978638,-0.7875064015388489,0.0
51.0,-1.3937164545059204,-0.7939585447311401,0.0
51.0,-1.3952305316925049,-0.8033877611160278,0.0
51.0,-1.3915011882781982,-0.809829831123352,0.0
51.0,-1.3946378231048584,-0.8203105330467224,0.0
51.0,-1.3908302783966064,-0.8267497420310974,0.0
51.0,-1.3921363353729248,-0.8362607955932617,0.0
51.0,-1.3933842182159424,-0.8458016514778137,0.0
51.0,-1.3894588947296143,-0.8522347211837769,0.0
51.0,-1.3923038244247437,-0.8628638386726379,0.0
51.0,-1.388299584388733,-0.8692917823791504,0.0
51.0,-1.391026496887207,-0.8799780607223511,0.0
51.0,-1.3869432210922241,-0.8863998651504517,0.0
51.0,-1.3895511627197266,-0.8971419930458069,0.0
51.0,-1.3920891284942627,-0.9079270958900452,0.0
51.0,-1.3878766298294067,-0.9143534898757935,0.0
51.0,-1.391959547996521,-0.9263005256652832,0.0
51.0,-1.3876620531082153,-0.9327262043952942,0.0
51.0,-1.3882989883422852,-0.942501962184906,0.0
51.0,-1.3905246257781982,-0.9534345269203186,0.0
51.0,-1.3861016035079956,-0.9598532319068909,0.0
51.0,-1.3898439407348633,-0.971982479095459,0.0
51.0,-1.3853352069854736,-0.9783978462219238,0.0
51.0,-1.3873101472854614,-0.9894375801086426,0.0
51.0,-1.382720708847046,-0.9958410263061523,0.0
51.0,-1.3861892223358154,-1.0081048011779785,0.0
51.0,-1.3911857604980469,-1.0216056108474731,0.0
51.0,-1.3864476680755615,-1.0280267000198364,0.0
51.0,-1.381679892539978,-1.0344257354736328,0.0
51.0,-1.376882553100586,-1.0408027172088623,0.0
51.0,-1.3593369722366333,-1.0374503135681152,0.0
51.0,-1.3418519496917725,-1.033958077430725,0.0
51.0,-1.3370572328567505,-1.0401508808135986,0.0
51.0,-1.3180779218673706,-1.0352035760879517,0.0
51.0,-1.3132777214050293,-1.0412864685058594,0.0
51.0,-1.2943968772888184,-1.0360987186431885,0.0
51.0,-1.2771480083465576,-1.0320159196853638,0.0
51.0,-1.2723629474639893,-1.0379096269607544,0.0
51.0,-1.2551994323730469,-1.0336103439331055,0.0
51.0,-1.250407338142395,-1.0394026041030884,0.0
51.0,-1.2333316802978516,-1.0348880290985107,0.0
51.0,-1.2163246870040894,-1.0302379131317139,0.0
51.0,-1.2115485668182373,-1.0358504056930542,0.0
51.0,-1.1976618766784668,-1.0336005687713623,0.0
51.0,-1.1928703784942627,-1.0391267538070679,0.0
51.0,-1.1790415048599243,-1.0367069244384766,0.0
51.0,-1.162269115447998,-1.0315263271331787,0.0
51.0,-1.1574875116348267,-1.0368889570236206,0.0
51.0,-1.1408132314682007,-1.0314985513687134,0.0
51.0,-1.136031985282898,-1.0367618799209595,0.0
51.0,-1.1224004030227661,-1.0338730812072754,0.0
51.0,-1.108819842338562,-1.0308805704116821,0.0
51.0,-1.1040418148040771,-1.0359959602355957,0.0
51.0,-1.0905276536941528,-1.0328376293182373,0.0
51.0,-1.0857408046722412,-1.0378684997558594,0.0
51.0,-1.0694161653518677,-1.0317678451538086,0.0
51.0,-1.056037187576294,-1.0283294916152954,0.0
51.0,-1.0512715578079224,-1.033200979232788,0.0
51.0,-1.0379638671875,-1.0295994281768799,0.0
51.0,-1.03319251537323,-1.0343873500823975,0.0
51.0,-1.0199581384658813,-1.0306237936019897,0.0
51.0,-1.0151822566986084,-1.0353285074234009,0.0
51.0,-1.0034165382385254,-1.0328384637832642,0.0
51.0,-0.9916956424713135,-1.0302618741989136,0.0
51.0,-0.9869217872619629,-1.0348358154296875,0.0
51.0,-0.9752587676048279,-1.0321192741394043,0.0
51.0,-0.9704764485359192,-1.0366172790527344,0.0
51.0,-0.95887291431427,-1.0337613821029663,0.0
51.0,-0.9459633827209473,-1.0293480157852173,0.0
51.0,-0.9411942362785339,-1.0337104797363281,0.0
51.0,-0.9283671379089355,-1.0291407108306885,0.0
51.0,-0.923599123954773,-1.0334218740463257,0.0
51.0,-0.912182092666626,-1.0301941633224487,0.0
51.0,-0.9021337628364563,-1.0283864736557007,0.0
51.0,-0.8973695039749146,-1.0325464010238647,0.0
51.0,-0.8860613107681274,-1.0291061401367188,0.0
51.0,-0.8812938928604126,-1.0331916809082031,0.0
51.0,-0.870053231716156,-1.029617190361023,0.0
51.0,-0.8601484298706055,-1.0274944305419922,0.0
51.0,-0.8553887605667114,-1.031460165977478,0.0
51.0,-0.8455324769020081,-1.0292224884033203,0.0
51.0,-0.8407649993896484,-1.0331206321716309,0.0
51.0,-0.8309586048126221,-1.0307685136795044,0.0
51.0,-0.8211920261383057,-1.0283479690551758,0.0
51.0,-0.8164287805557251,-1.03213369846344,0.0
51.0,-0.8067141175270081,-1.0296000242233276,0.0
51.0,-0.8019452691078186,-1.0333187580108643,0.0
51.0,-0.7910647988319397,-1.0290871858596802,0.0
51.0,-0.782663881778717,-1.0279598236083984,0.0
51.0,-0.7779028415679932,-1.0315674543380737,0.0
51.0,-0.7695348262786865,-1.0303456783294678,0.0
51.0,-0.7647629380226135,-1.0338925123214722,0.0
51.0,-0.7552469968795776,-1.030963659286499,0.0
51.0,-0.7446001768112183,-1.0263501405715942,0.0
51.0,-0.7398470044136047,-1.029781699180603,0.0
51.0,-0.7304403185844421,-1.0266727209091187,0.0
51.0,-0.7256858348846436,-1.030038833618164,0.0
51.0,-0.716338574886322,-1.0268218517303467,0.0
51.0,-0.7115834951400757,-1.0301227569580078,0.0
51.0,-0.7034260034561157,-1.028449296951294,0.0
51.0,-0.6952992081642151,-1.0267224311828613,0.0
51.0,-0.6905449032783508,-1.029926061630249,0.0
51.0,-0.682457447052002,-1.028108835220337,0.0
51.0,-0.6776968240737915,-1.0312530994415283,0.0
51.0,-0.668559193611145,-1.0276694297790527,0.0
51.0,-0.6605521440505981,-1.025705099105835,0.0
51.0,-0.6558029055595398,-1.0287480354309082,0.0
51.0,-0.64783775806427,-1.0266947746276855,0.0
51.0,-0.6430840492248535,-1.0296790599822998,0.0
51.0,-0.6351617574691772,-1.0275375843048096,0.0
51.0,-0.6272732019424438,-1.025344967842102,0.0
51.0,-0.6225259304046631,-1.0282341241836548,0.0
51.0,-0.6157095432281494,-1.0276700258255005,0.0
51.0,-0.6109516620635986,-1.030505657196045,0.0
51.0,-0.6031447649002075,-1.028144121170044,0.0
51.0,-0.5953727960586548,-1.0257325172424316,0.0
51.0,-0.5906240940093994,-1.02847421169281,0.0
51.0,-0.5838868618011475,-1.027716040611267,0.0
51.0,-0.5791290998458862,-1.0304045677185059,0.0
51.0,-0.5714434385299683,-1.0278270244598389,0.0
51.0,-0.5637940168380737,-1.025200605392456,0.0
51.0,-0.5590481162071228,-1.0277962684631348,0.0
51.0,-0.5514478087425232,-1.0250860452651978,0.0
51.0,-0.5467025637626648,-1.0276246070861816,0.0
51.0,-0.5400832295417786,-1.0266011953353882,0.0
51.0,-0.5325621962547302,-1.0237644910812378,0.0
51.0,-0.5278232097625732,-1.0262157917022705,0.0
51.0,-0.5212599039077759,-1.0250794887542725,0.0
51.0,-0.5165150165557861,-1.027478575706482,0.0
51.0,-0.5099790692329407,-1.0262736082077026,0.0
51.0,-0.5052287578582764,-1.0286203622817993,0.0
51.0,-0.49784740805625916,-1.0255476236343384,0.0
51.0,-0.4922355115413666,-1.026035189628601,0.0
51.0,-0.48748651146888733,-1.0283000469207764,0.0
51.0,-0.48103031516075134,-1.0269205570220947,0.0
51.0,-0.47627732157707214,-1.0291335582733154,0.0
51.0,-0.4681878387928009,-1.024048924446106,0.0
51.0,-0.4618018865585327,-1.022557020187378,0.0
51.0,-0.4570693075656891,-1.0246812105178833,0.0
51.0,-0.4507143795490265,-1.023123025894165,0.0
51.0,-0.4459792673587799,-1.025195837020874,0.0
51.0,-0.43965595960617065,-1.023571491241455,0.0
51.0,-0.43491891026496887,-1.0255931615829468,0.0
51.0,-0.43017256259918213,-1.0275930166244507,0.0
51.0,-0.4231257736682892,-1.0240256786346436,0.0
51.0,-0.4183867871761322,-1.0259710550308228,0.0
51.0,-0.41139891743659973,-1.0223281383514404,0.0
51.0,-0.40592989325523376,-1.0223604440689087,0.0
51.0,-0.4011988043785095,-1.0242263078689575,0.0
51.0,-0.3964591324329376,-1.026070237159729,0.0
51.0,-0.3917109966278076,-1.0278922319412231,0.0
51.0,-0.3869544565677643,-1.02969229221344,0.0
51.0,-0.38079988956451416,-1.027719497680664,0.0
51.0,-0.37604427337646484,-1.0294691324234009,0.0
51.0,-0.37128064036369324,-1.0311967134475708,0.0
51.0,-0.3665090799331665,-1.0329022407531738,0.0
51.0,-0.3604094982147217,-1.0308098793029785,0.0
51.0,-0.35563981533050537,-1.0324652194976807,0.0
51.0,-0.3495773673057556,-1.0303105115890503,0.0
51.0,-0.3435423970222473,-1.028121829032898,0.0
51.0,-0.3387853503227234,-1.0296992063522339,0.0
51.0,-0.3334047794342041,-1.029351830482483,0.0
51.0,-0.3286421298980713,-1.0308823585510254,0.0
51.0,-0.32327380776405334,-1.030482530593872,0.0
51.0,-0.31791621446609497,-1.0300549268722534,0.0
51.0,-0.3131504952907562,-1.0315138101577759,0.0
51.0,-0.3072338104248047,-1.0291178226470947,0.0
51.0,-0.3024725317955017,-1.0305272340774536,0.0
51.0,-0.2971504032611847,-1.0299930572509766,0.0
51.0,-0.29238519072532654,-1.031355857849121,0.0
51.0,-0.28654053807258606,-1.0288432836532593,0.0
51.0,-0.28125306963920593,-1.0282279253005981,0.0
51.0,-0.27649617195129395,-1.0295172929763794,0.0
51.0,-0.270713746547699,-1.0269168615341187,0.0
51.0,-0.26596304774284363,-1.0281574726104736,0.0
51.0,-0.26120665669441223,-1.0293761491775513,0.0
51.0,-0.25596168637275696,-1.0286318063735962,0.0
51.0,-0.2512032091617584,-1.0298042297363281,0.0
51.0,-0.24597439169883728,-1.029009461402893,0.0
51.0,-0.24121426045894623,-1.0301357507705688,0.0
51.0,-0.23600201308727264,-1.0292905569076538,0.0
51.0,-0.23036479949951172,-1.0264678001403809,0.0
51.0,-0.22561660408973694,-1.0275218486785889,0.0
51.0,-0.22044365108013153,-1.0265984535217285,0.0
51.0,-0.21569494903087616,-1.027606725692749,0.0
51.0,-0.21053984761238098,-1.0266337394714355,0.0
51.0,-0.20579108595848083,-1.0275962352752686,0.0
51.0,-0.2010379284620285,-1.0285366773605347,0.0
51.0,-0.1959058940410614,-1.0274906158447266,0.0
51.0,-0.19115333259105682,-1.0283854007720947,0.0
51.0,-0.18604028224945068,-1.0272901058197021,0.0
51.0,-0.18128874897956848,-1.028139352798462,0.0
51.0,-0.17653334140777588,-1.0289665460586548,0.0
51.0,-0.17111600935459137,-1.025826096534729,0.0
51.0,-0.1663714051246643,-1.0266063213348389,0.0
51.0,-0.16131243109703064,-1.0253888368606567,0.0
51.0,-0.1565699577331543,-1.0261236429214478,0.0
51.0,-0.15153160691261292,-1.0248581171035767,0.0
51.0,-0.14650830626487732,-1.0235679149627686,0.0
51.0,-0.14177440106868744,-1.024234414100647,0.0
51.0,-0.1370374709367752,-1.024878978729248,0.0
51.0,-0.1322976052761078,-1.0255014896392822,0.0
51.0,-0.127308189868927,-1.0241174697875977,0.0
51.0,-0.12257195264101028,-1.0246950387954712,0.0
51.0,-0.11760473996400833,-1.023263931274414,0.0
51.0,-0.11287254840135574,-1.0237966775894165,0.0
51.0,-0.10813795030117035,-1.0243076086044312,0.0
51.0,-0.103200264275074,-1.0228067636489868,0.0
51.0,-0.09847034513950348,-1.02327299118042,0.0
51.0,-0.09355594962835312,-1.0217256546020508,0.0
51.0,-0.08883113414049149,-1.022147297859192,0.0
51.0,-0.08410441875457764,-1.0225470066070557,0.0
51.0,-0.07937590032815933,-1.0229250192642212,0.0
51.0,-0.07464569061994553,-1.0232809782028198,0.0
51.0,-0.06977760046720505,-1.0216199159622192,0.0
51.0,-0.0650535300374031,-1.021931529045105,0.0
51.0,-0.06032806262373924,-1.0222214460372925,0.0
51.0,-0.05560130625963211,-1.0224894285202026,0.0
51.0,-0.05087336152791977,-1.022735595703125,0.0
51.0,-0.046144332736730576,-1.02295982837677,0.0
51.0,-0.04141431301832199,-1.0231622457504272,0.0
51.0,-0.03668341040611267,-1.0233427286148071,0.0
51.0,-0.031951725482940674,-1.0235013961791992,0.0
51.0,-0.02721935510635376,-1.0236382484436035,0.0
51.0,-0.02244248241186142,-1.0217535495758057,0.0
51.0,-0.017718294635415077,-1.0218462944030762,0.0
51.0,-0.012993729673326015,-1.0219173431396484,0.0
51.0,-0.008268886245787144,-1.0219664573669434,0.0
51.0,-0.0035438663326203823,-1.0219937562942505,0.0
51.0,0.0011812294833362103,-1.0219992399215698,0.0
51.0,0.005906300153583288,-1.0219829082489014,0.0
51.0,0.010631244629621506,-1.0219446420669556,0.0
51.0,0.01535596139729023,-1.021884560585022,0.0
51.0,0.02008035033941269,-1.0218026638031006,0.0
51.0,0.024804310873150826,-1.0216989517211914,0.0
51.0,0.029527738690376282,-1.0215733051300049,0.0
51.0,0.03425053879618645,-1.0214258432388306,0.0
51.0,0.038972605019807816,-1.0212565660476685,0.0
51.0,0.04369383677840233,-1.0210654735565186,0.0
51.0,0.048414137214422226,-1.0208525657653809,0.0
51.0,0.05313339829444885,-1.0206178426742554,0.0
51.0,0.05785152688622475,-1.020361304283142,0.0
51.0,0.06256841868162155,-1.0200828313827515,0.0
51.0,0.06728397309780121,-1.0197826623916626,0.0
51.0,0.07199808955192566,-1.019460678100586,0.0
51.0,0.07671067118644714,-1.019116997718811,0.0
51.0,0.08142160624265671,-1.0187513828277588,0.0
51.0,0.08613080531358719,-1.0183640718460083,0.0
51.0,0.09101593494415283,-1.0199471712112427,0.0
51.0,0.09573055803775787,-1.0195153951644897,0.0
51.0,0.10044313222169876,-1.0190619230270386,0.0
51.0,0.10515356063842773,-1.0185866355895996,0.0
51.0,0.10986173897981644,-1.0180896520614624,0.0
51.0,0.1145675778388977,-1.0175708532333374,0.0
51.0,0.11927095800638199,-1.0170302391052246,0.0
51.0,0.12397179752588272,-1.0164679288864136,0.0
51.0,0.12866997718811035,-1.0158839225769043,0.0
51.0,0.13336540758609772,-1.0152782201766968,0.0
51.0,0.13832764327526093,-1.0166324377059937,0.0
51.0,0.1430264264345169,-1.0159820318222046,0.0
51.0,0.14801011979579926,-1.0172890424728394,0.0
51.0,0.15271183848381042,-1.0165938138961792,0.0
51.0,0.15741030871868134,-1.0158770084381104,0.0
51.0,0.16210539638996124,-1.0151383876800537,0.0
51.0,0.16679702699184418,-1.0143779516220093,0.0
51.0,0.17181871831417084,-1.0155678987503052,0.0
51.0,0.1765122264623642,-1.0147627592086792,0.0
51.0,0.1812019646167755,-1.0139358043670654,0.0
51.0,0.186248779296875,-1.0150543451309204,0.0
51.0,0.1909397542476654,-1.0141823291778564,0.0
51.0,0.19600580632686615,-1.0152525901794434,0.0
51.0,0.20069760084152222,-1.0143355131149292,0.0
51.0,0.20578236877918243,-1.0153568983078003,0.0
51.0,0.21047453582286835,-1.0143946409225464,0.0
51.0,0.2151622176170349,-1.0134106874465942,0.0
51.0,0.22026969492435455,-1.014359474182129,0.0
51.0,0.22495709359645844,-1.013330340385437,0.0
51.0,0.23008215427398682,-1.0142297744750977,0.0
51.0,0.23476886749267578,-1.013155221939087,0.0
51.0,0.2399110496044159,-1.0140053033828735,0.0
51.0,0.24553555250167847,-1.0167734622955322,0.0
51.0,0.25023385882377625,-1.015627384185791,0.0
51.0,0.255414217710495,-1.0163992643356323,0.0
51.0,0.26011067628860474,-1.0152075290679932,0.0
51.0,0.26530691981315613,-1.0159292221069336,0.0
51.0,0.27051541209220886,-1.0166245698928833,0.0
51.0,0.27521276473999023,-1.0153629779815674,0.0
51.0,0.28043636679649353,-1.016007661819458,0.0
51.0,0.28513073921203613,-1.014700174331665,0.0
51.0,0.2903689742088318,-1.0152939558029175,0.0
51.0,0.2950599491596222,-1.013940691947937,0.0
51.0,0.3003123104572296,-1.0144833326339722,0.0
51.0,0.304999440908432,-1.013084053993225,0.0
51.0,0.3096800446510315,-1.0116630792617798,0.0
51.0,0.31494826078414917,-1.0121301412582397,0.0
51.0,0.3196243345737457,-1.0106632709503174,0.0
51.0,0.3261292278766632,-1.0148869752883911,0.0
51.0,0.3314386010169983,-1.0152696371078491,0.0
51.0,0.3361290395259857,-1.0137263536453247,0.0
51.0,0.3414505422115326,-1.0140570402145386,0.0
51.0,0.3461352586746216,-1.0124675035476685,0.0
51.0,0.35212400555610657,-1.0146352052688599,0.0
51.0,0.3568112850189209,-1.0129964351654053,0.0
51.0,0.36216408014297485,-1.0132192373275757,0.0
51.0,0.36820846796035767,-1.0152943134307861,0.0
51.0,0.3728986084461212,-1.0135811567306519,0.0
51.0,0.37827998399734497,-1.0137200355529785,0.0
51.0,0.38296276330947876,-1.0119602680206299,0.0
51.0,0.3883538544178009,-1.0120460987091064,0.0
51.0,0.39302876591682434,-1.0102397203445435,0.0
51.0,0.3984290063381195,-1.0102723836898804,0.0
51.0,0.40458035469055176,-1.0121338367462158,0.0
51.0,0.4092555046081543,-1.0102524757385254,0.0
51.0,0.41695985198020935,-1.0157502889633179,0.0
51.0,0.42165160179138184,-1.0138115882873535,0.0
51.0,0.4278874397277832,-1.0155375003814697,0.0
51.0,0.433363139629364,-1.015387773513794,0.0
51.0,0.4380530118942261,-1.0133733749389648,0.0
51.0,0.4443376660346985,-1.0150015354156494,0.0
51.0,0.4490256607532501,-1.0129363536834717,0.0
51.0,0.4553419351577759,-1.0144987106323242,0.0
51.0,0.4600274860858917,-1.0123826265335083,0.0
51.0,0.46553897857666016,-1.0120619535446167,0.0
51.0,0.47105735540390015,-1.0117119550704956,0.0
51.0,0.4757298529148102,-1.0095232725143433,0.0
51.0,0.4821139872074127,-1.0109233856201172,0.0
51.0,0.4867826998233795,-1.0086835622787476,0.0
51.0,0.4949513077735901,-1.0136109590530396,0.0
51.0,0.499632328748703,-1.0113117694854736,0.0
51.0,0.5060909390449524,-1.0125689506530762,0.0
51.0,0.5125718712806702,-1.0137879848480225,0.0
51.0,0.5172535181045532,-1.0114073753356934,0.0
51.0,0.5237618684768677,-1.012557864189148,0.0
51.0,0.5284376740455627,-1.0101255178451538,0.0
51.0,0.5340374708175659,-1.0094393491744995,0.0
51.0,0.5396422743797302,-1.0087231397628784,0.0
51.0,0.5443001985549927,-1.006217360496521,0.0
51.0,0.5508658289909363,-1.0071995258331299,0.0
51.0,0.5555166006088257,-1.0046418905258179,0.0
51.0,0.5640590786933899,-1.0090458393096924,0.0
51.0,0.5726540088653564,-1.0133920907974243,0.0
51.0,0.5773331522941589,-1.0107336044311523,0.0
51.0,0.5839999318122864,-1.0115176439285278,0.0
51.0,0.5886703133583069,-1.008806824684143,0.0
51.0,0.5953601002693176,-1.0095199346542358,0.0
51.0,0.6000211238861084,-1.0067565441131592,0.0
51.0,0.6087967157363892,-1.0108246803283691,0.0
51.0,0.6134636402130127,-1.0079991817474365,0.0
51.0,0.621260404586792,-1.0102630853652954,0.0
51.0,0.6259245872497559,-1.0073798894882202,0.0
51.0,0.63057541847229,-1.0044753551483154,0.0
51.0,0.6394974589347839,-1.0083049535751343,0.0
51.0,0.6441524028778076,-1.0053375959396362,0.0
51.0,0.6520538926124573,-1.0073856115341187,0.0
51.0,0.6588934063911438,-1.0077080726623535,0.0
51.0,0.6635453701019287,-1.0046509504318237,0.0
51.0,0.671513020992279,-1.006563663482666,0.0
51.0,0.6761595606803894,-1.003448247909546,0.0
51.0,0.6841674447059631,-1.005271553993225,0.0
51.0,0.693339467048645,-1.008690357208252,0.0
51.0,0.6979956030845642,-1.0054740905761719,0.0
51.0,0.7060811519622803,-1.00714910030365,0.0
51.0,0.7107300758361816,-1.0038739442825317,0.0
51.0,0.7200165390968323,-1.0070850849151611,0.0
51.0,0.7246649265289307,-1.003745436668396,0.0
51.0,0.7328324317932129,-1.005232572555542,0.0
51.0,0.7422147393226624,-1.008276343345642,0.0
51.0,0.7468684315681458,-1.0048340559005737,0.0
51.0,0.7551077008247375,-1.0061691999435425,0.0
51.0,0.7597514986991882,-1.0026673078536987,0.0
51.0,0.7680248022079468,-1.0039093494415283,0.0
51.0,0.7726580500602722,-1.0003477334976196,0.0
51.0,0.7834240794181824,-1.004650592803955,0.0
51.0,0.7930091023445129,-1.0073035955429077,0.0
51.0,0.7976577281951904,-1.0036264657974243,0.0
51.0,0.8060442805290222,-1.0046076774597168,0.0
51.0,0.8106803297996521,-1.0008703470230103,0.0
51.0,0.821628987789154,-1.0048531293869019,0.0
51.0,0.8262660503387451,-1.001043677330017,0.0
51.0,0.8385668992996216,-1.006432056427002,0.0
51.0,0.8470731377601624,-1.0071361064910889,0.0
51.0,0.8517204523086548,-1.0032089948654175,0.0
51.0,0.8615553379058838,-1.0053349733352661,0.0
51.0,0.8661941289901733,-1.0013409852981567,0.0
51.0,0.8760762214660645,-1.0033516883850098,0.0
51.0,0.8873175978660583,-1.006792664527893,0.0
51.0,0.8919628858566284,-1.002679467201233,0.0
51.0,0.9032701253890991,-1.0059856176376343,0.0
51.0,0.907911479473114,-1.0017987489700317,0.0
51.0,0.9192829728126526,-1.0049690008163452,0.0
51.0,0.9307030439376831,-1.0080554485321045,0.0
51.0,0.935353696346283,-1.00374174118042,0.0
51.0,0.9468355774879456,-1.0066907405853271,0.0
51.0,0.9514797925949097,-1.0023024082183838,0.0
51.0,0.9644055962562561,-1.0065574645996094,0.0
51.0,0.9690489768981934,-1.002087950706482,0.0
51.0,0.9848471283912659,-1.009047031402588,0.0
51.0,0.9895018339157104,-1.0044829845428467,0.0
51.0,1.006826400756836,-1.0126620531082153,0.0
51.0,1.025664210319519,-1.0221139192581177,0.0
51.0,1.030378818511963,-1.0173609256744385,0.0
51.0,1.0507978200912476,-1.0279709100723267,0.0
51.0,1.0555392503738403,-1.0231016874313354,0.0
51.0,1.0761258602142334,-1.0334490537643433,0.0
51.0,1.0808924436569214,-1.0284626483917236,0.0
51.0,1.1016439199447632,-1.0385454893112183,0.0
51.0,1.1210497617721558,-1.0470929145812988,0.0
51.0,1.125878930091858,-1.0418987274169922,0.0
51.0,1.146899700164795,-1.0515497922897339,0.0
51.0,1.1517491340637207,-1.0462360382080078,0.0
51.0,1.1744132041931152,-1.0569549798965454,0.0
51.0,1.179287314414978,-1.051513910293579,0.0
51.0,1.2006242275238037,-1.0606156587600708,0.0
51.0,1.223575234413147,-1.070859432220459,0.0
51.0,1.2285131216049194,-1.0651909112930298,0.0
51.0,1.2546645402908325,-1.077744483947754,0.0
51.0,1.2596338987350464,-1.071932077407837,0.0
51.0,1.2844548225402832,-1.0828553438186646,0.0
51.0,1.289447546005249,-1.0769052505493164,0.0
51.0,1.1541846990585327,-0.9549145698547363,0.0
51.0,1.1585873365402222,-0.9495680928230286,0.0
51.0,1.1629650592803955,-0.9442014098167419,0.0
51.0,1.1673181056976318,-0.9388144612312317,0.0
51.0,1.1935460567474365,-0.9508543610572815,0.0
51.0,1.1979293823242188,-0.9453259706497192,0.0
51.0,1.202287197113037,-0.9397774338722229,0.0
51.0,1.2066192626953125,-0.9342087507247925,0.0
51.0,1.2347314357757568,-0.946876049041748,0.0
51.0,1.2390960454940796,-0.941157341003418,0.0
51.0,1.2658095359802246,-0.9522511959075928,0.0
51.0,1.2942553758621216,-0.9643126726150513,0.0
51.0,1.2986998558044434,-0.9583185911178589,0.0
51.0,1.330567717552185,-0.9723649024963379,0.0
51.0,1.3350491523742676,-0.9662027955055237,0.0
51.0,1.3671373128890991,-0.9798263311386108,0.0
51.0,1.3716528415679932,-0.9734950661659241,0.0
51.0,1.4006836414337158,-0.9843928217887878,0.0
51.0,1.431485652923584,-0.9961850047111511,0.0
51.0,1.4360761642456055,-0.989556074142456,0.0
51.0,1.4637653827667236,-0.9986866116523743,0.0
51.0,1.4683669805526733,-0.9919083714485168,0.0
51.0,1.489561915397644,-0.9962276220321655,0.0
51.0,1.4941519498825073,-0.9893302321434021,0.0
51.0,1.5171092748641968,-0.9944724440574646,0.0
51.0,1.5435012578964233,-1.001600742340088,0.0
51.0,1.5481154918670654,-0.9944538474082947,0.0
51.0,1.564510703086853,-0.9947975873947144,0.0
51.0,1.5690932273864746,-0.9875536561012268,0.0
51.0,1.575339913368225,-0.981346070766449,0.0
51.0,1.574752926826477,-0.9709033966064453,0.0
51.0,1.579224944114685,-0.9636123180389404,0.0
51.0,1.5751028060913086,-0.9511314630508423,0.0
51.0,1.5794835090637207,-0.9438390135765076,0.0
51.0,1.57694411277771,-0.932454526424408,0.0
51.0,1.5812382698059082,-0.9251537919044495,0.0
51.0,1.5785751342773438,-0.9138252139091492,0.0
51.0,1.5793122053146362,-0.9045291543006897,0.0
51.0,1.5834773778915405,-0.8972177505493164,0.0
51.0,1.599820852279663,-0.8967323899269104,0.0
51.0,1.603949785232544,-0.889326274394989,0.0
51.0,1.6255801916122437,-0.8915183544158936,0.0
51.0,1.6455068588256836,-0.8925756216049194,0.0
51.0,1.649616003036499,-0.8849582672119141,0.0
51.0,1.6678239107131958,-0.8848205208778381,0.0
51.0,1.6718969345092773,-0.8771001100540161,0.0
51.0,1.688361644744873,-0.8758074045181274,0.0
51.0,1.6923928260803223,-0.8679921627044678,0.0
51.0,1.467175006866455,-0.7101390361785889,0.0
51.0,1.470442533493042,-0.7033481597900391,0.0
51.0,1.473678708076477,-0.6965422630310059,0.0
51.0,1.4768832921981812,-0.689721405506134,0.0
51.0,1.4964005947113037,-0.6904269456863403,0.0
51.0,1.4995766878128052,-0.683501124382019,0.0
51.0,1.5027207136154175,-0.6765607595443726,0.0
51.0,1.5204523801803589,-0.6761069297790527,0.0
51.0,1.5235620737075806,-0.6690700650215149,0.0
51.0,1.5394834280014038,-0.6675887703895569,0.0
51.0,1.542553424835205,-0.6604640483856201,0.0
51.0,1.5566437244415283,-0.6579973697662354,0.0
51.0,1.5652064085006714,-0.6531038880348206,0.0
51.0,1.5682092905044556,-0.6458603739738464,0.0
51.0,1.56747305393219,-0.6370969414710999,0.0
51.0,1.5704017877578735,-0.6298431158065796,0.0
51.0,1.5677179098129272,-0.6203681230545044,0.0
51.0,1.5649800300598145,-0.610931396484375,0.0
51.0,1.5677878856658936,-0.6036893725395203,0.0
51.0,1.5649532079696655,-0.5943043828010559,0.0
51.0,1.5676841735839844,-0.587062656879425,0.0
51.0,1.5666290521621704,-0.5784229636192322,0.0
51.0,1.569286584854126,-0.5711736679077148,0.0
51.0,1.5662630796432495,-0.5618861317634583,0.0
51.0,1.5650728940963745,-0.553305447101593,0.0
51.0,1.567614197731018,-0.5460636019706726,0.0
51.0,1.5663387775421143,-0.5375117659568787,0.0
51.0,1.5688071250915527,-0.5302642583847046,0.0
51.0,1.5655490159988403,-0.521110475063324,0.0
51.0,1.5641405582427979,-0.5126210451126099,0.0
51.0,1.5664938688278198,-0.5053839683532715,0.0
51.0,1.5650012493133545,-0.4969255328178406,0.0
51.0,1.56728196144104,-0.4896846413612366,0.0
51.0,1.5657057762145996,-0.4812580347061157,0.0
51.0,1.5621708631515503,-0.4722777307033539,0.0
51.0,1.5643376111984253,-0.46505019068717957,0.0
51.0,1.5626317262649536,-0.45669063925743103,0.0
51.0,1.56472647190094,-0.4494611322879791,0.0
51.0,1.5629380941390991,-0.441135436296463,0.0
51.0,1.5611063241958618,-0.43283596634864807,0.0
51.0,1.5630908012390137,-0.42561376094818115,0.0
51.0,1.5611776113510132,-0.4173494279384613,0.0
51.0,1.5630905628204346,-0.41012707352638245,0.0
51.0,1.56109619140625,-0.40189865231513977,0.0
51.0,1.562937617301941,-0.3946768343448639,0.0
51.0,1.5569802522659302,-0.3855237364768982,0.0
51.0,1.5470845699310303,-0.37549081444740295,0.0
51.0,1.5488040447235107,-0.3683340549468994,0.0
51.0,1.5407512187957764,-0.3589007556438446,0.0
51.0,1.5423940420150757,-0.3517734706401825,0.0
51.0,1.566230058670044,-0.15620256960391998,0.0
51.0,1.5669355392456055,-0.14895963668823242,0.0
51.0,1.5676075220108032,-0.14171351492404938,0.0
51.0,1.5682458877563477,-0.13446436822414398,0.0
51.0,1.5608769655227661,-0.12656578421592712,0.0
51.0,1.5614454746246338,-0.11934790760278702,0.0
51.0,1.5619806051254272,-0.11212749034166336,0.0
51.0,1.5624823570251465,-0.1049046739935875,0.0
51.0,1.5549662113189697,-0.09718061238527298,0.0
51.0,1.5553988218307495,-0.08999038487672806,0.0
51.0,1.5557982921600342,-0.08279823511838913,0.0
51.0,1.5601598024368286,-0.07579842954874039,0.0
51.0,1.5604935884475708,-0.06858441978693008,0.0
51.0,1.5707862377166748,-0.061761826276779175,0.0
51.0,1.5790503025054932,-0.054776184260845184,0.0
51.0,1.5792865753173828,-0.04747506231069565,0.0
51.0,1.589486002922058,-0.04042718559503555,0.0
51.0,1.589655876159668,-0.033077966421842575,0.0
51.0,1.5997905731201172,-0.02588985301554203,0.0
51.0,1.5998930931091309,-0.01849314756691456,0.0
51.0,1.6119612455368042,-0.011179269291460514,0.0
51.0,1.6199957132339478,-0.0037449460942298174,0.0
51.0,1.6199957132339478,0.0037449372466653585,0.0
51.0,1.6299607753753662,0.011304090730845928,0.0
51.0,1.6298911571502686,0.018839886412024498,0.0
51.0,1.6417850255966187,0.02656945027410984,0.0
51.0,1.6416445970535278,0.03415974974632263,0.0
51.0,1.651465892791748,0.0420035794377327,0.0
51.0,1.6632486581802368,0.049999043345451355,0.0
51.0,1.6629997491836548,0.05768832564353943,0.0
51.0,1.6727075576782227,0.065769262611866,0.0
51.0,1.672385573387146,0.07350210845470428,0.0
51.0,1.4375170469284058,0.23125851154327393,0.0
51.0,1.4364326000213623,0.2379022240638733,0.0
51.0,1.4353172779083252,0.24454084038734436,0.0
51.0,1.4341713190078735,0.2511742413043976,0.0
51.0,1.4435880184173584,0.26660409569740295,0.0
51.0,1.4423400163650513,0.2732754945755005,0.0
51.0,1.4410611391067505,0.27994105219841003,0.0
51.0,1.4397515058517456,0.28660061955451965,0.0
51.0,1.4521287679672241,0.2960507571697235,0.0
51.0,1.4507445096969604,0.3027613162994385,0.0
51.0,1.4630206823349,0.3123888671398163,0.0
51.0,1.4615607261657715,0.31914961338043213,0.0
51.0,1.4737331867218018,0.32895341515541077,0.0
51.0,1.4838961362838745,0.33843183517456055,0.0
51.0,1.4823155403137207,0.34528881311416626,0.0
51.0,1.494323492050171,0.35537755489349365,0.0
51.0,1.4926645755767822,0.36228257417678833,0.0
51.0,1.5103873014450073,0.3739868700504303,0.0
51.0,1.5086420774459839,0.3809659481048584,0.0
51.0,1.528169870376587,0.39342185854911804,0.0
51.0,1.526334524154663,0.4004829525947571,0.0
51.0,1.5495846271514893,0.41425028443336487,0.0
51.0,1.5708098411560059,0.42771556973457336,0.0
51.0,1.5688155889511108,0.43497341871261597,0.0
51.0,1.584110975265503,0.44711142778396606,0.0
51.0,1.5820268392562866,0.45443058013916016,0.0
51.0,1.5933467149734497,0.46566733717918396,0.0
51.0,1.5911767482757568,0.4730289876461029,0.0
51.0,1.6023738384246826,0.4844319522380829,0.0
51.0,1.6154108047485352,0.4965360760688782,0.0
51.0,1.613097906112671,0.5039994120597839,0.0
51.0,1.6260000467300415,0.5162941217422485,0.0
51.0,1.6235957145690918,0.5238062143325806,0.0
51.0,1.6344603300094604,0.5356671810150146,0.0
51.0,1.6452497243881226,0.5476397275924683,0.0
51.0,1.6427001953125,0.5552404522895813,0.0
51.0,1.651465892791748,0.5667243599891663,0.0
51.0,1.6488280296325684,0.5743536353111267,0.0
51.0,1.659354329109192,0.5866370797157288,0.0
51.0,1.656624436378479,0.5943025946617126,0.0
51.0,1.4264533519744873,0.5191866159439087,0.0
51.0,1.4240378141403198,0.5257760882377625,0.0
51.0,1.4365755319595337,0.5379654169082642,0.0
51.0,1.4340729713439941,0.5446015000343323,0.0
51.0,1.4464709758758545,0.5569753050804138,0.0
51.0,1.4438804388046265,0.5636569261550903,0.0
51.0,1.4561365842819214,0.5762137770652771,0.0
51.0,1.4534568786621094,0.582939863204956,0.0
51.0,1.467421531677246,0.5964311361312866,0.0
51.0,1.4812920093536377,0.6100638508796692,0.0
51.0,1.478455662727356,0.616905927658081,0.0
51.0,1.4903250932693481,0.6299643516540527,0.0
51.0,1.4873965978622437,0.6368479132652283,0.0
51.0,1.5009504556655884,0.6508792042732239,0.0
51.0,1.4979251623153687,0.65781170129776,0.0
51.0,1.5149699449539185,0.6736689805984497,0.0
51.0,1.528252363204956,0.688055694103241,0.0
51.0,1.525054931640625,0.695114016532898,0.0
51.0,1.5290889739990234,0.7055090665817261,0.0
51.0,1.525810718536377,0.7125710844993591,0.0
51.0,1.5279245376586914,0.7221818566322327,0.0
51.0,1.5245693922042847,0.7292382717132568,0.0
51.0,1.52658212184906,0.7388931512832642,0.0
51.0,1.530334234237671,0.7494617700576782,0.0
51.0,1.5268528461456299,0.7565290927886963,0.0
51.0,1.528702735900879,0.7662689089775085,0.0
51.0,1.5251436233520508,0.7733284831047058,0.0
51.0,1.5251110792160034,0.7821969389915466,0.0
51.0,1.5268045663833618,0.7920025587081909,0.0
51.0,1.523126482963562,0.7990530729293823,0.0
51.0,1.5264829397201538,0.8098357319831848,0.0
51.0,1.5227224826812744,0.8168845772743225,0.0
51.0,1.5242034196853638,0.8267767429351807,0.0
51.0,1.5203646421432495,0.8338148593902588,0.0
51.0,1.5199916362762451,0.8427748680114746,0.0
51.0,1.517823576927185,0.8507711887359619,0.0
51.0,1.5138739347457886,0.8577795624732971,0.0
51.0,1.508156418800354,0.8637756705284119,0.0
51.0,1.504146695137024,0.8707391619682312,0.0
51.0,1.4793899059295654,0.8655641674995422,0.0
51.0,1.256911277770996,1.1207274198532104,0.0
51.0,1.2517163753509521,1.1265265941619873,0.0
51.0,1.2464946508407593,1.1323018074035645,0.0
51.0,1.241246223449707,1.1380527019500732,0.0
51.0,1.2271639108657837,1.1356288194656372,0.0
51.0,1.2219003438949585,1.141290307044983,0.0
51.0,1.2166106700897217,1.1469274759292603,0.0
51.0,1.2112950086593628,1.1525399684906006,0.0
51.0,1.1987407207489014,1.1512012481689453,0.0
51.0,1.1905333995819092,1.1539472341537476,0.0
51.0,1.185185432434082,1.159439206123352,0.0
51.0,1.1755427122116089,1.1606907844543457,0.0
51.0,1.170163869857788,1.1661133766174316,0.0
51.0,1.1548892259597778,1.1615829467773438,0.0
51.0,1.14669930934906,1.164060354232788,0.0
51.0,1.1413050889968872,1.1693495512008667,0.0
51.0,0.9891964793205261,1.293009877204895,0.0
51.0,0.9832078218460083,1.2975693941116333,0.0
51.0,0.9771981835365295,1.3021012544631958,0.0
51.0,0.9711676239967346,1.306605339050293,0.0
51.0,0.9496188759803772,1.3026005029678345,0.0
51.0,0.9435863494873047,1.3069769144058228,0.0
51.0,0.9375336170196533,1.3113255500793457,0.0
51.0,0.9314608573913574,1.3156460523605347,0.0
51.0,0.9196276664733887,1.3117502927780151,0.0
51.0,0.9135531187057495,1.3159880638122559,0.0
51.0,0.9040603041648865,1.3152531385421753,0.0
51.0,0.8968445062637329,1.317765474319458,0.0
51.0,0.8907423615455627,1.3218978643417358,0.0
51.0,0.8835113048553467,1.3243381977081299,0.0
51.0,0.8773789405822754,1.3284088373184204,0.0
51.0,0.8701333403587341,1.3307772874832153,0.0
51.0,0.8639713525772095,1.3347859382629395,0.0
51.0,0.8567119836807251,1.3370821475982666,0.0
51.0,0.8505209684371948,1.3410288095474243,0.0
51.0,0.8443118333816528,1.3449467420578003,0.0
51.0,0.8380845785140991,1.3488359451293945,0.0
51.0,0.8318394422531128,1.3526962995529175,0.0
51.0,0.8255765438079834,1.3565278053283691,0.0
51.0,0.8182640671730042,1.358616828918457,0.0
51.0,0.8119739294052124,1.3623855113983154,0.0
51.0,0.8046504855155945,1.3644022941589355,0.0
51.0,0.7983337640762329,1.3681079149246216,0.0
51.0,0.7919999361038208,1.3717842102050781,0.0
51.0,0.7856492400169373,1.3754312992095947,0.0
51.0,0.7792816758155823,1.3790489435195923,0.0
51.0,0.7728975415229797,1.3826371431350708,0.0
51.0,0.7664967775344849,1.3861957788467407,0.0
51.0,0.7610393762588501,1.3914793729782104,0.0
51.0,0.7545979619026184,1.3949830532073975,0.0
51.0,0.7481403350830078,1.3984569311141968,0.0
51.0,0.7416667342185974,1.4019010066986084,0.0
51.0,0.7351773381233215,1.4053149223327637,0.0
51.0,0.7286721467971802,1.4086989164352417,0.0
51.0,0.7221514582633972,1.412052869796753,0.0
51.0,0.48369458317756653,0.9566732048988342,0.0
51.0,0.47926637530326843,0.9588992595672607,0.0
51.0,0.4748278856277466,0.9611048698425293,0.0
51.0,0.46423622965812683,0.9507095813751221,0.0
51.0,0.45983579754829407,0.9528457522392273,0.0
51.0,0.45370370149612427,0.9513511657714844,0.0
51.0,0.4493004083633423,0.9534386396408081,0.0
51.0,0.443199098110199,0.9518794417381287,0.0
51.0,0.4371218979358673,0.9502844214439392,0.0
51.0,0.4327237010002136,0.9522952437400818,0.0
51.0,0.4274972975254059,0.9524610638618469,0.0
51.0,0.4230891466140747,0.9544273614883423,0.0
51.0,0.4162657856941223,0.9508768320083618,0.0
51.0,0.41027793288230896,0.9491196274757385,0.0
51.0,0.4058854281902313,0.9510063529014587,0.0
51.0,0.4007076323032379,0.9510295987129211,0.0
51.0,0.3963063955307007,0.9528720378875732,0.0
51.0,0.3903777003288269,0.9509938359260559,0.0
51.0,0.38597673177719116,0.9527885317802429,0.0
51.0,0.3800828456878662,0.9508486390113831,0.0
51.0,0.3749488592147827,0.9507350921630859,0.0
51.0,0.3705492615699768,0.9524585008621216,0.0
51.0,0.3654251992702484,0.9522942900657654,0.0
51.0,0.35960274934768677,0.9502325654029846,0.0
51.0,0.35520562529563904,0.9518849849700928,0.0
51.0,0.3494197726249695,0.9497630000114441,0.0
51.0,0.3450249433517456,0.9513683319091797,0.0
51.0,0.3399495482444763,0.9510700702667236,0.0
51.0,0.3355487883090973,0.9526315927505493,0.0
51.0,0.3298293948173523,0.9503939747810364,0.0
51.0,0.3241378664970398,0.9481237530708313,0.0
51.0,0.3197508454322815,0.9496122002601624,0.0
51.0,0.31409814953804016,0.9472836852073669,0.0
51.0,0.3097151219844818,0.9487257599830627,0.0
51.0,0.304713636636734,0.9482434391975403,0.0
51.0,0.29972323775291443,0.9477351903915405,0.0
51.0,0.29533830285072327,0.9491108059883118,0.0
51.0,0.2903616428375244,0.9485536813735962,0.0
51.0,0.2859730124473572,0.9498860239982605,0.0
51.0,0.28101059794425964,0.9492802619934082,0.0
51.0,0.27661871910095215,0.9505693912506104,0.0
51.0,0.27167096734046936,0.9499151706695557,0.0
51.0,0.2661941647529602,0.9473102688789368,0.0
51.0,0.2618115544319153,0.9485308527946472,0.0
51.0,0.2569001317024231,0.9478007555007935,0.0
51.0,0.2520010471343994,0.9470456838607788,0.0
51.0,0.24761982262134552,0.9482006430625916,0.0
51.0,0.24224050343036652,0.9454604983329773,0.0
51.0,0.23786669969558716,0.9465703368186951,0.0
51.0,0.2334877997636795,0.947659969329834,0.0
51.0,0.2291039228439331,0.948729395866394,0.0
51.0,0.22425465285778046,0.9478321671485901,0.0
51.0,0.21896712481975555,0.9449621438980103,0.0
51.0,0.21459588408470154,0.9459643959999084,0.0
51.0,0.20978659391403198,0.9449939727783203,0.0
51.0,0.2054152935743332,0.9459537863731384,0.0
51.0,0.20103959739208221,0.9468933939933777,0.0
51.0,0.19625328481197357,0.9458544850349426,0.0
51.0,0.19187815487384796,0.9467517137527466,0.0
51.0,0.18711072206497192,0.9456667304039001,0.0
51.0,0.18273654580116272,0.9465216994285583,0.0
51.0,0.1779884397983551,0.9453909993171692,0.0
51.0,0.17325468361377716,0.9442366361618042,0.0
51.0,0.16888727247714996,0.9450275301933289,0.0
51.0,0.16417351365089417,0.9438278675079346,0.0
51.0,0.15980809926986694,0.9445767998695374,0.0
51.0,0.15543925762176514,0.945305585861206,0.0
51.0,0.1510670930147171,0.9460141062736511,0.0
51.0,0.14638546109199524,0.9447259902954102,0.0
51.0,0.14201606810092926,0.9453927278518677,0.0
51.0,0.13764365017414093,0.9460391998291016,0.0
51.0,0.13298949599266052,0.9446850419044495,0.0
51.0,0.1286204308271408,0.9452897906303406,0.0
51.0,0.12424863874912262,0.9458743333816528,0.0
51.0,0.11962287127971649,0.944454550743103,0.0
51.0,0.11525502800941467,0.9449975490570068,0.0
51.0,0.11065176874399185,0.9435338973999023,0.0
51.0,0.10628827661275864,0.9440353512763977,0.0
51.0,0.10170794278383255,0.942528247833252,0.0
51.0,0.09734919667243958,0.942988395690918,0.0
51.0,0.09298837184906006,0.9434283971786499,0.0
51.0,0.08843857795000076,0.9418569803237915,0.0
51.0,0.08408308029174805,0.9422557950019836,0.0
51.0,0.07972577959299088,0.9426344633102417,0.0
51.0,0.0753667801618576,0.9429929852485657,0.0
51.0,0.0710061639547348,0.9433313608169556,0.0
51.0,0.0665031373500824,0.9416545629501343,0.0
51.0,0.0621488057076931,0.9419519901275635,0.0
51.0,0.05779314786195755,0.9422292709350586,0.0
51.0,0.05343625321984291,0.9424864053726196,0.0
51.0,0.049078214913606644,0.9427233338356018,0.0
51.0,0.04471912980079651,0.9429401755332947,0.0
51.0,0.04035909101366997,0.9431368708610535,0.0
51.0,0.035998184233903885,0.9433133602142334,0.0
51.0,0.03163651004433632,0.943469762802124,0.0
51.0,0.02721637673676014,0.9416067004203796,0.0
51.0,0.022862685844302177,0.9417225122451782,0.0
51.0,0.018508508801460266,0.941818118095398,0.0
51.0,0.014153935015201569,0.9418936371803284,0.0
51.0,0.009799058549106121,0.9419490098953247,0.0
51.0,0.005443972535431385,0.941984236240387,0.0
51.0,0.0010887705720961094,0.9419993162155151,0.0
51.0,-0.0032664549071341753,0.941994309425354,0.0
51.0,-0.007621610537171364,0.9419691562652588,0.0
51.0,-0.011976603418588638,0.9419238567352295,0.0
51.0,-0.01633133925497532,0.9418584108352661,0.0
51.0,-0.020685726776719093,0.9417728185653687,0.0
51.0,-0.0250396728515625,0.9416671395301819,0.0
51.0,-0.029330678284168243,0.939542293548584,0.0
51.0,-0.0336742177605629,0.9393966197967529,0.0
51.0,-0.03809792548418045,0.9412292242050171,0.0
51.0,-0.04244917258620262,0.9410430192947388,0.0
51.0,-0.04679951071739197,0.9408367276191711,0.0
51.0,-0.05114884674549103,0.9406102895736694,0.0
51.0,-0.05549709498882294,0.9403637647628784,0.0
51.0,-0.05984415113925934,0.9400971531867981,0.0
51.0,-0.06418993324041367,0.9398103952407837,0.0
51.0,-0.06867984682321548,0.941498339176178,0.0
51.0,-0.07303201407194138,0.9411707520484924,0.0
51.0,-0.07738261669874191,0.9408230185508728,0.0
51.0,-0.08173156529664993,0.9404551982879639,0.0
51.0,-0.08607876300811768,0.9400672912597656,0.0
51.0,-0.09042412787675858,0.9396592378616333,0.0
51.0,-0.09476755559444427,0.9392311573028564,0.0
51.0,-0.09910895675420761,0.9387829303741455,0.0
51.0,-0.10366740822792053,0.9403026103973389,0.0
51.0,-0.10801366716623306,0.9398132562637329,0.0
51.0,-0.11235762387514114,0.9393038749694824,0.0
51.0,-0.11669917404651642,0.9387743473052979,0.0
51.0,-0.12103822827339172,0.9382247924804688,0.0
51.0,-0.1253746896982193,0.9376551508903503,0.0
51.0,-0.12998270988464355,0.9390466213226318,0.0
51.0,-0.1343228816986084,0.9384356141090393,0.0
51.0,-0.13895271718502045,0.9397830367088318,0.0
51.0,-0.14359788596630096,0.9411076903343201,0.0
51.0,-0.14794743061065674,0.9404337406158447,0.0
51.0,-0.1522938311100006,0.9397396445274353,0.0
51.0,-0.15663696825504303,0.9390255212783813,0.0
51.0,-0.16063857078552246,0.9363200664520264,0.0
51.0,-0.16600769758224487,0.9414761662483215,0.0
51.0,-0.17035871744155884,0.9406986236572266,0.0
51.0,-0.1750715970993042,0.9418672919273376,0.0
51.0,-0.17942433059215546,0.9410477876663208,0.0
51.0,-0.1837732195854187,0.9402081966400146,0.0
51.0,-0.188510924577713,0.9413095116615295,0.0
51.0,-0.1928609311580658,0.9404278993606567,0.0
51.0,-0.19720681011676788,0.9395262002944946,0.0
51.0,-0.2015484869480133,0.9386043548583984,0.0
51.0,-0.2058858424425125,0.9376624822616577,0.0
51.0,-0.21021881699562073,0.9367005825042725,0.0
51.0,-0.21499426662921906,0.9376680850982666,0.0
51.0,-0.21978312730789185,0.9386113882064819,0.0
51.0,-0.2241203337907791,0.9375852346420288,0.0
51.0,-0.22892671823501587,0.9384820461273193,0.0
51.0,-0.23326322436332703,0.9374136328697205,0.0
51.0,-0.23808665573596954,0.9382636547088623,0.0
51.0,-0.24292293190956116,0.9390891790390015,0.0
51.0,-0.24726209044456482,0.9379560351371765,0.0
51.0,-0.2521147131919861,0.9387343525886536,0.0
51.0,-0.25645214319229126,0.9375587105751038,0.0
51.0,-0.26132068037986755,0.9382896423339844,0.0
51.0,-0.2656559348106384,0.9370714426040649,0.0
51.0,-0.27053990960121155,0.9377548694610596,0.0
51.0,-0.2754358649253845,0.9384130239486694,0.0
51.0,-0.2797715663909912,0.937129557132721,0.0
51.0,-0.2852632403373718,0.9396535754203796,0.0
51.0,-0.2896045744419098,0.9383246898651123,0.0
51.0,-0.29453834891319275,0.9388840198516846,0.0
51.0,-0.298876017332077,0.937512218952179,0.0
51.0,-0.30320730805397034,0.9361203908920288,0.0
51.0,-0.30815714597702026,0.9366083145141602,0.0
51.0,-0.31248414516448975,0.9351736307144165,0.0
51.0,-0.31808966398239136,0.9375067949295044,0.0
51.0,-0.32242071628570557,0.9360260963439941,0.0
51.0,-0.3274049460887909,0.9364133477210999,0.0
51.0,-0.3323996663093567,0.936774492263794,0.0
51.0,-0.33672717213630676,0.9352276921272278,0.0
51.0,-0.3417336642742157,0.9355394840240479,0.0
51.0,-0.34605535864830017,0.9339494705200195,0.0
51.0,-0.3510732352733612,0.934211790561676,0.0
51.0,-0.35538870096206665,0.9325786232948303,0.0
51.0,-0.3611381947994232,0.9346566796302795,0.0
51.0,-0.3661850392818451,0.9348392486572266,0.0
51.0,-0.3705032467842102,0.9331362247467041,0.0
51.0,-0.37630683183670044,0.9351241588592529,0.0
51.0,-0.38062623143196106,0.9333743453025818,0.0
51.0,-0.3872288167476654,0.9371499419212341,0.0
51.0,-0.39232975244522095,0.9371944665908813,0.0
51.0,-0.3966585695743561,0.9353705644607544,0.0
51.0,-0.40255752205848694,0.9372019171714783,0.0
51.0,-0.4068862497806549,0.9353306889533997,0.0
51.0,-0.41201257705688477,0.9352697730064392,0.0
51.0,-0.41714704036712646,0.9351814985275269,0.0
51.0,-0.42146629095077515,0.9332428574562073,0.0
51.0,-0.4266080856323242,0.9331032037734985,0.0
51.0,-0.4309176206588745,0.9311208724975586,0.0
51.0,-0.4369146525859833,0.9327408671379089,0.0
51.0,-0.4412223994731903,0.9307108521461487,0.0
51.0,-0.4472509026527405,0.9322674870491028,0.0
51.0,-0.45330315828323364,0.9337881207466125,0.0
51.0,-0.45761555433273315,0.9316823482513428,0.0
51.0,-0.46369826793670654,0.9331387877464294,0.0
51.0,-0.46800753474235535,0.9309849739074707,0.0
51.0,-0.4750264286994934,0.9341594576835632,0.0
51.0,-0.4793403148651123,0.9319532513618469,0.0
51.0,-0.48548996448516846,0.9332757592201233,0.0
51.0,-0.4916619658470154,0.9345611333847046,0.0
51.0,-0.4959775507450104,0.9322779774665833,0.0
51.0,-0.5021774768829346,0.9334975481033325,0.0
51.0,-0.506488025188446,0.9311658143997192,0.0
51.0,-1.1033830642700195,1.963173508644104,0.0
51.0,-1.112447738647461,1.9580512046813965,0.0
51.0,-1.1214886903762817,1.952886939048767,0.0
51.0,-1.1305055618286133,1.9476810693740845,0.0
51.0,-1.143546223640442,1.949333667755127,0.0
51.0,-1.1525465250015259,1.9440258741378784,0.0
51.0,-1.1656336784362793,1.945538878440857,0.0
51.0,-1.1787595748901367,1.9469724893569946,0.0
51.0,-1.1877485513687134,1.9415018558502197,0.0
51.0,-1.203021764755249,1.9461971521377563,0.0
51.0,-1.2120068073272705,1.9406143426895142,0.0
51.0,-1.2273696660995483,1.9451384544372559,0.0
51.0,-1.242800235748291,1.9495619535446167,0.0
51.0,-1.251800537109375,1.9437952041625977,0.0
51.0,-1.267317771911621,1.9480454921722412,0.0
51.0,-1.276310682296753,1.9421653747558594,0.0
51.0,-1.2919130325317383,1.9462416172027588,0.0
51.0,-1.3008973598480225,1.940247893333435,0.0
51.0,-1.3143398761749268,1.9408366680145264,0.0
51.0,-1.3300734758377075,1.9446439743041992,0.0
51.0,-1.3390501737594604,1.9384738206863403,0.0
51.0,-1.3548640012741089,1.9421039819717407,0.0
51.0,-1.3638285398483276,1.935819149017334,0.0
51.0,-1.379720687866211,1.9392708539962769,0.0
51.0,-1.3956735134124756,1.942616581916809,0.0
51.0,-1.4046399593353271,1.936143159866333,0.0
51.0,-1.4230319261550903,1.9425355195999146,0.0
51.0,-1.4319977760314941,1.9359354972839355,0.0
51.0,-1.4481137990951538,1.9389086961746216,0.0
51.0,-1.4642876386642456,1.941773772239685,0.0
51.0,-1.4732495546340942,1.9349831342697144,0.0
51.0,-1.4894933700561523,1.9376649856567383,0.0
51.0,-1.4984359741210938,1.930757761001587,0.0
51.0,-1.5172146558761597,1.9364038705825806,0.0
51.0,-1.526151180267334,1.929368495941162,0.0
51.0,-1.5325590372085571,1.9191663265228271,0.0
51.0,-1.523842453956604,1.8902614116668701,0.0
51.0,-1.5325655937194824,1.8831958770751953,0.0
51.0,-1.526021122932434,1.8575456142425537,0.0
51.0,-1.5345929861068726,1.8504704236984253,0.0
51.0,-1.5251586437225342,1.8218854665756226,0.0
51.0,-1.5180751085281372,1.7964832782745361,0.0
51.0,-1.5263646841049194,1.789445400238037,0.0
51.0,-1.5215721130371094,1.767213225364685,0.0
51.0,-1.5297263860702515,1.7601594924926758,0.0
51.0,-1.5193830728530884,1.732019305229187,0.0
51.0,-1.5273746252059937,1.7249760627746582,0.0
51.0,-1.5220059156417847,1.7029837369918823,0.0
51.0,-1.5164668560028076,1.6810781955718994,0.0
51.0,-1.5242228507995605,1.6740490198135376,0.0
51.0,-1.5157066583633423,1.649312973022461,0.0
51.0,-1.5233159065246582,1.6422876119613647,0.0
51.0,-1.517223834991455,1.6206270456314087,0.0
51.0,-1.5109643936157227,1.5990581512451172,0.0
51.0,-1.518341302871704,1.592055320739746,0.0
51.0,-1.5118157863616943,1.570609211921692,0.0
51.0,-1.5190612077713013,1.5636026859283447,0.0
51.0,-1.5094709396362305,1.5394262075424194,0.0
51.0,-1.502503752708435,1.5182154178619385,0.0
51.0,-1.5095069408416748,1.511252522468567,0.0
51.0,-1.505118489265442,1.4929895401000977,0.0
51.0,-1.512005090713501,1.4860148429870605,0.0
51.0,-1.5073963403701782,1.4678462743759155,0.0
51.0,-1.4997735023498535,1.446974754333496,0.0
51.0,-1.5064473152160645,1.4400253295898438,0.0
51.0,-1.498567819595337,1.4192920923233032,0.0
51.0,-1.5051137208938599,1.4123485088348389,0.0
51.0,-1.5013742446899414,1.3958420753479004,0.0
51.0,-1.49604332447052,1.378045678138733,0.0
51.0,-1.5023986101150513,1.3711141347885132,0.0
51.0,-1.4968537092208862,1.3534225225448608,0.0
51.0,-1.503095030784607,1.3464876413345337,0.0
51.0,-1.498833417892456,1.3302308320999146,0.0
51.0,-1.4929519891738892,1.312721848487854,0.0
51.0,-1.4990051984786987,1.3058053255081177,0.0
51.0,-1.4944275617599487,1.289713978767395,0.0
51.0,-1.500374436378479,1.2827908992767334,0.0
51.0,-1.4956063032150269,1.2667919397354126,0.0
51.0,-1.5014472007751465,1.2598636150360107,0.0
51.0,-1.4964898824691772,1.2439590692520142,0.0
51.0,-1.4914177656173706,1.2281274795532227,0.0
51.0,-1.4970799684524536,1.2212189435958862,0.0
51.0,-1.4918208122253418,1.205485224723816,0.0
51.0,-1.4973783493041992,1.1985750198364258,0.0
51.0,-1.4919337034225464,1.182941198348999,0.0
51.0,-1.4879496097564697,1.1686187982559204,0.0
51.0,-1.4933366775512695,1.161726951599121,0.0
51.0,-1.4876021146774292,1.1462652683258057,0.0
51.0,-1.483346700668335,1.1320949792861938,0.0
51.0,-1.4885648488998413,1.1252247095108032,0.0
51.0,-1.482544183731079,1.1099400520324707,0.0
51.0,-1.4876599311828613,1.1030738353729248,0.0
51.0,-1.4830718040466309,1.0890812873840332,0.0
51.0,-1.488091230392456,1.0822129249572754,0.0
51.0,-1.4849642515182495,1.0694772005081177,0.0
51.0,-1.4801230430603027,1.0556323528289795,0.0
51.0,-1.4849878549575806,1.0487778186798096,0.0
51.0,-1.4799870252609253,1.035023808479309,0.0
51.0,-1.484756588935852,1.0281702280044556,0.0
51.0,-1.481246829032898,1.0156396627426147,0.0
51.0,-1.4776531457901,1.0031635761260986,0.0
51.0,-1.482275366783142,0.9963211417198181,0.0
51.0,-1.4768757820129395,0.98280930519104,0.0
51.0,-1.4814038276672363,0.9759706854820251,0.0
51.0,-1.4775242805480957,0.9636483192443848,0.0
51.0,-1.481963872909546,0.9568068385124207,0.0
51.0,-1.4779454469680786,0.9445596933364868,0.0
51.0,-1.4738457202911377,0.9323703646659851,0.0
51.0,-1.4781407117843628,0.9255462884902954,0.0
51.0,-1.473904013633728,0.913434624671936,0.0
51.0,-1.4695872068405151,0.9013820290565491,0.0
51.0,-1.4737389087677002,0.8945779204368591,0.0
51.0,-1.4710012674331665,0.8836352229118347,0.0
51.0,-1.4750709533691406,0.8768247961997986,0.0
51.0,-1.470489501953125,0.8649256825447083,0.0
51.0,-1.4744726419448853,0.8581178188323975,0.0
51.0,-1.4714914560317993,0.8472996354103088,0.0
51.0,-1.4684420824050903,0.8365274667739868,0.0
51.0,-1.4722938537597656,0.8297293782234192,0.0
51.0,-1.46912682056427,0.8190180659294128,0.0
51.0,-1.4728976488113403,0.8122169971466064,0.0
51.0,-1.4696139097213745,0.8015679121017456,0.0
51.0,-1.4645030498504639,0.7900170683860779,0.0
51.0,-1.468139886856079,0.7832376956939697,0.0
51.0,-1.4646697044372559,0.7727086544036865,0.0
51.0,-1.4682265520095825,0.7659286856651306,0.0
51.0,-1.4646421670913696,0.755465030670166,0.0
51.0,-1.4681192636489868,0.748685359954834,0.0
51.0,-1.4662073850631714,0.7391886115074158,0.0
51.0,-1.462449073791504,0.7288335561752319,0.0
51.0,-1.4658031463623047,0.7220643162727356,0.0
51.0,-1.4637314081192017,0.7126532196998596,0.0
51.0,-1.4598016738891602,0.7024095058441162,0.0
51.0,-1.4630335569381714,0.6956527829170227,0.0
51.0,-1.4589935541152954,0.6854793429374695,0.0
51.0,-1.4621471166610718,0.6787264943122864,0.0
51.0,-1.4598156213760376,0.6694580912590027,0.0
51.0,-1.462895154953003,0.6627016663551331,0.0
51.0,-1.460466742515564,0.653480589389801,0.0
51.0,-1.457984447479248,0.6442961096763611,0.0
51.0,-1.4609476327896118,0.6375483870506287,0.0
51.0,-1.4565327167510986,0.6276212334632874,0.0
51.0,-1.4594188928604126,0.6208804845809937,0.0
51.0,-1.4567419290542603,0.6118031144142151,0.0
51.0,-1.4558597803115845,0.603529691696167,0.0
51.0,-1.458634614944458,0.5967922806739807,0.0
51.0,-1.4539600610733032,0.5870469212532043,0.0
51.0,-1.4566586017608643,0.5803184509277344,0.0
51.0,-1.4537420272827148,0.5713827610015869,0.0
51.0,-1.4526386260986328,0.5632094740867615,0.0
51.0,-1.455227017402649,0.5564873814582825,0.0
51.0,-1.4521703720092773,0.5476362705230713,0.0
51.0,-1.4546867609024048,0.5409165024757385,0.0
51.0,-1.4515385627746582,0.5321199893951416,0.0
51.0,-1.4539833068847656,0.5254032611846924,0.0
51.0,-1.4526287317276,0.5173333883285522,0.0
51.0,-1.4493435621261597,0.5086249709129333,0.0
51.0,-1.4516795873641968,0.5019186735153198,0.0
51.0,-1.4501981735229492,0.49391207098960876,0.0
51.0,-1.4467778205871582,0.4852938950061798,0.0
51.0,-1.4490059614181519,0.4785997271537781,0.0
51.0,-1.4473992586135864,0.4706583619117737,0.0
51.0,-1.4495598077774048,0.4639614522457123,0.0
51.0,-1.4459666013717651,0.4554520845413208,0.0
51.0,-1.448056936264038,0.4487619698047638,0.0
51.0,-1.4462900161743164,0.44089585542678833,0.0
51.0,-1.4444814920425415,0.43305572867393494,0.0
51.0,-1.4464682340621948,0.4263727366924286,0.0
51.0,-1.4445819854736328,0.41856738924980164,0.0
51.0,-1.4465017318725586,0.411884069442749,0.0
51.0,-1.4445385932922363,0.40411433577537537,0.0
51.0,-1.4425344467163086,0.3963715732097626,0.0
51.0,-1.4443516731262207,0.38969796895980835,0.0
51.0,-1.4422712326049805,0.3819918930530548,0.0
51.0,-1.4440218210220337,0.3753196597099304,0.0
51.0,-1.4418656826019287,0.367651104927063,0.0
51.0,-1.4435501098632812,0.3609808683395386,0.0
51.0,-1.4413186311721802,0.35335052013397217,0.0
51.0,-1.4409922361373901,0.34621575474739075,0.0
51.0,-1.4425774812698364,0.33954980969429016,0.0
51.0,-1.4421831369400024,0.33242738246917725,0.0
51.0,-1.443704605102539,0.32575610280036926,0.0
51.0,-1.4412893056869507,0.31821542978286743,0.0
51.0,-1.436880350112915,0.31028199195861816,0.0
51.0,-1.438299536705017,0.3036354184150696,0.0
51.0,-1.4377292394638062,0.2965783476829529,0.0
51.0,-1.4390851259231567,0.28992801904678345,0.0
51.0,-1.4364852905273438,0.28249961137771606,0.0
51.0,-1.4358118772506714,0.275478333234787,0.0
51.0,-1.4370701313018799,0.2688370943069458,0.0
51.0,-1.4363301992416382,0.26183146238327026,0.0
51.0,-1.4375253915786743,0.2551879584789276,0.0
51.0,-1.4367189407348633,0.24819853901863098,0.0
51.0,-1.437851071357727,0.241553395986557,0.0
51.0,-1.4350048303604126,0.23425865173339844,0.0
51.0,-1.4340972900390625,0.2273084968328476,0.0
51.0,-1.4351328611373901,0.22067570686340332,0.0
51.0,-1.4341596364974976,0.21374337375164032,0.0
51.0,-1.4351325035095215,0.2071104347705841,0.0
51.0,-1.4340938329696655,0.2001965492963791,0.0
51.0,-1.433022141456604,0.19329670071601868,0.0
51.0,-1.4339004755020142,0.1866692453622818,0.0
51.0,-1.4307793378829956,0.1795397698879242,0.0
51.0,-1.4315941333770752,0.17292281985282898,0.0
51.0,-1.4303916692733765,0.16607153415679932,0.0
51.0,-1.4311442375183105,0.1594565212726593,0.0
51.0,-1.43186616897583,0.1528381109237671,0.0
51.0,-1.4285781383514404,0.14581026136875153,0.0
51.0,-1.4292370080947876,0.13920384645462036,0.0
51.0,-1.4298652410507202,0.13259446620941162,0.0
51.0,-1.4284707307815552,0.1258067935705185,0.0
51.0,-1.429037094116211,0.11920109391212463,0.0
51.0,-1.4255852699279785,0.1122787743806839,0.0
51.0,-1.4260891675949097,0.10568656772375107,0.0
51.0,-1.4265625476837158,0.09909209609031677,0.0
51.0,-1.427005410194397,0.09249550849199295,0.0
51.0,-1.4274177551269531,0.08589693903923035,0.0
51.0,-1.4277997016906738,0.0792965367436409,0.0
51.0,-1.42815101146698,0.07269444316625595,0.0
51.0,-1.424476146697998,0.06590592116117477,0.0
51.0,-1.424765706062317,0.05931933596730232,0.0
51.0,-1.4230260848999023,0.05265752226114273,0.0
51.0,-1.423254370689392,0.04607778042554855,0.0
51.0,-1.4234521389007568,0.039497051388025284,0.0
51.0,-1.4236195087432861,0.03291548043489456,0.0
51.0,-1.42375648021698,0.02633320540189743,0.0
51.0,-1.421863317489624,0.019722629338502884,0.0
51.0,-1.4219392538070679,0.013148615136742592,0.0
51.0,-1.4219849109649658,0.006574319209903479,0.0
52.0,-1.4199999570846558,1.2414034245011862e-07,0.0
52.0,-1.4199848175048828,-0.006565064657479525,0.0
52.0,-1.4199392795562744,-0.013130112551152706,0.0
52.0,-1.4198633432388306,-0.01969487965106964,0.0
52.0,-1.4197571277618408,-0.026259226724505424,0.0
52.0,-1.4196205139160156,-0.03282301127910614,0.0
52.0,-1.4194536209106445,-0.039386097341775894,0.0
52.0,-1.4312502145767212,-0.04633663594722748,0.0
52.0,-1.4310206174850464,-0.05295334383845329,0.0
52.0,-1.4287621974945068,-0.05948571860790253,0.0
52.0,-1.420480489730835,-0.0657210499048233,0.0
52.0,-1.420161485671997,-0.07228775322437286,0.0
52.0,-1.4218089580535889,-0.07896382361650467,0.0
52.0,-1.4214286804199219,-0.08553653210401535,0.0
52.0,-1.4190223217010498,-0.0919780507683754,0.0
52.0,-1.4185818433761597,-0.09853773564100266,0.0
52.0,-1.4181110858917236,-0.10509531199932098,0.0
52.0,-1.4176100492477417,-0.11165064573287964,0.0
52.0,-1.4170787334442139,-0.11820358783006668,0.0
52.0,-1.4165170192718506,-0.12475401163101196,0.0
52.0,-1.415925145149231,-0.13130176067352295,0.0
52.0,-1.4153029918670654,-0.1378467082977295,0.0
52.0,-1.4166401624679565,-0.1445917785167694,0.0
52.0,-1.4159564971923828,-0.15113988518714905,0.0
52.0,-1.4152425527572632,-0.15768477320671082,0.0
52.0,-1.4144984483718872,-0.16422627866268158,0.0
52.0,-1.4157096147537231,-0.17100411653518677,0.0
52.0,-1.4149038791656494,-0.1775476336479187,0.0
52.0,-1.4140678644180298,-0.1840873658657074,0.0
52.0,-1.4132015705108643,-0.19062316417694092,0.0
52.0,-1.4142858982086182,-0.19743138551712036,0.0
52.0,-1.4153375625610352,-0.20425371825695038,0.0
52.0,-1.414378046989441,-0.21079516410827637,0.0
52.0,-1.415365219116211,-0.2176360934972763,0.0
52.0,-1.4143438339233398,-0.2241775244474411,0.0
52.0,-1.4152661561965942,-0.23103637993335724,0.0
52.0,-1.4141827821731567,-0.23757721483707428,0.0
52.0,-1.4130693674087524,-0.24411296844482422,0.0
52.0,-1.413894772529602,-0.2509930729866028,0.0
52.0,-1.4127192497253418,-0.25752735137939453,0.0
52.0,-1.4134793281555176,-0.2644239068031311,0.0
52.0,-1.4142060279846191,-0.2713329792022705,0.0
52.0,-1.4129364490509033,-0.27786847949028015,0.0
52.0,-1.4116365909576416,-0.28439804911613464,0.0
52.0,-1.410306692123413,-0.29092150926589966,0.0
52.0,-1.4128602743148804,-0.2982649803161621,0.0
52.0,-1.411466121673584,-0.30479398369789124,0.0
52.0,-1.4100419282913208,-0.31131646037101746,0.0
52.0,-1.4105384349822998,-0.31827250123023987,0.0
52.0,-1.409051775932312,-0.3247905373573303,0.0
52.0,-1.4114288091659546,-0.33221811056137085,0.0
52.0,-1.4098777770996094,-0.33874011039733887,0.0
52.0,-1.4102389812469482,-0.34573110938072205,0.0
52.0,-1.4086254835128784,-0.3522474765777588,0.0
52.0,-1.4089198112487793,-0.3592504560947418,0.0
52.0,-1.409179449081421,-0.36626365780830383,0.0
52.0,-1.4074710607528687,-0.3727749288082123,0.0
52.0,-1.4095945358276367,-0.3803201913833618,0.0
52.0,-1.4078210592269897,-0.38683319091796875,0.0
52.0,-1.406017541885376,-0.3933379352092743,0.0
52.0,-1.4061075448989868,-0.40038201212882996,0.0
52.0,-1.4042413234710693,-0.40687867999076843,0.0
52.0,-1.4061819314956665,-0.41449761390686035,0.0
52.0,-1.4042505025863647,-0.42099449038505554,0.0
52.0,-1.4061152935028076,-0.42864876985549927,0.0
52.0,-1.404118537902832,-0.43514516949653625,0.0
52.0,-1.4059067964553833,-0.4428339898586273,0.0
52.0,-1.407654047012329,-0.4505486488342285,0.0
52.0,-1.4055559635162354,-0.45705196261405945,0.0
52.0,-1.4053269624710083,-0.46417272090911865,0.0
52.0,-1.4031658172607422,-0.4706651270389557,0.0
52.0,-1.4047611951828003,-0.47843700647354126,0.0
52.0,-1.4063146114349365,-0.48623374104499817,0.0
52.0,-1.4040515422821045,-0.4927304685115814,0.0
52.0,-1.4036425352096558,-0.499887615442276,0.0
52.0,-1.4013164043426514,-0.5063718557357788,0.0
52.0,-1.402715802192688,-0.5142219662666321,0.0
52.0,-1.404072642326355,-0.5220959186553955,0.0
52.0,-1.4016437530517578,-0.5285818576812744,0.0
52.0,-1.4029210805892944,-0.5364852547645569,0.0
52.0,-1.400425672531128,-0.5429657697677612,0.0
52.0,-1.401623249053955,-0.5508978962898254,0.0
52.0,-1.3990612030029297,-0.5573722124099731,0.0
52.0,-1.4001784324645996,-0.5653321743011475,0.0
52.0,-1.4031028747558594,-0.5740717649459839,0.0
52.0,-1.4004337787628174,-0.5805526971817017,0.0
52.0,-1.4032665491104126,-0.5893445014953613,0.0
52.0,-1.400526762008667,-0.5958260297775269,0.0
52.0,-1.401430606842041,-0.6038777232170105,0.0
52.0,-1.4022897481918335,-0.6119504570960999,0.0
52.0,-1.3994455337524414,-0.6184272170066833,0.0
52.0,-1.402048110961914,-0.6273413300514221,0.0
52.0,-1.3991327285766602,-0.6338168382644653,0.0
52.0,-1.3998231887817383,-0.6419461369514465,0.0
52.0,-1.3968403339385986,-0.6484111547470093,0.0
52.0,-1.397447943687439,-0.6565633416175842,0.0
52.0,-1.4016222953796387,-0.6664525866508484,0.0
52.0,-1.3985260725021362,-0.6729256510734558,0.0
52.0,-1.3989962339401245,-0.681135356426239,0.0
52.0,-1.3958321809768677,-0.6875961422920227,0.0
52.0,-1.3980083465576172,-0.6967185139656067,0.0
52.0,-1.3947722911834717,-0.7031745910644531,0.0
52.0,-1.3968513011932373,-0.7123413681983948,0.0
52.0,-1.3988754749298096,-0.7215424180030823,0.0
52.0,-1.395524501800537,-0.7280022501945496,0.0
52.0,-1.397450566291809,-0.7372461557388306,0.0
52.0,-1.3940271139144897,-0.7436992526054382,0.0
52.0,-1.3976147174835205,-0.7539345622062683,0.0
52.0,-1.399381399154663,-0.7632611393928528,0.0
52.0,-1.395837664604187,-0.7697228789329529,0.0
52.0,-1.3975046873092651,-0.7790897488594055,0.0
52.0,-1.3938877582550049,-0.7855426073074341,0.0
52.0,-1.3954542875289917,-0.7949485182762146,0.0
52.0,-1.3969637155532837,-0.804385781288147,0.0
52.0,-1.3932297229766846,-0.8108358383178711,0.0
52.0,-1.3963617086410522,-0.8213245272636414,0.0
52.0,-1.3925495147705078,-0.8277716636657715,0.0
52.0,-1.3938509225845337,-0.8372907042503357,0.0
52.0,-1.3899649381637573,-0.8437260985374451,0.0
52.0,-1.39116370677948,-0.8532804250717163,0.0
52.0,-1.3957037925720215,-0.8649709224700928,0.0
52.0,-1.3916897773742676,-0.8714145421981812,0.0
52.0,-1.394406795501709,-0.8821164965629578,0.0
52.0,-1.3903136253356934,-0.8885539174079895,0.0
52.0,-1.3912312984466553,-0.898226797580719,0.0
52.0,-1.3870636224746704,-0.9046493768692017,0.0
52.0,-1.3912168741226196,-0.9165541529655457,0.0
52.0,-1.3936245441436768,-0.9274085164070129,0.0
52.0,-1.3893219232559204,-0.9338418841362,0.0
52.0,-1.391608476638794,-0.9447486996650696,0.0
52.0,-1.38722562789917,-0.9511725306510925,0.0
52.0,-1.3910343647003174,-0.9632691144943237,0.0
52.0,-1.3931218385696411,-0.9742749333381653,0.0
52.0,-1.3886024951934814,-0.9807054400444031,0.0
52.0,-1.3889384269714355,-0.9905988574028015,0.0
52.0,-1.3843436241149902,-0.9970098733901978,0.0
52.0,-1.38780677318573,-1.0092811584472656,0.0
52.0,-1.38312566280365,-1.0156866312026978,0.0
52.0,-1.3864476680755615,-1.0280267000198364,0.0
52.0,-1.378477931022644,-1.0320284366607666,0.0
52.0,-1.3736916780471802,-1.0383906364440918,0.0
52.0,-1.3529775142669678,-1.0325967073440552,0.0
52.0,-1.3481889963150024,-1.0388410091400146,0.0
52.0,-1.3339000940322876,-1.0376948118209839,0.0
52.0,-1.3165050745010376,-1.033968210220337,0.0
52.0,-1.3117105960845947,-1.0400439500808716,0.0
52.0,-1.2928354740142822,-1.034848928451538,0.0
52.0,-1.2880371809005737,-1.0408151149749756,0.0
52.0,-1.2692633867263794,-1.0353813171386719,0.0
52.0,-1.2505676746368408,-1.0297963619232178,0.0
52.0,-1.2457932233810425,-1.0355671644210815,0.0
52.0,-1.228735327720642,-1.0310312509536743,0.0
52.0,-1.2239553928375244,-1.0367010831832886,0.0
52.0,-1.2069882154464722,-1.0319514274597168,0.0
52.0,-1.1916053295135498,-1.0283737182617188,0.0
52.0,-1.186838150024414,-1.0338720083236694,0.0
52.0,-1.1715316772460938,-1.0301035642623901,0.0
52.0,-1.1667566299438477,-1.0355089902877808,0.0
52.0,-1.1515288352966309,-1.0315510034561157,0.0
52.0,-1.1467472314834595,-1.036863923072815,0.0
52.0,-1.1316001415252686,-1.032717227935791,0.0
52.0,-1.1179871559143066,-1.0298080444335938,0.0
52.0,-1.113214135169983,-1.0349658727645874,0.0
52.0,-1.0982080698013306,-1.0305217504501343,0.0
52.0,-1.084719181060791,-1.0273364782333374,0.0
52.0,-1.0799578428268433,-1.0323405265808105,0.0
52.0,-1.0665374994277954,-1.028990626335144,0.0
52.0,-1.061768651008606,-1.0339106321334839,0.0
52.0,-1.0484187602996826,-1.0303971767425537,0.0
52.0,-1.043643593788147,-1.0352333784103394,0.0
52.0,-1.0303657054901123,-1.0315572023391724,0.0
52.0,-1.018551230430603,-1.0292022228240967,0.0
52.0,-1.013782024383545,-1.0339003801345825,0.0
52.0,-1.0006293058395386,-1.0299694538116455,0.0
52.0,-0.9958566427230835,-1.0345847606658936,0.0
52.0,-0.9841611981391907,-1.031941294670105,0.0
52.0,-0.9725115895271301,-1.0292119979858398,0.0
52.0,-0.9677428007125854,-1.033697247505188,0.0
52.0,-0.9561527371406555,-1.030828833580017,0.0
52.0,-0.9513766169548035,-1.0352383852005005,0.0
52.0,-0.938501238822937,-1.0307528972625732,0.0
52.0,-0.9270274639129639,-1.0276556015014648,0.0
52.0,-0.9222663044929504,-1.0319305658340454,0.0
52.0,-0.9108561873435974,-1.0286966562271118,0.0
52.0,-0.9060904383659363,-1.032896876335144,0.0
52.0,-0.8947455883026123,-1.029527187347412,0.0
52.0,-0.884756326675415,-1.0275903940200806,0.0
52.0,-0.8799959421157837,-1.0316699743270874,0.0
52.0,-0.870053231716156,-1.029617190361023,0.0
52.0,-0.8652836680412292,-1.0336287021636963,0.0
52.0,-0.8541120886802673,-1.0299206972122192,0.0
52.0,-0.844262957572937,-1.027677059173584,0.0
52.0,-0.8395025730133057,-1.031569480895996,0.0
52.0,-0.8284481763839722,-1.0276545286178589,0.0
52.0,-0.8236880898475647,-1.0314737558364868,0.0
52.0,-0.812706470489502,-1.0274279117584229,0.0
52.0,-0.80794757604599,-1.0311743021011353,0.0
52.0,-0.7994928359985352,-1.0301588773727417,0.0
52.0,-0.789845883846283,-1.0275015830993652,0.0
52.0,-0.7850869297981262,-1.0311423540115356,0.0
52.0,-0.7766985893249512,-1.0299705266952515,0.0
52.0,-0.7671412229537964,-1.0271408557891846,0.0
52.0,-0.7623841762542725,-1.0306766033172607,0.0
52.0,-0.7517012357711792,-1.0261234045028687,0.0
52.0,-0.7469490170478821,-1.029587745666504,0.0
52.0,-0.7386800646781921,-1.0281574726104736,0.0
52.0,-0.7339186072349548,-1.0315617322921753,0.0
52.0,-0.7256858348846436,-1.030038833618164,0.0
52.0,-0.716338574886322,-1.0268218517303467,0.0
52.0,-0.7115834951400757,-1.0301227569580078,0.0
52.0,-0.7022968530654907,-1.0267983675003052,0.0
52.0,-0.697542130947113,-1.0300344228744507,0.0
52.0,-0.6894311308860779,-1.0282649993896484,0.0
52.0,-0.6813514232635498,-1.026442527770996,0.0
52.0,-0.6765984892845154,-1.0295816659927368,0.0
52.0,-0.6674685478210449,-1.0259929895401,0.0
52.0,-0.662717878818512,-1.0290679931640625,0.0
52.0,-0.6547278165817261,-1.0270615816116333,0.0
52.0,-0.6467704772949219,-1.025003433227539,0.0
52.0,-0.642024576663971,-1.0279827117919922,0.0
52.0,-0.6351617574691772,-1.0275375843048096,0.0
52.0,-0.6304042935371399,-1.0304630994796753,0.0
52.0,-0.6225259304046631,-1.0282341241836548,0.0
52.0,-0.6136537790298462,-1.0242388248443604,0.0
52.0,-0.6089117527008057,-1.0270649194717407,0.0
52.0,-0.6021327972412109,-1.0264191627502441,0.0
52.0,-0.5973808765411377,-1.0291920900344849,0.0
52.0,-0.5886321663856506,-1.0250054597854614,0.0
52.0,-0.5838868618011475,-1.027716040611267,0.0
52.0,-0.5771692395210266,-1.0269174575805664,0.0
52.0,-0.5704716444015503,-1.0260790586471558,0.0
52.0,-0.5657215714454651,-1.0287055969238281,0.0
52.0,-0.5580925345420837,-1.0260393619537354,0.0
52.0,-0.5533427596092224,-1.0286086797714233,0.0
52.0,-0.5467025637626648,-1.0276246070861816,0.0
52.0,-0.5391520857810974,-1.0248311758041382,0.0
52.0,-0.5344080924987793,-1.027312994003296,0.0
52.0,-0.5278232097625732,-1.0262157917022705,0.0
52.0,-0.5230730175971985,-1.0286450386047363,0.0
52.0,-0.5156167149543762,-1.0256916284561157,0.0
52.0,-0.5090890526771545,-1.0244824886322021,0.0
52.0,-0.5043470859527588,-1.0268253087997437,0.0
52.0,-0.49784740805625916,-1.0255476236343384,0.0
52.0,-0.4931006133556366,-1.0278383493423462,0.0
52.0,-0.48748651146888733,-1.0283000469207764,0.0
52.0,-0.4801819324493408,-1.0251094102859497,0.0
52.0,-0.47543734312057495,-1.0273184776306152,0.0
52.0,-0.46735620498657227,-1.0222299098968506,0.0
52.0,-0.46262505650520325,-1.0243797302246094,0.0
52.0,-0.4570693075656891,-1.0246812105178833,0.0
52.0,-0.4523269236087799,-1.0267834663391113,0.0
52.0,-0.4459792673587799,-1.025195837020874,0.0
52.0,-0.43965595960617065,-1.023571491241455,0.0
52.0,-0.43491891026496887,-1.0255931615829468,0.0
52.0,-0.4294002652168274,-1.0257482528686523,0.0
52.0,-0.4231257736682892,-1.0240256786346436,0.0
52.0,-0.4183867871761322,-1.0259710550308228,0.0
52.0,-0.41139891743659973,-1.0223281383514404,0.0
52.0,-0.40666791796684265,-1.024219274520874,0.0
52.0,-0.4011988043785095,-1.0242263078689575,0.0
52.0,-0.3964591324329376,-1.026070237159729,0.0
52.0,-0.3909987807273865,-1.0260233879089355,0.0
52.0,-0.38554733991622925,-1.02594792842865,0.0
52.0,-0.38079988956451416,-1.027719497680664,0.0
52.0,-0.37604427337646484,-1.0294691324234009,0.0
52.0,-0.37128064036369324,-1.0311967134475708,0.0
52.0,-0.36584025621414185,-1.0310174226760864,0.0
52.0,-0.3604094982147217,-1.0308098793029785,0.0
52.0,-0.35563981533050537,-1.0324652194976807,0.0
52.0,-0.3495773673057556,-1.0303105115890503,0.0
52.0,-0.3448100984096527,-1.0319157838821411,0.0
52.0,-0.3387853503227234,-1.0296992063522339,0.0
52.0,-0.33402103185653687,-1.031254529953003,0.0
52.0,-0.3286421298980713,-1.0308823585510254,0.0
52.0,-0.3226751387119293,-1.0285741090774536,0.0
52.0,-0.31791621446609497,-1.0300549268722534,0.0
52.0,-0.3125694990158081,-1.0296000242233276,0.0
52.0,-0.3078059256076813,-1.0310341119766235,0.0
52.0,-0.3024725317955017,-1.0305272340774536,0.0
52.0,-0.29659605026245117,-1.028071403503418,0.0
52.0,-0.29183971881866455,-1.029431700706482,0.0
52.0,-0.28654053807258606,-1.0288432836532593,0.0
52.0,-0.28178074955940247,-1.0301570892333984,0.0
52.0,-0.2759774327278137,-1.027585744857788,0.0
52.0,-0.270713746547699,-1.0269168615341187,0.0
52.0,-0.26596304774284363,-1.0281574726104736,0.0
52.0,-0.26071470975875854,-1.027437448501587,0.0
52.0,-0.25596168637275696,-1.0286318063735962,0.0
52.0,-0.2507292628288269,-1.02786123752594,0.0
52.0,-0.24597439169883728,-1.029009461402893,0.0
52.0,-0.2407582849264145,-1.0281884670257568,0.0
52.0,-0.23555505275726318,-1.0273411273956299,0.0
52.0,-0.2308027595281601,-1.0284192562103271,0.0
52.0,-0.22561660408973694,-1.0275218486785889,0.0
52.0,-0.22086356580257416,-1.028554081916809,0.0
52.0,-0.21569494903087616,-1.027606725692749,0.0
52.0,-0.21053984761238098,-1.0266337394714355,0.0
52.0,-0.20579108595848083,-1.0275962352752686,0.0
52.0,-0.2006542831659317,-1.026573896408081,0.0
52.0,-0.1959058940410614,-1.0274906158447266,0.0
52.0,-0.19078783690929413,-1.0264190435409546,0.0
52.0,-0.18568389117717743,-1.0253221988677979,0.0
52.0,-0.18094146251678467,-1.026169776916504,0.0
52.0,-0.1761951595544815,-1.026995301246643,0.0
52.0,-0.1714451014995575,-1.0277990102767944,0.0
52.0,-0.1660514622926712,-1.0246320962905884,0.0
52.0,-0.16131243109703064,-1.0253888368606567,0.0
52.0,-0.15626828372478485,-1.024146556854248,0.0
52.0,-0.1512390822172165,-1.022879719734192,0.0
52.0,-0.14650830626487732,-1.0235679149627686,0.0
52.0,-0.14177440106868744,-1.024234414100647,0.0
52.0,-0.1370374709367752,-1.024878978729248,0.0
52.0,-0.13204170763492584,-1.0235178470611572,0.0
52.0,-0.12706147134304047,-1.0221327543258667,0.0
52.0,-0.12233441323041916,-1.0227092504501343,0.0
52.0,-0.11760473996400833,-1.023263931274414,0.0
52.0,-0.11287254840135574,-1.0237966775894165,0.0
52.0,-0.10813795030117035,-1.0243076086044312,0.0
52.0,-0.10340104252099991,-1.0247966051101685,0.0
52.0,-0.09847034513950348,-1.02327299118042,0.0
52.0,-0.09373831748962402,-1.0237172842025757,0.0
52.0,-0.08900429308414459,-1.0241397619247437,0.0
52.0,-0.08410441875457764,-1.0225470066070557,0.0
52.0,-0.07937590032815933,-1.0229250192642212,0.0
52.0,-0.07464569061994553,-1.0232809782028198,0.0
52.0,-0.06991388648748398,-1.0236152410507202,0.0
52.0,-0.06518058478832245,-1.0239274501800537,0.0
52.0,-0.06032806262373924,-1.0222214460372925,0.0
52.0,-0.05560130625963211,-1.0224894285202026,0.0
52.0,-0.050972722470760345,-1.024733066558838,0.0
52.0,-0.046234454959630966,-1.0249577760696411,0.0
52.0,-0.041495200246572495,-1.025160551071167,0.0
52.0,-0.03668341040611267,-1.0233427286148071,0.0
52.0,-0.031951725482940674,-1.0235013961791992,0.0
52.0,-0.02721935510635376,-1.0236382484436035,0.0
52.0,-0.02244248241186142,-1.0217535495758057,0.0
52.0,-0.017718294635415077,-1.0218462944030762,0.0
52.0,-0.012993729673326015,-1.0219173431396484,0.0
52.0,-0.008268886245787144,-1.0219664573669434,0.0
52.0,-0.0035508018918335438,-1.0239938497543335,0.0
52.0,0.0011835411423817277,-1.0239993333816528,0.0
52.0,0.005917858798056841,-1.0239830017089844,0.0
52.0,0.010631244629621506,-1.0219446420669556,0.0
52.0,0.01535596139729023,-1.021884560585022,0.0
52.0,0.02008035033941269,-1.0218026638031006,0.0
52.0,0.024804310873150826,-1.0216989517211914,0.0
52.0,0.029527738690376282,-1.0215733051300049,0.0
52.0,0.03425053879618645,-1.0214258432388306,0.0
52.0,0.038972605019807816,-1.0212565660476685,0.0
52.0,0.04369383677840233,-1.0210654735565186,0.0
52.0,0.048414137214422226,-1.0208525657653809,0.0
52.0,0.05313339829444885,-1.0206178426742554,0.0
52.0,0.05785152688622475,-1.020361304283142,0.0
52.0,0.06256841868162155,-1.0200828313827515,0.0
52.0,0.06741565465927124,-1.0217784643173218,0.0
52.0,0.07213899493217468,-1.0214558839797974,0.0
52.0,0.07686079293489456,-1.0211113691329956,0.0
52.0,0.08158095180988312,-1.0207451581954956,0.0
52.0,0.0862993597984314,-1.0203570127487183,0.0
52.0,0.09101593494415283,-1.0199471712112427,0.0
52.0,0.09573055803775787,-1.0195153951644897,0.0
52.0,0.10044313222169876,-1.0190619230270386,0.0
52.0,0.10515356063842773,-1.0185866355895996,0.0
52.0,0.10986173897981644,-1.0180896520614624,0.0
52.0,0.1145675778388977,-1.0175708532333374,0.0
52.0,0.11927095800638199,-1.0170302391052246,0.0
52.0,0.12397179752588272,-1.0164679288864136,0.0
52.0,0.12866997718811035,-1.0158839225769043,0.0
52.0,0.13362589478492737,-1.0172611474990845,0.0
52.0,0.13832764327526093,-1.0166324377059937,0.0
52.0,0.1433052271604538,-1.0179624557495117,0.0
52.0,0.14801011979579926,-1.0172890424728394,0.0
52.0,0.15271183848381042,-1.0165938138961792,0.0
52.0,0.1577165424823761,-1.0178533792495728,0.0
52.0,0.16242077946662903,-1.0171133279800415,0.0
52.0,0.1671215295791626,-1.0163514614105225,0.0
52.0,0.17181871831417084,-1.0155678987503052,0.0
52.0,0.1765122264623642,-1.0147627592086792,0.0
52.0,0.18155381083488464,-1.0159045457839966,0.0
52.0,0.186248779296875,-1.0150543451309204,0.0
52.0,0.1909397542476654,-1.0141823291778564,0.0
52.0,0.1956266611814499,-1.0132887363433838,0.0
52.0,0.20069760084152222,-1.0143355131149292,0.0
52.0,0.20578236877918243,-1.0153568983078003,0.0
52.0,0.21047453582286835,-1.0143946409225464,0.0
52.0,0.21557757258415222,-1.015367031097412,0.0
52.0,0.22026969492435455,-1.014359474182129,0.0
52.0,0.22539053857326508,-1.0152827501296997,0.0
52.0,0.23052464425563812,-1.016180396080017,0.0
52.0,0.23522035777568817,-1.0151036977767944,0.0
52.0,0.24083200097084045,-1.0178978443145752,0.0
52.0,0.24553555250167847,-1.0167734622955322,0.0
52.0,0.2507123053073883,-1.0175693035125732,0.0
52.0,0.255414217710495,-1.0163992643356323,0.0
52.0,0.2606070637702942,-1.0171449184417725,0.0
52.0,0.26581230759620667,-1.0178643465042114,0.0
52.0,0.27051541209220886,-1.0166245698928833,0.0
52.0,0.2757359743118286,-1.0172933340072632,0.0
52.0,0.28043636679649353,-1.016007661819458,0.0
52.0,0.28513073921203613,-1.014700174331665,0.0
52.0,0.2903689742088318,-1.0152939558029175,0.0
52.0,0.2950599491596222,-1.013940691947937,0.0
52.0,0.3003123104572296,-1.0144833326339722,0.0
52.0,0.304999440908432,-1.013084053993225,0.0
52.0,0.3102654218673706,-1.0135754346847534,0.0
52.0,0.3155425190925598,-1.0140399932861328,0.0
52.0,0.3202274441719055,-1.0125702619552612,0.0
52.0,0.32551735639572144,-1.012982964515686,0.0
52.0,0.330197274684906,-1.0114670991897583,0.0
52.0,0.3361290395259857,-1.0137263536453247,0.0
52.0,0.3408122956752777,-1.0121614933013916,0.0
52.0,0.34678223729133606,-1.014359951019287,0.0
52.0,0.3514682948589325,-1.0127458572387695,0.0
52.0,0.3568112850189209,-1.0129964351654053,0.0
52.0,0.36216408014297485,-1.0132192373275757,0.0
52.0,0.36684468388557434,-1.0115339756011963,0.0
52.0,0.3728986084461212,-1.0135811567306519,0.0
52.0,0.37758079171180725,-1.0118463039398193,0.0
52.0,0.38296276330947876,-1.0119602680206299,0.0
52.0,0.3883538544178009,-1.0120460987091064,0.0
52.0,0.39302876591682434,-1.0102397203445435,0.0
52.0,0.3984290063381195,-1.0102723836898804,0.0
52.0,0.40309563279151917,-1.0084195137023926,0.0
52.0,0.41000640392303467,-1.0121060609817505,0.0
52.0,0.4146813750267029,-1.0101996660232544,0.0
52.0,0.42165160179138184,-1.0138115882873535,0.0
52.0,0.427110880613327,-1.013694405555725,0.0
52.0,0.4317930042743683,-1.0117088556289673,0.0
52.0,0.4380530118942261,-1.0133733749389648,0.0
52.0,0.4427335262298584,-1.011337161064148,0.0
52.0,0.4490256607532501,-1.0129363536834717,0.0
52.0,0.4553419351577759,-1.0144987106323242,0.0
52.0,0.4600274860858917,-1.0123826265335083,0.0
52.0,0.46553897857666016,-1.0120619535446167,0.0
52.0,0.4702131152153015,-1.0098987817764282,0.0
52.0,0.4757298529148102,-1.0095232725143433,0.0
52.0,0.4821139872074127,-1.0109233856201172,0.0
52.0,0.4867826998233795,-1.0086835622787476,0.0
52.0,0.494073748588562,-1.0118138790130615,0.0
52.0,0.49874645471572876,-1.0095187425613403,0.0
52.0,0.5043026804924011,-1.008991003036499,0.0
52.0,0.5089622139930725,-1.0066486597061157,0.0
52.0,0.51634281873703,-1.0096266269683838,0.0
52.0,0.5246807336807251,-1.0143343210220337,0.0
52.0,0.5293647646903992,-1.0118976831436157,0.0
52.0,0.5349727869033813,-1.0112073421478271,0.0
52.0,0.5396422743797302,-1.0087231397628784,0.0
52.0,0.5462033152580261,-1.0097355842590332,0.0
52.0,0.5508658289909363,-1.0071995258331299,0.0
52.0,0.5593878030776978,-1.0116428136825562,0.0
52.0,0.5660107731819153,-1.0125372409820557,0.0
52.0,0.5706861019134521,-1.0099095106124878,0.0
52.0,0.5773331522941589,-1.0107336044311523,0.0
52.0,0.5819999575614929,-1.0080536603927612,0.0
52.0,0.5896783471107483,-1.0105341672897339,0.0
52.0,0.5953601002693176,-1.0095199346542358,0.0
52.0,0.6000211238861084,-1.0067565441131592,0.0
52.0,0.6067330241203308,-1.0073981285095215,0.0
52.0,0.6113840937614441,-1.0045822858810425,0.0
52.0,0.6191651225090027,-1.006855845451355,0.0
52.0,0.6238135695457458,-1.003982424736023,0.0
52.0,0.631638765335083,-1.0061691999435425,0.0
52.0,0.6416398286819458,-1.0116828680038452,0.0
52.0,0.6463103294372559,-1.008705496788025,0.0
52.0,0.6531406044960022,-1.0090645551681519,0.0
52.0,0.6577989459037781,-1.0060341358184814,0.0
52.0,0.6657498478889465,-1.0079885721206665,0.0
52.0,0.670403003692627,-1.0048998594284058,0.0
52.0,0.677277147769928,-1.005106806755066,0.0
52.0,0.6852927207946777,-1.0069249868392944,0.0
52.0,0.6899408102035522,-1.0037459135055542,0.0
52.0,0.6991361379623413,-1.0071169137954712,0.0
52.0,0.7037849426269531,-1.0038738250732422,0.0
52.0,0.713041365146637,-1.0071384906768799,0.0
52.0,0.717690110206604,-1.0038310289382935,0.0
52.0,0.7246649265289307,-1.003745436668396,0.0
52.0,0.734010636806488,-1.0068488121032715,0.0
52.0,0.7386578321456909,-1.0034444332122803,0.0
52.0,0.7480615377426147,-1.006439208984375,0.0
52.0,0.7527066469192505,-1.0029698610305786,0.0
52.0,0.76216721534729,-1.0058553218841553,0.0
52.0,0.7716704607009888,-1.0086747407913208,0.0
52.0,0.7763256430625916,-1.005096197128296,0.0
52.0,0.784653902053833,-1.006227731704712,0.0
52.0,0.7892976999282837,-1.002589225769043,0.0
52.0,0.8001465797424316,-1.0067578554153442,0.0
52.0,0.8110507726669312,-1.0108474493026733,0.0
52.0,0.8157156109809875,-1.0070868730545044,0.0
52.0,0.8241610527038574,-1.007949709892273,0.0
52.0,0.8288123607635498,-1.0041285753250122,0.0
52.0,0.839847207069397,-1.0079686641693115,0.0
52.0,0.8444984555244446,-1.0040749311447144,0.0
52.0,0.8530148267745972,-1.0047335624694824,0.0
52.0,0.8576509356498718,-1.0007790327072144,0.0
52.0,0.8675025701522827,-1.002853512763977,0.0
52.0,0.8787069916725159,-1.0063647031784058,0.0
52.0,0.8833504319190979,-1.0022913217544556,0.0
52.0,0.8946214914321899,-1.005668044090271,0.0
52.0,0.899261474609375,-1.0015212297439575,0.0
52.0,0.9092545509338379,-1.0032806396484375,0.0
52.0,0.9206328392028809,-1.0064446926116943,0.0
52.0,0.9252762198448181,-1.0021775960922241,0.0
52.0,0.9367172122001648,-1.0052047967910767,0.0
52.0,0.9413546323776245,-1.0008633136749268,0.0
52.0,0.9542337656021118,-1.0052034854888916,0.0
52.0,0.9588709473609924,-1.0007809400558472,0.0
52.0,0.9732198715209961,-1.0064010620117188,0.0
52.0,0.9904349446296692,-1.0147721767425537,0.0
52.0,0.9951160550117493,-1.0101821422576904,0.0
52.0,1.0124669075012207,-1.018335223197937,0.0
52.0,1.0171642303466797,-1.0136433839797974,0.0
52.0,1.0346484184265137,-1.0215765237808228,0.0
52.0,1.039360523223877,-1.0167820453643799,0.0
52.0,1.0612837076187134,-1.0286695957183838,0.0
52.0,1.0818960666656494,-1.0389903783798218,0.0
52.0,1.0866881608963013,-1.0339772701263428,0.0
52.0,1.1060097217559814,-1.0426613092422485,0.0
52.0,1.1108185052871704,-1.03753662109375,0.0
52.0,1.1332184076309204,-1.048690676689148,0.0
52.0,1.1380547285079956,-1.0434402227401733,0.0
52.0,1.1621119976043701,-1.0556495189666748,0.0
52.0,1.1833328008651733,-1.0649824142456055,0.0
52.0,1.1882439851760864,-1.0595000982284546,0.0
52.0,1.2081187963485718,-1.0672361850738525,0.0
52.0,1.2130401134490967,-1.0616391897201538,0.0
52.0,1.2360684871673584,-1.0717419385910034,0.0
52.0,1.2622501850128174,-1.0842604637145996,0.0
52.0,1.267249584197998,-1.0784130096435547,0.0
52.0,1.292100429534912,-1.0893009901046753,0.0
52.0,1.297122836112976,-1.0833154916763306,0.0
52.0,1.1649714708328247,-0.9638389348983765,0.0
52.0,1.1694151163101196,-0.9584425687789917,0.0
52.0,1.1738338470458984,-0.9530256390571594,0.0
52.0,1.2060602903366089,-0.9608240127563477,0.0
52.0,1.2104896306991577,-0.9552376866340637,0.0
52.0,1.214893102645874,-0.9496309161186218,0.0
52.0,1.2192705869674683,-0.9440038800239563,0.0
52.0,1.2474279403686523,-0.9566125869750977,0.0
52.0,1.2518373727798462,-0.9508350491523743,0.0
52.0,1.2769972085952759,-0.9606675505638123,0.0
52.0,1.28142511844635,-0.9547532796859741,0.0
52.0,1.3115742206573486,-0.9678186178207397,0.0
52.0,1.3160347938537598,-0.9617444276809692,0.0
52.0,1.348010778427124,-0.9755834341049194,0.0
52.0,1.3525068759918213,-0.9693406224250793,0.0
52.0,1.3814387321472168,-0.9804403185844421,0.0
52.0,1.410501480102539,-0.9912927746772766,0.0
52.0,1.415069580078125,-0.9847608804702759,0.0
52.0,1.4459574222564697,-0.9963650107383728,0.0
52.0,1.450548529624939,-0.989669144153595,0.0
52.0,1.4766534566879272,-0.9975060820579529,0.0
52.0,1.4812495708465576,-0.9906682968139648,0.0
52.0,1.5041574239730835,-0.9959551692008972,0.0
52.0,1.527145266532898,-1.0010510683059692,0.0
52.0,1.5317572355270386,-0.993979811668396,0.0
52.0,1.5582119226455688,-1.0009393692016602,0.0
52.0,1.562822937965393,-0.9937244653701782,0.0
52.0,1.5775564908981323,-0.9928802847862244,0.0
52.0,1.575339913368225,-0.981346070766449,0.0
52.0,1.5798602104187012,-0.9740521907806396,0.0
52.0,1.5775176286697388,-0.9625706076622009,0.0
52.0,1.5819511413574219,-0.9552668333053589,0.0
52.0,1.5777666568756104,-0.9428131580352783,0.0
52.0,1.5735008716583252,-0.9304186105728149,0.0
52.0,1.5777857303619385,-0.9231337904930115,0.0
52.0,1.5751134157180786,-0.9118212461471558,0.0
52.0,1.5793122053146362,-0.9045291543006897,0.0
52.0,1.5886975526809692,-0.9001755714416504,0.0
52.0,1.5928423404693604,-0.8928208351135254,0.0
52.0,1.6109462976455688,-0.8932055830955505,0.0
52.0,1.6325945854187012,-0.8953652381896973,0.0
52.0,1.6367167234420776,-0.8878075480461121,0.0
52.0,1.656665563583374,-0.8887401819229126,0.0
52.0,1.6607568264007568,-0.8810712695121765,0.0
52.0,1.6772102117538452,-0.8798875212669373,0.0
52.0,1.681260347366333,-0.8721237182617188,0.0
52.0,1.69595205783844,-0.8698176145553589,0.0
52.0,1.453377604484558,-0.7201233506202698,0.0
52.0,1.4566913843154907,-0.7133961319923401,0.0
52.0,1.4599741697311401,-0.7066537141799927,0.0
52.0,1.4632256031036377,-0.6998961567878723,0.0
52.0,1.4809114933013916,-0.6999608278274536,0.0
52.0,1.4841318130493164,-0.6931065917015076,0.0
52.0,1.4873204231262207,-0.6862374544143677,0.0
52.0,1.4904773235321045,-0.6793537139892578,0.0
52.0,1.5081918239593506,-0.6790239810943604,0.0
52.0,1.511315107345581,-0.6720438003540039,0.0
52.0,1.5290555953979492,-0.6714825630187988,0.0
52.0,1.5449881553649902,-0.6699758768081665,0.0
52.0,1.5480692386627197,-0.6628256440162659,0.0
52.0,1.5603280067443848,-0.6595547199249268,0.0
52.0,1.5633606910705566,-0.6523337364196777,0.0
52.0,1.5682092905044556,-0.6458603739738464,0.0
52.0,1.5711785554885864,-0.6386030316352844,0.0
52.0,1.5685455799102783,-0.629098653793335,0.0
52.0,1.565858244895935,-0.6196321845054626,0.0
52.0,1.5687062740325928,-0.6123860478401184,0.0
52.0,1.5659215450286865,-0.6029707193374634,0.0
52.0,1.5686925649642944,-0.5957244634628296,0.0
52.0,1.5658111572265625,-0.586361289024353,0.0
52.0,1.5628767013549805,-0.577037513256073,0.0
52.0,1.5655279159545898,-0.5698055624961853,0.0
52.0,1.5643805265426636,-0.5612107515335083,0.0
52.0,1.5669584274291992,-0.553972065448761,0.0
52.0,1.565725564956665,-0.5454056859016418,0.0
52.0,1.5682305097579956,-0.5381609201431274,0.0
52.0,1.5650177001953125,-0.5289834141731262,0.0
52.0,1.563651442527771,-0.5204788446426392,0.0
52.0,1.566041111946106,-0.5132439136505127,0.0
52.0,1.564590573310852,-0.5047699213027954,0.0
52.0,1.566907525062561,-0.49753081798553467,0.0
52.0,1.5653730630874634,-0.48908817768096924,0.0
52.0,1.5618822574615479,-0.48008278012275696,0.0
52.0,1.5640852451324463,-0.4728564918041229,0.0
52.0,1.5624206066131592,-0.46448028087615967,0.0
52.0,1.5645513534545898,-0.4572516679763794,0.0
52.0,1.5628042221069336,-0.4489089548587799,0.0
52.0,1.5629380941390991,-0.441135436296463,0.0
52.0,1.5649608373641968,-0.4339046776294708,0.0
52.0,1.5630908012390137,-0.42561376094818115,0.0
52.0,1.5650418996810913,-0.418382465839386,0.0
52.0,1.5630905628204346,-0.41012707352638245,0.0
52.0,1.5591593980789185,-0.40140002965927124,0.0
52.0,1.560998558998108,-0.39418715238571167,0.0
52.0,1.5530974864959717,-0.38456234335899353,0.0
52.0,1.554858922958374,-0.3773776888847351,0.0
52.0,1.5429668426513672,-0.3669458329677582,0.0
52.0,1.5465948581695557,-0.3602619469165802,0.0
52.0,1.5482438802719116,-0.35310763120651245,0.0
52.0,1.5774263143539429,-0.16468822956085205,0.0
52.0,1.578170895576477,-0.1573934406042099,0.0
52.0,1.5788816213607788,-0.15009528398513794,0.0
52.0,1.5795587301254272,-0.1427939236164093,0.0
52.0,1.5642606019973755,-0.13412266969680786,0.0
52.0,1.5648640394210815,-0.12688906490802765,0.0
52.0,1.5654339790344238,-0.11965276300907135,0.0
52.0,1.5659704208374023,-0.11241389811038971,0.0
52.0,1.5584913492202759,-0.10463672131299973,0.0
52.0,1.5549662113189697,-0.09718061238527298,0.0
52.0,1.5553988218307495,-0.08999038487672806,0.0
52.0,1.5577954053878784,-0.08290452510118484,0.0
52.0,1.5581620931625366,-0.07570137083530426,0.0
52.0,1.564489722251892,-0.06876004487276077,0.0
52.0,1.572784662246704,-0.06184040382504463,0.0
52.0,1.5730538368225098,-0.05456817150115967,0.0
52.0,1.5832847356796265,-0.047595251351594925,0.0
52.0,1.583487868309021,-0.04027462750673294,0.0
52.0,1.5956546068191528,-0.03320278599858284,0.0
52.0,1.595790982246399,-0.025825126096606255,0.0
52.0,1.607892632484436,-0.01858561486005783,0.0
52.0,1.6179611682891846,-0.011220879852771759,0.0
52.0,1.6179957389831543,-0.0037403227761387825,0.0
52.0,1.6279957294464111,0.0037634307518601418,0.0
52.0,1.6279609203338623,0.01129022054374218,0.0
52.0,1.6358907222747803,0.018909234553575516,0.0
52.0,1.6457844972610474,0.026634177193045616,0.0
52.0,1.6456438302993774,0.034242965281009674,0.0
52.0,1.6554646492004395,0.042105283588171005,0.0
52.0,1.6552523374557495,0.0497586615383625,0.0
52.0,1.6669973134994507,0.05782699957489967,0.0
52.0,1.6667121648788452,0.06553353369235992,0.0
52.0,1.4326428174972534,0.22368428111076355,0.0
52.0,1.4315932989120483,0.2303055375814438,0.0
52.0,1.4305132627487183,0.23692186176776886,0.0
52.0,1.4294025897979736,0.24353311955928802,0.0
52.0,1.4388999938964844,0.2588646411895752,0.0
52.0,1.4376877546310425,0.26551443338394165,0.0
52.0,1.436444878578186,0.27215856313705444,0.0
52.0,1.4351712465286255,0.27879688143730164,0.0
52.0,1.4456359148025513,0.287771999835968,0.0
52.0,1.444290041923523,0.29445263743400574,0.0
52.0,1.4566179513931274,0.3039870858192444,0.0
52.0,1.4551969766616821,0.3107183277606964,0.0
52.0,1.4693764448165894,0.3208562731742859,0.0
52.0,1.4678772687911987,0.32764631509780884,0.0
52.0,1.4780464172363281,0.337097704410553,0.0
52.0,1.4881591796875,0.34665003418922424,0.0
52.0,1.4865405559539795,0.35352662205696106,0.0
52.0,1.5004388093948364,0.36416947841644287,0.0
52.0,1.4987391233444214,0.3711026608943939,0.0
52.0,1.5183377265930176,0.3834143280982971,0.0
52.0,1.5165488719940186,0.3904300630092621,0.0
52.0,1.5398762226104736,0.4040360450744629,0.0
52.0,1.5611776113510132,0.4173494279384613,0.0
52.0,1.5592314004898071,0.42456287145614624,0.0
52.0,1.5765247344970703,0.43711090087890625,0.0
52.0,1.5744869709014893,0.4443950653076172,0.0
52.0,1.5897159576416016,0.45663923025131226,0.0
52.0,1.5875877141952515,0.4639842212200165,0.0
52.0,1.59884512424469,0.4753086566925049,0.0
52.0,1.6100314855575562,0.48674702644348145,0.0
52.0,1.6077638864517212,0.4941856265068054,0.0
52.0,1.6207337379455566,0.5063852071762085,0.0
52.0,1.6183751821517944,0.5138730406761169,0.0
52.0,1.6293059587478638,0.5256484150886536,0.0
52.0,1.6268582344055176,0.5331757068634033,0.0
52.0,1.6357614994049072,0.5444814562797546,0.0
52.0,1.6464896202087402,0.5565212965011597,0.0
52.0,1.6438990831375122,0.5641276836395264,0.0
52.0,1.654494047164917,0.576327383518219,0.0
52.0,1.6518118381500244,0.5839705467224121,0.0
52.0,1.6603895425796509,0.5956533551216125,0.0
52.0,1.6576178073883057,0.6033235788345337,0.0
52.0,1.4315426349639893,0.5285469889640808,0.0
52.0,1.4290835857391357,0.5351598858833313,0.0
52.0,1.4396820068359375,0.5467315912246704,0.0
52.0,1.4371389150619507,0.5533819198608398,0.0
52.0,1.4494696855545044,0.5658388733863831,0.0
52.0,1.446838140487671,0.5725342631340027,0.0
52.0,1.4608820676803589,0.5859178900718689,0.0
52.0,1.4581575393676758,0.5926657915115356,0.0
52.0,1.47019624710083,0.6054940819740295,0.0
52.0,1.4821470975875854,0.6184462308883667,0.0
52.0,1.4792720079421997,0.6252921223640442,0.0
52.0,1.4965894222259521,0.640783965587616,0.0
52.0,1.4936108589172363,0.6476963758468628,0.0
52.0,1.5107436180114746,0.6634408235549927,0.0
52.0,1.507660150527954,0.6704185009002686,0.0
52.0,1.520957589149475,0.6847714185714722,0.0
52.0,1.5305145978927612,0.6976025104522705,0.0
52.0,1.5272729396820068,0.7046712040901184,0.0
52.0,1.5294349193572998,0.7142636179924011,0.0
52.0,1.5261163711547852,0.7213271260261536,0.0
52.0,1.5281777381896973,0.7309643030166626,0.0
52.0,1.5301826000213623,0.7406358122825623,0.0
52.0,1.5267419815063477,0.7477025389671326,0.0
52.0,1.5286449193954468,0.7574170231819153,0.0
52.0,1.5251268148422241,0.7644764184951782,0.0
52.0,1.5269274711608887,0.7742329239845276,0.0
52.0,1.5233315229415894,0.7812842130661011,0.0
52.0,1.5232537984848022,0.7901606559753418,0.0
52.0,1.5266685485839844,0.8009113073348999,0.0
52.0,1.5229493379592896,0.807961106300354,0.0
52.0,1.526247262954712,0.818775475025177,0.0
52.0,1.5224454402923584,0.8258231282234192,0.0
52.0,1.523871898651123,0.8357383608818054,0.0
52.0,1.5217407941818237,0.8437446355819702,0.0
52.0,1.517823576927185,0.8507711887359619,0.0
52.0,1.5121338367462158,0.8567936420440674,0.0
52.0,1.508156418800354,0.8637756705284119,0.0
52.0,1.4851068258285522,0.8597171306610107,0.0
52.0,1.4811161756515503,0.8665741682052612,0.0
52.0,1.2613896131515503,1.124720573425293,0.0
52.0,1.2561761140823364,1.130540370941162,0.0
52.0,1.2509357929229736,1.136336088180542,0.0
52.0,1.2456687688827515,1.1421074867248535,0.0
52.0,1.2300996780395508,1.1383455991744995,0.0
52.0,1.2248235940933228,1.144020676612854,0.0
52.0,1.2195212841033936,1.149671196937561,0.0
52.0,1.2069482803344727,1.1484041213989258,0.0
52.0,1.2016258239746094,1.1539719104766846,0.0
52.0,1.191969394683838,1.155339241027832,0.0
52.0,1.183755874633789,1.1580406427383423,0.0
52.0,1.1783891916275024,1.163501262664795,0.0
52.0,1.1673306226730347,1.1632899045944214,0.0
52.0,1.1619397401809692,1.1686744689941406,0.0
52.0,1.14669930934906,1.164060354232788,0.0
52.0,1.1329234838485718,1.1607619524002075,0.0
52.0,1.1275447607040405,1.165987491607666,0.0
52.0,0.9568167924880981,1.2998067140579224,0.0
52.0,0.9507970809936523,1.3042165040969849,0.0
52.0,0.9447569847106934,1.308598518371582,0.0
52.0,0.9386968016624451,1.3129525184631348,0.0
52.0,0.926838219165802,1.3091168403625488,0.0
52.0,0.9207757711410522,1.3133879899978638,0.0
52.0,0.910131573677063,1.3110592365264893,0.0
52.0,0.9040603041648865,1.3152531385421753,0.0
52.0,0.8968445062637329,1.317765474319458,0.0
52.0,0.8896247744560242,1.3202393054962158,0.0
52.0,0.8835113048553467,1.3243381977081299,0.0
52.0,0.8762767314910889,1.326740026473999,0.0
52.0,0.8701333403587341,1.3307772874832153,0.0
52.0,0.8628846406936646,1.3331069946289062,0.0
52.0,0.8567119836807251,1.3370821475982666,0.0
52.0,0.8505209684371948,1.3410288095474243,0.0
52.0,0.8443118333816528,1.3449467420578003,0.0
52.0,0.8380845785140991,1.3488359451293945,0.0
52.0,0.8318394422531128,1.3526962995529175,0.0
52.0,0.8255765438079834,1.3565278053283691,0.0
52.0,0.8182640671730042,1.358616828918457,0.0
52.0,0.8119739294052124,1.3623855113983154,0.0
52.0,0.805666446685791,1.3661249876022339,0.0
52.0,0.7993417382240295,1.3698352575302124,0.0
52.0,0.7929999232292175,1.373516321182251,0.0
52.0,0.7856492400169373,1.3754312992095947,0.0
52.0,0.7792816758155823,1.3790489435195923,0.0
52.0,0.7728975415229797,1.3826371431350708,0.0
52.0,0.7664967775344849,1.3861957788467407,0.0
52.0,0.7600797414779663,1.3897247314453125,0.0
52.0,0.7536463737487793,1.3932240009307861,0.0
52.0,0.7481403350830078,1.3984569311141968,0.0
52.0,0.7416667342185974,1.4019010066986084,0.0
52.0,0.7351773381233215,1.4053149223327637,0.0
52.0,0.7286721467971802,1.4086989164352417,0.0
52.0,0.7276154160499573,1.4227367639541626,0.0
52.0,0.7210298180580139,1.4260855913162231,0.0
52.0,0.4747956097126007,0.9499543309211731,0.0
52.0,0.4686267673969269,0.9485530257225037,0.0
52.0,0.46423622965812683,0.9507095813751221,0.0
52.0,0.45983579754829407,0.9528457522392273,0.0
52.0,0.455425500869751,0.9549615383148193,0.0
52.0,0.4484478533267975,0.9516294598579407,0.0
52.0,0.443199098110199,0.9518794417381287,0.0
52.0,0.43879345059394836,0.9539183378219604,0.0
52.0,0.4318963289260864,0.9504744410514832,0.0
52.0,0.4274972975254059,0.9524610638618469,0.0
52.0,0.4214681088924408,0.9507704973220825,0.0
52.0,0.41546374559402466,0.9490447640419006,0.0
52.0,0.4110715091228485,0.9509554505348206,0.0
52.0,0.4051003158092499,0.9491668343544006,0.0
52.0,0.4007076323032379,0.9510295987129211,0.0
52.0,0.3955383598804474,0.9510254263877869,0.0
52.0,0.39113718271255493,0.952843964099884,0.0
52.0,0.3852258324623108,0.950934886932373,0.0
52.0,0.3800828456878662,0.9508486390113831,0.0
52.0,0.37568265199661255,0.9525957703590393,0.0
52.0,0.3698241114616394,0.9505946040153503,0.0
52.0,0.36399218440055847,0.9485598206520081,0.0
52.0,0.35960274934768677,0.9502325654029846,0.0
52.0,0.35450640320777893,0.9500111937522888,0.0
52.0,0.35011035203933716,0.9516400694847107,0.0
52.0,0.34434306621551514,0.9494881629943848,0.0
52.0,0.3399495482444763,0.9510700702667236,0.0
52.0,0.3348843455314636,0.9507452249526978,0.0
52.0,0.32917362451553345,0.9485043883323669,0.0
52.0,0.3247848153114319,0.9500161409378052,0.0
52.0,0.319112628698349,0.9477167725563049,0.0
52.0,0.3147275745868683,0.9491820335388184,0.0
52.0,0.3097151219844818,0.9487257599830627,0.0
52.0,0.30410176515579224,0.9463393688201904,0.0
52.0,0.29972323775291443,0.9477351903915405,0.0
52.0,0.2947440445423126,0.9472010731697083,0.0
52.0,0.2903616428375244,0.9485536813735962,0.0
52.0,0.2853964567184448,0.9479709267616272,0.0
52.0,0.28044286370277405,0.9473625421524048,0.0
52.0,0.2760598659515381,0.948648989200592,0.0
52.0,0.2705710828304291,0.9460694193840027,0.0
52.0,0.2661941647529602,0.9473102688789368,0.0
52.0,0.2612794041633606,0.9466028809547424,0.0
52.0,0.2563769221305847,0.9458704590797424,0.0
52.0,0.2520010471343994,0.9470456838607788,0.0
52.0,0.24711446464061737,0.9462655186653137,0.0
52.0,0.24273689091205597,0.9473978877067566,0.0
52.0,0.23786669969558716,0.9465703368186951,0.0
52.0,0.23300933837890625,0.9457180500030518,0.0
52.0,0.22863443195819855,0.9467852115631104,0.0
52.0,0.22379417717456818,0.9458858966827393,0.0
52.0,0.21941860020160675,0.9469105005264282,0.0
52.0,0.21459588408470154,0.9459643959999084,0.0
52.0,0.21022003889083862,0.9469464421272278,0.0
52.0,0.2054152935743332,0.9459537863731384,0.0
52.0,0.2006242275238037,0.944936990737915,0.0
52.0,0.19625328481197357,0.9458544850349426,0.0
52.0,0.19148088991641998,0.9447915554046631,0.0
52.0,0.18711072206497192,0.9456667304039001,0.0
52.0,0.18235743045806885,0.9445579648017883,0.0
52.0,0.1779884397983551,0.9453909993171692,0.0
52.0,0.17361563444137573,0.9462038278579712,0.0
52.0,0.16888727247714996,0.9450275301933289,0.0
52.0,0.16451625525951385,0.9457982778549194,0.0
52.0,0.15980809926986694,0.9445767998695374,0.0
52.0,0.15543925762176514,0.945305585861206,0.0
52.0,0.1510670930147171,0.9460141062736511,0.0
52.0,0.14607921242713928,0.9427496194839478,0.0
52.0,0.14171896874904633,0.9434149265289307,0.0
52.0,0.13735570013523102,0.9440600872039795,0.0
52.0,0.13298949599266052,0.9446850419044495,0.0
52.0,0.1286204308271408,0.9452897906303406,0.0
52.0,0.12398815900087357,0.9438914060592651,0.0
52.0,0.11962287127971649,0.944454550743103,0.0
52.0,0.11525502800941467,0.9449975490570068,0.0
52.0,0.11088472604751587,0.945520281791687,0.0
52.0,0.10651204735040665,0.9460228681564331,0.0
52.0,0.10213708877563477,0.9465051889419556,0.0
52.0,0.09755457192659378,0.9449778199195862,0.0
52.0,0.09279219061136246,0.9414380192756653,0.0
52.0,0.08843857795000076,0.9418569803237915,0.0
52.0,0.08408308029174805,0.9422557950019836,0.0
52.0,0.07972577959299088,0.9426344633102417,0.0
52.0,0.0753667801618576,0.9429929852485657,0.0
52.0,0.0710061639547348,0.9433313608169556,0.0
52.0,0.06664403527975082,0.9436495900154114,0.0
52.0,0.0621488057076931,0.9419519901275635,0.0
52.0,0.05779314786195755,0.9422292709350586,0.0
52.0,0.05343625321984291,0.9424864053726196,0.0
52.0,0.049078214913606644,0.9427233338356018,0.0
52.0,0.04471912980079651,0.9429401755332947,0.0
52.0,0.04027358070015907,0.9411386847496033,0.0
52.0,0.035921916365623474,0.9413148164749146,0.0
52.0,0.03156948462128639,0.9414708018302917,0.0
52.0,0.02721637673676014,0.9416067004203796,0.0
52.0,0.022862685844302177,0.9417225122451782,0.0
52.0,0.018508508801460266,0.941818118095398,0.0
52.0,0.014153935015201569,0.9418936371803284,0.0
52.0,0.009799058549106121,0.9419490098953247,0.0
52.0,0.005443972535431385,0.941984236240387,0.0
52.0,0.0010887705720961094,0.9419993162155151,0.0
52.0,-0.0032664549071341753,0.941994309425354,0.0
52.0,-0.007621610537171364,0.9419691562652588,0.0
52.0,-0.011976603418588638,0.9419238567352295,0.0
52.0,-0.01633133925497532,0.9418584108352661,0.0
52.0,-0.020685726776719093,0.9417728185653687,0.0
52.0,-0.0250396728515625,0.9416671395301819,0.0
52.0,-0.029393082484602928,0.941541314125061,0.0
52.0,-0.033745866268873215,0.9413953423500061,0.0
52.0,-0.03809792548418045,0.9412292242050171,0.0
52.0,-0.04244917258620262,0.9410430192947388,0.0
52.0,-0.04679951071739197,0.9408367276191711,0.0
52.0,-0.05114884674549103,0.9406102895736694,0.0
52.0,-0.05549709498882294,0.9403637647628784,0.0
52.0,-0.05984415113925934,0.9400971531867981,0.0
52.0,-0.06418993324041367,0.9398103952407837,0.0
52.0,-0.06853433698415756,0.9395036101341248,0.0
52.0,-0.07303201407194138,0.9411707520484924,0.0
52.0,-0.07738261669874191,0.9408230185508728,0.0
52.0,-0.08173156529664993,0.9404551982879639,0.0
52.0,-0.08589638769626617,0.9380755424499512,0.0
52.0,-0.09023254364728928,0.9376683831214905,0.0
52.0,-0.09476755559444427,0.9392311573028564,0.0
52.0,-0.09910895675420761,0.9387829303741455,0.0
52.0,-0.10344824194908142,0.93831467628479,0.0
52.0,-0.10801366716623306,0.9398132562637329,0.0
52.0,-0.11235762387514114,0.9393038749694824,0.0
52.0,-0.11694590002298355,0.9407591223716736,0.0
52.0,-0.12129412591457367,0.940208375453949,0.0
52.0,-0.12563976645469666,0.9396375417709351,0.0
52.0,-0.12998270988464355,0.9390466213226318,0.0
52.0,-0.1343228816986084,0.9384356141090393,0.0
52.0,-0.13866019248962402,0.9378045797348022,0.0
52.0,-0.14299452304840088,0.9371534585952759,0.0
52.0,-0.14763662219047546,0.9384579658508301,0.0
52.0,-0.1519738882780075,0.93776535987854,0.0
52.0,-0.15663696825504303,0.9390255212783813,0.0
52.0,-0.16097676753997803,0.9382912516593933,0.0
52.0,-0.16531310975551605,0.9375370144844055,0.0
52.0,-0.17000232636928558,0.9387306571006775,0.0
52.0,-0.1743406057357788,0.9379346370697021,0.0
52.0,-0.17867515981197357,0.9371185302734375,0.0
52.0,-0.1830058991909027,0.9362824559211731,0.0
52.0,-0.18772545456886292,0.9373874068260193,0.0
52.0,-0.1928609311580658,0.9404278993606567,0.0
52.0,-0.19720681011676788,0.9395262002944946,0.0
52.0,-0.20196838676929474,0.9405598044395447,0.0
52.0,-0.2063147872686386,0.9396160244941711,0.0
52.0,-0.2106567770242691,0.9386520981788635,0.0
52.0,-0.21544122695922852,0.9396175146102905,0.0
52.0,-0.21978312730789185,0.9386113882064819,0.0
52.0,-0.22458532452583313,0.9395304322242737,0.0
52.0,-0.22892671823501587,0.9384820461273193,0.0
52.0,-0.23374615609645844,0.939354419708252,0.0
52.0,-0.23808665573596954,0.9382636547088623,0.0
52.0,-0.24292293190956116,0.9390891790390015,0.0
52.0,-0.24777190387248993,0.9398899078369141,0.0
52.0,-0.2521147131919861,0.9387343525886536,0.0
52.0,-0.2569798231124878,0.9394878149032593,0.0
52.0,-0.26132068037986755,0.9382896423339844,0.0
52.0,-0.2662014365196228,0.9389956593513489,0.0
52.0,-0.27109429240226746,0.9396764636039734,0.0
52.0,-0.2754358649253845,0.9384130239486694,0.0
52.0,-0.2803437113761902,0.9390460252761841,0.0
52.0,-0.2846822738647461,0.9377398490905762,0.0
52.0,-0.29019439220428467,0.9402357339859009,0.0
52.0,-0.29453834891319275,0.9388840198516846,0.0
52.0,-0.2994834780693054,0.9394177198410034,0.0
52.0,-0.3038235604763031,0.938023030757904,0.0
52.0,-0.30815714597702026,0.9366083145141602,0.0
52.0,-0.31311798095703125,0.9370704889297485,0.0
52.0,-0.31744706630706787,0.9356127977371216,0.0
52.0,-0.32242071628570557,0.9360260963439941,0.0
52.0,-0.32674485445022583,0.9345254302024841,0.0
52.0,-0.33173084259033203,0.9348896145820618,0.0
52.0,-0.33672717213630676,0.9352276921272278,0.0
52.0,-0.341047465801239,0.9336608648300171,0.0
52.0,-0.34675025939941406,0.9358249306678772,0.0
52.0,-0.3510732352733612,0.934211790561676,0.0
52.0,-0.3561008870601654,0.9344475269317627,0.0
52.0,-0.36041736602783203,0.9327911138534546,0.0
52.0,-0.3661850392818451,0.9348392486572266,0.0
52.0,-0.37197938561439514,0.9368540048599243,0.0
52.0,-0.37630683183670044,0.9351241588592529,0.0
52.0,-0.38213664293289185,0.9370781779289246,0.0
52.0,-0.38646501302719116,0.9353014230728149,0.0
52.0,-0.39232975244522095,0.9371944665908813,0.0
52.0,-0.3974393904209137,0.937211811542511,0.0
52.0,-0.40176820755004883,0.9353642463684082,0.0
52.0,-0.4068862497806549,0.9353306889533997,0.0
52.0,-0.41120630502700806,0.9334395527839661,0.0
52.0,-0.41714704036712646,0.9351814985275269,0.0
52.0,-0.42146629095077515,0.9332428574562073,0.0
52.0,-0.4266080856323242,0.9331032037734985,0.0
52.0,-0.4325975775718689,0.9347509145736694,0.0
52.0,-0.4369146525859833,0.9327408671379089,0.0
52.0,-0.44293591380119324,0.9343253374099731,0.0
52.0,-0.4472509026527405,0.9322674870491028,0.0
52.0,-0.45330315828323364,0.9337881207466125,0.0
52.0,-0.45761555433273315,0.9316823482513428,0.0
52.0,-0.46369826793670654,0.9331387877464294,0.0
52.0,-0.4698041081428528,0.9345588088035583,0.0
52.0,-0.4741199016571045,0.9323767423629761,0.0
52.0,-0.4802550673484802,0.933731734752655,0.0
52.0,-0.48456692695617676,0.9315013885498047,0.0
52.0,-0.49073082208633423,0.9327911138534546,0.0
52.0,-0.49691689014434814,0.9340436458587646,0.0
52.0,-0.501230001449585,0.9317362308502197,0.0
52.0,-0.506488025188446,0.9311658143997192,0.0
52.0,-0.5107877254486084,0.928814172744751,0.0
52.0,-1.0962384939193726,1.9717497825622559,0.0
52.0,-1.1053428649902344,1.966660499572754,0.0
52.0,-1.1144236326217651,1.961529016494751,0.0
52.0,-1.1234806776046753,1.9563556909561157,0.0
52.0,-1.136529564857483,1.958059310913086,0.0
52.0,-1.1455702781677246,1.9527838230133057,0.0
52.0,-1.1545864343643188,1.947466492652893,0.0
52.0,-1.163577914237976,1.9421076774597168,0.0
52.0,-1.1787595748901367,1.9469724893569946,0.0
52.0,-1.1919233798980713,1.9483259916305542,0.0
52.0,-1.200918436050415,1.9427945613861084,0.0
52.0,-1.2141257524490356,1.9440069198608398,0.0
52.0,-1.2231006622314453,1.9383728504180908,0.0
52.0,-1.2384997606277466,1.942815899848938,0.0
52.0,-1.253966212272644,1.9471580982208252,0.0
52.0,-1.2629551887512207,1.9413397312164307,0.0
52.0,-1.2785075902938843,1.945508360862732,0.0
52.0,-1.2874886989593506,1.939576506614685,0.0
52.0,-1.3031249046325684,1.9435701370239258,0.0
52.0,-1.3120968341827393,1.9375245571136475,0.0
52.0,-1.3300734758377075,1.9446439743041992,0.0
52.0,-1.3458704948425293,1.9483472108840942,0.0
52.0,-1.3548640012741089,1.9421039819717407,0.0
52.0,-1.3684360980987549,1.9423589706420898,0.0
52.0,-1.3774017095565796,1.9360114336013794,0.0
52.0,-1.3956735134124756,1.942616581916809,0.0
52.0,-1.4116867780685425,1.9458563327789307,0.0
52.0,-1.420668125152588,1.939308762550354,0.0
52.0,-1.4367551803588867,1.9423670768737793,0.0
52.0,-1.4457200765609741,1.9357037544250488,0.0
52.0,-1.4618792533874512,1.9385801553726196,0.0
52.0,-1.4708263874053955,1.9318006038665771,0.0
52.0,-1.4870555400848389,1.9344937801361084,0.0
52.0,-1.503340721130371,1.9370777606964111,0.0
52.0,-1.5122805833816528,1.930106520652771,0.0
52.0,-1.5236696004867554,1.9262313842773438,0.0
52.0,-1.5325590372085571,1.9191663265228271,0.0
52.0,-1.5313738584518433,1.8996037244796753,0.0
52.0,-1.5249910354614258,1.873888373374939,0.0
52.0,-1.5336384773254395,1.866817831993103,0.0
52.0,-1.526932716369629,1.8412333726882935,0.0
52.0,-1.5354291200637817,1.8341541290283203,0.0
52.0,-1.5258203744888306,1.8056490421295166,0.0
52.0,-1.518576979637146,1.7803155183792114,0.0
52.0,-1.5267918109893799,1.77327561378479,0.0
52.0,-1.5192307233810425,1.7480828762054443,0.0
52.0,-1.527296543121338,1.7410402297973633,0.0
52.0,-1.5194196701049805,1.7159919738769531,0.0
52.0,-1.5273370742797852,1.7089487314224243,0.0
52.0,-1.5218254327774048,1.6870185136795044,0.0
52.0,-1.5134509801864624,1.6622183322906494,0.0
52.0,-1.5211198329925537,1.6552033424377441,0.0
52.0,-1.5151551961898804,1.6334896087646484,0.0
52.0,-1.50902259349823,1.61186683177948,0.0
52.0,-1.5164587497711182,1.6048728227615356,0.0
52.0,-1.5100593566894531,1.5833712816238403,0.0
52.0,-1.5173636674880981,1.5763728618621826,0.0
52.0,-1.507912039756775,1.5521266460418701,0.0
52.0,-1.515071988105774,1.5451384782791138,0.0
52.0,-1.5109448432922363,1.5267448425292969,0.0
52.0,-1.503853440284729,1.5055924654006958,0.0
52.0,-1.5107983350753784,1.4986236095428467,0.0
52.0,-1.5062994956970215,1.4804073572158813,0.0
52.0,-1.5131278038024902,1.4734272956848145,0.0
52.0,-1.5055307149887085,1.4525293111801147,0.0
52.0,-1.4977729320526123,1.4317333698272705,0.0
52.0,-1.5043762922286987,1.4247932434082031,0.0
52.0,-1.500738501548767,1.40824294090271,0.0
52.0,-1.5072333812713623,1.401289463043213,0.0
52.0,-1.50045645236969,1.3821107149124146,0.0
52.0,-1.4964895248413086,1.3657214641571045,0.0
52.0,-1.5027878284454346,1.358788013458252,0.0
52.0,-1.4971363544464111,1.3411496877670288,0.0
52.0,-1.5033210515975952,1.3342136144638062,0.0
52.0,-1.49745774269104,1.3166837692260742,0.0
52.0,-1.4914649724960327,1.2992368936538696,0.0
52.0,-1.4974558353424072,1.2923274040222168,0.0
52.0,-1.4942938089370728,1.2775921821594238,0.0
52.0,-1.5001846551895142,1.2706698179244995,0.0
52.0,-1.49531888961792,1.2547212839126587,0.0
52.0,-1.5011038780212402,1.247794508934021,0.0
52.0,-1.4960495233535767,1.2319414615631104,0.0
52.0,-1.492430567741394,1.2174263000488281,0.0
52.0,-1.4980432987213135,1.2105132341384888,0.0
52.0,-1.4926941394805908,1.194825530052185,0.0
52.0,-1.4982022047042847,1.1879115104675293,0.0
52.0,-1.4926682710647583,1.172324776649475,0.0
52.0,-1.4870222806930542,1.1568148136138916,0.0
52.0,-1.4923547506332397,1.1499273777008057,0.0
52.0,-1.486526370048523,1.134521722793579,0.0
52.0,-1.4805874824523926,1.119194507598877,0.0
52.0,-1.485746145248413,1.1123372316360474,0.0
52.0,-1.4812337160110474,1.0983089208602905,0.0
52.0,-1.4862958192825317,1.0914489030838013,0.0
52.0,-1.483238697052002,1.0786839723587036,0.0
52.0,-1.4882099628448486,1.071814775466919,0.0
52.0,-1.4833797216415405,1.057955026626587,0.0
52.0,-1.4784531593322754,1.0441627502441406,0.0
52.0,-1.4832649230957031,1.0373162031173706,0.0
52.0,-1.4798238277435303,1.024754285812378,0.0
52.0,-1.4845458269119263,1.0179016590118408,0.0
52.0,-1.4809625148773193,1.0054103136062622,0.0
52.0,-1.4756357669830322,0.9918583035469055,0.0
52.0,-1.480205774307251,0.9850252866744995,0.0
52.0,-1.476393461227417,0.9726697206497192,0.0
52.0,-1.4808746576309204,0.9658334255218506,0.0
52.0,-1.4769231081008911,0.9535523653030396,0.0
52.0,-1.4813159704208374,0.9467138051986694,0.0
52.0,-1.4755359888076782,0.9334396719932556,0.0
52.0,-1.471360206604004,0.9213006496429443,0.0
52.0,-1.4756040573120117,0.9144881367683411,0.0
52.0,-1.4712920188903809,0.9024276733398438,0.0
52.0,-1.4686099290847778,0.8914645910263062,0.0
52.0,-1.4727157354354858,0.8846651315689087,0.0
52.0,-1.469913363456726,0.8737589716911316,0.0
52.0,-1.4739373922348022,0.8669536709785461,0.0
52.0,-1.4710155725479126,0.8561058640480042,0.0
52.0,-1.4749579429626465,0.8492956757545471,0.0
52.0,-1.4719176292419434,0.8385074138641357,0.0
52.0,-1.4688091278076172,0.8277654647827148,0.0
52.0,-1.4726204872131348,0.8209657669067383,0.0
52.0,-1.4676436185836792,0.8093196749687195,0.0
52.0,-1.4713696241378784,0.8025255799293518,0.0
52.0,-1.468023419380188,0.7919161319732666,0.0
52.0,-1.4646106958389282,0.7813548445701599,0.0
52.0,-1.4682074785232544,0.7745750546455383,0.0
52.0,-1.4664534330368042,0.7650036811828613,0.0
52.0,-1.4699746370315552,0.7582155466079712,0.0
52.0,-1.4663375616073608,0.7477768063545227,0.0
52.0,-1.4608497619628906,0.736487627029419,0.0
52.0,-1.464239239692688,0.7297256588935852,0.0
52.0,-1.460420846939087,0.7194129824638367,0.0
52.0,-1.4637314081192017,0.7126532196998596,0.0
52.0,-1.4616038799285889,0.7032766938209534,0.0
52.0,-1.459421157836914,0.6939351558685303,0.0
52.0,-1.4626139402389526,0.6871802806854248,0.0
52.0,-1.4585189819335938,0.6770423650741577,0.0
52.0,-1.4616336822509766,0.6702918410301208,0.0
52.0,-1.4592516422271729,0.6610511541366577,0.0
52.0,-1.4568156003952026,0.6518468260765076,0.0
52.0,-1.4598137140274048,0.6451044678688049,0.0
52.0,-1.4572815895080566,0.6359485387802124,0.0
52.0,-1.4602062702178955,0.6292042136192322,0.0
52.0,-1.4557381868362427,0.6193145513534546,0.0
52.0,-1.4585858583450317,0.6125775575637817,0.0
52.0,-1.4558597803115845,0.603529691696167,0.0
52.0,-1.453081488609314,0.5945202112197876,0.0
52.0,-1.4558147192001343,0.5877957344055176,0.0
52.0,-1.4529427289962769,0.578838050365448,0.0
52.0,-1.4556033611297607,0.5721144080162048,0.0
52.0,-1.4526386260986328,0.5632094740867615,0.0
52.0,-1.451490879058838,0.5550586581230164,0.0
52.0,-1.4540417194366455,0.5483419299125671,0.0
52.0,-1.4528120756149292,0.5402193665504456,0.0
52.0,-1.455294132232666,0.5334967374801636,0.0
52.0,-1.4521023035049438,0.5247235894203186,0.0
52.0,-1.45074462890625,0.5166623592376709,0.0
52.0,-1.453117847442627,0.5099495053291321,0.0
52.0,-1.4497894048690796,0.5012651681900024,0.0
52.0,-1.4520914554595947,0.49455690383911133,0.0
52.0,-1.448673963546753,0.485929936170578,0.0
52.0,-1.4452077150344849,0.47734519839286804,0.0
52.0,-1.4473992586135864,0.4706583619117737,0.0
52.0,-1.443845510482788,0.46213245391845703,0.0
52.0,-1.4459666013717651,0.4554520845413208,0.0
52.0,-1.444236159324646,0.44757789373397827,0.0
52.0,-1.4462900161743164,0.44089585542678833,0.0
52.0,-1.4463971853256226,0.4336300790309906,0.0
52.0,-1.4445499181747437,0.42580726742744446,0.0
52.0,-1.4465030431747437,0.4191240072250366,0.0
52.0,-1.4445782899856567,0.41133636236190796,0.0
52.0,-1.4464645385742188,0.4046531319618225,0.0
52.0,-1.4444630146026611,0.3969014585018158,0.0
52.0,-1.440489649772644,0.38865596055984497,0.0
52.0,-1.4422712326049805,0.3819918930530548,0.0
52.0,-1.440150499343872,0.37431344389915466,0.0
52.0,-1.4418656826019287,0.367651104927063,0.0
52.0,-1.4416097402572632,0.3604956567287445,0.0
52.0,-1.4393761157989502,0.3528743088245392,0.0
52.0,-1.4409922361373901,0.34621575474739075,0.0
52.0,-1.4406307935714722,0.33909159898757935,0.0
52.0,-1.4421831369400024,0.33242738246917725,0.0
52.0,-1.439802646636963,0.3248756527900696,0.0
52.0,-1.4412893056869507,0.31821542978286743,0.0
52.0,-1.4388352632522583,0.3107041120529175,0.0
52.0,-1.436342716217041,0.30322232842445374,0.0
52.0,-1.4377292394638062,0.2965783476829529,0.0
52.0,-1.4351638555526733,0.28913798928260803,0.0
52.0,-1.4364852905273438,0.28249961137771606,0.0
52.0,-1.4358118772506714,0.275478333234787,0.0
52.0,-1.435104250907898,0.26846933364868164,0.0
52.0,-1.4363301992416382,0.26183146238327026,0.0
52.0,-1.4355560541152954,0.25483837723731995,0.0
52.0,-1.4367189407348633,0.24819853901863098,0.0
52.0,-1.4358787536621094,0.2412220537662506,0.0
52.0,-1.4330309629440308,0.23393642902374268,0.0
52.0,-1.4340972900390625,0.2273084968328476,0.0
52.0,-1.433156132698059,0.22037173807621002,0.0
52.0,-1.4341596364974976,0.21374337375164032,0.0
52.0,-1.4311734437942505,0.2065390944480896,0.0
52.0,-1.4301323890686035,0.19964352250099182,0.0
52.0,-1.4310400485992432,0.19302935898303986,0.0
52.0,-1.429934024810791,0.1861528754234314,0.0
52.0,-1.4307793378829956,0.1795397698879242,0.0
52.0,-1.4296085834503174,0.172682985663414,0.0
52.0,-1.4303916692733765,0.16607153415679932,0.0
52.0,-1.4291564226150513,0.15923504531383514,0.0
52.0,-1.4278886318206787,0.15241354703903198,0.0
52.0,-1.4285781383514404,0.14581026136875153,0.0
52.0,-1.4292370080947876,0.13920384645462036,0.0
52.0,-1.4298652410507202,0.13259446620941162,0.0
52.0,-1.4284707307815552,0.1258067935705185,0.0
52.0,-1.4270440340042114,0.11903484910726547,0.0
52.0,-1.4275791645050049,0.11243581771850586,0.0
52.0,-1.4260891675949097,0.10568656772375107,0.0
52.0,-1.4265625476837158,0.09909209609031677,0.0
52.0,-1.427005410194397,0.09249550849199295,0.0
52.0,-1.4254214763641357,0.08577680587768555,0.0
52.0,-1.4258028268814087,0.07918563485145569,0.0
52.0,-1.4241563081741333,0.0724911019206047,0.0
52.0,-1.424476146697998,0.06590592116117477,0.0
52.0,-1.424765706062317,0.05931933596730232,0.0
52.0,-1.4250247478485107,0.0527314767241478,0.0
52.0,-1.423254370689392,0.04607778042554855,0.0
52.0,-1.4234521389007568,0.039497051388025284,0.0
52.0,-1.4236195087432861,0.03291548043489456,0.0
52.0,-1.4217568635940552,0.0262962207198143,0.0
52.0,-1.421863317489624,0.019722629338502884,0.0
52.0,-1.4219392538070679,0.013148615136742592,0.0
52.0,-1.4219849109649658,0.006574319209903479,0.0
52.0,-1.4220000505447388,-1.1636915075996512e-07,0.0
53.0,-1.4220000505447388,1.2431519280653447e-07,0.0
53.0,-1.4199848175048828,-0.006565064657479525,0.0
53.0,-1.4219392538070679,-0.01314860675483942,0.0
53.0,-1.421863317489624,-0.019722620025277138,0.0
53.0,-1.4217568635940552,-0.026296213269233704,0.0
53.0,-1.4216201305389404,-0.03286924585700035,0.0
53.0,-1.4194536209106445,-0.039386097341775894,0.0
53.0,-1.423254370689392,-0.04607777297496796,0.0
53.0,-1.4230260848999023,-0.052657514810562134,0.0
53.0,-1.4227674007415771,-0.059236131608486176,0.0
53.0,-1.4224783182144165,-0.06581348180770874,0.0
53.0,-1.420161485671997,-0.07228775322437286,0.0
53.0,-1.4198120832443237,-0.07885292172431946,0.0
53.0,-1.4194324016571045,-0.08541639894247055,0.0
53.0,-1.4190223217010498,-0.0919780507683754,0.0
53.0,-1.4185818433761597,-0.09853773564100266,0.0
53.0,-1.4201055765151978,-0.10524312406778336,0.0
53.0,-1.4196038246154785,-0.1118076741695404,0.0
53.0,-1.4190717935562134,-0.11836984008550644,0.0
53.0,-1.4185093641281128,-0.12492947280406952,0.0
53.0,-1.4179165363311768,-0.1314864307641983,0.0
53.0,-1.4172935485839844,-0.13804058730602264,0.0
53.0,-1.4166401624679565,-0.1445917785167694,0.0
53.0,-1.417945146560669,-0.1513521671295166,0.0
53.0,-1.417230248451233,-0.15790623426437378,0.0
53.0,-1.416485071182251,-0.16445693373680115,0.0
53.0,-1.4157096147537231,-0.17100411653518677,0.0
53.0,-1.4149038791656494,-0.1775476336479187,0.0
53.0,-1.4160510301589966,-0.184345543384552,0.0
53.0,-1.415183663368225,-0.19089050590991974,0.0
53.0,-1.416266679763794,-0.1977079063653946,0.0
53.0,-1.4153375625610352,-0.20425371825695038,0.0
53.0,-1.414378046989441,-0.21079516410827637,0.0
53.0,-1.4133883714675903,-0.21733210980892181,0.0
53.0,-1.4143438339233398,-0.2241775244474411,0.0
53.0,-1.4152661561965942,-0.23103637993335724,0.0
53.0,-1.4141827821731567,-0.23757721483707428,0.0
53.0,-1.4130693674087524,-0.24411296844482422,0.0
53.0,-1.4119255542755127,-0.2506435215473175,0.0
53.0,-1.4146867990493774,-0.25788602232933044,0.0
53.0,-1.415445327758789,-0.26479166746139526,0.0
53.0,-1.4142060279846191,-0.2713329792022705,0.0
53.0,-1.4129364490509033,-0.27786847949028015,0.0
53.0,-1.4116365909576416,-0.28439804911613464,0.0
53.0,-1.410306692123413,-0.29092150926589966,0.0
53.0,-1.4089465141296387,-0.2974388003349304,0.0
53.0,-1.4095112085342407,-0.30437183380126953,0.0
53.0,-1.4119948148727417,-0.31174764037132263,0.0
53.0,-1.4105384349822998,-0.31827250123023987,0.0
53.0,-1.4110007286071777,-0.32523974776268005,0.0
53.0,-1.4094818830490112,-0.33175987005233765,0.0
53.0,-1.4098777770996094,-0.33874011039733887,0.0
53.0,-1.4082965850830078,-0.34525489807128906,0.0
53.0,-1.4086254835128784,-0.3522474765777588,0.0
53.0,-1.4089198112487793,-0.3592504560947418,0.0
53.0,-1.4072438478469849,-0.36576056480407715,0.0
53.0,-1.4094043970108032,-0.3732869625091553,0.0
53.0,-1.4076634645462036,-0.3797991871833801,0.0
53.0,-1.4078210592269897,-0.38683319091796875,0.0
53.0,-1.407943606376648,-0.3938767611980438,0.0
53.0,-1.4061075448989868,-0.40038201212882996,0.0
53.0,-1.4061622619628906,-0.40743526816368103,0.0
53.0,-1.4042636156082153,-0.4139321446418762,0.0
53.0,-1.4061663150787354,-0.4215688407421112,0.0
53.0,-1.4042022228240967,-0.42806556820869446,0.0
53.0,-1.4060288667678833,-0.4357371926307678,0.0
53.0,-1.407814383506775,-0.44343483448028564,0.0
53.0,-1.4057492017745972,-0.44993895292282104,0.0
53.0,-1.4055559635162354,-0.45705196261405945,0.0
53.0,-1.4034278392791748,-0.46354547142982483,0.0
53.0,-1.405061960220337,-0.4713011384010315,0.0
53.0,-1.4066543579101562,-0.47908180952072144,0.0
53.0,-1.4044243097305298,-0.485580176115036,0.0
53.0,-1.405938744544983,-0.4933927357196808,0.0
53.0,-1.4036425352096558,-0.499887615442276,0.0
53.0,-1.4031972885131836,-0.5070515275001526,0.0
53.0,-1.400838017463684,-0.5135335922241211,0.0
53.0,-1.402198076248169,-0.5213988423347473,0.0
53.0,-1.403515100479126,-0.529287576675415,0.0
53.0,-1.4010529518127441,-0.5357708930969238,0.0
53.0,-1.4041552543640137,-0.5444117784500122,0.0
53.0,-1.401623249053955,-0.5508978962898254,0.0
53.0,-1.4009191989898682,-0.558112382888794,0.0
53.0,-1.4020328521728516,-0.5660809278488159,0.0
53.0,-1.3994007110595703,-0.5725570321083069,0.0
53.0,-1.4022812843322754,-0.5813185572624207,0.0
53.0,-1.39957857131958,-0.587795615196228,0.0
53.0,-1.400526762008667,-0.5958260297775269,0.0
53.0,-1.401430606842041,-0.6038777232170105,0.0
53.0,-1.3986237049102783,-0.6103506088256836,0.0
53.0,-1.3994455337524414,-0.6184272170066833,0.0
53.0,-1.3965712785720825,-0.6248907446861267,0.0
53.0,-1.4009544849395752,-0.6346421241760254,0.0
53.0,-1.3980052471160889,-0.6411124467849731,0.0
53.0,-1.3986544609069824,-0.6492533087730408,0.0
53.0,-1.4010682106018066,-0.6582642197608948,0.0
53.0,-1.3980097770690918,-0.6647348999977112,0.0
53.0,-1.400328278541565,-0.673792839050293,0.0
53.0,-1.3971980810165405,-0.6802598834037781,0.0
53.0,-1.3994203805923462,-0.6893637180328369,0.0
53.0,-1.3962182998657227,-0.6958264112472534,0.0
53.0,-1.3965580463409424,-0.7040749192237854,0.0
53.0,-1.3986331224441528,-0.7132500410079956,0.0
53.0,-1.3953205347061157,-0.7197088003158569,0.0
53.0,-1.3990709781646729,-0.7298523187637329,0.0
53.0,-1.395681619644165,-0.7363129258155823,0.0
53.0,-1.397556185722351,-0.7455819845199585,0.0
53.0,-1.3993748426437378,-0.7548840641975403,0.0
53.0,-1.3958698511123657,-0.7613458633422852,0.0
53.0,-1.3975889682769775,-0.7706886529922485,0.0
53.0,-1.3940107822418213,-0.7771419882774353,0.0
53.0,-1.3956300020217896,-0.7865244746208191,0.0
53.0,-1.3919787406921387,-0.7929686307907104,0.0
53.0,-1.393497347831726,-0.8023898005485535,0.0
53.0,-1.3966870307922363,-0.8128478527069092,0.0
53.0,-1.3929139375686646,-0.8192965984344482,0.0
53.0,-1.3942686319351196,-0.8287935853004456,0.0
53.0,-1.390421986579895,-0.8352309465408325,0.0
53.0,-1.391674518585205,-0.8447638750076294,0.0
53.0,-1.3962782621383667,-0.8564174771308899,0.0
53.0,-1.3923038244247437,-0.8628638386726379,0.0
53.0,-1.3950800895690918,-0.8735374212265015,0.0
53.0,-1.391026496887207,-0.8799780607223511,0.0
53.0,-1.3919987678527832,-0.889630913734436,0.0
53.0,-1.3878707885742188,-0.89605712890625,0.0
53.0,-1.3904139995574951,-0.9068344831466675,0.0
53.0,-1.3945571184158325,-0.9187547564506531,0.0
53.0,-1.3902944326400757,-0.9251924753189087,0.0
53.0,-1.3909817934036255,-0.9349575638771057,0.0
53.0,-1.3866442441940308,-0.9413785934448242,0.0
53.0,-1.388875126838684,-0.9523035287857056,0.0
53.0,-1.3844573497772217,-0.9587146639823914,0.0
53.0,-1.3882049322128296,-0.9708362817764282,0.0
53.0,-1.3902361392974854,-0.9818592071533203,0.0
53.0,-1.3856818675994873,-0.9882762432098389,0.0
53.0,-1.3892123699188232,-1.000516414642334,0.0
53.0,-1.3845717906951904,-1.006928563117981,0.0
53.0,-1.3895738124847412,-1.0204218626022339,0.0
53.0,-1.3832346200942993,-1.0256441831588745,0.0
53.0,-1.378477931022644,-1.0320284366607666,0.0
53.0,-1.3625234365463257,-1.0299484729766846,0.0
53.0,-1.357746958732605,-1.0362368822097778,0.0
53.0,-1.3434361219406128,-1.035178780555725,0.0
53.0,-1.3244285583496094,-1.0303266048431396,0.0
53.0,-1.3196508884429932,-1.0364389419555664,0.0
53.0,-1.3038748502731323,-1.033831000328064,0.0
53.0,-1.2990810871124268,-1.0398482084274292,0.0
53.0,-1.2818148136138916,-1.0357871055603027,0.0
53.0,-1.2770122289657593,-1.0417022705078125,0.0
53.0,-1.256743311882019,-1.0348817110061646,0.0
53.0,-1.24117910861969,-1.0317317247390747,0.0
53.0,-1.2363957166671753,-1.037459135055542,0.0
53.0,-1.2209031581878662,-1.0341157913208008,0.0
53.0,-1.216109037399292,-1.0397495031356812,0.0
53.0,-1.1991759538650513,-1.0349072217941284,0.0
53.0,-1.1853300333023071,-1.0325583219528198,0.0
53.0,-1.1805435419082642,-1.0380275249481201,0.0
53.0,-1.1652607917785645,-1.0341814756393433,0.0
53.0,-1.1604669094085693,-1.0395578145980835,0.0
53.0,-1.14378023147583,-1.0341812372207642,0.0
53.0,-1.1301229000091553,-1.0313690900802612,0.0
53.0,-1.1253423690795898,-1.0365830659866333,0.0
53.0,-1.1102845668792725,-1.0322422981262207,0.0
53.0,-1.105500340461731,-1.0373644828796387,0.0
53.0,-1.0905276536941528,-1.0328376293182373,0.0
53.0,-1.0756207704544067,-1.0281946659088135,0.0
53.0,-1.0708554983139038,-1.0331566333770752,0.0
53.0,-1.0574699640274048,-1.0297247171401978,0.0
53.0,-1.0526978969573975,-1.0346027612686157,0.0
53.0,-1.0393837690353394,-1.0310078859329224,0.0
53.0,-1.0275390148162842,-1.0287271738052368,0.0
53.0,-1.0227718353271484,-1.0334669351577759,0.0
53.0,-1.0095813274383545,-1.029616355895996,0.0
53.0,-1.0048102140426636,-1.0342729091644287,0.0
53.0,-0.9930827021598816,-1.0317028760910034,0.0
53.0,-0.9814006090164185,-1.029046654701233,0.0
53.0,-0.9766324162483215,-1.033573031425476,0.0
53.0,-0.9650089740753174,-1.030777096748352,0.0
53.0,-0.9602330327033997,-1.035227656364441,0.0
53.0,-0.948669970035553,-1.0322932004928589,0.0
53.0,-0.9371547102928162,-1.0292739868164062,0.0
53.0,-0.9323859810829163,-1.0335958003997803,0.0
53.0,-0.9196008443832397,-1.028948187828064,0.0
53.0,-0.9148337841033936,-1.033188819885254,0.0
53.0,-0.9047715663909912,-1.0313934087753296,0.0
53.0,-0.899993360042572,-1.0355654954910278,0.0
53.0,-0.8873662352561951,-1.0306217670440674,0.0
53.0,-0.8761021494865417,-1.0271052122116089,0.0
53.0,-0.8713441491127014,-1.0311447381973267,0.0
53.0,-0.8614321947097778,-1.0290279388427734,0.0
53.0,-0.8528352975845337,-1.0283812284469604,0.0
53.0,-0.8480715751647949,-1.0323131084442139,0.0
53.0,-0.8369777202606201,-1.0284669399261475,0.0
53.0,-0.832213819026947,-1.0323256254196167,0.0
53.0,-0.8211920261383057,-1.0283479690551758,0.0
53.0,-0.8164287805557251,-1.03213369846344,0.0
53.0,-0.8067141175270081,-1.0296000242233276,0.0
53.0,-0.7970404028892517,-1.02699875831604,0.0
53.0,-0.7922836542129517,-1.0306727886199951,0.0
53.0,-0.7838754057884216,-1.0295510292053223,0.0
53.0,-0.7742902636528015,-1.0267767906188965,0.0
53.0,-0.7695348262786865,-1.0303456783294678,0.0
53.0,-0.7600054740905762,-1.0274608135223389,0.0
53.0,-0.7552469968795776,-1.030963659286499,0.0
53.0,-0.7457746267318726,-1.0279690027236938,0.0
53.0,-0.7410139441490173,-1.0314059257507324,0.0
53.0,-0.731599748134613,-1.0283023118972778,0.0
53.0,-0.7233820557594299,-1.0267689228057861,0.0
53.0,-0.7186272144317627,-1.0301024913787842,0.0
53.0,-0.710446834564209,-1.0284771919250488,0.0
53.0,-0.7056841850280762,-1.0317507982254028,0.0
53.0,-0.6964206695556641,-1.0283784866333008,0.0
53.0,-0.6883172988891602,-1.0266036987304688,0.0
53.0,-0.6835635304450989,-1.0297751426696777,0.0
53.0,-0.6744017601013184,-1.0262389183044434,0.0
53.0,-0.6696498990058899,-1.029345989227295,0.0
53.0,-0.6616350412368774,-1.0273865461349487,0.0
53.0,-0.6558029055595398,-1.0287480354309082,0.0
53.0,-0.6510396003723145,-1.0317691564559937,0.0
53.0,-0.6430840492248535,-1.0296790599822998,0.0
53.0,-0.6383165717124939,-1.0326412916183472,0.0
53.0,-0.6283168792724609,-1.0270510911941528,0.0
53.0,-0.6204542517662048,-1.0248123407363892,0.0
53.0,-0.6157095432281494,-1.0276700258255005,0.0
53.0,-0.6089117527008057,-1.0270649194717407,0.0
53.0,-0.6041567921638489,-1.0298691987991333,0.0
53.0,-0.5963768362998962,-1.0274622440338135,0.0
53.0,-0.5916200876235962,-1.0302084684371948,0.0
53.0,-0.5838868618011475,-1.027716040611267,0.0
53.0,-0.5761893391609192,-1.0251740217208862,0.0
53.0,-0.5714434385299683,-1.0278270244598389,0.0
53.0,-0.5637940168380737,-1.025200605392456,0.0
53.0,-0.5571368932723999,-1.024282455444336,0.0
53.0,-0.5523952841758728,-1.0268473625183105,0.0
53.0,-0.5457631349563599,-1.0258588790893555,0.0
53.0,-0.5410143733024597,-1.0283712148666382,0.0
53.0,-0.5334851741790771,-1.025538682937622,0.0
53.0,-0.5287380218505859,-1.0279942750930786,0.0
53.0,-0.5221664309501648,-1.0268622636795044,0.0
53.0,-0.5156167149543762,-1.0256916284561157,0.0
53.0,-0.5108690857887268,-1.0280646085739136,0.0
53.0,-0.5034652948379517,-1.0250300168991089,0.0
53.0,-0.49872082471847534,-1.0273468494415283,0.0
53.0,-0.49137043952941895,-1.024232029914856,0.0
53.0,-0.4849162697792053,-1.0228784084320068,0.0
53.0,-0.4801819324493408,-1.0251094102859497,0.0
53.0,-0.47375738620758057,-1.0236884355545044,0.0
53.0,-0.46901941299438477,-1.0258678197860718,0.0
53.0,-0.4618018865585327,-1.022557020187378,0.0
53.0,-0.4570693075656891,-1.0246812105178833,0.0
53.0,-0.4515206515789032,-1.0249532461166382,0.0
53.0,-0.4451814889907837,-1.0233619213104248,0.0
53.0,-0.44044533371925354,-1.02540922164917,0.0
53.0,-0.43413808941841125,-1.023751974105835,0.0
53.0,-0.4294002652168274,-1.0257482528686523,0.0
53.0,-0.4231257736682892,-1.0240256786346436,0.0
53.0,-0.4176315367221832,-1.0241190195083618,0.0
53.0,-0.4128921926021576,-1.0260390043258667,0.0
53.0,-0.40666791796684265,-1.024219274520874,0.0
53.0,-0.40192824602127075,-1.0260885953903198,0.0
53.0,-0.39501744508743286,-1.022339105606079,0.0
53.0,-0.39028656482696533,-1.0241544246673584,0.0
53.0,-0.38554733991622925,-1.02594792842865,0.0
53.0,-0.38149479031562805,-1.0295950174331665,0.0
53.0,-0.3767305314540863,-1.0313477516174316,0.0
53.0,-0.37128064036369324,-1.0311967134475708,0.0
53.0,-0.36584025621414185,-1.0310174226760864,0.0
53.0,-0.36106956005096436,-1.0326977968215942,0.0
53.0,-0.3549884855747223,-1.0305742025375366,0.0
53.0,-0.3502199649810791,-1.032204508781433,0.0
53.0,-0.3441762328147888,-1.0300188064575195,0.0
53.0,-0.3394103944301605,-1.0315990447998047,0.0
53.0,-0.33402103185653687,-1.031254529953003,0.0
53.0,-0.3280346691608429,-1.0289767980575562,0.0
53.0,-0.32327380776405334,-1.030482530593872,0.0
53.0,-0.31791621446609497,-1.0300549268722534,0.0
53.0,-0.3131504952907562,-1.0315138101577759,0.0
53.0,-0.3072338104248047,-1.0291178226470947,0.0
53.0,-0.30190926790237427,-1.0286082029342651,0.0
53.0,-0.2971504032611847,-1.0299930572509766,0.0
53.0,-0.29183971881866455,-1.029431700706482,0.0
53.0,-0.2870771586894989,-1.0307700634002686,0.0
53.0,-0.28178074955940247,-1.0301570892333984,0.0
53.0,-0.2759774327278137,-1.027585744857788,0.0
53.0,-0.2712235748767853,-1.0288506746292114,0.0
53.0,-0.26596304774284363,-1.0281574726104736,0.0
53.0,-0.26120665669441223,-1.0293761491775513,0.0
53.0,-0.25596168637275696,-1.0286318063735962,0.0
53.0,-0.2507292628288269,-1.02786123752594,0.0
53.0,-0.24597439169883728,-1.029009461402893,0.0
53.0,-0.2407582849264145,-1.0281884670257568,0.0
53.0,-0.23600201308727264,-1.0292905569076538,0.0
53.0,-0.2308027595281601,-1.0284192562103271,0.0
53.0,-0.22604551911354065,-1.0294753313064575,0.0
53.0,-0.22086356580257416,-1.028554081916809,0.0
53.0,-0.21528410911560059,-1.0256494283676147,0.0
53.0,-0.21053984761238098,-1.0266337394714355,0.0
53.0,-0.20579108595848083,-1.0275962352752686,0.0
53.0,-0.2010379284620285,-1.0285366773605347,0.0
53.0,-0.1959058940410614,-1.0274906158447266,0.0
53.0,-0.19078783690929413,-1.0264190435409546,0.0
53.0,-0.18604028224945068,-1.0272901058197021,0.0
53.0,-0.18094146251678467,-1.026169776916504,0.0
53.0,-0.1761951595544815,-1.026995301246643,0.0
53.0,-0.17078694701194763,-1.0238534212112427,0.0
53.0,-0.1660514622926712,-1.0246320962905884,0.0
53.0,-0.16131243109703064,-1.0253888368606567,0.0
53.0,-0.15626828372478485,-1.024146556854248,0.0
53.0,-0.15153160691261292,-1.0248581171035767,0.0
53.0,-0.14650830626487732,-1.0235679149627686,0.0
53.0,-0.14177440106868744,-1.024234414100647,0.0
53.0,-0.1370374709367752,-1.024878978729248,0.0
53.0,-0.13204170763492584,-1.0235178470611572,0.0
53.0,-0.127308189868927,-1.0241174697875977,0.0
53.0,-0.12233441323041916,-1.0227092504501343,0.0
53.0,-0.11760473996400833,-1.023263931274414,0.0
53.0,-0.11265338212251663,-1.0218087434768677,0.0
53.0,-0.10792797803878784,-1.022318720817566,0.0
53.0,-0.103200264275074,-1.0228067636489868,0.0
53.0,-0.09827876836061478,-1.0212821960449219,0.0
53.0,-0.09355594962835312,-1.0217256546020508,0.0
53.0,-0.08883113414049149,-1.022147297859192,0.0
53.0,-0.08410441875457764,-1.0225470066070557,0.0
53.0,-0.07937590032815933,-1.0229250192642212,0.0
53.0,-0.0745001882314682,-1.0212863683700562,0.0
53.0,-0.06977760046720505,-1.0216199159622192,0.0
53.0,-0.0650535300374031,-1.021931529045105,0.0
53.0,-0.06032806262373924,-1.0222214460372925,0.0
53.0,-0.055709902197122574,-1.0244864225387573,0.0
53.0,-0.050972722470760345,-1.024733066558838,0.0
53.0,-0.046234454959630966,-1.0249577760696411,0.0
53.0,-0.04141431301832199,-1.0231622457504272,0.0
53.0,-0.03668341040611267,-1.0233427286148071,0.0
53.0,-0.031951725482940674,-1.0235013961791992,0.0
53.0,-0.02721935510635376,-1.0236382484436035,0.0
53.0,-0.022486403584480286,-1.0237531661987305,0.0
53.0,-0.017718294635415077,-1.0218462944030762,0.0
53.0,-0.012993729673326015,-1.0219173431396484,0.0
53.0,-0.008268886245787144,-1.0219664573669434,0.0
53.0,-0.0035438663326203823,-1.0219937562942505,0.0
53.0,0.0011812294833362103,-1.0219992399215698,0.0
53.0,0.005906300153583288,-1.0219829082489014,0.0
53.0,0.010631244629621506,-1.0219446420669556,0.0
53.0,0.01535596139729023,-1.021884560585022,0.0
53.0,0.02008035033941269,-1.0218026638031006,0.0
53.0,0.024804310873150826,-1.0216989517211914,0.0
53.0,0.029527738690376282,-1.0215733051300049,0.0
53.0,0.03425053879618645,-1.0214258432388306,0.0
53.0,0.038972605019807816,-1.0212565660476685,0.0
53.0,0.04369383677840233,-1.0210654735565186,0.0
53.0,0.048414137214422226,-1.0208525657653809,0.0
53.0,0.05313339829444885,-1.0206178426742554,0.0
53.0,0.05785152688622475,-1.020361304283142,0.0
53.0,0.062690868973732,-1.0220792293548584,0.0
53.0,0.06741565465927124,-1.0217784643173218,0.0
53.0,0.07213899493217468,-1.0214558839797974,0.0
53.0,0.07686079293489456,-1.0211113691329956,0.0
53.0,0.08142160624265671,-1.0187513828277588,0.0
53.0,0.0862993597984314,-1.0203570127487183,0.0
53.0,0.09101593494415283,-1.0199471712112427,0.0
53.0,0.09573055803775787,-1.0195153951644897,0.0
53.0,0.10044313222169876,-1.0190619230270386,0.0
53.0,0.10515356063842773,-1.0185866355895996,0.0
53.0,0.10986173897981644,-1.0180896520614624,0.0
53.0,0.1145675778388977,-1.0175708532333374,0.0
53.0,0.11927095800638199,-1.0170302391052246,0.0
53.0,0.12397179752588272,-1.0164679288864136,0.0
53.0,0.12866997718811035,-1.0158839225769043,0.0
53.0,0.13336540758609772,-1.0152782201766968,0.0
53.0,0.13832764327526093,-1.0166324377059937,0.0
53.0,0.1430264264345169,-1.0159820318222046,0.0
53.0,0.14772216975688934,-1.0153099298477173,0.0
53.0,0.1524147391319275,-1.0146161317825317,0.0
53.0,0.15710406005382538,-1.0139005184173584,0.0
53.0,0.16210539638996124,-1.0151383876800537,0.0
53.0,0.16679702699184418,-1.0143779516220093,0.0
53.0,0.17181871831417084,-1.0155678987503052,0.0
53.0,0.1768549680709839,-1.0167330503463745,0.0
53.0,0.18155381083488464,-1.0159045457839966,0.0
53.0,0.186248779296875,-1.0150543451309204,0.0
53.0,0.1909397542476654,-1.0141823291778564,0.0
53.0,0.19600580632686615,-1.0152525901794434,0.0
53.0,0.20108579099178314,-1.016297459602356,0.0
53.0,0.20578236877918243,-1.0153568983078003,0.0
53.0,0.21047453582286835,-1.0143946409225464,0.0
53.0,0.2151622176170349,-1.0134106874465942,0.0
53.0,0.22026969492435455,-1.014359474182129,0.0
53.0,0.22495709359645844,-1.013330340385437,0.0
53.0,0.23008215427398682,-1.0142297744750977,0.0
53.0,0.23567183315753937,-1.0170520544052124,0.0
53.0,0.24037152528762817,-1.0159515142440796,0.0
53.0,0.24600501358509064,-1.0187175273895264,0.0
53.0,0.2507123053073883,-1.0175693035125732,0.0
53.0,0.255414217710495,-1.0163992643356323,0.0
53.0,0.2606070637702942,-1.0171449184417725,0.0
53.0,0.26530691981315613,-1.0159292221069336,0.0
53.0,0.2710297107696533,-1.0185573101043701,0.0
53.0,0.2757359743118286,-1.0172933340072632,0.0
53.0,0.28043636679649353,-1.016007661819458,0.0
53.0,0.28513073921203613,-1.014700174331665,0.0
53.0,0.28981903195381165,-1.0133711099624634,0.0
53.0,0.29561877250671387,-1.015860915184021,0.0
53.0,0.3003123104572296,-1.0144833326339722,0.0
53.0,0.304999440908432,-1.013084053993225,0.0
53.0,0.3096800446510315,-1.0116630792617798,0.0
53.0,0.31494826078414917,-1.0121301412582397,0.0
53.0,0.3202274441719055,-1.0125702619552612,0.0
53.0,0.32490551471710205,-1.0110788345336914,0.0
53.0,0.330197274684906,-1.0114670991897583,0.0
53.0,0.3348701596260071,-1.0099296569824219,0.0
53.0,0.3414505422115326,-1.0140570402145386,0.0
53.0,0.3461352586746216,-1.0124675035476685,0.0
53.0,0.35212400555610657,-1.0146352052688599,0.0
53.0,0.35747572779655457,-1.0148828029632568,0.0
53.0,0.36216408014297485,-1.0132192373275757,0.0
53.0,0.3675265610218048,-1.0134141445159912,0.0
53.0,0.37220802903175354,-1.0117040872573853,0.0
53.0,0.37758079171180725,-1.0118463039398193,0.0
53.0,0.38296276330947876,-1.0119602680206299,0.0
53.0,0.38763734698295593,-1.010178804397583,0.0
53.0,0.39302876591682434,-1.0102397203445435,0.0
53.0,0.39769527316093445,-1.0084118843078613,0.0
53.0,0.40532270073890686,-1.013990879058838,0.0
53.0,0.41000640392303467,-1.0121060609817505,0.0
53.0,0.4154408574104309,-1.0120497941970825,0.0
53.0,0.42088353633880615,-1.0119649171829224,0.0
53.0,0.4255577027797699,-1.0100082159042358,0.0
53.0,0.4317930042743683,-1.0117088556289673,0.0
53.0,0.43646588921546936,-1.0097017288208008,0.0
53.0,0.44353556632995605,-1.013169288635254,0.0
53.0,0.45064666867256165,-1.016593098640442,0.0
53.0,0.4553419351577759,-1.0144987106323242,0.0
53.0,0.4600274860858917,-1.0123826265335083,0.0
53.0,0.46470317244529724,-1.0102449655532837,0.0
53.0,0.4702131152153015,-1.0098987817764282,0.0
53.0,0.4774349331855774,-1.0131416320800781,0.0
53.0,0.4821139872074127,-1.0109233856201172,0.0
53.0,0.49025973677635193,-1.0158884525299072,0.0
53.0,0.4949513077735901,-1.0136109590530396,0.0
53.0,0.499632328748703,-1.0113117694854736,0.0
53.0,0.5043026804924011,-1.008991003036499,0.0
53.0,0.5098646283149719,-1.00843346118927,0.0
53.0,0.5181641578674316,-1.0131880044937134,0.0
53.0,0.5228429436683655,-1.0107815265655518,0.0
53.0,0.5293647646903992,-1.0118976831436157,0.0
53.0,0.5340374708175659,-1.0094393491744995,0.0
53.0,0.5405856370925903,-1.0104866027832031,0.0
53.0,0.545251727104187,-1.0079765319824219,0.0
53.0,0.5518255233764648,-1.0089541673660278,0.0
53.0,0.5593878030776978,-1.0116428136825562,0.0
53.0,0.5640590786933899,-1.0090458393096924,0.0
53.0,0.5697021484375,-1.008168339729309,0.0
53.0,0.5743572115898132,-1.005523681640625,0.0
53.0,0.5809999108314514,-1.0063214302062988,0.0
53.0,0.5886703133583069,-1.008806824684143,0.0
53.0,0.5933281183242798,-1.0060744285583496,0.0
53.0,0.6030929088592529,-1.0119105577468872,0.0
53.0,0.6077648997306824,-1.0091114044189453,0.0
53.0,0.6134636402130127,-1.0079991817474365,0.0
53.0,0.6181174516677856,-1.0051521062850952,0.0
53.0,0.6248691082000732,-1.0056811571121216,0.0
53.0,0.6337655186653137,-1.0095570087432861,0.0
53.0,0.6384263038635254,-1.0066161155700684,0.0
53.0,0.6463103294372559,-1.008705496788025,0.0
53.0,0.6509670615196228,-1.005706548690796,0.0
53.0,0.6577989459037781,-1.0060341358184814,0.0
53.0,0.6624431610107422,-1.0029821395874023,0.0
53.0,0.670403003692627,-1.0048998594284058,0.0
53.0,0.6783947348594666,-1.006765365600586,0.0
53.0,0.6830421686172485,-1.0036181211471558,0.0
53.0,0.6899408102035522,-1.0037459135055542,0.0
53.0,0.6945741176605225,-1.0005452632904053,0.0
53.0,0.7037849426269531,-1.0038738250732422,0.0
53.0,0.713041365146637,-1.0071384906768799,0.0
53.0,0.717690110206604,-1.0038310289382935,0.0
53.0,0.7258356213569641,-1.0053669214248657,0.0
53.0,0.7304760813713074,-1.002000331878662,0.0
53.0,0.7410290837287903,-1.0066657066345215,0.0
53.0,0.7456753849983215,-1.0032289028167725,0.0
53.0,0.7539072036743164,-1.0045695304870605,0.0
53.0,0.7633751630783081,-1.0074495077133179,0.0
53.0,0.7680248022079468,-1.0039093494415283,0.0
53.0,0.7775481939315796,-1.0066790580749512,0.0
53.0,0.7821941375732422,-1.0030733346939087,0.0
53.0,0.7905348539352417,-1.0041606426239014,0.0
53.0,0.8001465797424316,-1.0067578554153442,0.0
53.0,0.8047926425933838,-1.0030478239059448,0.0
53.0,0.816974401473999,-1.008641004562378,0.0
53.0,0.821628987789154,-1.0048531293869019,0.0
53.0,0.8326317071914673,-1.0087558031082153,0.0
53.0,0.837286651134491,-1.0048954486846924,0.0
53.0,0.8470731377601624,-1.0071361064910889,0.0
53.0,0.8517204523086548,-1.0032089948654175,0.0
53.0,0.8602538704872131,-1.0038163661956787,0.0
53.0,0.8701195120811462,-1.0058788061141968,0.0
53.0,0.8747608065605164,-1.001845121383667,0.0
53.0,0.8859952092170715,-1.005292296409607,0.0
53.0,0.8906335830688477,-1.0011851787567139,0.0
53.0,0.9019339084625244,-1.0044975280761719,0.0
53.0,0.9132837653160095,-1.0077265501022339,0.0
53.0,0.9179331064224243,-1.003493309020996,0.0
53.0,0.9293463826179504,-1.006585955619812,0.0
53.0,0.9339902400970459,-1.0022785663604736,0.0
53.0,0.9454653859138489,-1.005233883857727,0.0
53.0,0.9501028060913086,-1.0008519887924194,0.0
53.0,0.9630218744277954,-1.0051133632659912,0.0
53.0,0.9773908257484436,-1.0107141733169556,0.0
53.0,0.982053279876709,-1.0061845779418945,0.0
53.0,0.9993267059326172,-1.0144566297531128,0.0
53.0,1.004006266593933,-1.0098254680633545,0.0
53.0,1.0228309631347656,-1.0192904472351074,0.0
53.0,1.0431874990463257,-1.0300077199935913,0.0
53.0,1.0479384660720825,-1.0251736640930176,0.0
53.0,1.0684641599655151,-1.035629391670227,0.0
53.0,1.073240876197815,-1.0306785106658936,0.0
53.0,1.0924837589263916,-1.0394917726516724,0.0
53.0,1.097278118133545,-1.0344297885894775,0.0
53.0,1.1195881366729736,-1.0457276105880737,0.0
53.0,1.1420257091522217,-1.0568411350250244,0.0
53.0,1.146899700164795,-1.0515497922897339,0.0
53.0,1.1665531396865845,-1.0596837997436523,0.0
53.0,1.1714400053024292,-1.054279088973999,0.0
53.0,1.1927223205566406,-1.0634931325912476,0.0
53.0,1.1976264715194702,-1.0579674243927002,0.0
53.0,1.2220700979232788,-1.0695421695709229,0.0
53.0,1.2270019054412842,-1.0638806819915771,0.0
53.0,1.251630187034607,-1.075137972831726,0.0
53.0,1.2748652696609497,-1.084893822669983,0.0
53.0,1.2798675298690796,-1.0789880752563477,0.0
53.0,1.187578558921814,-0.9551090002059937,0.0
53.0,1.1919817924499512,-0.9496081471443176,0.0
53.0,1.196359395980835,-0.944087028503418,0.0
53.0,1.2007114887237549,-0.9385457634925842,0.0
53.0,1.2255961894989014,-0.948901355266571,0.0
53.0,1.2299702167510986,-0.9432248473167419,0.0
53.0,1.255022644996643,-0.9532544612884521,0.0
53.0,1.2594164609909058,-0.947441816329956,0.0
53.0,1.289444088935852,-0.9607279300689697,0.0
53.0,1.2938721179962158,-0.9547560811042786,0.0
53.0,1.3273382186889648,-0.9700047969818115,0.0
53.0,1.3577319383621216,-0.9826188683509827,0.0
53.0,1.3622604608535767,-0.9763310551643372,0.0
53.0,1.3928555250167847,-0.9885430932044983,0.0
53.0,1.3974109888076782,-0.9820927977561951,0.0
53.0,1.428202509880066,-0.9939002394676208,0.0
53.0,1.4327824115753174,-0.9872865080833435,0.0
53.0,1.460461139678955,-0.9964322447776794,0.0
53.0,1.4849400520324707,-1.0031038522720337,0.0
53.0,1.489561915397644,-0.9962276220321655,0.0
53.0,1.510827660560608,-1.0003718137741089,0.0
53.0,1.5154366493225098,-0.9933760166168213,0.0
53.0,1.5384681224822998,-0.9983345866203308,0.0
53.0,1.5430673360824585,-0.9912109971046448,0.0
53.0,1.5678861141204834,-0.9969438910484314,0.0
53.0,1.5775564908981323,-0.9928802847862244,0.0
53.0,1.5821300745010376,-0.9855760335922241,0.0
53.0,1.5764553546905518,-0.9719529747962952,0.0
53.0,1.5809321403503418,-0.9646540284156799,0.0
53.0,1.576814889907837,-0.9521653056144714,0.0
53.0,1.5743329524993896,-0.9407612681388855,0.0
53.0,1.5786656141281128,-0.9334725141525269,0.0
53.0,1.5743333101272583,-0.9211137890815735,0.0
53.0,1.5785751342773438,-0.9138252139091492,0.0
53.0,1.581047773361206,-0.9055231213569641,0.0
53.0,1.5852173566818237,-0.8982036709785461,0.0
53.0,1.5963317155838013,-0.8947766423225403,0.0
53.0,1.6144444942474365,-0.8951451778411865,0.0
53.0,1.6185657978057861,-0.8876714110374451,0.0
53.0,1.638474702835083,-0.8887611627578735,0.0
53.0,1.6425663232803345,-0.8811764121055603,0.0
53.0,1.6642903089523315,-0.8829458951950073,0.0
53.0,1.6807523965835571,-0.8817457556724548,0.0
53.0,1.684810996055603,-0.8739655613899231,0.0
53.0,1.4536086320877075,-0.728627622127533,0.0
53.0,1.456961750984192,-0.7218992710113525,0.0
53.0,1.4602837562561035,-0.7151554822921753,0.0
53.0,1.4635746479034424,-0.7083963751792908,0.0
53.0,1.4895682334899902,-0.6956454515457153,0.0
53.0,1.4927685260772705,-0.6887511610984802,0.0
53.0,1.4959369897842407,-0.6818422079086304,0.0
53.0,1.4990733861923218,-0.6749186515808105,0.0
53.0,1.516797423362732,-0.6744816303253174,0.0
53.0,1.5327180624008179,-0.673090934753418,0.0
53.0,1.5358136892318726,-0.6659973859786987,0.0
53.0,1.5535849332809448,-0.6651872992515564,0.0
53.0,1.5566437244415283,-0.6579973697662354,0.0
53.0,1.5652064085006714,-0.6531038880348206,0.0
53.0,1.5682092905044556,-0.6458603739738464,0.0
53.0,1.56747305393219,-0.6370969414710999,0.0
53.0,1.566689133644104,-0.6283540725708008,0.0
53.0,1.5695775747299194,-0.6211040019989014,0.0
53.0,1.5668432712554932,-0.6116587519645691,0.0
53.0,1.5696544647216797,-0.6044080853462219,0.0
53.0,1.56682288646698,-0.5950143933296204,0.0
53.0,1.5639381408691406,-0.5856598615646362,0.0
53.0,1.5666290521621704,-0.5784229636192322,0.0
53.0,1.5636485815048218,-0.5691215395927429,0.0
53.0,1.5662630796432495,-0.5618861317634583,0.0
53.0,1.5650728940963745,-0.553305447101593,0.0
53.0,1.563836932182312,-0.5447477698326111,0.0
53.0,1.5663387775421143,-0.5375117659568787,0.0
53.0,1.5631229877471924,-0.5283430218696594,0.0
53.0,1.5655490159988403,-0.521110475063324,0.0
53.0,1.5641405582427979,-0.5126210451126099,0.0
53.0,1.5664938688278198,-0.5053839683532715,0.0
53.0,1.5650012493133545,-0.4969255328178406,0.0
53.0,1.5634640455245972,-0.4884917438030243,0.0
53.0,1.5657057762145996,-0.4812580347061157,0.0
53.0,1.5621708631515503,-0.4722777307033539,0.0
53.0,1.5643376111984253,-0.46505019068717957,0.0
53.0,1.5626317262649536,-0.45669063925743103,0.0
53.0,1.5608818531036377,-0.4483567774295807,0.0
53.0,1.5629380941390991,-0.441135436296463,0.0
53.0,1.5630335807800293,-0.43337032198905945,0.0
53.0,1.5650205612182617,-0.4261392056941986,0.0
53.0,1.5631097555160522,-0.41786596179008484,0.0
53.0,1.561155915260315,-0.40961945056915283,0.0
53.0,1.563033103942871,-0.4023972749710083,0.0
53.0,1.5571202039718628,-0.3932077884674072,0.0
53.0,1.5589215755462646,-0.3860044479370117,0.0
53.0,1.5490281581878662,-0.3759625256061554,0.0
53.0,1.5410211086273193,-0.3664831221103668,0.0
53.0,1.5426990985870361,-0.35935449600219727,0.0
53.0,1.5667070150375366,-0.17089514434337616,0.0
53.0,1.5674803256988525,-0.16364984214305878,0.0
53.0,1.5682202577590942,-0.15640105307102203,0.0
53.0,1.5689265727996826,-0.14914891123771667,0.0
53.0,1.5602751970291138,-0.13378094136714935,0.0
53.0,1.5608769655227661,-0.12656578421592712,0.0
53.0,1.5614454746246338,-0.11934790760278702,0.0
53.0,1.5619806051254272,-0.11212749034166336,0.0
53.0,1.5564957857131958,-0.10450273752212524,0.0
53.0,1.556962251663208,-0.09730536490678787,0.0
53.0,1.5553988218307495,-0.08999038487672806,0.0
53.0,1.5557982921600342,-0.08279823511838913,0.0
53.0,1.5601598024368286,-0.07579842954874039,0.0
53.0,1.570483922958374,-0.069023497402668,0.0
53.0,1.5707862377166748,-0.061761826276779175,0.0
53.0,1.5790503025054932,-0.054776184260845184,0.0
53.0,1.5792865753173828,-0.04747506231069565,0.0
53.0,1.5874866247177124,-0.04037633165717125,0.0
53.0,1.599653720855713,-0.03328600153326988,0.0
53.0,1.5997905731201172,-0.02588985301554203,0.0
53.0,1.6118923425674438,-0.018631847575306892,0.0
53.0,1.6119612455368042,-0.011179269291460514,0.0
53.0,1.6199957132339478,-0.0037449460942298174,0.0
53.0,1.629995584487915,0.0037680540699511766,0.0
53.0,1.6299607753753662,0.011304090730845928,0.0
53.0,1.639890432357788,0.018955467268824577,0.0
53.0,1.6397852897644043,0.026537088677287102,0.0
53.0,1.649642825126648,0.034326180815696716,0.0
53.0,1.6494665145874023,0.04195272549986839,0.0
53.0,1.6612495183944702,0.04993894696235657,0.0
53.0,1.6610008478164673,0.05761898681521416,0.0
53.0,1.6707091331481934,0.06569068878889084,0.0
53.0,1.4302313327789307,0.2504841983318329,0.0
53.0,1.4290579557418823,0.25709402561187744,0.0
53.0,1.427854061126709,0.2636983394622803,0.0
53.0,1.4266196489334106,0.27029702067375183,0.0
53.0,1.4390977621078491,0.2795596420764923,0.0
53.0,1.437789797782898,0.28621014952659607,0.0
53.0,1.4501690864562988,0.29565122723579407,0.0
53.0,1.448786735534668,0.30235275626182556,0.0
53.0,1.4610645771026611,0.3119712173938751,0.0
53.0,1.4713305234909058,0.3212829530239105,0.0
53.0,1.4698293209075928,0.32808202505111694,0.0
53.0,1.4799963235855103,0.33754241466522217,0.0
53.0,1.4784198999404907,0.3443813621997833,0.0
53.0,1.4904320240020752,0.35445207357406616,0.0
53.0,1.5101566314697266,0.36652809381484985,0.0
53.0,1.5084459781646729,0.37350618839263916,0.0
53.0,1.5280333757400513,0.38586267828941345,0.0
53.0,1.5262330770492554,0.3929232358932495,0.0
53.0,1.549548864364624,0.40657395124435425,0.0
53.0,1.5476524829864502,0.41373375058174133,0.0
53.0,1.5688800811767578,0.4271901249885559,0.0
53.0,1.5842338800430298,0.43924835324287415,0.0
53.0,1.5821861028671265,0.44656816124916077,0.0
53.0,1.591638207435608,0.4571914076805115,0.0
53.0,1.5895073413848877,0.46454524993896484,0.0
53.0,1.6026793718338013,0.47644850611686707,0.0
53.0,1.600459337234497,0.48385319113731384,0.0
53.0,1.6154108047485352,0.4965360760688782,0.0
53.0,1.6264607906341553,0.5081745386123657,0.0
53.0,1.6240938901901245,0.5156888365745544,0.0
53.0,1.6312092542648315,0.5262625217437744,0.0
53.0,1.6287587881088257,0.5337985754013062,0.0
53.0,1.639556884765625,0.545744776725769,0.0
53.0,1.6370161771774292,0.5533192157745361,0.0
53.0,1.6476824283599854,0.5654259920120239,0.0
53.0,1.6563827991485596,0.576985239982605,0.0
53.0,1.6536974906921387,0.5846371650695801,0.0
53.0,1.423190951347351,0.5105599761009216,0.0
53.0,1.4208152294158936,0.517134428024292,0.0
53.0,1.4184091091156006,0.5236979126930237,0.0
53.0,1.4347025156021118,0.5372639894485474,0.0
53.0,1.4322031736373901,0.543891429901123,0.0
53.0,1.4427381753921509,0.5555379986763,0.0
53.0,1.4401543140411377,0.5622023940086365,0.0
53.0,1.4505574703216553,0.5740060210227966,0.0
53.0,1.4645944833755493,0.5874068140983582,0.0
53.0,1.4618630409240723,0.594171941280365,0.0
53.0,1.4775934219360352,0.6085406541824341,0.0
53.0,1.4747642278671265,0.6153655648231506,0.0
53.0,1.48848295211792,0.629185676574707,0.0
53.0,1.503943681716919,0.6439327597618103,0.0
53.0,1.5009504556655884,0.6508792042732239,0.0
53.0,1.519899606704712,0.6674616932868958,0.0
53.0,1.516797423362732,0.6744816303253174,0.0
53.0,1.5264286994934082,0.68723464012146,0.0
53.0,1.5232350826263428,0.6942845582962036,0.0
53.0,1.5272729396820068,0.7046712040901184,0.0
53.0,1.5312471389770508,0.7151099443435669,0.0
53.0,1.5279245376586914,0.7221818566322327,0.0
53.0,1.5299819707870483,0.7318272590637207,0.0
53.0,1.52658212184906,0.7388931512832642,0.0
53.0,1.5285381078720093,0.748582124710083,0.0
53.0,1.525060772895813,0.7556411623954773,0.0
53.0,1.5269147157669067,0.765372633934021,0.0
53.0,1.528711199760437,0.7751374244689941,0.0
53.0,1.5251110792160034,0.7821969389915466,0.0
53.0,1.5268045663833618,0.7920025587081909,0.0
53.0,1.523126482963562,0.7990530729293823,0.0
53.0,1.5264829397201538,0.8098357319831848,0.0
53.0,1.5280096530914307,0.8197209239006042,0.0
53.0,1.5242034196853638,0.8267767429351807,0.0
53.0,1.523871898651123,0.8357383608818054,0.0
53.0,1.5199916362762451,0.8427748680114746,0.0
53.0,1.517823576927185,0.8507711887359619,0.0
53.0,1.5138739347457886,0.8577795624732971,0.0
53.0,1.508156418800354,0.8637756705284119,0.0
53.0,1.4833760261535645,0.8587151169776917,0.0
53.0,1.4793899059295654,0.8655641674995422,0.0
53.0,1.2687255144119263,1.1103744506835938,0.0
53.0,1.2635782957077026,1.116228461265564,0.0
53.0,1.258404016494751,1.1220585107803345,0.0
53.0,1.2532029151916504,1.1278645992279053,0.0
53.0,1.2338753938674927,1.13129460811615,0.0
53.0,1.228631854057312,1.1369872093200684,0.0
53.0,1.2233619689941406,1.1426554918289185,0.0
53.0,1.2180659770965576,1.1482993364334106,0.0
53.0,1.2054994106292725,1.147025465965271,0.0
53.0,1.200183391571045,1.1525866985321045,0.0
53.0,1.1905333995819092,1.1539472341537476,0.0
53.0,1.185185432434082,1.159439206123352,0.0
53.0,1.1769659519195557,1.1620960235595703,0.0
53.0,1.1616638898849487,1.1576428413391113,0.0
53.0,1.1562992334365845,1.163001298904419,0.0
53.0,1.141085147857666,1.1583613157272339,0.0
53.0,1.1357173919677734,1.1636245250701904,0.0
53.0,1.1261544227600098,1.1645498275756836,0.0
53.0,0.961622953414917,1.2937639951705933,0.0
53.0,0.9556311368942261,1.2981960773468018,0.0
53.0,0.9496188759803772,1.3026005029678345,0.0
53.0,0.9435863494873047,1.3069769144058228,0.0
53.0,0.9317176342010498,1.30319082736969,0.0
53.0,0.925682544708252,1.30748450756073,0.0
53.0,0.9196276664733887,1.3117502927780151,0.0
53.0,0.910131573677063,1.3110592365264893,0.0
53.0,0.9040603041648865,1.3152531385421753,0.0
53.0,0.8968445062637329,1.317765474319458,0.0
53.0,0.8907423615455627,1.3218978643417358,0.0
53.0,0.8835113048553467,1.3243381977081299,0.0
53.0,0.8773789405822754,1.3284088373184204,0.0
53.0,0.8701333403587341,1.3307772874832153,0.0
53.0,0.8628846406936646,1.3331069946289062,0.0
53.0,0.8567119836807251,1.3370821475982666,0.0
53.0,0.8505209684371948,1.3410288095474243,0.0
53.0,0.8443118333816528,1.3449467420578003,0.0
53.0,0.8380845785140991,1.3488359451293945,0.0
53.0,0.8318394422531128,1.3526962995529175,0.0
53.0,0.8255765438079834,1.3565278053283691,0.0
53.0,0.8192960023880005,1.3603302240371704,0.0
53.0,0.8129979372024536,1.3641035556793213,0.0
53.0,0.805666446685791,1.3661249876022339,0.0
53.0,0.7993417382240295,1.3698352575302124,0.0
53.0,0.7919999361038208,1.3717842102050781,0.0
53.0,0.7856492400169373,1.3754312992095947,0.0
53.0,0.7792816758155823,1.3790489435195923,0.0
53.0,0.7728975415229797,1.3826371431350708,0.0
53.0,0.7664967775344849,1.3861957788467407,0.0
53.0,0.7610393762588501,1.3914793729782104,0.0
53.0,0.7545979619026184,1.3949830532073975,0.0
53.0,0.7481403350830078,1.3984569311141968,0.0
53.0,0.7416667342185974,1.4019010066986084,0.0
53.0,0.7351773381233215,1.4053149223327637,0.0
53.0,0.7286721467971802,1.4086989164352417,0.0
53.0,0.7221514582633972,1.412052869796753,0.0
53.0,0.47828006744384766,0.9459640979766846,0.0
53.0,0.46774089336395264,0.9467599987983704,0.0
53.0,0.46335867047309875,0.9489123821258545,0.0
53.0,0.45896655321121216,0.9510445594787598,0.0
53.0,0.4545646011829376,0.9531563520431519,0.0
53.0,0.4484478533267975,0.9516294598579407,0.0
53.0,0.4440433084964752,0.953692615032196,0.0
53.0,0.43795767426490784,0.9521013498306274,0.0
53.0,0.4335510730743408,0.9541160464286804,0.0
53.0,0.4274972975254059,0.9524610638618469,0.0
53.0,0.4214681088924408,0.9507704973220825,0.0
53.0,0.41706782579421997,0.9527089595794678,0.0
53.0,0.4110715091228485,0.9509554505348206,0.0
53.0,0.4066705107688904,0.9528458118438721,0.0
53.0,0.4007076323032379,0.9510295987129211,0.0
53.0,0.3963063955307007,0.9528720378875732,0.0
53.0,0.3903777003288269,0.9509938359260559,0.0
53.0,0.3852258324623108,0.950934886932373,0.0
53.0,0.3808251619338989,0.9527057409286499,0.0
53.0,0.3749488592147827,0.9507350921630859,0.0
53.0,0.3698241114616394,0.9505946040153503,0.0
53.0,0.3654251992702484,0.9522942900657654,0.0
53.0,0.35960274934768677,0.9502325654029846,0.0
53.0,0.35520562529563904,0.9518849849700928,0.0
53.0,0.35011035203933716,0.9516400694847107,0.0
53.0,0.34570685029029846,0.9532486200332642,0.0
53.0,0.3406227231025696,0.9529533386230469,0.0
53.0,0.3348843455314636,0.9507452249526978,0.0
53.0,0.33048510551452637,0.9522833824157715,0.0
53.0,0.3247848153114319,0.9500161409378052,0.0
53.0,0.320389062166214,0.9515076279640198,0.0
53.0,0.3147275745868683,0.9491820335388184,0.0
53.0,0.30909445881843567,0.9468244910240173,0.0
53.0,0.304713636636734,0.9482434391975403,0.0
53.0,0.29972323775291443,0.9477351903915405,0.0
53.0,0.29533830285072327,0.9491108059883118,0.0
53.0,0.2903616428375244,0.9485536813735962,0.0
53.0,0.2859730124473572,0.9498860239982605,0.0
53.0,0.28101059794425964,0.9492802619934082,0.0
53.0,0.2760598659515381,0.948648989200592,0.0
53.0,0.27167096734046936,0.9499151706695557,0.0
53.0,0.2661941647529602,0.9473102688789368,0.0
53.0,0.2618115544319153,0.9485308527946472,0.0
53.0,0.2569001317024231,0.9478007555007935,0.0
53.0,0.2520010471343994,0.9470456838607788,0.0
53.0,0.24761982262134552,0.9482006430625916,0.0
53.0,0.24224050343036652,0.9454604983329773,0.0
53.0,0.23786669969558716,0.9465703368186951,0.0
53.0,0.2334877997636795,0.947659969329834,0.0
53.0,0.22863443195819855,0.9467852115631104,0.0
53.0,0.22425465285778046,0.9478321671485901,0.0
53.0,0.21941860020160675,0.9469105005264282,0.0
53.0,0.21503834426403046,0.9479148387908936,0.0
53.0,0.21022003889083862,0.9469464421272278,0.0
53.0,0.2054152935743332,0.9459537863731384,0.0
53.0,0.20103959739208221,0.9468933939933777,0.0
53.0,0.19625328481197357,0.9458544850349426,0.0
53.0,0.19187815487384796,0.9467517137527466,0.0
53.0,0.18711072206497192,0.9456667304039001,0.0
53.0,0.18235743045806885,0.9445579648017883,0.0
53.0,0.1779884397983551,0.9453909993171692,0.0
53.0,0.17325468361377716,0.9442366361618042,0.0
53.0,0.16888727247714996,0.9450275301933289,0.0
53.0,0.16451625525951385,0.9457982778549194,0.0
53.0,0.160141721367836,0.9465487599372864,0.0
53.0,0.15543925762176514,0.945305585861206,0.0
53.0,0.1510670930147171,0.9460141062736511,0.0
53.0,0.1466917097568512,0.9467024803161621,0.0
53.0,0.1423131823539734,0.9473705291748047,0.0
53.0,0.13793161511421204,0.9480183720588684,0.0
53.0,0.1332682967185974,0.9466654658317566,0.0
53.0,0.12835079431533813,0.9433080554008484,0.0
53.0,0.12398815900087357,0.9438914060592651,0.0
53.0,0.11937156319618225,0.942470371723175,0.0
53.0,0.11501289159059525,0.9430121779441833,0.0
53.0,0.11065176874399185,0.9435338973999023,0.0
53.0,0.10628827661275864,0.9440353512763977,0.0
53.0,0.10170794278383255,0.942528247833252,0.0
53.0,0.09734919667243958,0.942988395690918,0.0
53.0,0.09298837184906006,0.9434283971786499,0.0
53.0,0.08843857795000076,0.9418569803237915,0.0
53.0,0.08408308029174805,0.9422557950019836,0.0
53.0,0.07972577959299088,0.9426344633102417,0.0
53.0,0.0753667801618576,0.9429929852485657,0.0
53.0,0.0710061639547348,0.9433313608169556,0.0
53.0,0.0665031373500824,0.9416545629501343,0.0
53.0,0.0621488057076931,0.9419519901275635,0.0
53.0,0.05779314786195755,0.9422292709350586,0.0
53.0,0.05343625321984291,0.9424864053726196,0.0
53.0,0.049078214913606644,0.9427233338356018,0.0
53.0,0.04471912980079651,0.9429401755332947,0.0
53.0,0.04035909101366997,0.9431368708610535,0.0
53.0,0.035998184233903885,0.9433133602142334,0.0
53.0,0.03156948462128639,0.9414708018302917,0.0
53.0,0.02721637673676014,0.9416067004203796,0.0
53.0,0.022862685844302177,0.9417225122451782,0.0
53.0,0.018508508801460266,0.941818118095398,0.0
53.0,0.014153935015201569,0.9418936371803284,0.0
53.0,0.009799058549106121,0.9419490098953247,0.0
53.0,0.005443972535431385,0.941984236240387,0.0
53.0,0.0010887705720961094,0.9419993162155151,0.0
53.0,-0.0032664549071341753,0.941994309425354,0.0
53.0,-0.00760542880743742,0.9399692416191101,0.0
53.0,-0.011951175518333912,0.9399240016937256,0.0
53.0,-0.01633133925497532,0.9418584108352661,0.0
53.0,-0.020685726776719093,0.9417728185653687,0.0
53.0,-0.0250396728515625,0.9416671395301819,0.0
53.0,-0.029393082484602928,0.941541314125061,0.0
53.0,-0.033745866268873215,0.9413953423500061,0.0
53.0,-0.03809792548418045,0.9412292242050171,0.0
53.0,-0.04244917258620262,0.9410430192947388,0.0
53.0,-0.04679951071739197,0.9408367276191711,0.0
53.0,-0.05114884674549103,0.9406102895736694,0.0
53.0,-0.05549709498882294,0.9403637647628784,0.0
53.0,-0.05984415113925934,0.9400971531867981,0.0
53.0,-0.06418993324041367,0.9398103952407837,0.0
53.0,-0.06853433698415756,0.9395036101341248,0.0
53.0,-0.07303201407194138,0.9411707520484924,0.0
53.0,-0.07738261669874191,0.9408230185508728,0.0
53.0,-0.08173156529664993,0.9404551982879639,0.0
53.0,-0.08607876300811768,0.9400672912597656,0.0
53.0,-0.09042412787675858,0.9396592378616333,0.0
53.0,-0.09476755559444427,0.9392311573028564,0.0
53.0,-0.09910895675420761,0.9387829303741455,0.0
53.0,-0.10366740822792053,0.9403026103973389,0.0
53.0,-0.10801366716623306,0.9398132562637329,0.0
53.0,-0.11259517073631287,0.9412897229194641,0.0
53.0,-0.11694590002298355,0.9407591223716736,0.0
53.0,-0.12129412591457367,0.940208375453949,0.0
53.0,-0.12563976645469666,0.9396375417709351,0.0
53.0,-0.12998270988464355,0.9390466213226318,0.0
53.0,-0.1343228816986084,0.9384356141090393,0.0
53.0,-0.13866019248962402,0.9378045797348022,0.0
53.0,-0.14299452304840088,0.9371534585952759,0.0
53.0,-0.1473258137702942,0.936482310295105,0.0
53.0,-0.1519738882780075,0.93776535987854,0.0
53.0,-0.15663696825504303,0.9390255212783813,0.0
53.0,-0.16097676753997803,0.9382912516593933,0.0
53.0,-0.16531310975551605,0.9375370144844055,0.0
53.0,-0.16964592039585114,0.9367626905441284,0.0
53.0,-0.1743406057357788,0.9379346370697021,0.0
53.0,-0.17942433059215546,0.9410477876663208,0.0
53.0,-0.1837732195854187,0.9402081966400146,0.0
53.0,-0.188510924577713,0.9413095116615295,0.0
53.0,-0.1928609311580658,0.9404278993606567,0.0
53.0,-0.19720681011676788,0.9395262002944946,0.0
53.0,-0.2015484869480133,0.9386043548583984,0.0
53.0,-0.2058858424425125,0.9376624822616577,0.0
53.0,-0.2106567770242691,0.9386520981788635,0.0
53.0,-0.21499426662921906,0.9376680850982666,0.0
53.0,-0.21978312730789185,0.9386113882064819,0.0
53.0,-0.2241203337907791,0.9375852346420288,0.0
53.0,-0.22892671823501587,0.9384820461273193,0.0
53.0,-0.23374615609645844,0.939354419708252,0.0
53.0,-0.23808665573596954,0.9382636547088623,0.0
53.0,-0.24292293190956116,0.9390891790390015,0.0
53.0,-0.24726209044456482,0.9379560351371765,0.0
53.0,-0.2521147131919861,0.9387343525886536,0.0
53.0,-0.25645214319229126,0.9375587105751038,0.0
53.0,-0.26132068037986755,0.9382896423339844,0.0
53.0,-0.2662014365196228,0.9389956593513489,0.0
53.0,-0.27053990960121155,0.9377548694610596,0.0
53.0,-0.2754358649253845,0.9384130239486694,0.0
53.0,-0.2797715663909912,0.937129557132721,0.0
53.0,-0.2846822738647461,0.9377398490905762,0.0
53.0,-0.29019439220428467,0.9402357339859009,0.0
53.0,-0.29453834891319275,0.9388840198516846,0.0
53.0,-0.298876017332077,0.937512218952179,0.0
53.0,-0.30320730805397034,0.9361203908920288,0.0
53.0,-0.30815714597702026,0.9366083145141602,0.0
53.0,-0.31248414516448975,0.9351736307144165,0.0
53.0,-0.31808966398239136,0.9375067949295044,0.0
53.0,-0.32307204604148865,0.9379170536994934,0.0
53.0,-0.3274049460887909,0.9364133477210999,0.0
53.0,-0.3323996663093567,0.936774492263794,0.0
53.0,-0.33672717213630676,0.9352276921272278,0.0
53.0,-0.3417336642742157,0.9355394840240479,0.0
53.0,-0.34605535864830017,0.9339494705200195,0.0
53.0,-0.3510732352733612,0.934211790561676,0.0
53.0,-0.35681307315826416,0.9363163709640503,0.0
53.0,-0.3611381947994232,0.9346566796302795,0.0
53.0,-0.3661850392818451,0.9348392486572266,0.0
53.0,-0.3705032467842102,0.9331362247467041,0.0
53.0,-0.3755601942539215,0.9332687854766846,0.0
53.0,-0.38138142228126526,0.9352262616157532,0.0
53.0,-0.3857012689113617,0.9334530234336853,0.0
53.0,-0.39232975244522095,0.9371944665908813,0.0
53.0,-0.3966585695743561,0.9353705644607544,0.0
53.0,-0.40255752205848694,0.9372019171714783,0.0
53.0,-0.4068862497806549,0.9353306889533997,0.0
53.0,-0.41201257705688477,0.9352697730064392,0.0
53.0,-0.41714704036712646,0.9351814985275269,0.0
53.0,-0.42146629095077515,0.9332428574562073,0.0
53.0,-0.4266080856323242,0.9331032037734985,0.0
53.0,-0.4309176206588745,0.9311208724975586,0.0
53.0,-0.4369146525859833,0.9327408671379089,0.0
53.0,-0.4412223994731903,0.9307108521461487,0.0
53.0,-0.4472509026527405,0.9322674870491028,0.0
53.0,-0.45330315828323364,0.9337881207466125,0.0
53.0,-0.45761555433273315,0.9316823482513428,0.0
53.0,-0.4645882546901703,0.9349298477172852,0.0
53.0,-0.46890580654144287,0.9327718615531921,0.0
53.0,-0.4750264286994934,0.9341594576835632,0.0
53.0,-0.4811698794364929,0.9355103373527527,0.0
53.0,-0.48548996448516846,0.9332757592201233,0.0
53.0,-0.4916619658470154,0.9345611333847046,0.0
53.0,-0.4959775507450104,0.9322779774665833,0.0
53.0,-0.5021774768829346,0.9334975481033325,0.0
53.0,-0.506488025188446,0.9311658143997192,0.0
53.0,-1.0851831436157227,1.9732921123504639,0.0
53.0,-1.094294786453247,1.9682538509368896,0.0
53.0,-1.1033830642700195,1.963173508644104,0.0
53.0,-1.112447738647461,1.9580512046813965,0.0
53.0,-1.1254725456237793,1.9598243236541748,0.0
53.0,-1.1345216035842896,1.9545998573303223,0.0
53.0,-1.143546223640442,1.949333667755127,0.0
53.0,-1.1566263437271118,1.9509072303771973,0.0
53.0,-1.1656336784362793,1.945538878440857,0.0
53.0,-1.1787595748901367,1.9469724893569946,0.0
53.0,-1.1877485513687134,1.9415018558502197,0.0
53.0,-1.203021764755249,1.9461971521377563,0.0
53.0,-1.2120068073272705,1.9406143426895142,0.0
53.0,-1.2273696660995483,1.9451384544372559,0.0
53.0,-1.2406500577926636,1.946189045906067,0.0
53.0,-1.2496347427368164,1.9404323101043701,0.0
53.0,-1.265136480331421,1.944692611694336,0.0
53.0,-1.2741140127182007,1.938822627067566,0.0
53.0,-1.2897008657455444,1.9429091215133667,0.0
53.0,-1.3053525686264038,1.9468926191329956,0.0
53.0,-1.3143398761749268,1.9408366680145264,0.0
53.0,-1.3300734758377075,1.9446439743041992,0.0
53.0,-1.3390501737594604,1.9384738206863403,0.0
53.0,-1.3548640012741089,1.9421039819717407,0.0
53.0,-1.3638285398483276,1.935819149017334,0.0
53.0,-1.379720687866211,1.9392708539962769,0.0
53.0,-1.3956735134124756,1.942616581916809,0.0
53.0,-1.4046399593353271,1.936143159866333,0.0
53.0,-1.420668125152588,1.939308762550354,0.0
53.0,-1.4296190738677979,1.9327197074890137,0.0
53.0,-1.4481137990951538,1.9389086961746216,0.0
53.0,-1.4642876386642456,1.941773772239685,0.0
53.0,-1.4732495546340942,1.9349831342697144,0.0
53.0,-1.4894933700561523,1.9376649856567383,0.0
53.0,-1.4984359741210938,1.930757761001587,0.0
53.0,-1.5172146558761597,1.9364038705825806,0.0
53.0,-1.526151180267334,1.929368495941162,0.0
53.0,-1.5325590372085571,1.9191663265228271,0.0
53.0,-1.5288634300231934,1.8964897394180298,0.0
53.0,-1.5376152992248535,1.8894009590148926,0.0
53.0,-1.5285601615905762,1.8606363534927368,0.0
53.0,-1.5371463298797607,1.8535493612289429,0.0
53.0,-1.5277262926101685,1.8249528408050537,0.0
53.0,-1.5206568241119385,1.799538493156433,0.0
53.0,-1.5289604663848877,1.792488694190979,0.0
53.0,-1.5215721130371094,1.767213225364685,0.0
53.0,-1.5297263860702515,1.7601594924926758,0.0
53.0,-1.522020936012268,1.7350263595581055,0.0
53.0,-1.5300264358520508,1.7279709577560425,0.0
53.0,-1.5220059156417847,1.7029837369918823,0.0
53.0,-1.5164668560028076,1.6810781955718994,0.0
53.0,-1.5242228507995605,1.6740490198135376,0.0
53.0,-1.5184133052825928,1.6522581577301025,0.0
53.0,-1.526036024093628,1.6452202796936035,0.0
53.0,-1.5199575424194336,1.623547077178955,0.0
53.0,-1.5137115716934204,1.6019654273986816,0.0
53.0,-1.5211018323898315,1.5949499607086182,0.0
53.0,-1.5118157863616943,1.570609211921692,0.0
53.0,-1.5023374557495117,1.5463886260986328,0.0
53.0,-1.5094709396362305,1.5394262075424194,0.0
53.0,-1.502503752708435,1.5182154178619385,0.0
53.0,-1.5095069408416748,1.511252522468567,0.0
53.0,-1.5079585313796997,1.4958065748214722,0.0
53.0,-1.5148580074310303,1.4888187646865845,0.0
53.0,-1.510262131690979,1.4706367254257202,0.0
53.0,-1.5026520490646362,1.4497520923614502,0.0
53.0,-1.5093387365341187,1.4427891969680786,0.0
53.0,-1.5014722347259521,1.422042727470398,0.0
53.0,-1.5080307722091675,1.4150856733322144,0.0
53.0,-1.499909520149231,1.3944804668426514,0.0
53.0,-1.494572401046753,1.3766907453536987,0.0
53.0,-1.500921368598938,1.369766116142273,0.0
53.0,-1.4983372688293457,1.3547639846801758,0.0
53.0,-1.504584789276123,1.3478220701217651,0.0
53.0,-1.498833417892456,1.3302308320999146,0.0
53.0,-1.4944539070129395,1.3140424489974976,0.0
53.0,-1.5005131959915161,1.3071190118789673,0.0
53.0,-1.4944275617599487,1.289713978767395,0.0
53.0,-1.500374436378479,1.2827908992767334,0.0
53.0,-1.4956063032150269,1.2667919397354126,0.0
53.0,-1.4907225370407104,1.2508646249771118,0.0
53.0,-1.4964898824691772,1.2439590692520142,0.0
53.0,-1.4929616451263428,1.2293988466262817,0.0
53.0,-1.4986296892166138,1.2224831581115723,0.0
53.0,-1.49337637424469,1.2067421674728394,0.0
53.0,-1.4989396333694458,1.1998248100280762,0.0
53.0,-1.493500828742981,1.1841838359832764,0.0
53.0,-1.4895225763320923,1.1698541641235352,0.0
53.0,-1.494915246963501,1.1629550457000732,0.0
53.0,-1.4891862869262695,1.1474859714508057,0.0
53.0,-1.483346700668335,1.1320949792861938,0.0
53.0,-1.4885648488998413,1.1252247095108032,0.0
53.0,-1.482544183731079,1.1099400520324707,0.0
53.0,-1.4876599311828613,1.1030738353729248,0.0
53.0,-1.4830718040466309,1.0890812873840332,0.0
53.0,-1.488091230392456,1.0822129249572754,0.0
53.0,-1.4849642515182495,1.0694772005081177,0.0
53.0,-1.4801230430603027,1.0556323528289795,0.0
53.0,-1.4849878549575806,1.0487778186798096,0.0
53.0,-1.481626033782959,1.0361700057983398,0.0
53.0,-1.4864007234573364,1.029308795928955,0.0
53.0,-1.482896327972412,1.016770601272583,0.0
53.0,-1.4793078899383545,1.0042870044708252,0.0
53.0,-1.4839352369308472,0.9974368214607239,0.0
53.0,-1.4785407781600952,0.9839172959327698,0.0
53.0,-1.4830739498138428,0.9770709276199341,0.0
53.0,-1.4775242805480957,0.9636483192443848,0.0
53.0,-1.4735625982284546,0.9513826966285706,0.0
53.0,-1.4779454469680786,0.9445596933364868,0.0
53.0,-1.4738457202911377,0.9323703646659851,0.0
53.0,-1.4781407117843628,0.9255462884902954,0.0
53.0,-1.473904013633728,0.913434624671936,0.0
53.0,-1.4695872068405151,0.9013820290565491,0.0
53.0,-1.4737389087677002,0.8945779204368591,0.0
53.0,-1.4710012674331665,0.8836352229118347,0.0
53.0,-1.4750709533691406,0.8768247961997986,0.0
53.0,-1.4722133874893188,0.8659396767616272,0.0
53.0,-1.4692870378494263,0.8550998568534851,0.0
53.0,-1.4732247591018677,0.848297655582428,0.0
53.0,-1.470179796218872,0.8375174403190613,0.0
53.0,-1.4740362167358398,0.830711305141449,0.0
53.0,-1.4708735942840576,0.819991946220398,0.0
53.0,-1.4746490716934204,0.8131827712059021,0.0
53.0,-1.4696139097213745,0.8015679121017456,0.0
53.0,-1.4662631750106812,0.7909665703773499,0.0
53.0,-1.4699045419692993,0.7841790914535522,0.0
53.0,-1.4664386510849,0.7736418843269348,0.0
53.0,-1.4699997901916504,0.7668536901473999,0.0
53.0,-1.4664195775985718,0.7563818097114563,0.0
53.0,-1.4627741575241089,0.7459595203399658,0.0
53.0,-1.4662073850631714,0.7391886115074158,0.0
53.0,-1.464239239692688,0.7297256588935852,0.0
53.0,-1.4675973653793335,0.7229481339454651,0.0
53.0,-1.4637314081192017,0.7126532196998596,0.0
53.0,-1.4598016738891602,0.7024095058441162,0.0
53.0,-1.4630335569381714,0.6956527829170227,0.0
53.0,-1.4608036279678345,0.6863297820091248,0.0
53.0,-1.4639612436294556,0.6795685887336731,0.0
53.0,-1.4616336822509766,0.6702918410301208,0.0
53.0,-1.4592516422271729,0.6610511541366577,0.0
53.0,-1.4622923135757446,0.654297411441803,0.0
53.0,-1.4598137140274048,0.6451044678688049,0.0
53.0,-1.4627807140350342,0.6383483409881592,0.0
53.0,-1.458369493484497,0.6284127235412598,0.0
53.0,-1.4557381868362427,0.6193145513534546,0.0
53.0,-1.4585858583450317,0.6125775575637817,0.0
53.0,-1.4558597803115845,0.603529691696167,0.0
53.0,-1.458634614944458,0.5967922806739807,0.0
53.0,-1.4539600610733032,0.5870469212532043,0.0
53.0,-1.4566586017608643,0.5803184509277344,0.0
53.0,-1.4537420272827148,0.5713827610015869,0.0
53.0,-1.4526386260986328,0.5632094740867615,0.0
53.0,-1.455227017402649,0.5564873814582825,0.0
53.0,-1.4540417194366455,0.5483419299125671,0.0
53.0,-1.4565613269805908,0.5416135191917419,0.0
53.0,-1.453416347503662,0.5328083634376526,0.0
53.0,-1.4521023035049438,0.5247235894203186,0.0
53.0,-1.4545128345489502,0.5180043578147888,0.0
53.0,-1.4512306451797485,0.5092872381210327,0.0
53.0,-1.453569769859314,0.502572238445282,0.0
53.0,-1.4501981735229492,0.49391207098960876,0.0
53.0,-1.4467778205871582,0.4852938950061798,0.0
53.0,-1.4490059614181519,0.4785997271537781,0.0
53.0,-1.4473992586135864,0.4706583619117737,0.0
53.0,-1.4495598077774048,0.4639614522457123,0.0
53.0,-1.4459666013717651,0.4554520845413208,0.0
53.0,-1.444236159324646,0.44757789373397827,0.0
53.0,-1.4462900161743164,0.44089585542678833,0.0
53.0,-1.4444814920425415,0.43305572867393494,0.0
53.0,-1.4464682340621948,0.4263727366924286,0.0
53.0,-1.4445819854736328,0.41856738924980164,0.0
53.0,-1.4426547288894653,0.4107886552810669,0.0
53.0,-1.4445385932922363,0.40411433577537537,0.0
53.0,-1.4425344467163086,0.3963715732097626,0.0
53.0,-1.4443516731262207,0.38969796895980835,0.0
53.0,-1.4422712326049805,0.3819918930530548,0.0
53.0,-1.4440218210220337,0.3753196597099304,0.0
53.0,-1.4418656826019287,0.367651104927063,0.0
53.0,-1.4396694898605347,0.3600104749202728,0.0
53.0,-1.4413186311721802,0.35335052013397217,0.0
53.0,-1.4390475749969482,0.34574854373931885,0.0
53.0,-1.4406307935714722,0.33909159898757935,0.0
53.0,-1.4402341842651367,0.3319781720638275,0.0
53.0,-1.439802646636963,0.3248756527900696,0.0
53.0,-1.4412893056869507,0.31821542978286743,0.0
53.0,-1.4388352632522583,0.3107041120529175,0.0
53.0,-1.4402563571929932,0.3040485382080078,0.0
53.0,-1.4377292394638062,0.2965783476829529,0.0
53.0,-1.4390851259231567,0.28992801904678345,0.0
53.0,-1.4364852905273438,0.28249961137771606,0.0
53.0,-1.4358118772506714,0.275478333234787,0.0
53.0,-1.4370701313018799,0.2688370943069458,0.0
53.0,-1.4363301992416382,0.26183146238327026,0.0
53.0,-1.4375253915786743,0.2551879584789276,0.0
53.0,-1.4347481727600098,0.24785807728767395,0.0
53.0,-1.4339064359664917,0.2408907115459442,0.0
53.0,-1.4350048303604126,0.23425865173339844,0.0
53.0,-1.4340972900390625,0.2273084968328476,0.0
53.0,-1.4351328611373901,0.22067570686340332,0.0
53.0,-1.4321813583374023,0.21344853937625885,0.0
53.0,-1.4311734437942505,0.2065390944480896,0.0
53.0,-1.4321130514144897,0.19992002844810486,0.0
53.0,-1.4310400485992432,0.19302935898303986,0.0
53.0,-1.4319171905517578,0.186411052942276,0.0
53.0,-1.4307793378829956,0.1795397698879242,0.0
53.0,-1.4296085834503174,0.172682985663414,0.0
53.0,-1.4303916692733765,0.16607153415679932,0.0
53.0,-1.4291564226150513,0.15923504531383514,0.0
53.0,-1.4298774003982544,0.15262581408023834,0.0
53.0,-1.430567741394043,0.14601333439350128,0.0
53.0,-1.4292370080947876,0.13920384645462036,0.0
53.0,-1.4298652410507202,0.13259446620941162,0.0
53.0,-1.4284707307815552,0.1258067935705185,0.0
53.0,-1.429037094116211,0.11920109391212463,0.0
53.0,-1.4255852699279785,0.1122787743806839,0.0
53.0,-1.4260891675949097,0.10568656772375107,0.0
53.0,-1.4265625476837158,0.09909209609031677,0.0
53.0,-1.427005410194397,0.09249550849199295,0.0
53.0,-1.4274177551269531,0.08589693903923035,0.0
53.0,-1.4258028268814087,0.07918563485145569,0.0
53.0,-1.4261536598205566,0.07259277254343033,0.0
53.0,-1.424476146697998,0.06590592116117477,0.0
53.0,-1.424765706062317,0.05931933596730232,0.0
53.0,-1.4250247478485107,0.0527314767241478,0.0
53.0,-1.4252532720565796,0.046142496168613434,0.0
53.0,-1.425451397895813,0.03955252468585968,0.0
53.0,-1.4236195087432861,0.03291548043489456,0.0
53.0,-1.42375648021698,0.02633320540189743,0.0
53.0,-1.4238630533218384,0.01975036785006523,0.0
53.0,-1.4219392538070679,0.013148615136742592,0.0
53.0,-1.4219849109649658,0.006574319209903479,0.0
54.0,-1.4220000505447388,1.2431519280653447e-07,0.0
54.0,-1.4199848175048828,-0.006565064657479525,0.0
54.0,-1.4199392795562744,-0.013130112551152706,0.0
54.0,-1.4198633432388306,-0.01969487965106964,0.0
54.0,-1.4197571277618408,-0.026259226724505424,0.0
54.0,-1.4196205139160156,-0.03282301127910614,0.0
54.0,-1.417454481124878,-0.0393306240439415,0.0
54.0,-1.4172574281692505,-0.04588362202048302,0.0
54.0,-1.4190287590026855,-0.052509598433971405,0.0
54.0,-1.4187707901000977,-0.05906973406672478,0.0
54.0,-1.420480489730835,-0.0657210499048233,0.0
54.0,-1.420161485671997,-0.07228775322437286,0.0
54.0,-1.4198120832443237,-0.07885292172431946,0.0
54.0,-1.4214286804199219,-0.08553653210401535,0.0
54.0,-1.4210180044174194,-0.09210740774869919,0.0
54.0,-1.420577049255371,-0.09867632389068604,0.0
54.0,-1.4201055765151978,-0.10524312406778336,0.0
54.0,-1.4196038246154785,-0.1118076741695404,0.0
54.0,-1.4190717935562134,-0.11836984008550644,0.0
54.0,-1.4185093641281128,-0.12492947280406952,0.0
54.0,-1.4179165363311768,-0.1314864307641983,0.0
54.0,-1.4172935485839844,-0.13804058730602264,0.0
54.0,-1.4166401624679565,-0.1445917785167694,0.0
54.0,-1.4159564971923828,-0.15113988518714905,0.0
54.0,-1.4152425527572632,-0.15768477320671082,0.0
54.0,-1.4144984483718872,-0.16422627866268158,0.0
54.0,-1.4137240648269653,-0.1707642823457718,0.0
54.0,-1.4149038791656494,-0.1775476336479187,0.0
54.0,-1.4140678644180298,-0.1840873658657074,0.0
54.0,-1.4132015705108643,-0.19062316417694092,0.0
54.0,-1.4142858982086182,-0.19743138551712036,0.0
54.0,-1.4133580923080444,-0.20396804809570312,0.0
54.0,-1.414378046989441,-0.21079516410827637,0.0
54.0,-1.415365219116211,-0.2176360934972763,0.0
54.0,-1.4143438339233398,-0.2241775244474411,0.0
54.0,-1.4152661561965942,-0.23103637993335724,0.0
54.0,-1.4141827821731567,-0.23757721483707428,0.0
54.0,-1.4130693674087524,-0.24411296844482422,0.0
54.0,-1.413894772529602,-0.2509930729866028,0.0
54.0,-1.4127192497253418,-0.25752735137939453,0.0
54.0,-1.4134793281555176,-0.2644239068031311,0.0
54.0,-1.4122416973114014,-0.2709560990333557,0.0
54.0,-1.4129364490509033,-0.27786847949028015,0.0
54.0,-1.4116365909576416,-0.28439804911613464,0.0
54.0,-1.410306692123413,-0.29092150926589966,0.0
54.0,-1.4109033346176147,-0.29785189032554626,0.0
54.0,-1.4095112085342407,-0.30437183380126953,0.0
54.0,-1.4100419282913208,-0.31131646037101746,0.0
54.0,-1.4105384349822998,-0.31827250123023987,0.0
54.0,-1.409051775932312,-0.3247905373573303,0.0
54.0,-1.4114288091659546,-0.33221811056137085,0.0
54.0,-1.4098777770996094,-0.33874011039733887,0.0
54.0,-1.4102389812469482,-0.34573110938072205,0.0
54.0,-1.4086254835128784,-0.3522474765777588,0.0
54.0,-1.4089198112487793,-0.3592504560947418,0.0
54.0,-1.4072438478469849,-0.36576056480407715,0.0
54.0,-1.4074710607528687,-0.3727749288082123,0.0
54.0,-1.4095945358276367,-0.3803201913833618,0.0
54.0,-1.4078210592269897,-0.38683319091796875,0.0
54.0,-1.406017541885376,-0.3933379352092743,0.0
54.0,-1.4041839838027954,-0.3998342752456665,0.0
54.0,-1.4042413234710693,-0.40687867999076843,0.0
54.0,-1.4061819314956665,-0.41449761390686035,0.0
54.0,-1.4042505025863647,-0.42099449038505554,0.0
54.0,-1.4061152935028076,-0.42864876985549927,0.0
54.0,-1.404118537902832,-0.43514516949653625,0.0
54.0,-1.4059067964553833,-0.4428339898586273,0.0
54.0,-1.407654047012329,-0.4505486488342285,0.0
54.0,-1.4055559635162354,-0.45705196261405945,0.0
54.0,-1.4053269624710083,-0.46417272090911865,0.0
54.0,-1.4031658172607422,-0.4706651270389557,0.0
54.0,-1.4047611951828003,-0.47843700647354126,0.0
54.0,-1.4025341272354126,-0.48492664098739624,0.0
54.0,-1.4040515422821045,-0.4927304685115814,0.0
54.0,-1.4036425352096558,-0.499887615442276,0.0
54.0,-1.4013164043426514,-0.5063718557357788,0.0
54.0,-1.402715802192688,-0.5142219662666321,0.0
54.0,-1.4003233909606934,-0.5207017660140991,0.0
54.0,-1.4016437530517578,-0.5285818576812744,0.0
54.0,-1.4029210805892944,-0.5364852547645569,0.0
54.0,-1.400425672531128,-0.5429657697677612,0.0
54.0,-1.401623249053955,-0.5508978962898254,0.0
54.0,-1.3990612030029297,-0.5573722124099731,0.0
54.0,-1.4001784324645996,-0.5653321743011475,0.0
54.0,-1.3975496292114258,-0.5717996954917908,0.0
54.0,-1.4004337787628174,-0.5805526971817017,0.0
54.0,-1.4032665491104126,-0.5893445014953613,0.0
54.0,-1.400526762008667,-0.5958260297775269,0.0
54.0,-1.401430606842041,-0.6038777232170105,0.0
54.0,-1.3986237049102783,-0.6103506088256836,0.0
54.0,-1.3976161479949951,-0.6176188588142395,0.0
54.0,-1.4002225399017334,-0.6265245079994202,0.0
54.0,-1.3973109722137451,-0.6329915523529053,0.0
54.0,-1.3980052471160889,-0.6411124467849731,0.0
54.0,-1.3950262069702148,-0.6475691199302673,0.0
54.0,-1.397447943687439,-0.6565633416175842,0.0
54.0,-1.394397497177124,-0.663017213344574,0.0
54.0,-1.396723747253418,-0.6720584630966187,0.0
54.0,-1.3989962339401245,-0.681135356426239,0.0
54.0,-1.3958321809768677,-0.6875961422920227,0.0
54.0,-1.3980083465576172,-0.6967185139656067,0.0
54.0,-1.3947722911834717,-0.7031745910644531,0.0
54.0,-1.3968513011932373,-0.7123413681983948,0.0
54.0,-1.393543004989624,-0.7187919616699219,0.0
54.0,-1.395524501800537,-0.7280022501945496,0.0
54.0,-1.397450566291809,-0.7372461557388306,0.0
54.0,-1.3940271139144897,-0.7436992526054382,0.0
54.0,-1.3976147174835205,-0.7539345622062683,0.0
54.0,-1.3941140174865723,-0.760388195514679,0.0
54.0,-1.395837664604187,-0.7697228789329529,0.0
54.0,-1.3975046873092651,-0.7790897488594055,0.0
54.0,-1.3938877582550049,-0.7855426073074341,0.0
54.0,-1.3954542875289917,-0.7949485182762146,0.0
54.0,-1.3917640447616577,-0.8013917207717896,0.0
54.0,-1.3932297229766846,-0.8108358383178711,0.0
54.0,-1.3963617086410522,-0.8213245272636414,0.0
54.0,-1.3925495147705078,-0.8277716636657715,0.0
54.0,-1.3938509225845337,-0.8372907042503357,0.0
54.0,-1.3899649381637573,-0.8437260985374451,0.0
54.0,-1.39116370677948,-0.8532804250717163,0.0
54.0,-1.3872038125991821,-0.8597031235694885,0.0
54.0,-1.3916897773742676,-0.8714145421981812,0.0
54.0,-1.394406795501709,-0.8821164965629578,0.0
54.0,-1.3903136253356934,-0.8885539174079895,0.0
54.0,-1.3929115533828735,-0.8993116021156311,0.0
54.0,-1.3887388706207275,-0.9057419300079346,0.0
54.0,-1.3912168741226196,-0.9165541529655457,0.0
54.0,-1.3869644403457642,-0.9229764938354492,0.0
54.0,-1.3893219232559204,-0.9338418841362,0.0
54.0,-1.391608476638794,-0.9447486996650696,0.0
54.0,-1.38722562789917,-0.9511725306510925,0.0
54.0,-1.3910343647003174,-0.9632691144943237,0.0
54.0,-1.3865660429000854,-0.9696900844573975,0.0
54.0,-1.3886024951934814,-0.9807054400444031,0.0
54.0,-1.3905667066574097,-0.9917601346969604,0.0
54.0,-1.3859665393829346,-0.9981786608695984,0.0
54.0,-1.38780677318573,-1.0092811584472656,0.0
54.0,-1.38312566280365,-1.0156866312026978,0.0
54.0,-1.3832346200942993,-1.0256441831588745,0.0
54.0,-1.378477931022644,-1.0320284366607666,0.0
54.0,-1.372096300125122,-1.0371845960617065,0.0
54.0,-1.3529775142669678,-1.0325967073440552,0.0
54.0,-1.3481889963150024,-1.0388410091400146,0.0
54.0,-1.3323215246200562,-1.0364667177200317,0.0
54.0,-1.3275152444839478,-1.042615532875061,0.0
54.0,-1.3101434707641602,-1.0388013124465942,0.0
54.0,-1.28971266746521,-1.0323492288589478,0.0
54.0,-1.284925937652588,-1.0383011102676392,0.0
54.0,-1.2677136659622192,-1.0341171026229858,0.0
54.0,-1.2629190683364868,-1.0399671792984009,0.0
54.0,-1.2457932233810425,-1.0355671644210815,0.0
54.0,-1.228735327720642,-1.0310312509536743,0.0
54.0,-1.2239553928375244,-1.0367010831832886,0.0
54.0,-1.2069882154464722,-1.0319514274597168,0.0
54.0,-1.2022042274475098,-1.0375207662582397,0.0
54.0,-1.1883461475372314,-1.035185694694519,0.0
54.0,-1.1715316772460938,-1.0301035642623901,0.0
54.0,-1.1667566299438477,-1.0355089902877808,0.0
54.0,-1.1515288352966309,-1.0315510034561157,0.0
54.0,-1.1467472314834595,-1.036863923072815,0.0
54.0,-1.1316001415252686,-1.032717227935791,0.0
54.0,-1.1165162324905396,-1.02845299243927,0.0
54.0,-1.111749291419983,-1.0336041450500488,0.0
54.0,-1.0982080698013306,-1.0305217504501343,0.0
54.0,-1.093431830406189,-1.0355881452560425,0.0
54.0,-1.078512191772461,-1.0309585332870483,0.0
54.0,-1.0650981664657593,-1.027601957321167,0.0
54.0,-1.0603358745574951,-1.0325154066085815,0.0
54.0,-1.0484187602996826,-1.0303971767425537,0.0
54.0,-1.043643593788147,-1.0352333784103394,0.0
54.0,-1.0303657054901123,-1.0315572023391724,0.0
54.0,-1.025585412979126,-1.0363099575042725,0.0
54.0,-1.0123817920684814,-1.0324723720550537,0.0
54.0,-1.0006293058395386,-1.0299694538116455,0.0
54.0,-0.9958566427230835,-1.0345847606658936,0.0
54.0,-0.9827808737754822,-1.030493974685669,0.0
54.0,-0.9711380004882812,-1.027758240699768,0.0
54.0,-0.9663759469985962,-1.03223717212677,0.0
54.0,-0.9547926783561707,-1.029362440109253,0.0
54.0,-0.950023353099823,-1.0337657928466797,0.0
54.0,-0.9371547102928162,-1.0292739868164062,0.0
54.0,-0.9323859810829163,-1.0335958003997803,0.0
54.0,-0.9209335446357727,-1.0304393768310547,0.0
54.0,-0.9095304012298584,-1.0271992683410645,0.0
54.0,-0.9047715663909912,-1.0313934087753296,0.0
54.0,-0.8934336304664612,-1.0280176401138306,0.0
54.0,-0.8834513425827026,-1.0260748863220215,0.0
54.0,-0.8786979913711548,-1.0301483869552612,0.0
54.0,-0.8687623143196106,-1.0280894041061401,0.0
54.0,-0.8639997839927673,-1.0320950746536255,0.0
54.0,-0.8528352975845337,-1.0283812284469604,0.0
54.0,-0.8480715751647949,-1.0323131084442139,0.0
54.0,-0.8382401466369629,-1.0300180912017822,0.0
54.0,-0.8271929025650024,-1.0260974168777466,0.0
54.0,-0.8224400281906128,-1.0299108028411865,0.0
54.0,-0.812706470489502,-1.0274279117584229,0.0
54.0,-0.80794757604599,-1.0311743021011353,0.0
54.0,-0.7982666492462158,-1.0285788774490356,0.0
54.0,-0.789845883846283,-1.0275015830993652,0.0
54.0,-0.7850869297981262,-1.0311423540115356,0.0
54.0,-0.7754944562911987,-1.0283735990524292,0.0
54.0,-0.7707316279411316,-1.0319480895996094,0.0
54.0,-0.7611948251724243,-1.0290687084197998,0.0
54.0,-0.7517012357711792,-1.0261234045028687,0.0
54.0,-0.7469490170478821,-1.029587745666504,0.0
54.0,-0.7398470044136047,-1.029781699180603,0.0
54.0,-0.7350780367851257,-1.0331913232803345,0.0
54.0,-0.726837694644928,-1.031673789024353,0.0
54.0,-0.716338574886322,-1.0268218517303467,0.0
54.0,-0.7115834951400757,-1.0301227569580078,0.0
54.0,-0.7011678218841553,-1.0251476764678955,0.0
54.0,-0.6964206695556641,-1.0283784866333008,0.0
54.0,-0.6883172988891602,-1.0266036987304688,0.0
54.0,-0.6835635304450989,-1.0297751426696777,0.0
54.0,-0.6765984892845154,-1.0295816659927368,0.0
54.0,-0.6674685478210449,-1.0259929895401,0.0
54.0,-0.662717878818512,-1.0290679931640625,0.0
54.0,-0.6536526679992676,-1.0253751277923584,0.0
54.0,-0.6467704772949219,-1.025003433227539,0.0
54.0,-0.642024576663971,-1.0279827117919922,0.0
54.0,-0.6341102123260498,-1.0258363485336304,0.0
54.0,-0.6293606162071228,-1.028757095336914,0.0
54.0,-0.6214901208877563,-1.0265233516693115,0.0
54.0,-0.6167374849319458,-1.0293856859207153,0.0
54.0,-0.6099317073822021,-1.0287853479385376,0.0
54.0,-0.6021327972412109,-1.0264191627502441,0.0
54.0,-0.5973808765411377,-1.0291920900344849,0.0
54.0,-0.5886321663856506,-1.0250054597854614,0.0
54.0,-0.5838868618011475,-1.027716040611267,0.0
54.0,-0.5771692395210266,-1.0269174575805664,0.0
54.0,-0.5704716444015503,-1.0260790586471558,0.0
54.0,-0.5657215714454651,-1.0287055969238281,0.0
54.0,-0.5580925345420837,-1.0260393619537354,0.0
54.0,-0.5533427596092224,-1.0286086797714233,0.0
54.0,-0.5467025637626648,-1.0276246070861816,0.0
54.0,-0.5391520857810974,-1.0248311758041382,0.0
54.0,-0.5344080924987793,-1.027312994003296,0.0
54.0,-0.5278232097625732,-1.0262157917022705,0.0
54.0,-0.5230730175971985,-1.0286450386047363,0.0
54.0,-0.5156167149543762,-1.0256916284561157,0.0
54.0,-0.5090890526771545,-1.0244824886322021,0.0
54.0,-0.5043470859527588,-1.0268253087997437,0.0
54.0,-0.49784740805625916,-1.0255476236343384,0.0
54.0,-0.4931006133556366,-1.0278383493423462,0.0
54.0,-0.4857729971408844,-1.0246855020523071,0.0
54.0,-0.48103031516075134,-1.0269205570220947,0.0
54.0,-0.47375738620758057,-1.0236884355545044,0.0
54.0,-0.46735620498657227,-1.0222299098968506,0.0
54.0,-0.46262505650520325,-1.0243797302246094,0.0
54.0,-0.4570693075656891,-1.0246812105178833,0.0
54.0,-0.4523269236087799,-1.0267834663391113,0.0
54.0,-0.4459792673587799,-1.025195837020874,0.0
54.0,-0.43965595960617065,-1.023571491241455,0.0
54.0,-0.43491891026496887,-1.0255931615829468,0.0
54.0,-0.42862799763679504,-1.0239033699035645,0.0
54.0,-0.42388951778411865,-1.025874137878418,0.0
54.0,-0.4176315367221832,-1.0241190195083618,0.0
54.0,-0.41214555501937866,-1.0241835117340088,0.0
54.0,-0.4074059724807739,-1.0260781049728394,0.0
54.0,-0.4011988043785095,-1.0242263078689575,0.0
54.0,-0.3964591324329376,-1.026070237159729,0.0
54.0,-0.3909987807273865,-1.0260233879089355,0.0
54.0,-0.38554733991622925,-1.02594792842865,0.0
54.0,-0.38079988956451416,-1.027719497680664,0.0
54.0,-0.37535807490348816,-1.0275905132293701,0.0
54.0,-0.37060314416885376,-1.0293149948120117,0.0
54.0,-0.36584025621414185,-1.0310174226760864,0.0
54.0,-0.36106956005096436,-1.0326977968215942,0.0
54.0,-0.3549884855747223,-1.0305742025375366,0.0
54.0,-0.34893471002578735,-1.0284165143966675,0.0
54.0,-0.3441762328147888,-1.0300188064575195,0.0
54.0,-0.3387853503227234,-1.0296992063522339,0.0
54.0,-0.33402103185653687,-1.031254529953003,0.0
54.0,-0.3286421298980713,-1.0308823585510254,0.0
54.0,-0.32327380776405334,-1.030482530593872,0.0
54.0,-0.31850606203079224,-1.0319660902023315,0.0
54.0,-0.3125694990158081,-1.0296000242233276,0.0
54.0,-0.3078059256076813,-1.0310341119766235,0.0
54.0,-0.3024725317955017,-1.0305272340774536,0.0
54.0,-0.29659605026245117,-1.028071403503418,0.0
54.0,-0.29183971881866455,-1.029431700706482,0.0
54.0,-0.28654053807258606,-1.0288432836532593,0.0
54.0,-0.28178074955940247,-1.0301570892333984,0.0
54.0,-0.2759774327278137,-1.027585744857788,0.0
54.0,-0.270713746547699,-1.0269168615341187,0.0
54.0,-0.26596304774284363,-1.0281574726104736,0.0
54.0,-0.26071470975875854,-1.027437448501587,0.0
54.0,-0.25596168637275696,-1.0286318063735962,0.0
54.0,-0.2507292628288269,-1.02786123752594,0.0
54.0,-0.24597439169883728,-1.029009461402893,0.0
54.0,-0.2407582849264145,-1.0281884670257568,0.0
54.0,-0.23555505275726318,-1.0273411273956299,0.0
54.0,-0.2308027595281601,-1.0284192562103271,0.0
54.0,-0.22561660408973694,-1.0275218486785889,0.0
54.0,-0.22086356580257416,-1.028554081916809,0.0
54.0,-0.21569494903087616,-1.027606725692749,0.0
54.0,-0.21053984761238098,-1.0266337394714355,0.0
54.0,-0.20579108595848083,-1.0275962352752686,0.0
54.0,-0.2006542831659317,-1.026573896408081,0.0
54.0,-0.1959058940410614,-1.0274906158447266,0.0
54.0,-0.19042235612869263,-1.024452805519104,0.0
54.0,-0.1853274703025818,-1.023354172706604,0.0
54.0,-0.18059414625167847,-1.0241999626159668,0.0
54.0,-0.17585696280002594,-1.0250240564346313,0.0
54.0,-0.17111600935459137,-1.025826096534729,0.0
54.0,-0.1660514622926712,-1.0246320962905884,0.0
54.0,-0.16131243109703064,-1.0253888368606567,0.0
54.0,-0.15626828372478485,-1.024146556854248,0.0
54.0,-0.1512390822172165,-1.022879719734192,0.0
54.0,-0.14650830626487732,-1.0235679149627686,0.0
54.0,-0.14177440106868744,-1.024234414100647,0.0
54.0,-0.1370374709367752,-1.024878978729248,0.0
54.0,-0.13204170763492584,-1.0235178470611572,0.0
54.0,-0.12706147134304047,-1.0221327543258667,0.0
54.0,-0.12233441323041916,-1.0227092504501343,0.0
54.0,-0.11760473996400833,-1.023263931274414,0.0
54.0,-0.11287254840135574,-1.0237966775894165,0.0
54.0,-0.10813795030117035,-1.0243076086044312,0.0
54.0,-0.10340104252099991,-1.0247966051101685,0.0
54.0,-0.09847034513950348,-1.02327299118042,0.0
54.0,-0.09373831748962402,-1.0237172842025757,0.0
54.0,-0.08900429308414459,-1.0241397619247437,0.0
54.0,-0.08410441875457764,-1.0225470066070557,0.0
54.0,-0.07937590032815933,-1.0229250192642212,0.0
54.0,-0.07464569061994553,-1.0232809782028198,0.0
54.0,-0.06991388648748398,-1.0236152410507202,0.0
54.0,-0.06518058478832245,-1.0239274501800537,0.0
54.0,-0.06032806262373924,-1.0222214460372925,0.0
54.0,-0.05560130625963211,-1.0224894285202026,0.0
54.0,-0.05087336152791977,-1.022735595703125,0.0
54.0,-0.046144332736730576,-1.02295982837677,0.0
54.0,-0.04141431301832199,-1.0231622457504272,0.0
54.0,-0.03668341040611267,-1.0233427286148071,0.0
54.0,-0.031951725482940674,-1.0235013961791992,0.0
54.0,-0.02721935510635376,-1.0236382484436035,0.0
54.0,-0.02244248241186142,-1.0217535495758057,0.0
54.0,-0.017718294635415077,-1.0218462944030762,0.0
54.0,-0.012993729673326015,-1.0219173431396484,0.0
54.0,-0.008268886245787144,-1.0219664573669434,0.0
54.0,-0.0035508018918335438,-1.0239938497543335,0.0
54.0,0.0011835411423817277,-1.0239993333816528,0.0
54.0,0.005917858798056841,-1.0239830017089844,0.0
54.0,0.010631244629621506,-1.0219446420669556,0.0
54.0,0.01535596139729023,-1.021884560585022,0.0
54.0,0.02008035033941269,-1.0218026638031006,0.0
54.0,0.024804310873150826,-1.0216989517211914,0.0
54.0,0.029527738690376282,-1.0215733051300049,0.0
54.0,0.03425053879618645,-1.0214258432388306,0.0
54.0,0.038972605019807816,-1.0212565660476685,0.0
54.0,0.04369383677840233,-1.0210654735565186,0.0
54.0,0.048414137214422226,-1.0208525657653809,0.0
54.0,0.05313339829444885,-1.0206178426742554,0.0
54.0,0.05785152688622475,-1.020361304283142,0.0
54.0,0.06256841868162155,-1.0200828313827515,0.0
54.0,0.06728397309780121,-1.0197826623916626,0.0
54.0,0.07199808955192566,-1.019460678100586,0.0
54.0,0.07686079293489456,-1.0211113691329956,0.0
54.0,0.08158095180988312,-1.0207451581954956,0.0
54.0,0.0862993597984314,-1.0203570127487183,0.0
54.0,0.09101593494415283,-1.0199471712112427,0.0
54.0,0.09573055803775787,-1.0195153951644897,0.0
54.0,0.10044313222169876,-1.0190619230270386,0.0
54.0,0.10515356063842773,-1.0185866355895996,0.0
54.0,0.11007631570100784,-1.0200780630111694,0.0
54.0,0.11479133367538452,-1.0195581912994385,0.0
54.0,0.11927095800638199,-1.0170302391052246,0.0
54.0,0.12397179752588272,-1.0164679288864136,0.0
54.0,0.12866997718811035,-1.0158839225769043,0.0
54.0,0.13362589478492737,-1.0172611474990845,0.0
54.0,0.13832764327526093,-1.0166324377059937,0.0
54.0,0.1433052271604538,-1.0179624557495117,0.0
54.0,0.14801011979579926,-1.0172890424728394,0.0
54.0,0.15271183848381042,-1.0165938138961792,0.0
54.0,0.1577165424823761,-1.0178533792495728,0.0
54.0,0.16242077946662903,-1.0171133279800415,0.0
54.0,0.1671215295791626,-1.0163514614105225,0.0
54.0,0.17181871831417084,-1.0155678987503052,0.0
54.0,0.1765122264623642,-1.0147627592086792,0.0
54.0,0.18155381083488464,-1.0159045457839966,0.0
54.0,0.186248779296875,-1.0150543451309204,0.0
54.0,0.1909397542476654,-1.0141823291778564,0.0
54.0,0.1956266611814499,-1.0132887363433838,0.0
54.0,0.20108579099178314,-1.016297459602356,0.0
54.0,0.20578236877918243,-1.0153568983078003,0.0
54.0,0.21047453582286835,-1.0143946409225464,0.0
54.0,0.21557757258415222,-1.015367031097412,0.0
54.0,0.22026969492435455,-1.014359474182129,0.0
54.0,0.22539053857326508,-1.0152827501296997,0.0
54.0,0.23052464425563812,-1.016180396080017,0.0
54.0,0.23522035777568817,-1.0151036977767944,0.0
54.0,0.24037152528762817,-1.0159515142440796,0.0
54.0,0.2450660765171051,-1.014829397201538,0.0
54.0,0.2507123053073883,-1.0175693035125732,0.0
54.0,0.255414217710495,-1.0163992643356323,0.0
54.0,0.2606070637702942,-1.0171449184417725,0.0
54.0,0.26581230759620667,-1.0178643465042114,0.0
54.0,0.27051541209220886,-1.0166245698928833,0.0
54.0,0.2757359743118286,-1.0172933340072632,0.0
54.0,0.28043636679649353,-1.016007661819458,0.0
54.0,0.28513073921203613,-1.014700174331665,0.0
54.0,0.2903689742088318,-1.0152939558029175,0.0
54.0,0.2950599491596222,-1.013940691947937,0.0
54.0,0.3003123104572296,-1.0144833326339722,0.0
54.0,0.304999440908432,-1.013084053993225,0.0
54.0,0.3102654218673706,-1.0135754346847534,0.0
54.0,0.3155425190925598,-1.0140399932861328,0.0
54.0,0.3202274441719055,-1.0125702619552612,0.0
54.0,0.32551735639572144,-1.012982964515686,0.0
54.0,0.330197274684906,-1.0114670991897583,0.0
54.0,0.3367585241794586,-1.0156248807907104,0.0
54.0,0.3414505422115326,-1.0140570402145386,0.0
54.0,0.34678223729133606,-1.014359951019287,0.0
54.0,0.35212400555610657,-1.0146352052688599,0.0
54.0,0.3568112850189209,-1.0129964351654053,0.0
54.0,0.3628372251987457,-1.015102505683899,0.0
54.0,0.3675265610218048,-1.0134141445159912,0.0
54.0,0.3728986084461212,-1.0135811567306519,0.0
54.0,0.37758079171180725,-1.0118463039398193,0.0
54.0,0.38296276330947876,-1.0119602680206299,0.0
54.0,0.3883538544178009,-1.0120460987091064,0.0
54.0,0.39302876591682434,-1.0102397203445435,0.0
54.0,0.3984290063381195,-1.0102723836898804,0.0
54.0,0.40309563279151917,-1.0084195137023926,0.0
54.0,0.41000640392303467,-1.0121060609817505,0.0
54.0,0.41695985198020935,-1.0157502889633179,0.0
54.0,0.42165160179138184,-1.0138115882873535,0.0
54.0,0.427110880613327,-1.013694405555725,0.0
54.0,0.4317930042743683,-1.0117088556289673,0.0
54.0,0.4380530118942261,-1.0133733749389648,0.0
54.0,0.4427335262298584,-1.011337161064148,0.0
54.0,0.4490256607532501,-1.0129363536834717,0.0
54.0,0.4553419351577759,-1.0144987106323242,0.0
54.0,0.4600274860858917,-1.0123826265335083,0.0
54.0,0.46553897857666016,-1.0120619535446167,0.0
54.0,0.4702131152153015,-1.0098987817764282,0.0
54.0,0.4774349331855774,-1.0131416320800781,0.0
54.0,0.4821139872074127,-1.0109233856201172,0.0
54.0,0.48852118849754333,-1.0122859477996826,0.0
54.0,0.494073748588562,-1.0118138790130615,0.0
54.0,0.49874645471572876,-1.0095187425613403,0.0
54.0,0.5060909390449524,-1.0125689506530762,0.0
54.0,0.5107670426368713,-1.0102182626724243,0.0
54.0,0.5172535181045532,-1.0114073753356934,0.0
54.0,0.5246807336807251,-1.0143343210220337,0.0
54.0,0.5293647646903992,-1.0118976831436157,0.0
54.0,0.535908043384552,-1.0129750967025757,0.0
54.0,0.5405856370925903,-1.0104866027832031,0.0
54.0,0.5462033152580261,-1.0097355842590332,0.0
54.0,0.5537449717521667,-1.0124636888504028,0.0
54.0,0.5584200620651245,-1.0098927021026611,0.0
54.0,0.5660107731819153,-1.0125372409820557,0.0
54.0,0.5706861019134521,-1.0099095106124878,0.0
54.0,0.5773331522941589,-1.0107336044311523,0.0
54.0,0.5819999575614929,-1.0080536603927612,0.0
54.0,0.5896783471107483,-1.0105341672897339,0.0
54.0,0.5953601002693176,-1.0095199346542358,0.0
54.0,0.6000211238861084,-1.0067565441131592,0.0
54.0,0.6067330241203308,-1.0073981285095215,0.0
54.0,0.6113840937614441,-1.0045822858810425,0.0
54.0,0.6191651225090027,-1.006855845451355,0.0
54.0,0.6238135695457458,-1.003982424736023,0.0
54.0,0.631638765335083,-1.0061691999435425,0.0
54.0,0.6405686736106873,-1.0099939107894897,0.0
54.0,0.6452313661575317,-1.0070215463638306,0.0
54.0,0.6531406044960022,-1.0090645551681519,0.0
54.0,0.6577989459037781,-1.0060341358184814,0.0
54.0,0.6657498478889465,-1.0079885721206665,0.0
54.0,0.6726229190826416,-1.0082273483276367,0.0
54.0,0.677277147769928,-1.005106806755066,0.0
54.0,0.6841674447059631,-1.005271553993225,0.0
54.0,0.6888078451156616,-1.0020976066589355,0.0
54.0,0.6991361379623413,-1.0071169137954712,0.0
54.0,0.7037849426269531,-1.0038738250732422,0.0
54.0,0.713041365146637,-1.0071384906768799,0.0
54.0,0.7200165390968323,-1.0070850849151611,0.0
54.0,0.7246649265289307,-1.003745436668396,0.0
54.0,0.734010636806488,-1.0068488121032715,0.0
54.0,0.7386578321456909,-1.0034444332122803,0.0
54.0,0.7480615377426147,-1.006439208984375,0.0
54.0,0.7527066469192505,-1.0029698610305786,0.0
54.0,0.76216721534729,-1.0058553218841553,0.0
54.0,0.7704552412033081,-1.0070862770080566,0.0
54.0,0.7751031517982483,-1.0035134553909302,0.0
54.0,0.784653902053833,-1.006227731704712,0.0
54.0,0.7892976999282837,-1.002589225769043,0.0
54.0,0.7989022135734558,-1.0051921606063843,0.0
54.0,0.8085475564002991,-1.0077276229858398,0.0
54.0,0.8131980299949646,-1.0039786100387573,0.0
54.0,0.8241610527038574,-1.007949709892273,0.0
54.0,0.8288123607635498,-1.0041285753250122,0.0
54.0,0.839847207069397,-1.0079686641693115,0.0
54.0,0.8444984555244446,-1.0040749311447144,0.0
54.0,0.8543092608451843,-1.006258249282837,0.0
54.0,0.8628567457199097,-1.0068535804748535,0.0
54.0,0.8675025701522827,-1.002853512763977,0.0
54.0,0.8787069916725159,-1.0063647031784058,0.0
54.0,0.8833504319190979,-1.0022913217544556,0.0
54.0,0.8932921886444092,-1.004173755645752,0.0
54.0,0.8979253172874451,-1.0000330209732056,0.0
54.0,0.907911479473114,-1.0017987489700317,0.0
54.0,0.9206328392028809,-1.0064446926116943,0.0
54.0,0.9252762198448181,-1.0021775960922241,0.0
54.0,0.9367172122001648,-1.0052047967910767,0.0
54.0,0.9413546323776245,-1.0008633136749268,0.0
54.0,0.952856719493866,-1.0037529468536377,0.0
54.0,0.9574872255325317,-0.9993367791175842,0.0
54.0,0.9718295335769653,-1.0049632787704468,0.0
54.0,0.9904349446296692,-1.0147721767425537,0.0
54.0,0.9951160550117493,-1.0101821422576904,0.0
54.0,1.0124669075012207,-1.018335223197937,0.0
54.0,1.0171642303466797,-1.0136433839797974,0.0
54.0,1.0332252979278564,-1.0201714038848877,0.0
54.0,1.0379308462142944,-1.0153834819793701,0.0
54.0,1.0584113597869873,-1.0258855819702148,0.0
54.0,1.0790109634399414,-1.0362197160720825,0.0
54.0,1.0837903022766113,-1.0312199592590332,0.0
54.0,1.1045544147491455,-1.0412893295288086,0.0
54.0,1.1093568801879883,-1.0361714363098145,0.0
54.0,1.131750464439392,-1.0473322868347168,0.0
54.0,1.1365805864334106,-1.0420886278152466,0.0
54.0,1.1591510772705078,-1.05295991897583,0.0
54.0,1.1803596019744873,-1.0623066425323486,0.0
54.0,1.185258388519287,-1.056838035583496,0.0
54.0,1.2066198587417603,-1.065912127494812,0.0
54.0,1.211535096168518,-1.0603220462799072,0.0
54.0,1.2345573902130127,-1.0704317092895508,0.0
54.0,1.2592158317565918,-1.0816539525985718,0.0
54.0,1.2642033100128174,-1.0758205652236938,0.0
54.0,1.2890422344207764,-1.086722731590271,0.0
54.0,1.2940527200698853,-1.0807514190673828,0.0
54.0,1.172281265258789,-0.9517650604248047,0.0
54.0,1.1766690015792847,-0.9463350176811218,0.0
54.0,1.1810317039489746,-0.9408847093582153,0.0
54.0,1.1853691339492798,-0.9354143142700195,0.0
54.0,1.21174156665802,-0.9471675157546997,0.0
54.0,1.216107726097107,-0.9415550827980042,0.0
54.0,1.2442537546157837,-0.9541783928871155,0.0
54.0,1.2486519813537598,-0.9484155774116516,0.0
54.0,1.2769972085952759,-0.9606675505638123,0.0
54.0,1.28142511844635,-0.9547532796859741,0.0
54.0,1.308355689048767,-0.9654436707496643,0.0
54.0,1.3402563333511353,-0.979445219039917,0.0
54.0,1.3447703123092651,-0.9732382297515869,0.0
54.0,1.376891016960144,-0.9868167042732239,0.0
54.0,1.3814387321472168,-0.9804403185844421,0.0
54.0,1.410501480102539,-0.9912927746772766,0.0
54.0,1.415069580078125,-0.9847608804702759,0.0
54.0,1.4459574222564697,-0.9963650107383728,0.0
54.0,1.4720258712768555,-1.0043225288391113,0.0
54.0,1.4766534566879272,-0.9975060820579529,0.0
54.0,1.497874140739441,-1.0017869472503662,0.0
54.0,1.5024898052215576,-0.9948509931564331,0.0
54.0,1.527145266532898,-1.0010510683059692,0.0
54.0,1.5317572355270386,-0.993979811668396,0.0
54.0,1.55652916431427,-0.9998584389686584,0.0
54.0,1.5611352920532227,-0.9926513433456421,0.0
54.0,1.5758639574050903,-0.9918149709701538,0.0
54.0,1.575339913368225,-0.981346070766449,0.0
54.0,1.5798602104187012,-0.9740521907806396,0.0
54.0,1.5758103132247925,-0.9615287780761719,0.0
54.0,1.580238938331604,-0.9542329907417297,0.0
54.0,1.5760496854782104,-0.9417871832847595,0.0
54.0,1.5752224922180176,-0.9314365983009338,0.0
54.0,1.579512119293213,-0.9241437911987305,0.0
54.0,1.5768442153930664,-0.9128232598304749,0.0
54.0,1.581047773361206,-0.9055231213569641,0.0
54.0,1.5869574546813965,-0.8991896510124207,0.0
54.0,1.6050548553466797,-0.8996661305427551,0.0
54.0,1.6091971397399902,-0.8922357559204102,0.0
54.0,1.6290874481201172,-0.8934417963027954,0.0
54.0,1.633200764656067,-0.8859003782272339,0.0
54.0,1.6531407833099365,-0.8868492245674133,0.0
54.0,1.6572233438491821,-0.8791967034339905,0.0
54.0,1.6754391193389893,-0.8789583444595337,0.0
54.0,1.6901371479034424,-0.8767284154891968,0.0
54.0,1.6941725015640259,-0.8689048886299133,0.0
54.0,1.446456789970398,-0.7250427603721619,0.0
54.0,1.4497934579849243,-0.7183474898338318,0.0
54.0,1.4530991315841675,-0.7116368412971497,0.0
54.0,1.4563738107681274,-0.7049110531806946,0.0
54.0,1.4772950410842896,-0.6982515454292297,0.0
54.0,1.480507493019104,-0.6914139986038208,0.0
54.0,1.4836883544921875,-0.6845616698265076,0.0
54.0,1.4868375062942505,-0.6776946783065796,0.0
54.0,1.5063680410385132,-0.6782028675079346,0.0
54.0,1.509487509727478,-0.6712310910224915,0.0
54.0,1.5272244215011597,-0.6706783771514893,0.0
54.0,1.5449881553649902,-0.6699758768081665,0.0
54.0,1.5480692386627197,-0.6628256440162659,0.0
54.0,1.562170147895813,-0.6603334546089172,0.0
54.0,1.5652064085006714,-0.6531038880348206,0.0
54.0,1.5682092905044556,-0.6458603739738464,0.0
54.0,1.5656201839447021,-0.6363438963890076,0.0
54.0,1.5685455799102783,-0.629098653793335,0.0
54.0,1.565858244895935,-0.6196321845054626,0.0
54.0,1.5687062740325928,-0.6123860478401184,0.0
54.0,1.5677878856658936,-0.6036893725395203,0.0
54.0,1.5705622434616089,-0.596434473991394,0.0
54.0,1.5676841735839844,-0.587062656879425,0.0
54.0,1.5647529363632202,-0.5777302384376526,0.0
54.0,1.567407250404358,-0.5704895853996277,0.0
54.0,1.5662630796432495,-0.5618861317634583,0.0
54.0,1.568844199180603,-0.5546387434005737,0.0
54.0,1.567614197731018,-0.5460636019706726,0.0
54.0,1.564447045326233,-0.5368626117706299,0.0
54.0,1.5669125318527222,-0.5296238660812378,0.0
54.0,1.563651442527771,-0.5204788446426392,0.0
54.0,1.566041111946106,-0.5132439136505127,0.0
54.0,1.564590573310852,-0.5047699213027954,0.0
54.0,1.566907525062561,-0.49753081798553467,0.0
54.0,1.5653730630874634,-0.48908817768096924,0.0
54.0,1.5618822574615479,-0.48008278012275696,0.0
54.0,1.5640852451324463,-0.4728564918041229,0.0
54.0,1.5624206066131592,-0.46448028087615967,0.0
54.0,1.5626317262649536,-0.45669063925743103,0.0
54.0,1.56472647190094,-0.4494611322879791,0.0
54.0,1.5629380941390991,-0.441135436296463,0.0
54.0,1.5649608373641968,-0.4339046776294708,0.0
54.0,1.5630908012390137,-0.42561376094818115,0.0
54.0,1.5650418996810913,-0.418382465839386,0.0
54.0,1.5630905628204346,-0.41012707352638245,0.0
54.0,1.5591593980789185,-0.40140002965927124,0.0
54.0,1.560998558998108,-0.39418715238571167,0.0
54.0,1.5530974864959717,-0.38456234335899353,0.0
54.0,1.554858922958374,-0.3773776888847351,0.0
54.0,1.5429668426513672,-0.3669458329677582,0.0
54.0,1.5465948581695557,-0.3602619469165802,0.0
54.0,1.5482438802719116,-0.35310763120651245,0.0
54.0,1.5758360624313354,-0.17926709353923798,0.0
54.0,1.5766479969024658,-0.17197950184345245,0.0
54.0,1.5774263143539429,-0.16468822956085205,0.0
54.0,1.578170895576477,-0.1573934406042099,0.0
54.0,1.5636237859725952,-0.14135338366031647,0.0
54.0,1.5642606019973755,-0.13412266969680786,0.0
54.0,1.5648640394210815,-0.12688906490802765,0.0
54.0,1.5654339790344238,-0.11965276300907135,0.0
54.0,1.5579909086227417,-0.11184109002351761,0.0
54.0,1.5584913492202759,-0.10463672131299973,0.0
54.0,1.5549662113189697,-0.09718061238527298,0.0
54.0,1.5553988218307495,-0.08999038487672806,0.0
54.0,1.5577954053878784,-0.08290452510118484,0.0
54.0,1.5581620931625366,-0.07570137083530426,0.0
54.0,1.564489722251892,-0.06876004487276077,0.0
54.0,1.572784662246704,-0.06184040382504463,0.0
54.0,1.5730538368225098,-0.05456817150115967,0.0
54.0,1.5812857151031494,-0.047535158693790436,0.0
54.0,1.5814886093139648,-0.040223777294158936,0.0
54.0,1.593654990196228,-0.03316117823123932,0.0
54.0,1.6057896614074707,-0.025986937806010246,0.0
54.0,1.6058926582336426,-0.018562497571110725,0.0
54.0,1.6159611940383911,-0.01120700966566801,0.0
54.0,1.6159957647323608,-0.0037356994580477476,0.0
54.0,1.6239956617355347,0.0037541838828474283,0.0
54.0,1.6339606046676636,0.01133183017373085,0.0
54.0,1.6338907480239868,0.01888611726462841,0.0
54.0,1.643784761428833,0.026601815596222878,0.0
54.0,1.6436442136764526,0.03420136123895645,0.0
54.0,1.6554646492004395,0.042105283588171005,0.0
54.0,1.6552523374557495,0.0497586615383625,0.0
54.0,1.6669973134994507,0.05782699957489967,0.0
54.0,1.674705982208252,0.06584784388542175,0.0
54.0,1.6743836402893066,0.07358992844820023,0.0
54.0,1.4294025897979736,0.24353311955928802,0.0
54.0,1.428261399269104,0.25013917684555054,0.0
54.0,1.4270895719528198,0.25673988461494446,0.0
54.0,1.4258873462677002,0.26333510875701904,0.0
54.0,1.436444878578186,0.27215856313705444,0.0
54.0,1.4351712465286255,0.27879688143730164,0.0
54.0,1.4436744451522827,0.28738152980804443,0.0
54.0,1.4423303604125977,0.2940531075000763,0.0
54.0,1.4546600580215454,0.3035784959793091,0.0
54.0,1.453240990638733,0.31030067801475525,0.0
54.0,1.4674224853515625,0.32042959332466125,0.0
54.0,1.4795891046524048,0.3302605450153351,0.0
54.0,1.4780464172363281,0.337097704410553,0.0
54.0,1.4881591796875,0.34665003418922424,0.0
54.0,1.4865405559539795,0.35352662205696106,0.0
54.0,1.5004388093948364,0.36416947841644287,0.0
54.0,1.4987391233444214,0.3711026608943939,0.0
54.0,1.516398549079895,0.3829246461391449,0.0
54.0,1.5378541946411133,0.39591506123542786,0.0
54.0,1.536007285118103,0.4030208885669708,0.0
54.0,1.5592453479766846,0.41683289408683777,0.0
54.0,1.5573015213012695,0.4240373969078064,0.0
54.0,1.5745973587036133,0.4365764856338501,0.0
54.0,1.5898852348327637,0.44874122738838196,0.0
54.0,1.5877935886383057,0.45608705282211304,0.0
54.0,1.5991058349609375,0.46735048294067383,0.0
54.0,1.5969280004501343,0.474738746881485,0.0
54.0,1.6081169843673706,0.48616823554039,0.0
54.0,1.6058521270751953,0.49359795451164246,0.0
54.0,1.6169158220291138,0.5051922798156738,0.0
54.0,1.6298125982284546,0.5175046920776367,0.0
54.0,1.6274025440216064,0.5250343680381775,0.0
54.0,1.6363608837127686,0.5362900495529175,0.0
54.0,1.633863925933838,0.5438498258590698,0.0
54.0,1.6445949077606201,0.5558808445930481,0.0
54.0,1.6420072317123413,0.5634784698486328,0.0
54.0,1.652605414390564,0.5756694674491882,0.0
54.0,1.6612399816513062,0.5873036980628967,0.0
54.0,1.6585068702697754,0.5949779748916626,0.0
54.0,1.4452472925186157,0.5260269641876221,0.0
54.0,1.4509004354476929,0.5509918928146362,0.0
54.0,1.4483375549316406,0.5576940178871155,0.0
54.0,1.4457435607910156,0.5643842816352844,0.0
54.0,1.4431188106536865,0.571062445640564,0.0
54.0,1.457169532775879,0.5844289064407349,0.0
54.0,1.4692742824554443,0.5971841812133789,0.0
54.0,1.466497540473938,0.6039708256721497,0.0
54.0,1.4803013801574707,0.6176760792732239,0.0
54.0,1.4774298667907715,0.6245134472846985,0.0
54.0,1.4947509765625,0.6399967670440674,0.0
54.0,1.5119599103927612,0.6556533575057983,0.0
54.0,1.508912444114685,0.6626366972923279,0.0
54.0,1.5222798585891724,0.6769195199012756,0.0
54.0,1.5191339254379272,0.6839503645896912,0.0
54.0,1.5286946296691895,0.6967729926109314,0.0
54.0,1.5254567861557007,0.703833281993866,0.0
54.0,1.5294349193572998,0.7142636179924011,0.0
54.0,1.5315409898757935,0.7238911390304565,0.0
54.0,1.5281777381896973,0.7309643030166626,0.0
54.0,1.5283823013305664,0.7397644519805908,0.0
54.0,1.5249457359313965,0.7468228340148926,0.0
54.0,1.5286449193954468,0.7574170231819153,0.0
54.0,1.5251268148422241,0.7644764184951782,0.0
54.0,1.5269274711608887,0.7742329239845276,0.0
54.0,1.5268906354904175,0.7831096053123474,0.0
54.0,1.5232537984848022,0.7901606559753418,0.0
54.0,1.524897575378418,0.7999821901321411,0.0
54.0,1.521182656288147,0.8070237636566162,0.0
54.0,1.5244848728179932,0.8178300261497498,0.0
54.0,1.5259613990783691,0.8277303576469421,0.0
54.0,1.5221182107925415,0.8347765803337097,0.0
54.0,1.5217407941818237,0.8437446355819702,0.0
54.0,1.517823576927185,0.8507711887359619,0.0
54.0,1.5121338367462158,0.8567936420440674,0.0
54.0,1.5064208507537842,0.8627815842628479,0.0
54.0,1.5024157762527466,0.8697371482849121,0.0
54.0,1.4828424453735352,0.8675841689109802,0.0
54.0,1.4788154363632202,0.8744306564331055,0.0
54.0,1.2814010381698608,1.1110478639602661,0.0
54.0,1.2762506008148193,1.1169602870941162,0.0
54.0,1.2710728645324707,1.1228489875793457,0.0
54.0,1.2658679485321045,1.128713607788086,0.0
54.0,1.2368236780166626,1.1339977979660034,0.0
54.0,1.231567621231079,1.1397039890289307,0.0
54.0,1.2262850999832153,1.1453858613967896,0.0
54.0,1.22097647190094,1.151043176651001,0.0
54.0,1.2069482803344727,1.1484041213989258,0.0
54.0,1.1987407207489014,1.1512012481689453,0.0
54.0,1.1934055089950562,1.1567312479019165,0.0
54.0,1.185185432434082,1.159439206123352,0.0
54.0,1.1798123121261597,1.16490638256073,0.0
54.0,1.1687471866607666,1.1647015810012817,0.0
54.0,1.1534790992736816,1.160164713859558,0.0
54.0,1.148102879524231,1.1654852628707886,0.0
54.0,1.1343203783035278,1.1621931791305542,0.0
54.0,1.1289349794387817,1.1674251556396484,0.0
54.0,0.9699952602386475,1.2925034761428833,0.0
54.0,0.964009165763855,1.2969744205474854,0.0
54.0,0.9580024480819702,1.3014174699783325,0.0
54.0,0.9519752860069275,1.3058327436447144,0.0
54.0,0.9389035105705261,1.3004907369613647,0.0
54.0,0.9328808188438416,1.3048176765441895,0.0
54.0,0.926838219165802,1.3091168403625488,0.0
54.0,0.9207757711410522,1.3133879899978638,0.0
54.0,0.9112721085548401,1.3127022981643677,0.0
54.0,0.9029273986816406,1.3136049509048462,0.0
54.0,0.8968445062637329,1.317765474319458,0.0
54.0,0.8896247744560242,1.3202393054962158,0.0
54.0,0.8835113048553467,1.3243381977081299,0.0
54.0,0.8773789405822754,1.3284088373184204,0.0
54.0,0.8712278604507446,1.3324511051177979,0.0
54.0,0.8639713525772095,1.3347859382629395,0.0
54.0,0.8577909469604492,1.3387662172317505,0.0
54.0,0.8515921235084534,1.3427177667617798,0.0
54.0,0.8443118333816528,1.3449467420578003,0.0
54.0,0.8380845785140991,1.3488359451293945,0.0
54.0,0.8318394422531128,1.3526962995529175,0.0
54.0,0.8255765438079834,1.3565278053283691,0.0
54.0,0.8192960023880005,1.3603302240371704,0.0
54.0,0.8129979372024536,1.3641035556793213,0.0
54.0,0.8066824674606323,1.3678478002548218,0.0
54.0,0.7993417382240295,1.3698352575302124,0.0
54.0,0.7929999232292175,1.373516321182251,0.0
54.0,0.7866411805152893,1.3771679401397705,0.0
54.0,0.7792816758155823,1.3790489435195923,0.0
54.0,0.7728975415229797,1.3826371431350708,0.0
54.0,0.7664967775344849,1.3861957788467407,0.0
54.0,0.7600797414779663,1.3897247314453125,0.0
54.0,0.7536463737487793,1.3932240009307861,0.0
54.0,0.7481403350830078,1.3984569311141968,0.0
54.0,0.7416667342185974,1.4019010066986084,0.0
54.0,0.7351773381233215,1.4053149223327637,0.0
54.0,0.7286721467971802,1.4086989164352417,0.0
54.0,0.48538047075271606,0.9490846991539001,0.0
54.0,0.4686267673969269,0.9485530257225037,0.0
54.0,0.46423622965812683,0.9507095813751221,0.0
54.0,0.45983579754829407,0.9528457522392273,0.0
54.0,0.455425500869751,0.9549615383148193,0.0
54.0,0.4493004083633423,0.9534386396408081,0.0
54.0,0.443199098110199,0.9518794417381287,0.0
54.0,0.43879345059394836,0.9539183378219604,0.0
54.0,0.4327237010002136,0.9522952437400818,0.0
54.0,0.42831626534461975,0.9542856812477112,0.0
54.0,0.42227864265441895,0.9525989890098572,0.0
54.0,0.4162657856941223,0.9508768320083618,0.0
54.0,0.41186508536338806,0.9527912139892578,0.0
54.0,0.4058854281902313,0.9510063529014587,0.0
54.0,0.4014842212200165,0.9528727531433105,0.0
54.0,0.3955383598804474,0.9510254263877869,0.0
54.0,0.39113718271255493,0.952843964099884,0.0
54.0,0.3852258324623108,0.950934886932373,0.0
54.0,0.37934044003486633,0.9489914178848267,0.0
54.0,0.3749488592147827,0.9507350921630859,0.0
54.0,0.3698241114616394,0.9505946040153503,0.0
54.0,0.36470869183540344,0.9504270553588867,0.0
54.0,0.3603106141090393,0.9521030783653259,0.0
54.0,0.35450640320777893,0.9500111937522888,0.0
54.0,0.35011035203933716,0.9516400694847107,0.0
54.0,0.34434306621551514,0.9494881629943848,0.0
54.0,0.3399495482444763,0.9510700702667236,0.0
54.0,0.3348843455314636,0.9507452249526978,0.0
54.0,0.32917362451553345,0.9485043883323669,0.0
54.0,0.3247848153114319,0.9500161409378052,0.0
54.0,0.319112628698349,0.9477167725563049,0.0
54.0,0.3147275745868683,0.9491820335388184,0.0
54.0,0.3097151219844818,0.9487257599830627,0.0
54.0,0.30410176515579224,0.9463393688201904,0.0
54.0,0.29972323775291443,0.9477351903915405,0.0
54.0,0.2947440445423126,0.9472010731697083,0.0
54.0,0.2903616428375244,0.9485536813735962,0.0
54.0,0.2853964567184448,0.9479709267616272,0.0
54.0,0.28101059794425964,0.9492802619934082,0.0
54.0,0.2760598659515381,0.948648989200592,0.0
54.0,0.2711210250854492,0.9479922652244568,0.0
54.0,0.2667351961135864,0.9492356777191162,0.0
54.0,0.2612794041633606,0.9466028809547424,0.0
54.0,0.2563769221305847,0.9458704590797424,0.0
54.0,0.2520010471343994,0.9470456838607788,0.0
54.0,0.24711446464061737,0.9462655186653137,0.0
54.0,0.24273689091205597,0.9473978877067566,0.0
54.0,0.23786669969558716,0.9465703368186951,0.0
54.0,0.2334877997636795,0.947659969329834,0.0
54.0,0.2291039228439331,0.948729395866394,0.0
54.0,0.22379417717456818,0.9458858966827393,0.0
54.0,0.21941860020160675,0.9469105005264282,0.0
54.0,0.21459588408470154,0.9459643959999084,0.0
54.0,0.21022003889083862,0.9469464421272278,0.0
54.0,0.2054152935743332,0.9459537863731384,0.0
54.0,0.20103959739208221,0.9468933939933777,0.0
54.0,0.1966596096754074,0.9478127360343933,0.0
54.0,0.19148088991641998,0.9447915554046631,0.0
54.0,0.18711072206497192,0.9456667304039001,0.0
54.0,0.18235743045806885,0.9445579648017883,0.0
54.0,0.1779884397983551,0.9453909993171692,0.0
54.0,0.17361563444137573,0.9462038278579712,0.0
54.0,0.16888727247714996,0.9450275301933289,0.0
54.0,0.16451625525951385,0.9457982778549194,0.0
54.0,0.15980809926986694,0.9445767998695374,0.0
54.0,0.15543925762176514,0.945305585861206,0.0
54.0,0.1510670930147171,0.9460141062736511,0.0
54.0,0.14638546109199524,0.9447259902954102,0.0
54.0,0.14201606810092926,0.9453927278518677,0.0
54.0,0.13764365017414093,0.9460391998291016,0.0
54.0,0.1332682967185974,0.9466654658317566,0.0
54.0,0.1286204308271408,0.9452897906303406,0.0
54.0,0.12398815900087357,0.9438914060592651,0.0
54.0,0.11962287127971649,0.944454550743103,0.0
54.0,0.11525502800941467,0.9449975490570068,0.0
54.0,0.11088472604751587,0.945520281791687,0.0
54.0,0.10628827661275864,0.9440353512763977,0.0
54.0,0.10192251205444336,0.9445167183876038,0.0
54.0,0.09734919667243958,0.942988395690918,0.0
54.0,0.09298837184906006,0.9434283971786499,0.0
54.0,0.08862555772066116,0.9438482522964478,0.0
54.0,0.08408308029174805,0.9422557950019836,0.0
54.0,0.07972577959299088,0.9426344633102417,0.0
54.0,0.0753667801618576,0.9429929852485657,0.0
54.0,0.0710061639547348,0.9433313608169556,0.0
54.0,0.06664403527975082,0.9436495900154114,0.0
54.0,0.0621488057076931,0.9419519901275635,0.0
54.0,0.05779314786195755,0.9422292709350586,0.0
54.0,0.05343625321984291,0.9424864053726196,0.0
54.0,0.049078214913606644,0.9427233338356018,0.0
54.0,0.04471912980079651,0.9429401755332947,0.0
54.0,0.04027358070015907,0.9411386847496033,0.0
54.0,0.035921916365623474,0.9413148164749146,0.0
54.0,0.03156948462128639,0.9414708018302917,0.0
54.0,0.02721637673676014,0.9416067004203796,0.0
54.0,0.022862685844302177,0.9417225122451782,0.0
54.0,0.018508508801460266,0.941818118095398,0.0
54.0,0.014153935015201569,0.9418936371803284,0.0
54.0,0.009799058549106121,0.9419490098953247,0.0
54.0,0.005443972535431385,0.941984236240387,0.0
54.0,0.0010887705720961094,0.9419993162155151,0.0
54.0,-0.0032664549071341753,0.941994309425354,0.0
54.0,-0.007621610537171364,0.9419691562652588,0.0
54.0,-0.011976603418588638,0.9419238567352295,0.0
54.0,-0.01633133925497532,0.9418584108352661,0.0
54.0,-0.020685726776719093,0.9417728185653687,0.0
54.0,-0.0250396728515625,0.9416671395301819,0.0
54.0,-0.029393082484602928,0.941541314125061,0.0
54.0,-0.033745866268873215,0.9413953423500061,0.0
54.0,-0.03809792548418045,0.9412292242050171,0.0
54.0,-0.04244917258620262,0.9410430192947388,0.0
54.0,-0.04679951071739197,0.9408367276191711,0.0
54.0,-0.05114884674549103,0.9406102895736694,0.0
54.0,-0.05549709498882294,0.9403637647628784,0.0
54.0,-0.05984415113925934,0.9400971531867981,0.0
54.0,-0.06418993324041367,0.9398103952407837,0.0
54.0,-0.06853433698415756,0.9395036101341248,0.0
54.0,-0.07303201407194138,0.9411707520484924,0.0
54.0,-0.07738261669874191,0.9408230185508728,0.0
54.0,-0.08173156529664993,0.9404551982879639,0.0
54.0,-0.08607876300811768,0.9400672912597656,0.0
54.0,-0.09042412787675858,0.9396592378616333,0.0
54.0,-0.09476755559444427,0.9392311573028564,0.0
54.0,-0.09931892901659012,0.9407718777656555,0.0
54.0,-0.10366740822792053,0.9403026103973389,0.0
54.0,-0.10801366716623306,0.9398132562637329,0.0
54.0,-0.11235762387514114,0.9393038749694824,0.0
54.0,-0.11694590002298355,0.9407591223716736,0.0
54.0,-0.12129412591457367,0.940208375453949,0.0
54.0,-0.12563976645469666,0.9396375417709351,0.0
54.0,-0.12998270988464355,0.9390466213226318,0.0
54.0,-0.1343228816986084,0.9384356141090393,0.0
54.0,-0.13895271718502045,0.9397830367088318,0.0
54.0,-0.14329619705677032,0.9391305446624756,0.0
54.0,-0.14763662219047546,0.9384579658508301,0.0
54.0,-0.1519738882780075,0.93776535987854,0.0
54.0,-0.1563078910112381,0.9370527267456055,0.0
54.0,-0.16097676753997803,0.9382912516593933,0.0
54.0,-0.16531310975551605,0.9375370144844055,0.0
54.0,-0.17000232636928558,0.9387306571006775,0.0
54.0,-0.1743406057357788,0.9379346370697021,0.0
54.0,-0.17867515981197357,0.9371185302734375,0.0
54.0,-0.1830058991909027,0.9362824559211731,0.0
54.0,-0.18733273446559906,0.9354263544082642,0.0
54.0,-0.1924591362476349,0.9384686946868896,0.0
54.0,-0.1967959702014923,0.9375688433647156,0.0
54.0,-0.2015484869480133,0.9386043548583984,0.0
54.0,-0.2058858424425125,0.9376624822616577,0.0
54.0,-0.21021881699562073,0.9367005825042725,0.0
54.0,-0.21499426662921906,0.9376680850982666,0.0
54.0,-0.2193271517753601,0.9366641044616699,0.0
54.0,-0.2241203337907791,0.9375852346420288,0.0
54.0,-0.22845274209976196,0.9365389943122864,0.0
54.0,-0.23326322436332703,0.9374136328697205,0.0
54.0,-0.23808665573596954,0.9382636547088623,0.0
54.0,-0.24242204427719116,0.9371528625488281,0.0
54.0,-0.24726209044456482,0.9379560351371765,0.0
54.0,-0.25159597396850586,0.9368028044700623,0.0
54.0,-0.25645214319229126,0.9375587105751038,0.0
54.0,-0.2607840895652771,0.9363629817962646,0.0
54.0,-0.2662014365196228,0.9389956593513489,0.0
54.0,-0.27109429240226746,0.9396764636039734,0.0
54.0,-0.2754358649253845,0.9384130239486694,0.0
54.0,-0.2803437113761902,0.9390460252761841,0.0
54.0,-0.2846822738647461,0.9377398490905762,0.0
54.0,-0.2890147566795349,0.9364136457443237,0.0
54.0,-0.2939396798610687,0.9369757175445557,0.0
54.0,-0.29826852679252625,0.9356066584587097,0.0
54.0,-0.3038235604763031,0.938023030757904,0.0
54.0,-0.30815714597702026,0.9366083145141602,0.0
54.0,-0.31311798095703125,0.9370704889297485,0.0
54.0,-0.31744706630706787,0.9356127977371216,0.0
54.0,-0.32242071628570557,0.9360260963439941,0.0
54.0,-0.3274049460887909,0.9364133477210999,0.0
54.0,-0.33173084259033203,0.9348896145820618,0.0
54.0,-0.33672717213630676,0.9352276921272278,0.0
54.0,-0.341047465801239,0.9336608648300171,0.0
54.0,-0.34675025939941406,0.9358249306678772,0.0
54.0,-0.35177677869796753,0.9360839128494263,0.0
54.0,-0.3561008870601654,0.9344475269317627,0.0
54.0,-0.3611381947994232,0.9346566796302795,0.0
54.0,-0.36545559763908386,0.932977020740509,0.0
54.0,-0.3705032467842102,0.9331362247467041,0.0
54.0,-0.3748135268688202,0.9314132928848267,0.0
54.0,-0.38138142228126526,0.9352262616157532,0.0
54.0,-0.3879925608634949,0.9389983415603638,0.0
54.0,-0.39232975244522095,0.9371944665908813,0.0
54.0,-0.3974393904209137,0.937211811542511,0.0
54.0,-0.40176820755004883,0.9353642463684082,0.0
54.0,-0.4076840579509735,0.9371646642684937,0.0
54.0,-0.41281890869140625,0.9371001124382019,0.0
54.0,-0.41714704036712646,0.9351814985275269,0.0
54.0,-0.4222894310951233,0.9350655674934387,0.0
54.0,-0.4266080856323242,0.9331032037734985,0.0
54.0,-0.4317575991153717,0.932935893535614,0.0
54.0,-0.43606629967689514,0.9309297204017639,0.0
54.0,-0.4420791268348694,0.9325180649757385,0.0
54.0,-0.4481160044670105,0.9340707063674927,0.0
54.0,-0.45242977142333984,0.9319888949394226,0.0
54.0,-0.4584972858428955,0.9334774613380432,0.0
54.0,-0.46280819177627563,0.931347668170929,0.0
54.0,-0.4698041081428528,0.9345588088035583,0.0
54.0,-0.4741199016571045,0.9323767423629761,0.0
54.0,-0.4802550673484802,0.933731734752655,0.0
54.0,-0.486412912607193,0.9350500106811523,0.0
54.0,-0.49073082208633423,0.9327911138534546,0.0
54.0,-0.49691689014434814,0.9340436458587646,0.0
54.0,-0.501230001449585,0.9317362308502197,0.0
54.0,-0.506488025188446,0.9311658143997192,0.0
54.0,-1.112447738647461,1.9580512046813965,0.0
54.0,-1.1214886903762817,1.952886939048767,0.0
54.0,-1.1305055618286133,1.9476810693740845,0.0
54.0,-1.1394983530044556,1.942433476448059,0.0
54.0,-1.1525465250015259,1.9440258741378784,0.0
54.0,-1.167689561843872,1.9489703178405762,0.0
54.0,-1.1766879558563232,1.9435508251190186,0.0
54.0,-1.1898359060287476,1.9449139833450317,0.0
54.0,-1.1988152265548706,1.93939208984375,0.0
54.0,-1.2141257524490356,1.9440069198608398,0.0
54.0,-1.2295042276382446,1.9485212564468384,0.0
54.0,-1.2384997606277466,1.942815899848938,0.0
54.0,-1.253966212272644,1.9471580982208252,0.0
54.0,-1.2629551887512207,1.9413397312164307,0.0
54.0,-1.276310682296753,1.9421653747558594,0.0
54.0,-1.2919130325317383,1.9462416172027588,0.0
54.0,-1.3008973598480225,1.940247893333435,0.0
54.0,-1.3165827989578247,1.9441486597061157,0.0
54.0,-1.3255572319030762,1.938040852546692,0.0
54.0,-1.3413234949111938,1.9417648315429688,0.0
54.0,-1.3502867221832275,1.9355427026748657,0.0
54.0,-1.366132378578186,1.939089059829712,0.0
54.0,-1.379720687866211,1.9392708539962769,0.0
54.0,-1.388671875,1.9328712224960327,0.0
54.0,-1.4069888591766357,1.9393807649612427,0.0
54.0,-1.415940284729004,1.9328550100326538,0.0
54.0,-1.4343764781951904,1.9391512870788574,0.0
54.0,-1.4505072832107544,1.9421133995056152,0.0
54.0,-1.4594709873199463,1.9353864192962646,0.0
54.0,-1.4732495546340942,1.9349831342697144,0.0
54.0,-1.482179880142212,1.92815101146698,0.0
54.0,-1.5008883476257324,1.933917760848999,0.0
54.0,-1.5147476196289062,1.9332553148269653,0.0
54.0,-1.5236696004867554,1.9262313842773438,0.0
54.0,-1.5250709056854248,1.9097892045974731,0.0
54.0,-1.5338842868804932,1.9027178287506104,0.0
54.0,-1.5275160074234009,1.8769910335540771,0.0
54.0,-1.536177635192871,1.8699086904525757,0.0
54.0,-1.529486060142517,1.844312310218811,0.0
54.0,-1.5200234651565552,1.815751314163208,0.0
54.0,-1.5284020900726318,1.8087042570114136,0.0
54.0,-1.5237687826156616,1.7864022254943848,0.0
54.0,-1.5320117473602295,1.7793381214141846,0.0
54.0,-1.5271024703979492,1.7571403980255127,0.0
54.0,-1.5167453289031982,1.7290122509002686,0.0
54.0,-1.524722933769226,1.721981406211853,0.0
54.0,-1.5166749954223633,1.6970188617706299,0.0
54.0,-1.5245047807693481,1.689988613128662,0.0
54.0,-1.5188369750976562,1.6681337356567383,0.0
54.0,-1.5265332460403442,1.661093831062317,0.0
54.0,-1.5178755521774292,1.6364223957061768,0.0
54.0,-1.5117563009262085,1.6147868633270264,0.0
54.0,-1.519205927848816,1.6077800989151,0.0
54.0,-1.515580654144287,1.589160680770874,0.0
54.0,-1.5090419054031372,1.5677273273468018,0.0
54.0,-1.5162739753723145,1.5607337951660156,0.0
54.0,-1.5066704750061035,1.5365701913833618,0.0
54.0,-1.5137585401535034,1.5295878648757935,0.0
54.0,-1.5095069408416748,1.511252522468567,0.0
54.0,-1.5164779424667358,1.5042574405670166,0.0
54.0,-1.5062994956970215,1.4804073572158813,0.0
54.0,-1.5016647577285767,1.4622650146484375,0.0
54.0,-1.5084092617034912,1.4553065299987793,0.0
54.0,-1.5006643533706665,1.4344972372055054,0.0
54.0,-1.5072804689407349,1.4275438785552979,0.0
54.0,-1.5021969079971313,1.4096113443374634,0.0
54.0,-1.4969799518585205,1.3917566537857056,0.0
54.0,-1.5033985376358032,1.3848206996917725,0.0
54.0,-1.4994440078735352,1.3684178590774536,0.0
54.0,-1.5057547092437744,1.3614706993103027,0.0
54.0,-1.5001157522201538,1.3438186645507812,0.0
54.0,-1.4928501844406128,1.324920654296875,0.0
54.0,-1.4989597797393799,1.3180044889450073,0.0
54.0,-1.4944809675216675,1.3018642663955688,0.0
54.0,-1.5004839897155762,1.2949408292770386,0.0
54.0,-1.4958140850067139,1.278891921043396,0.0
54.0,-1.4910279512405396,1.2629139423370361,0.0
54.0,-1.4968509674072266,1.2560068368911743,0.0
54.0,-1.4918758869171143,1.2401236295700073,0.0
54.0,-1.4975934028625488,1.233212947845459,0.0
54.0,-1.4939802885055542,1.2186905145645142,0.0
54.0,-1.4995988607406616,1.2117702960968018,0.0
54.0,-1.495816946029663,1.1973252296447754,0.0
54.0,-1.4887993335723877,1.1804560422897339,0.0
54.0,-1.4942411184310913,1.1735601425170898,0.0
54.0,-1.4886009693145752,1.1580429077148438,0.0
54.0,-1.482849359512329,1.1426030397415161,0.0
54.0,-1.4881161451339722,1.135735034942627,0.0
54.0,-1.483778476715088,1.121606707572937,0.0
54.0,-1.4889482259750366,1.1147346496582031,0.0
54.0,-1.4844468832015991,1.1006914377212524,0.0
54.0,-1.4798476696014404,1.0867136716842651,0.0
54.0,-1.484856128692627,1.0798602104187012,0.0
54.0,-1.480095386505127,1.0659706592559814,0.0
54.0,-1.4850080013275146,1.059116244316101,0.0
54.0,-1.4800869226455688,1.0453165769577026,0.0
54.0,-1.4849040508270264,1.0384624004364014,0.0
54.0,-1.4831123352050781,1.027031660079956,0.0
54.0,-1.4779478311538696,1.0133776664733887,0.0
54.0,-1.4826172590255737,1.0065337419509888,0.0
54.0,-1.4789555072784424,0.9940897226333618,0.0
54.0,-1.4835357666015625,0.9872413277626038,0.0
54.0,-1.4797337055206299,0.9748703241348267,0.0
54.0,-1.4758490324020386,0.9625556468963623,0.0
54.0,-1.480283498764038,0.9557219743728638,0.0
54.0,-1.4762601852416992,0.9434826970100403,0.0
54.0,-1.4806065559387207,0.9366472959518433,0.0
54.0,-1.4764455556869507,0.92448490858078,0.0
54.0,-1.4722040891647339,0.9123810529708862,0.0
54.0,-1.4764065742492676,0.9055647850036621,0.0
54.0,-1.472029209136963,0.8935401439666748,0.0
54.0,-1.4761446714401245,0.8867248296737671,0.0
54.0,-1.4733517169952393,0.8758028149604797,0.0
54.0,-1.4687656164169312,0.8639117479324341,0.0
54.0,-1.472744107246399,0.8571118712425232,0.0
54.0,-1.4697582721710205,0.8463016152381897,0.0
54.0,-1.473655343055725,0.8394973278045654,0.0
54.0,-1.4705514907836914,0.8287473917007446,0.0
54.0,-1.474367380142212,0.8219396471977234,0.0
54.0,-1.4711462259292603,0.8112512230873108,0.0
54.0,-1.467858076095581,0.8006102442741394,0.0
54.0,-1.4715439081192017,0.7938152551651001,0.0
54.0,-1.468139886856079,0.7832376956939697,0.0
54.0,-1.471745491027832,0.7764415740966797,0.0
54.0,-1.4664534330368042,0.7650036811828613,0.0
54.0,-1.4646421670913696,0.755465030670166,0.0
54.0,-1.4681192636489868,0.748685359954834,0.0
54.0,-1.4644215106964111,0.7382882833480835,0.0
54.0,-1.4678192138671875,0.731509804725647,0.0
54.0,-1.4640090465545654,0.7211805582046509,0.0
54.0,-1.4619331359863281,0.7117776870727539,0.0
54.0,-1.4652084112167358,0.7050110697746277,0.0
54.0,-1.4612274169921875,0.6947939991950989,0.0
54.0,-1.4644240140914917,0.6880307793617249,0.0
54.0,-1.4603331089019775,0.6778844594955444,0.0
54.0,-1.4579976797103882,0.6686244010925293,0.0
54.0,-1.461073398590088,0.6618764400482178,0.0
54.0,-1.4586411714553833,0.6526637077331543,0.0
54.0,-1.461643099784851,0.6459129452705383,0.0
54.0,-1.4591145515441895,0.6367484927177429,0.0
54.0,-1.4546959400177002,0.6268298029899597,0.0
54.0,-1.4575785398483276,0.6200975179672241,0.0
54.0,-1.4548978805541992,0.6110286712646484,0.0
54.0,-1.4577072858810425,0.604295551776886,0.0
54.0,-1.4549325704574585,0.5952775478363037,0.0
54.0,-1.4576691389083862,0.5885445475578308,0.0
54.0,-1.4548007249832153,0.5795782804489136,0.0
54.0,-1.4518805742263794,0.5706511735916138,0.0
54.0,-1.4545032978057861,0.563932478427887,0.0
54.0,-1.451490879058838,0.5550586581230164,0.0
54.0,-1.4540417194366455,0.5483419299125671,0.0
54.0,-1.4528120756149292,0.5402193665504456,0.0
54.0,-1.4515385627746582,0.5321199893951416,0.0
54.0,-1.4539833068847656,0.5254032611846924,0.0
54.0,-1.45074462890625,0.5166623592376709,0.0
54.0,-1.453117847442627,0.5099495053291321,0.0
54.0,-1.4516795873641968,0.5019186735153198,0.0
54.0,-1.4483050107955933,0.493267297744751,0.0
54.0,-1.4505701065063477,0.4865659475326538,0.0
54.0,-1.447106957435608,0.47797247767448425,0.0
54.0,-1.4493013620376587,0.4712768495082855,0.0
54.0,-1.4457502365112305,0.4627421200275421,0.0
54.0,-1.4440590143203735,0.4548512399196625,0.0
54.0,-1.4461466073989868,0.4481699466705322,0.0
54.0,-1.4443769454956055,0.4403126835823059,0.0
54.0,-1.4463971853256226,0.4336300790309906,0.0
54.0,-1.4445499181747437,0.42580726742744446,0.0
54.0,-1.4465030431747437,0.4191240072250366,0.0
54.0,-1.4445782899856567,0.41133636236190796,0.0
54.0,-1.4426125288009644,0.40357550978660583,0.0
54.0,-1.4444630146026611,0.3969014585018158,0.0
54.0,-1.4424206018447876,0.3891769349575043,0.0
54.0,-1.4442044496536255,0.3825039267539978,0.0
54.0,-1.4420862197875977,0.37481653690338135,0.0
54.0,-1.4399276971817017,0.3671569228172302,0.0
54.0,-1.4416097402572632,0.3604956567287445,0.0
54.0,-1.4393761157989502,0.3528743088245392,0.0
54.0,-1.4409922361373901,0.34621575474739075,0.0
54.0,-1.4406307935714722,0.33909159898757935,0.0
54.0,-1.438285231590271,0.3315289318561554,0.0
54.0,-1.439802646636963,0.3248756527900696,0.0
54.0,-1.4393362998962402,0.31778424978256226,0.0
54.0,-1.4407901763916016,0.3111262619495392,0.0
54.0,-1.438299536705017,0.3036354184150696,0.0
54.0,-1.439687967300415,0.29698237776756287,0.0
54.0,-1.4371243715286255,0.28953298926353455,0.0
54.0,-1.4364852905273438,0.28249961137771606,0.0
54.0,-1.43777596950531,0.2758551836013794,0.0
54.0,-1.4370701313018799,0.2688370943069458,0.0
54.0,-1.4382977485656738,0.2621901333332062,0.0
54.0,-1.4355560541152954,0.25483837723731995,0.0
54.0,-1.4347481727600098,0.24785807728767395,0.0
54.0,-1.4358787536621094,0.2412220537662506,0.0
54.0,-1.4350048303604126,0.23425865173339844,0.0
54.0,-1.436072587966919,0.22762158513069153,0.0
54.0,-1.433156132698059,0.22037173807621002,0.0
54.0,-1.4321813583374023,0.21344853937625885,0.0
54.0,-1.4331529140472412,0.20682474970817566,0.0
54.0,-1.4321130514144897,0.19992002844810486,0.0
54.0,-1.433022141456604,0.19329670071601868,0.0
54.0,-1.429934024810791,0.1861528754234314,0.0
54.0,-1.4287949800491333,0.1792907565832138,0.0
54.0,-1.4296085834503174,0.172682985663414,0.0
54.0,-1.4303916692733765,0.16607153415679932,0.0
54.0,-1.4311442375183105,0.1594565212726593,0.0
54.0,-1.4298774003982544,0.15262581408023834,0.0
54.0,-1.4285781383514404,0.14581026136875153,0.0
54.0,-1.4292370080947876,0.13920384645462036,0.0
54.0,-1.4278738498687744,0.13240979611873627,0.0
54.0,-1.4284707307815552,0.1258067935705185,0.0
54.0,-1.4270440340042114,0.11903484910726547,0.0
54.0,-1.4275791645050049,0.11243581771850586,0.0
54.0,-1.4260891675949097,0.10568656772375107,0.0
54.0,-1.4265625476837158,0.09909209609031677,0.0
54.0,-1.427005410194397,0.09249550849199295,0.0
54.0,-1.4274177551269531,0.08589693903923035,0.0
54.0,-1.4277997016906738,0.0792965367436409,0.0
54.0,-1.4261536598205566,0.07259277254343033,0.0
54.0,-1.424476146697998,0.06590592116117477,0.0
54.0,-1.424765706062317,0.05931933596730232,0.0
54.0,-1.4230260848999023,0.05265752226114273,0.0
54.0,-1.423254370689392,0.04607778042554855,0.0
54.0,-1.4234521389007568,0.039497051388025284,0.0
54.0,-1.4216201305389404,0.03286925330758095,0.0
54.0,-1.4217568635940552,0.0262962207198143,0.0
54.0,-1.421863317489624,0.019722629338502884,0.0
54.0,-1.4219392538070679,0.013148615136742592,0.0
54.0,-1.4219849109649658,0.006574319209903479,0.0
54.0,-1.4220000505447388,-1.1636915075996512e-07,0.0
55.0,-1.4220000505447388,1.2431519280653447e-07,0.0
55.0,-1.4199848175048828,-0.006565064657479525,0.0
55.0,-1.4199392795562744,-0.013130112551152706,0.0
55.0,-1.4198633432388306,-0.01969487965106964,0.0
55.0,-1.4197571277618408,-0.026259226724505424,0.0
55.0,-1.4196205139160156,-0.03282301127910614,0.0
55.0,-1.4194536209106445,-0.039386097341775894,0.0
55.0,-1.419256329536438,-0.0459483377635479,0.0
55.0,-1.4210275411605835,-0.05258355662226677,0.0
55.0,-1.420769214630127,-0.059152934700250626,0.0
55.0,-1.420480489730835,-0.0657210499048233,0.0
55.0,-1.420161485671997,-0.07228775322437286,0.0
55.0,-1.4198120832443237,-0.07885292172431946,0.0
55.0,-1.4194324016571045,-0.08541639894247055,0.0
55.0,-1.4210180044174194,-0.09210740774869919,0.0
55.0,-1.420577049255371,-0.09867632389068604,0.0
55.0,-1.4201055765151978,-0.10524312406778336,0.0
55.0,-1.4196038246154785,-0.1118076741695404,0.0
55.0,-1.4190717935562134,-0.11836984008550644,0.0
55.0,-1.4185093641281128,-0.12492947280406952,0.0
55.0,-1.415925145149231,-0.13130176067352295,0.0
55.0,-1.4172935485839844,-0.13804058730602264,0.0
55.0,-1.4166401624679565,-0.1445917785167694,0.0
55.0,-1.417945146560669,-0.1513521671295166,0.0
55.0,-1.417230248451233,-0.15790623426437378,0.0
55.0,-1.416485071182251,-0.16445693373680115,0.0
55.0,-1.4157096147537231,-0.17100411653518677,0.0
55.0,-1.4149038791656494,-0.1775476336479187,0.0
55.0,-1.4160510301589966,-0.184345543384552,0.0
55.0,-1.415183663368225,-0.19089050590991974,0.0
55.0,-1.416266679763794,-0.1977079063653946,0.0
55.0,-1.4153375625610352,-0.20425371825695038,0.0
55.0,-1.4163563251495361,-0.21108999848365784,0.0
55.0,-1.415365219116211,-0.2176360934972763,0.0
55.0,-1.4143438339233398,-0.2241775244474411,0.0
55.0,-1.4152661561965942,-0.23103637993335724,0.0
55.0,-1.4141827821731567,-0.23757721483707428,0.0
55.0,-1.415040135383606,-0.24445343017578125,0.0
55.0,-1.413894772529602,-0.2509930729866028,0.0
55.0,-1.4127192497253418,-0.25752735137939453,0.0
55.0,-1.4115134477615356,-0.26405614614486694,0.0
55.0,-1.4142060279846191,-0.2713329792022705,0.0
55.0,-1.4129364490509033,-0.27786847949028015,0.0
55.0,-1.4116365909576416,-0.28439804911613464,0.0
55.0,-1.410306692123413,-0.29092150926589966,0.0
55.0,-1.4089465141296387,-0.2974388003349304,0.0
55.0,-1.4095112085342407,-0.30437183380126953,0.0
55.0,-1.4119948148727417,-0.31174764037132263,0.0
55.0,-1.4105384349822998,-0.31827250123023987,0.0
55.0,-1.4110007286071777,-0.32523974776268005,0.0
55.0,-1.4094818830490112,-0.33175987005233765,0.0
55.0,-1.4098777770996094,-0.33874011039733887,0.0
55.0,-1.4082965850830078,-0.34525489807128906,0.0
55.0,-1.4086254835128784,-0.3522474765777588,0.0
55.0,-1.4089198112487793,-0.3592504560947418,0.0
55.0,-1.4072438478469849,-0.36576056480407715,0.0
55.0,-1.4074710607528687,-0.3727749288082123,0.0
55.0,-1.40573251247406,-0.37927818298339844,0.0
55.0,-1.4078210592269897,-0.38683319091796875,0.0
55.0,-1.407943606376648,-0.3938767611980438,0.0
55.0,-1.4061075448989868,-0.40038201212882996,0.0
55.0,-1.4080833196640015,-0.407991886138916,0.0
55.0,-1.4061819314956665,-0.41449761390686035,0.0
55.0,-1.4061663150787354,-0.4215688407421112,0.0
55.0,-1.4042022228240967,-0.42806556820869446,0.0
55.0,-1.4060288667678833,-0.4357371926307678,0.0
55.0,-1.4059067964553833,-0.4428339898586273,0.0
55.0,-1.4038443565368652,-0.44932928681373596,0.0
55.0,-1.4055559635162354,-0.45705196261405945,0.0
55.0,-1.4034278392791748,-0.46354547142982483,0.0
55.0,-1.4031658172607422,-0.4706651270389557,0.0
55.0,-1.4066543579101562,-0.47908180952072144,0.0
55.0,-1.4044243097305298,-0.485580176115036,0.0
55.0,-1.405938744544983,-0.4933927357196808,0.0
55.0,-1.4036425352096558,-0.499887615442276,0.0
55.0,-1.4031972885131836,-0.5070515275001526,0.0
55.0,-1.400838017463684,-0.5135335922241211,0.0
55.0,-1.402198076248169,-0.5213988423347473,0.0
55.0,-1.403515100479126,-0.529287576675415,0.0
55.0,-1.4010529518127441,-0.5357708930969238,0.0
55.0,-1.4022904634475708,-0.5436887145042419,0.0
55.0,-1.3997617959976196,-0.5501662492752075,0.0
55.0,-1.4009191989898682,-0.558112382888794,0.0
55.0,-1.4020328521728516,-0.5660809278488159,0.0
55.0,-1.3994007110595703,-0.5725570321083069,0.0
55.0,-1.4022812843322754,-0.5813185572624207,0.0
55.0,-1.39957857131958,-0.587795615196228,0.0
55.0,-1.4023672342300415,-0.5966089963912964,0.0
55.0,-1.401430606842041,-0.6038777232170105,0.0
55.0,-1.3986237049102783,-0.6103506088256836,0.0
55.0,-1.3994455337524414,-0.6184272170066833,0.0
55.0,-1.3965712785720825,-0.6248907446861267,0.0
55.0,-1.3991327285766602,-0.6338168382644653,0.0
55.0,-1.3961873054504395,-0.6402787566184998,0.0
55.0,-1.3986544609069824,-0.6492533087730408,0.0
55.0,-1.399258017539978,-0.6574137806892395,0.0
55.0,-1.396203637123108,-0.6638760566711426,0.0
55.0,-1.3985260725021362,-0.6729256510734558,0.0
55.0,-1.3953999280929565,-0.6793843507766724,0.0
55.0,-1.397626280784607,-0.6884799599647522,0.0
55.0,-1.3944282531738281,-0.6949343085289001,0.0
55.0,-1.3947722911834717,-0.7031745910644531,0.0
55.0,-1.3968513011932373,-0.7123413681983948,0.0
55.0,-1.393543004989624,-0.7187919616699219,0.0
55.0,-1.397297739982605,-0.7289272546768188,0.0
55.0,-1.393912672996521,-0.735379695892334,0.0
55.0,-1.3957916498184204,-0.7446406483650208,0.0
55.0,-1.3976147174835205,-0.7539345622062683,0.0
55.0,-1.3941140174865723,-0.760388195514679,0.0
55.0,-1.395837664604187,-0.7697228789329529,0.0
55.0,-1.3922640085220337,-0.7761681079864502,0.0
55.0,-1.3938877582550049,-0.7855426073074341,0.0
55.0,-1.3902409076690674,-0.791978657245636,0.0
55.0,-1.3917640447616577,-0.8013917207717896,0.0
55.0,-1.3949583768844604,-0.8118418455123901,0.0
55.0,-1.3911899328231812,-0.8182825446128845,0.0
55.0,-1.3942686319351196,-0.8287935853004456,0.0
55.0,-1.390421986579895,-0.8352309465408325,0.0
55.0,-1.391674518585205,-0.8447638750076294,0.0
55.0,-1.3928685188293457,-0.854326069355011,0.0
55.0,-1.3889037370681763,-0.8607566952705383,0.0
55.0,-1.3933850526809692,-0.8724759817123413,0.0
55.0,-1.389336347579956,-0.8789088129997253,0.0
55.0,-1.3919987678527832,-0.889630913734436,0.0
55.0,-1.3878707885742188,-0.89605712890625,0.0
55.0,-1.3887388706207275,-0.9057419300079346,0.0
55.0,-1.392886996269226,-0.9176544547080994,0.0
55.0,-1.38862943649292,-0.924084484577179,0.0
55.0,-1.3909817934036255,-0.9349575638771057,0.0
55.0,-1.3866442441940308,-0.9413785934448242,0.0
55.0,-1.388875126838684,-0.9523035287857056,0.0
55.0,-1.3910343647003174,-0.9632691144943237,0.0
55.0,-1.3865660429000854,-0.9696900844573975,0.0
55.0,-1.3902361392974854,-0.9818592071533203,0.0
55.0,-1.3856818675994873,-0.9882762432098389,0.0
55.0,-1.3892123699188232,-1.000516414642334,0.0
55.0,-1.3845717906951904,-1.006928563117981,0.0
55.0,-1.3847377300262451,-1.0168704986572266,0.0
55.0,-1.3784148693084717,-1.0220705270767212,0.0
55.0,-1.373674750328064,-1.0284324884414673,0.0
55.0,-1.3625234365463257,-1.0299484729766846,0.0
55.0,-1.357746958732605,-1.0362368822097778,0.0
55.0,-1.3434361219406128,-1.035178780555725,0.0
55.0,-1.3260071277618408,-1.0315545797348022,0.0
55.0,-1.3212237358093262,-1.0376741886138916,0.0
55.0,-1.305441975593567,-1.0350735187530518,0.0
55.0,-1.300642490386963,-1.0410979986190796,0.0
55.0,-1.2818148136138916,-1.0357871055603027,0.0
55.0,-1.2770122289657593,-1.0417022705078125,0.0
55.0,-1.2582871913909912,-1.0361530780792236,0.0
55.0,-1.2427172660827637,-1.0330102443695068,0.0
55.0,-1.2379279136657715,-1.0387446880340576,0.0
55.0,-1.2224292755126953,-1.0354084968566895,0.0
55.0,-1.217629075050354,-1.0410491228103638,0.0
55.0,-1.1991759538650513,-1.0349072217941284,0.0
55.0,-1.1853300333023071,-1.0325583219528198,0.0
55.0,-1.1805435419082642,-1.0380275249481201,0.0
55.0,-1.1652607917785645,-1.0341814756393433,0.0
55.0,-1.1604669094085693,-1.0395578145980835,0.0
55.0,-1.14378023147583,-1.0341812372207642,0.0
55.0,-1.1301229000091553,-1.0313690900802612,0.0
55.0,-1.1253423690795898,-1.0365830659866333,0.0
55.0,-1.1102845668792725,-1.0322422981262207,0.0
55.0,-1.105500340461731,-1.0373644828796387,0.0
55.0,-1.0905276536941528,-1.0328376293182373,0.0
55.0,-1.0756207704544067,-1.0281946659088135,0.0
55.0,-1.0708554983139038,-1.0331566333770752,0.0
55.0,-1.0574699640274048,-1.0297247171401978,0.0
55.0,-1.0526978969573975,-1.0346027612686157,0.0
55.0,-1.0393837690353394,-1.0310078859329224,0.0
55.0,-1.0275390148162842,-1.0287271738052368,0.0
55.0,-1.0227718353271484,-1.0334669351577759,0.0
55.0,-1.010981559753418,-1.031044363975525,0.0
55.0,-1.0062037706375122,-1.0357074737548828,0.0
55.0,-0.9930827021598816,-1.0317028760910034,0.0
55.0,-0.9814006090164185,-1.029046654701233,0.0
55.0,-0.9766324162483215,-1.033573031425476,0.0
55.0,-0.9650089740753174,-1.030777096748352,0.0
55.0,-0.9602330327033997,-1.035227656364441,0.0
55.0,-0.948669970035553,-1.0322932004928589,0.0
55.0,-0.9371547102928162,-1.0292739868164062,0.0
55.0,-0.9323859810829163,-1.0335958003997803,0.0
55.0,-0.9196008443832397,-1.028948187828064,0.0
55.0,-0.9148337841033936,-1.033188819885254,0.0
55.0,-0.9047715663909912,-1.0313934087753296,0.0
55.0,-0.899993360042572,-1.0355654954910278,0.0
55.0,-0.8886711597442627,-1.032137393951416,0.0
55.0,-0.8761021494865417,-1.0271052122116089,0.0
55.0,-0.8713441491127014,-1.0311447381973267,0.0
55.0,-0.8614321947097778,-1.0290279388427734,0.0
55.0,-0.8528352975845337,-1.0283812284469604,0.0
55.0,-0.8480715751647949,-1.0323131084442139,0.0
55.0,-0.8369777202606201,-1.0284669399261475,0.0
55.0,-0.832213819026947,-1.0323256254196167,0.0
55.0,-0.8224400281906128,-1.0299108028411865,0.0
55.0,-0.8176695704460144,-1.0337022542953491,0.0
55.0,-0.8067141175270081,-1.0296000242233276,0.0
55.0,-0.7982666492462158,-1.0285788774490356,0.0
55.0,-0.7935026288032532,-1.0322585105895996,0.0
55.0,-0.7838754057884216,-1.0295510292053223,0.0
55.0,-0.7742902636528015,-1.0267767906188965,0.0
55.0,-0.7695348262786865,-1.0303456783294678,0.0
55.0,-0.7600054740905762,-1.0274608135223389,0.0
55.0,-0.7552469968795776,-1.030963659286499,0.0
55.0,-0.7457746267318726,-1.0279690027236938,0.0
55.0,-0.7410139441490173,-1.0314059257507324,0.0
55.0,-0.7327591776847839,-1.0299320220947266,0.0
55.0,-0.7245339155197144,-1.028403878211975,0.0
55.0,-0.7197715044021606,-1.0317426919937134,0.0
55.0,-0.710446834564209,-1.0284771919250488,0.0
55.0,-0.7056841850280762,-1.0317507982254028,0.0
55.0,-0.6964206695556641,-1.0283784866333008,0.0
55.0,-0.6872035264968872,-1.0249425172805786,0.0
55.0,-0.682457447052002,-1.028108835220337,0.0
55.0,-0.6744017601013184,-1.0262389183044434,0.0
55.0,-0.6696498990058899,-1.029345989227295,0.0
55.0,-0.6616350412368774,-1.0273865461349487,0.0
55.0,-0.6547278165817261,-1.0270615816116333,0.0
55.0,-0.6499723196029663,-1.0300776958465576,0.0
55.0,-0.642024576663971,-1.0279827117919922,0.0
55.0,-0.6372649669647217,-1.030940055847168,0.0
55.0,-0.6283168792724609,-1.0270510911941528,0.0
55.0,-0.6204542517662048,-1.0248123407363892,0.0
55.0,-0.6157095432281494,-1.0276700258255005,0.0
55.0,-0.6089117527008057,-1.0270649194717407,0.0
55.0,-0.6041567921638489,-1.0298691987991333,0.0
55.0,-0.5963768362998962,-1.0274622440338135,0.0
55.0,-0.5916200876235962,-1.0302084684371948,0.0
55.0,-0.5838868618011475,-1.027716040611267,0.0
55.0,-0.5761893391609192,-1.0251740217208862,0.0
55.0,-0.5714434385299683,-1.0278270244598389,0.0
55.0,-0.5637940168380737,-1.025200605392456,0.0
55.0,-0.5571368932723999,-1.024282455444336,0.0
55.0,-0.5523952841758728,-1.0268473625183105,0.0
55.0,-0.5467025637626648,-1.0276246070861816,0.0
55.0,-0.5419456362724304,-1.0301412343978882,0.0
55.0,-0.5353310704231262,-1.0290871858596802,0.0
55.0,-0.5305675268173218,-1.0315512418746948,0.0
55.0,-0.5221664309501648,-1.0268622636795044,0.0
55.0,-0.5156167149543762,-1.0256916284561157,0.0
55.0,-0.5108690857887268,-1.0280646085739136,0.0
55.0,-0.5034652948379517,-1.0250300168991089,0.0
55.0,-0.49872082471847534,-1.0273468494415283,0.0
55.0,-0.4922355115413666,-1.026035189628601,0.0
55.0,-0.4849162697792053,-1.0228784084320068,0.0
55.0,-0.4801819324493408,-1.0251094102859497,0.0
55.0,-0.4729174077510834,-1.0218733549118042,0.0
55.0,-0.4681878387928009,-1.024048924446106,0.0
55.0,-0.4618018865585327,-1.022557020187378,0.0
55.0,-0.4570693075656891,-1.0246812105178833,0.0
55.0,-0.4507143795490265,-1.023123025894165,0.0
55.0,-0.4451814889907837,-1.0233619213104248,0.0
55.0,-0.44044533371925354,-1.02540922164917,0.0
55.0,-0.43413808941841125,-1.023751974105835,0.0
55.0,-0.4278557002544403,-1.0220584869384766,0.0
55.0,-0.4231257736682892,-1.0240256786346436,0.0
55.0,-0.4176315367221832,-1.0241190195083618,0.0
55.0,-0.4128921926021576,-1.0260390043258667,0.0
55.0,-0.40666791796684265,-1.024219274520874,0.0
55.0,-0.40192824602127075,-1.0260885953903198,0.0
55.0,-0.39501744508743286,-1.022339105606079,0.0
55.0,-0.39028656482696533,-1.0241544246673584,0.0
55.0,-0.38554733991622925,-1.02594792842865,0.0
55.0,-0.38149479031562805,-1.0295950174331665,0.0
55.0,-0.3767305314540863,-1.0313477516174316,0.0
55.0,-0.37128064036369324,-1.0311967134475708,0.0
55.0,-0.36584025621414185,-1.0310174226760864,0.0
55.0,-0.36106956005096436,-1.0326977968215942,0.0
55.0,-0.3549884855747223,-1.0305742025375366,0.0
55.0,-0.3502199649810791,-1.032204508781433,0.0
55.0,-0.3441762328147888,-1.0300188064575195,0.0
55.0,-0.3394103944301605,-1.0315990447998047,0.0
55.0,-0.33402103185653687,-1.031254529953003,0.0
55.0,-0.3286421298980713,-1.0308823585510254,0.0
55.0,-0.32387247681617737,-1.0323907136917114,0.0
55.0,-0.31791621446609497,-1.0300549268722534,0.0
55.0,-0.3131504952907562,-1.0315138101577759,0.0
55.0,-0.3072338104248047,-1.0291178226470947,0.0
55.0,-0.30190926790237427,-1.0286082029342651,0.0
55.0,-0.2971504032611847,-1.0299930572509766,0.0
55.0,-0.29183971881866455,-1.029431700706482,0.0
55.0,-0.2870771586894989,-1.0307700634002686,0.0
55.0,-0.28178074955940247,-1.0301570892333984,0.0
55.0,-0.2759774327278137,-1.027585744857788,0.0
55.0,-0.2712235748767853,-1.0288506746292114,0.0
55.0,-0.26596304774284363,-1.0281574726104736,0.0
55.0,-0.26120665669441223,-1.0293761491775513,0.0
55.0,-0.25547876954078674,-1.0266910791397095,0.0
55.0,-0.2507292628288269,-1.02786123752594,0.0
55.0,-0.24597439169883728,-1.029009461402893,0.0
55.0,-0.2407582849264145,-1.0281884670257568,0.0
55.0,-0.23600201308727264,-1.0292905569076538,0.0
55.0,-0.2308027595281601,-1.0284192562103271,0.0
55.0,-0.22604551911354065,-1.0294753313064575,0.0
55.0,-0.22086356580257416,-1.028554081916809,0.0
55.0,-0.21569494903087616,-1.027606725692749,0.0
55.0,-0.2109416425228119,-1.0285929441452026,0.0
55.0,-0.20579108595848083,-1.0275962352752686,0.0
55.0,-0.2010379284620285,-1.0285366773605347,0.0
55.0,-0.1959058940410614,-1.0274906158447266,0.0
55.0,-0.19078783690929413,-1.0264190435409546,0.0
55.0,-0.18604028224945068,-1.0272901058197021,0.0
55.0,-0.18094146251678467,-1.026169776916504,0.0
55.0,-0.1761951595544815,-1.026995301246643,0.0
55.0,-0.17078694701194763,-1.0238534212112427,0.0
55.0,-0.1660514622926712,-1.0246320962905884,0.0
55.0,-0.16131243109703064,-1.0253888368606567,0.0
55.0,-0.15626828372478485,-1.024146556854248,0.0
55.0,-0.15153160691261292,-1.0248581171035767,0.0
55.0,-0.14650830626487732,-1.0235679149627686,0.0
55.0,-0.14177440106868744,-1.024234414100647,0.0
55.0,-0.1370374709367752,-1.024878978729248,0.0
55.0,-0.13204170763492584,-1.0235178470611572,0.0
55.0,-0.127308189868927,-1.0241174697875977,0.0
55.0,-0.12233441323041916,-1.0227092504501343,0.0
55.0,-0.11760473996400833,-1.023263931274414,0.0
55.0,-0.11287254840135574,-1.0237966775894165,0.0
55.0,-0.10792797803878784,-1.022318720817566,0.0
55.0,-0.103200264275074,-1.0228067636489868,0.0
55.0,-0.09847034513950348,-1.02327299118042,0.0
55.0,-0.09373831748962402,-1.0237172842025757,0.0
55.0,-0.08900429308414459,-1.0241397619247437,0.0
55.0,-0.08426836133003235,-1.0245403051376343,0.0
55.0,-0.07937590032815933,-1.0229250192642212,0.0
55.0,-0.07464569061994553,-1.0232809782028198,0.0
55.0,-0.06991388648748398,-1.0236152410507202,0.0
55.0,-0.06518058478832245,-1.0239274501800537,0.0
55.0,-0.060445886105298996,-1.024217963218689,0.0
55.0,-0.05560130625963211,-1.0224894285202026,0.0
55.0,-0.05087336152791977,-1.022735595703125,0.0
55.0,-0.046144332736730576,-1.02295982837677,0.0
55.0,-0.04141431301832199,-1.0231622457504272,0.0
55.0,-0.03668341040611267,-1.0233427286148071,0.0
55.0,-0.031951725482940674,-1.0235013961791992,0.0
55.0,-0.02716618962585926,-1.0216388702392578,0.0
55.0,-0.02244248241186142,-1.0217535495758057,0.0
55.0,-0.017718294635415077,-1.0218462944030762,0.0
55.0,-0.012993729673326015,-1.0219173431396484,0.0
55.0,-0.008268886245787144,-1.0219664573669434,0.0
55.0,-0.0035438663326203823,-1.0219937562942505,0.0
55.0,0.0011812294833362103,-1.0219992399215698,0.0
55.0,0.005906300153583288,-1.0219829082489014,0.0
55.0,0.010631244629621506,-1.0219446420669556,0.0
55.0,0.015386013314127922,-1.0238844156265259,0.0
55.0,0.020119648426771164,-1.023802399635315,0.0
55.0,0.024804310873150826,-1.0216989517211914,0.0
55.0,0.029527738690376282,-1.0215733051300049,0.0
55.0,0.03425053879618645,-1.0214258432388306,0.0
55.0,0.038972605019807816,-1.0212565660476685,0.0
55.0,0.04369383677840233,-1.0210654735565186,0.0
55.0,0.04850888252258301,-1.0228503942489624,0.0
55.0,0.05323738232254982,-1.0226151943206787,0.0
55.0,0.0579647459089756,-1.0223581790924072,0.0
55.0,0.062690868973732,-1.0220792293548584,0.0
55.0,0.06741565465927124,-1.0217784643173218,0.0
55.0,0.07213899493217468,-1.0214558839797974,0.0
55.0,0.07686079293489456,-1.0211113691329956,0.0
55.0,0.08158095180988312,-1.0207451581954956,0.0
55.0,0.0862993597984314,-1.0203570127487183,0.0
55.0,0.09101593494415283,-1.0199471712112427,0.0
55.0,0.09573055803775787,-1.0195153951644897,0.0
55.0,0.10044313222169876,-1.0190619230270386,0.0
55.0,0.10515356063842773,-1.0185866355895996,0.0
55.0,0.10986173897981644,-1.0180896520614624,0.0
55.0,0.1145675778388977,-1.0175708532333374,0.0
55.0,0.11927095800638199,-1.0170302391052246,0.0
55.0,0.12397179752588272,-1.0164679288864136,0.0
55.0,0.12866997718811035,-1.0158839225769043,0.0
55.0,0.13362589478492737,-1.0172611474990845,0.0
55.0,0.13832764327526093,-1.0166324377059937,0.0
55.0,0.1430264264345169,-1.0159820318222046,0.0
55.0,0.14772216975688934,-1.0153099298477173,0.0
55.0,0.1524147391319275,-1.0146161317825317,0.0
55.0,0.15710406005382538,-1.0139005184173584,0.0
55.0,0.16210539638996124,-1.0151383876800537,0.0
55.0,0.16679702699184418,-1.0143779516220093,0.0
55.0,0.17181871831417084,-1.0155678987503052,0.0
55.0,0.1768549680709839,-1.0167330503463745,0.0
55.0,0.18155381083488464,-1.0159045457839966,0.0
55.0,0.186248779296875,-1.0150543451309204,0.0
55.0,0.1909397542476654,-1.0141823291778564,0.0
55.0,0.1956266611814499,-1.0132887363433838,0.0
55.0,0.20069760084152222,-1.0143355131149292,0.0
55.0,0.20538510382175446,-1.0133967399597168,0.0
55.0,0.21047453582286835,-1.0143946409225464,0.0
55.0,0.2151622176170349,-1.0134106874465942,0.0
55.0,0.22069409489631653,-1.016313910484314,0.0
55.0,0.22625744342803955,-1.0191876888275146,0.0
55.0,0.23096710443496704,-1.0181307792663574,0.0
55.0,0.23522035777568817,-1.0151036977767944,0.0
55.0,0.2399110496044159,-1.0140053033828735,0.0
55.0,0.24553555250167847,-1.0167734622955322,0.0
55.0,0.25023385882377625,-1.015627384185791,0.0
55.0,0.255414217710495,-1.0163992643356323,0.0
55.0,0.26110348105430603,-1.0190824270248413,0.0
55.0,0.26581230759620667,-1.0178643465042114,0.0
55.0,0.2710297107696533,-1.0185573101043701,0.0
55.0,0.2757359743118286,-1.0172933340072632,0.0
55.0,0.28043636679649353,-1.016007661819458,0.0
55.0,0.28567177057266235,-1.0166256427764893,0.0
55.0,0.2903689742088318,-1.0152939558029175,0.0
55.0,0.29561877250671387,-1.015860915184021,0.0
55.0,0.3003123104572296,-1.0144833326339722,0.0
55.0,0.304999440908432,-1.013084053993225,0.0
55.0,0.3102654218673706,-1.0135754346847534,0.0
55.0,0.31494826078414917,-1.0121301412582397,0.0
55.0,0.3202274441719055,-1.0125702619552612,0.0
55.0,0.32490551471710205,-1.0110788345336914,0.0
55.0,0.330197274684906,-1.0114670991897583,0.0
55.0,0.3348701596260071,-1.0099296569824219,0.0
55.0,0.3414505422115326,-1.0140570402145386,0.0
55.0,0.3461352586746216,-1.0124675035476685,0.0
55.0,0.35212400555610657,-1.0146352052688599,0.0
55.0,0.35747572779655457,-1.0148828029632568,0.0
55.0,0.36216408014297485,-1.0132192373275757,0.0
55.0,0.3675265610218048,-1.0134141445159912,0.0
55.0,0.37220802903175354,-1.0117040872573853,0.0
55.0,0.37758079171180725,-1.0118463039398193,0.0
55.0,0.38296276330947876,-1.0119602680206299,0.0
55.0,0.38763734698295593,-1.010178804397583,0.0
55.0,0.39302876591682434,-1.0102397203445435,0.0
55.0,0.39769527316093445,-1.0084118843078613,0.0
55.0,0.40383800864219666,-1.0102766752243042,0.0
55.0,0.40850457549095154,-1.0083987712860107,0.0
55.0,0.41392189264297485,-1.0083495378494263,0.0
55.0,0.42165160179138184,-1.0138115882873535,0.0
55.0,0.42633432149887085,-1.0118513107299805,0.0
55.0,0.4341481924057007,-1.0172271728515625,0.0
55.0,0.4388465881347656,-1.0152090787887573,0.0
55.0,0.44513970613479614,-1.0168336629867554,0.0
55.0,0.45064666867256165,-1.016593098640442,0.0
55.0,0.4553419351577759,-1.0144987106323242,0.0
55.0,0.4600274860858917,-1.0123826265335083,0.0
55.0,0.46470317244529724,-1.0102449655532837,0.0
55.0,0.4702131152153015,-1.0098987817764282,0.0
55.0,0.4774349331855774,-1.0131416320800781,0.0
55.0,0.4821139872074127,-1.0109233856201172,0.0
55.0,0.48939049243927,-1.0140873193740845,0.0
55.0,0.494073748588562,-1.0118138790130615,0.0
55.0,0.5014040470123291,-1.0148979425430298,0.0
55.0,0.5060909390449524,-1.0125689506530762,0.0
55.0,0.5125718712806702,-1.0137879848480225,0.0
55.0,0.5172535181045532,-1.0114073753356934,0.0
55.0,0.5228429436683655,-1.0107815265655518,0.0
55.0,0.5293647646903992,-1.0118976831436157,0.0
55.0,0.5340374708175659,-1.0094393491744995,0.0
55.0,0.5396422743797302,-1.0087231397628784,0.0
55.0,0.5443001985549927,-1.006217360496521,0.0
55.0,0.5518255233764648,-1.0089541673660278,0.0
55.0,0.5603556036949158,-1.0133930444717407,0.0
55.0,0.5650349259376526,-1.010791540145874,0.0
55.0,0.5706861019134521,-1.0099095106124878,0.0
55.0,0.5753491520881653,-1.0072603225708008,0.0
55.0,0.5829999446868896,-1.0097856521606445,0.0
55.0,0.5906863808631897,-1.0122617483139038,0.0
55.0,0.5953601002693176,-1.0095199346542358,0.0
55.0,0.6010450720787048,-1.008474588394165,0.0
55.0,0.605701208114624,-1.0056848526000977,0.0
55.0,0.6124238967895508,-1.0062906742095947,0.0
55.0,0.6170697808265686,-1.003448486328125,0.0
55.0,0.6248691082000732,-1.0056811571121216,0.0
55.0,0.6337655186653137,-1.0095570087432861,0.0
55.0,0.6384263038635254,-1.0066161155700684,0.0
55.0,0.6463103294372559,-1.008705496788025,0.0
55.0,0.6509670615196228,-1.005706548690796,0.0
55.0,0.6577989459037781,-1.0060341358184814,0.0
55.0,0.6624431610107422,-1.0029821395874023,0.0
55.0,0.670403003692627,-1.0048998594284058,0.0
55.0,0.6783947348594666,-1.006765365600586,0.0
55.0,0.6830421686172485,-1.0036181211471558,0.0
55.0,0.692206621170044,-1.0070421695709229,0.0
55.0,0.6968551278114319,-1.003831148147583,0.0
55.0,0.7060811519622803,-1.00714910030365,0.0
55.0,0.7107300758361816,-1.0038739442825317,0.0
55.0,0.7188532948493958,-1.0054579973220825,0.0
55.0,0.7270063161849976,-1.0069884061813354,0.0
55.0,0.7316542267799377,-1.003616452217102,0.0
55.0,0.7410290837287903,-1.0066657066345215,0.0
55.0,0.7456753849983215,-1.0032289028167725,0.0
55.0,0.7539072036743164,-1.0045695304870605,0.0
55.0,0.7633751630783081,-1.0074495077133179,0.0
55.0,0.7680248022079468,-1.0039093494415283,0.0
55.0,0.7775481939315796,-1.0066790580749512,0.0
55.0,0.7821941375732422,-1.0030733346939087,0.0
55.0,0.7917719483375549,-1.0057320594787598,0.0
55.0,0.8001465797424316,-1.0067578554153442,0.0
55.0,0.8047926425933838,-1.0030478239059448,0.0
55.0,0.816974401473999,-1.008641004562378,0.0
55.0,0.821628987789154,-1.0048531293869019,0.0
55.0,0.8326317071914673,-1.0087558031082153,0.0
55.0,0.837286651134491,-1.0048954486846924,0.0
55.0,0.8470731377601624,-1.0071361064910889,0.0
55.0,0.8517204523086548,-1.0032089948654175,0.0
55.0,0.8602538704872131,-1.0038163661956787,0.0
55.0,0.8701195120811462,-1.0058788061141968,0.0
55.0,0.8747608065605164,-1.001845121383667,0.0
55.0,0.8846728801727295,-1.0037918090820312,0.0
55.0,0.8893043398857117,-0.9996909499168396,0.0
55.0,0.9005977511405945,-1.0030094385147095,0.0
55.0,0.9119406938552856,-1.0062446594238281,0.0
55.0,0.916583240032196,-1.002017617225647,0.0
55.0,0.927989661693573,-1.005116581916809,0.0
55.0,0.9326267838478088,-1.0008153915405273,0.0
55.0,0.9454653859138489,-1.005233883857727,0.0
55.0,0.9501028060913086,-1.0008519887924194,0.0
55.0,0.9630218744277954,-1.0051133632659912,0.0
55.0,0.9773908257484436,-1.0107141733169556,0.0
55.0,0.982053279876709,-1.0061845779418945,0.0
55.0,0.9993267059326172,-1.0144566297531128,0.0
55.0,1.004006266593933,-1.0098254680633545,0.0
55.0,1.0228309631347656,-1.0192904472351074,0.0
55.0,1.041764259338379,-1.0286024808883667,0.0
55.0,1.0465087890625,-1.0237751007080078,0.0
55.0,1.0684641599655151,-1.035629391670227,0.0
55.0,1.073240876197815,-1.0306785106658936,0.0
55.0,1.0924837589263916,-1.0394917726516724,0.0
55.0,1.097278118133545,-1.0344297885894775,0.0
55.0,1.1195881366729736,-1.0457276105880737,0.0
55.0,1.140557885169983,-1.0554827451705933,0.0
55.0,1.14542555809021,-1.0501981973648071,0.0
55.0,1.1665531396865845,-1.0596837997436523,0.0
55.0,1.1714400053024292,-1.054279088973999,0.0
55.0,1.1927223205566406,-1.0634931325912476,0.0
55.0,1.1976264715194702,-1.0579674243927002,0.0
55.0,1.2205650806427002,-1.0682250261306763,0.0
55.0,1.2466460466384888,-1.0809133052825928,0.0
55.0,1.251630187034607,-1.075137972831726,0.0
55.0,1.2748652696609497,-1.084893822669983,0.0
55.0,1.2798675298690796,-1.0789880752563477,0.0
55.0,1.1570404767990112,-0.9483003616333008,0.0
55.0,1.1614124774932861,-0.9429407715797424,0.0
55.0,1.165759563446045,-0.93756103515625,0.0
55.0,1.1700818538665771,-0.932161271572113,0.0
55.0,1.196359395980835,-0.944087028503418,0.0
55.0,1.2007114887237549,-0.9385457634925842,0.0
55.0,1.2255961894989014,-0.948901355266571,0.0
55.0,1.2299702167510986,-0.9432248473167419,0.0
55.0,1.255022644996643,-0.9532544612884521,0.0
55.0,1.2594164609909058,-0.947441816329956,0.0
55.0,1.289444088935852,-0.9607279300689697,0.0
55.0,1.322839379310608,-0.97613126039505,0.0
55.0,1.3273382186889648,-0.9700047969818115,0.0
55.0,1.3577319383621216,-0.9826188683509827,0.0
55.0,1.3622604608535767,-0.9763310551643372,0.0
55.0,1.3928555250167847,-0.9885430932044983,0.0
55.0,1.3974109888076782,-0.9820927977561951,0.0
55.0,1.428202509880066,-0.9939002394676208,0.0
55.0,1.455838680267334,-1.003173828125,0.0
55.0,1.460461139678955,-0.9964322447776794,0.0
55.0,1.4849400520324707,-1.0031038522720337,0.0
55.0,1.489561915397644,-0.9962276220321655,0.0
55.0,1.5124952793121338,-1.0014759302139282,0.0
55.0,1.5171092748641968,-0.9944724440574646,0.0
55.0,1.540145754814148,-0.9994232654571533,0.0
55.0,1.5632601976394653,-1.00418221950531,0.0
55.0,1.5678861141204834,-0.9969438910484314,0.0
55.0,1.5775564908981323,-0.9928802847862244,0.0
55.0,1.5821300745010376,-0.9855760335922241,0.0
55.0,1.5764553546905518,-0.9719529747962952,0.0
55.0,1.5809321403503418,-0.9646540284156799,0.0
55.0,1.576814889907837,-0.9521653056144714,0.0
55.0,1.5743329524993896,-0.9407612681388855,0.0
55.0,1.5786656141281128,-0.9334725141525269,0.0
55.0,1.5743333101272583,-0.9211137890815735,0.0
55.0,1.5785751342773438,-0.9138252139091492,0.0
55.0,1.581047773361206,-0.9055231213569641,0.0
55.0,1.5921777486801147,-0.9021475315093994,0.0
55.0,1.5963317155838013,-0.8947766423225403,0.0
55.0,1.6144444942474365,-0.8951451778411865,0.0
55.0,1.6185657978057861,-0.8876714110374451,0.0
55.0,1.638474702835083,-0.8887611627578735,0.0
55.0,1.6601903438568115,-0.8906310796737671,0.0
55.0,1.6642903089523315,-0.8829458951950073,0.0
55.0,1.6807523965835571,-0.8817457556724548,0.0
55.0,1.684810996055603,-0.8739655613899231,0.0
55.0,1.4668341875076294,-0.7016221880912781,0.0
55.0,1.4700623750686646,-0.694832980632782,0.0
55.0,1.4732590913772583,-0.688028872013092,0.0
55.0,1.4764243364334106,-0.6812101006507874,0.0
55.0,1.4959369897842407,-0.6818422079086304,0.0
55.0,1.4990733861923218,-0.6749186515808105,0.0
55.0,1.516797423362732,-0.6744816303253174,0.0
55.0,1.5345492362976074,-0.6738950610160828,0.0
55.0,1.5376485586166382,-0.6667931079864502,0.0
55.0,1.5535849332809448,-0.6651872992515564,0.0
55.0,1.5566437244415283,-0.6579973697662354,0.0
55.0,1.5652064085006714,-0.6531038880348206,0.0
55.0,1.5663599967956543,-0.6450987458229065,0.0
55.0,1.5693258047103882,-0.6378499865531921,0.0
55.0,1.566689133644104,-0.6283540725708008,0.0
55.0,1.5695775747299194,-0.6211040019989014,0.0
55.0,1.5687062740325928,-0.6123860478401184,0.0
55.0,1.5659215450286865,-0.6029707193374634,0.0
55.0,1.5686925649642944,-0.5957244634628296,0.0
55.0,1.5658111572265625,-0.586361289024353,0.0
55.0,1.5685054063796997,-0.5791156888008118,0.0
55.0,1.5655279159545898,-0.5698055624961853,0.0
55.0,1.5643805265426636,-0.5612107515335083,0.0
55.0,1.5669584274291992,-0.553972065448761,0.0
55.0,1.565725564956665,-0.5454056859016418,0.0
55.0,1.5682305097579956,-0.5381609201431274,0.0
55.0,1.5650177001953125,-0.5289834141731262,0.0
55.0,1.5674467086791992,-0.5217421054840088,0.0
55.0,1.566041111946106,-0.5132439136505127,0.0
55.0,1.5626870393753052,-0.5041558146476746,0.0
55.0,1.5650012493133545,-0.4969255328178406,0.0
55.0,1.5634640455245972,-0.4884917438030243,0.0
55.0,1.5657057762145996,-0.4812580347061157,0.0
55.0,1.5621708631515503,-0.4722777307033539,0.0
55.0,1.5605034828186035,-0.46391037106513977,0.0
55.0,1.5626317262649536,-0.45669063925743103,0.0
55.0,1.5608818531036377,-0.4483567774295807,0.0
55.0,1.5629380941390991,-0.441135436296463,0.0
55.0,1.5611063241958618,-0.43283596634864807,0.0
55.0,1.5611611604690552,-0.4250883162021637,0.0
55.0,1.5631097555160522,-0.41786596179008484,0.0
55.0,1.561155915260315,-0.40961945056915283,0.0
55.0,1.563033103942871,-0.4023972749710083,0.0
55.0,1.5571202039718628,-0.3932077884674072,0.0
55.0,1.5472733974456787,-0.38312023878097534,0.0
55.0,1.5490281581878662,-0.3759625256061554,0.0
55.0,1.5351839065551758,-0.3650949001312256,0.0
55.0,1.5368554592132568,-0.3579932749271393,0.0
55.0,1.5345942974090576,-0.34999457001686096,0.0
55.0,1.5361961126327515,-0.34289583563804626,0.0
55.0,1.5689265727996826,-0.14914891123771667,0.0
55.0,1.5695993900299072,-0.14189358055591583,0.0
55.0,1.5702385902404785,-0.13463522493839264,0.0
55.0,1.570844292640686,-0.12737399339675903,0.0
55.0,1.5614454746246338,-0.11934790760278702,0.0
55.0,1.5619806051254272,-0.11212749034166336,0.0
55.0,1.5564957857131958,-0.10450273752212524,0.0
55.0,1.556962251663208,-0.09730536490678787,0.0
55.0,1.5553988218307495,-0.08999038487672806,0.0
55.0,1.5597927570343018,-0.08301081508398056,0.0
55.0,1.5601598024368286,-0.07579842954874039,0.0
55.0,1.5724819898605347,-0.06911130994558334,0.0
55.0,1.572784662246704,-0.06184040382504463,0.0
55.0,1.5810490846633911,-0.054845523089170456,0.0
55.0,1.5812857151031494,-0.047535158693790436,0.0
55.0,1.589486002922058,-0.04042718559503555,0.0
55.0,1.599653720855713,-0.03328600153326988,0.0
55.0,1.5997905731201172,-0.02588985301554203,0.0
55.0,1.60989248752594,-0.018608730286359787,0.0
55.0,1.6099612712860107,-0.011165399104356766,0.0
55.0,1.6219956874847412,-0.0037495694123208523,0.0
55.0,1.6319955587387085,0.0037726773880422115,0.0
55.0,1.6319607496261597,0.011317960917949677,0.0
55.0,1.639890432357788,0.018955467268824577,0.0
55.0,1.6397852897644043,0.026537088677287102,0.0
55.0,1.649642825126648,0.034326180815696716,0.0
55.0,1.6494665145874023,0.04195272549986839,0.0
55.0,1.6612495183944702,0.04993894696235657,0.0
55.0,1.6709949970245361,0.05796567723155022,0.0
55.0,1.6707091331481934,0.06569068878889084,0.0
55.0,1.4344594478607178,0.23757542669773102,0.0
55.0,1.4333456754684448,0.24420493841171265,0.0
55.0,1.4322013854980469,0.25082921981811523,0.0
55.0,1.4310263395309448,0.25744813680648804,0.0
55.0,1.4435880184173584,0.26660409569740295,0.0
55.0,1.4423400163650513,0.2732754945755005,0.0
55.0,1.4410611391067505,0.27994105219841003,0.0
55.0,1.4397515058517456,0.28660061955451965,0.0
55.0,1.4521287679672241,0.2960507571697235,0.0
55.0,1.4507445096969604,0.3027613162994385,0.0
55.0,1.4630206823349,0.3123888671398163,0.0
55.0,1.473284363746643,0.32170963287353516,0.0
55.0,1.4717812538146973,0.32851773500442505,0.0
55.0,1.4819462299346924,0.33798712491989136,0.0
55.0,1.4803677797317505,0.344835102558136,0.0
55.0,1.494323492050171,0.35537755489349365,0.0
55.0,1.5121002197265625,0.3669998049736023,0.0
55.0,1.5103873014450073,0.3739868700504303,0.0
55.0,1.5299724340438843,0.3863523602485657,0.0
55.0,1.528169870376587,0.39342185854911804,0.0
55.0,1.549548864364624,0.40657395124435425,0.0
55.0,1.5476524829864502,0.41373375058174133,0.0
55.0,1.5688800811767578,0.4271901249885559,0.0
55.0,1.5842338800430298,0.43924835324287415,0.0
55.0,1.5821861028671265,0.44656816124916077,0.0
55.0,1.5954827070236206,0.45829570293426514,0.0
55.0,1.5933467149734497,0.46566733717918396,0.0
55.0,1.6045963764190674,0.4770183861255646,0.0
55.0,1.6023738384246826,0.4844319522380829,0.0
55.0,1.6154108047485352,0.4965360760688782,0.0
55.0,1.6264607906341553,0.5081745386123657,0.0
55.0,1.6240938901901245,0.5156888365745544,0.0
55.0,1.6350160837173462,0.5274906754493713,0.0
55.0,1.632559895515442,0.5350443124771118,0.0
55.0,1.6433521509170532,0.5470080375671387,0.0
55.0,1.6408054828643799,0.5546000599861145,0.0
55.0,1.6495741605758667,0.5660751461982727,0.0
55.0,1.6601601839065552,0.5783010721206665,0.0
55.0,1.6574687957763672,0.5859704613685608,0.0
55.0,1.425073504447937,0.5112353563308716,0.0
55.0,1.4396090507507324,0.5239748358726501,0.0
55.0,1.4371711015701294,0.5306251049041748,0.0
55.0,1.4347025156021118,0.5372639894485474,0.0
55.0,1.4322031736373901,0.543891429901123,0.0
55.0,1.4427381753921509,0.5555379986763,0.0
55.0,1.4401543140411377,0.5622023940086365,0.0
55.0,1.452417254447937,0.5747419595718384,0.0
55.0,1.466450810432434,0.5881513357162476,0.0
55.0,1.46371591091156,0.594925045967102,0.0
55.0,1.4775934219360352,0.6085406541824341,0.0
55.0,1.4747642278671265,0.6153655648231506,0.0
55.0,1.48848295211792,0.629185676574707,0.0
55.0,1.503943681716919,0.6439327597618103,0.0
55.0,1.5009504556655884,0.6508792042732239,0.0
55.0,1.5180684328079224,0.6666575074195862,0.0
55.0,1.5149699449539185,0.6736689805984497,0.0
55.0,1.5264286994934082,0.68723464012146,0.0
55.0,1.5232350826263428,0.6942845582962036,0.0
55.0,1.5290889739990234,0.7055090665817261,0.0
55.0,1.525810718536377,0.7125710844993591,0.0
55.0,1.5279245376586914,0.7221818566322327,0.0
55.0,1.5299819707870483,0.7318272590637207,0.0
55.0,1.52658212184906,0.7388931512832642,0.0
55.0,1.530334234237671,0.7494617700576782,0.0
55.0,1.5268528461456299,0.7565290927886963,0.0
55.0,1.528702735900879,0.7662689089775085,0.0
55.0,1.528711199760437,0.7751374244689941,0.0
55.0,1.5251110792160034,0.7821969389915466,0.0
55.0,1.5268045663833618,0.7920025587081909,0.0
55.0,1.523126482963562,0.7990530729293823,0.0
55.0,1.5264829397201538,0.8098357319831848,0.0
55.0,1.5280096530914307,0.8197209239006042,0.0
55.0,1.5242034196853638,0.8267767429351807,0.0
55.0,1.525625467300415,0.8367000818252563,0.0
55.0,1.5217407941818237,0.8437446355819702,0.0
55.0,1.517823576927185,0.8507711887359619,0.0
55.0,1.5138739347457886,0.8577795624732971,0.0
55.0,1.508156418800354,0.8637756705284119,0.0
55.0,1.4851068258285522,0.8597171306610107,0.0
55.0,1.4811161756515503,0.8665741682052612,0.0
55.0,1.2479749917984009,1.1336464881896973,0.0
55.0,1.242720365524292,1.139404296875,0.0
55.0,1.2374391555786133,1.1451376676559448,0.0
55.0,1.2321316003799438,1.1508464813232422,0.0
55.0,1.2180659770965576,1.1482993364334106,0.0
55.0,1.2054994106292725,1.147025465965271,0.0
55.0,1.200183391571045,1.1525866985321045,0.0
55.0,1.1905333995819092,1.1539472341537476,0.0
55.0,1.185185432434082,1.159439206123352,0.0
55.0,1.1769659519195557,1.1620960235595703,0.0
55.0,1.1715805530548096,1.1675251722335815,0.0
55.0,1.1577093601226807,1.1644195318222046,0.0
55.0,1.141085147857666,1.1583613157272339,0.0
55.0,1.1357173919677734,1.1636245250701904,0.0
55.0,1.1261544227600098,1.1645498275756836,0.0
55.0,0.972337007522583,1.2832227945327759,0.0
55.0,0.966393768787384,1.287704586982727,0.0
55.0,0.9604299068450928,1.292158842086792,0.0
55.0,0.954445481300354,1.2965854406356812,0.0
55.0,0.9317176342010498,1.30319082736969,0.0
55.0,0.925682544708252,1.30748450756073,0.0
55.0,0.9196276664733887,1.3117502927780151,0.0
55.0,0.9135531187057495,1.3159880638122559,0.0
55.0,0.9040603041648865,1.3152531385421753,0.0
55.0,0.8968445062637329,1.317765474319458,0.0
55.0,0.8907423615455627,1.3218978643417358,0.0
55.0,0.8835113048553467,1.3243381977081299,0.0
55.0,0.8773789405822754,1.3284088373184204,0.0
55.0,0.8701333403587341,1.3307772874832153,0.0
55.0,0.8628846406936646,1.3331069946289062,0.0
55.0,0.8567119836807251,1.3370821475982666,0.0
55.0,0.8505209684371948,1.3410288095474243,0.0
55.0,0.8443118333816528,1.3449467420578003,0.0
55.0,0.8380845785140991,1.3488359451293945,0.0
55.0,0.8318394422531128,1.3526962995529175,0.0
55.0,0.8255765438079834,1.3565278053283691,0.0
55.0,0.8192960023880005,1.3603302240371704,0.0
55.0,0.8129979372024536,1.3641035556793213,0.0
55.0,0.805666446685791,1.3661249876022339,0.0
55.0,0.7993417382240295,1.3698352575302124,0.0
55.0,0.7919999361038208,1.3717842102050781,0.0
55.0,0.7856492400169373,1.3754312992095947,0.0
55.0,0.7792816758155823,1.3790489435195923,0.0
55.0,0.7728975415229797,1.3826371431350708,0.0
55.0,0.7664967775344849,1.3861957788467407,0.0
55.0,0.7610393762588501,1.3914793729782104,0.0
55.0,0.7545979619026184,1.3949830532073975,0.0
55.0,0.7481403350830078,1.3984569311141968,0.0
55.0,0.7416667342185974,1.4019010066986084,0.0
55.0,0.7351773381233215,1.4053149223327637,0.0
55.0,0.7286721467971802,1.4086989164352417,0.0
55.0,0.7221514582633972,1.412052869796753,0.0
55.0,0.4739013910293579,0.948165237903595,0.0
55.0,0.46951261162757874,0.9503461122512817,0.0
55.0,0.4651137888431549,0.9525067210197449,0.0
55.0,0.460705041885376,0.9546469449996948,0.0
55.0,0.4545646011829376,0.9531563520431519,0.0
55.0,0.4484478533267975,0.9516294598579407,0.0
55.0,0.4440433084964752,0.953692615032196,0.0
55.0,0.43795767426490784,0.9521013498306274,0.0
55.0,0.4335510730743408,0.9541160464286804,0.0
55.0,0.4274972975254059,0.9524610638618469,0.0
55.0,0.4214681088924408,0.9507704973220825,0.0
55.0,0.41706782579421997,0.9527089595794678,0.0
55.0,0.41186508536338806,0.9527912139892578,0.0
55.0,0.40745556354522705,0.9546852707862854,0.0
55.0,0.4014842212200165,0.9528727531433105,0.0
55.0,0.39707446098327637,0.9547187685966492,0.0
55.0,0.3903777003288269,0.9509938359260559,0.0
55.0,0.3852258324623108,0.950934886932373,0.0
55.0,0.3808251619338989,0.9527057409286499,0.0
55.0,0.3749488592147827,0.9507350921630859,0.0
55.0,0.3705492615699768,0.9524585008621216,0.0
55.0,0.3654251992702484,0.9522942900657654,0.0
55.0,0.35960274934768677,0.9502325654029846,0.0
55.0,0.35520562529563904,0.9518849849700928,0.0
55.0,0.35011035203933716,0.9516400694847107,0.0
55.0,0.34570685029029846,0.9532486200332642,0.0
55.0,0.3399495482444763,0.9510700702667236,0.0
55.0,0.3348843455314636,0.9507452249526978,0.0
55.0,0.33048510551452637,0.9522833824157715,0.0
55.0,0.3247848153114319,0.9500161409378052,0.0
55.0,0.320389062166214,0.9515076279640198,0.0
55.0,0.3147275745868683,0.9491820335388184,0.0
55.0,0.30909445881843567,0.9468244910240173,0.0
55.0,0.304713636636734,0.9482434391975403,0.0
55.0,0.29972323775291443,0.9477351903915405,0.0
55.0,0.29533830285072327,0.9491108059883118,0.0
55.0,0.2897762358188629,0.9466413259506226,0.0
55.0,0.2853964567184448,0.9479709267616272,0.0
55.0,0.28101059794425964,0.9492802619934082,0.0
55.0,0.2760598659515381,0.948648989200592,0.0
55.0,0.27167096734046936,0.9499151706695557,0.0
55.0,0.2661941647529602,0.9473102688789368,0.0
55.0,0.2618115544319153,0.9485308527946472,0.0
55.0,0.2569001317024231,0.9478007555007935,0.0
55.0,0.2520010471343994,0.9470456838607788,0.0
55.0,0.24761982262134552,0.9482006430625916,0.0
55.0,0.24224050343036652,0.9454604983329773,0.0
55.0,0.23786669969558716,0.9465703368186951,0.0
55.0,0.2334877997636795,0.947659969329834,0.0
55.0,0.22863443195819855,0.9467852115631104,0.0
55.0,0.22425465285778046,0.9478321671485901,0.0
55.0,0.21941860020160675,0.9469105005264282,0.0
55.0,0.21503834426403046,0.9479148387908936,0.0
55.0,0.21022003889083862,0.9469464421272278,0.0
55.0,0.2054152935743332,0.9459537863731384,0.0
55.0,0.20103959739208221,0.9468933939933777,0.0
55.0,0.19625328481197357,0.9458544850349426,0.0
55.0,0.19187815487384796,0.9467517137527466,0.0
55.0,0.18711072206497192,0.9456667304039001,0.0
55.0,0.18273654580116272,0.9465216994285583,0.0
55.0,0.1779884397983551,0.9453909993171692,0.0
55.0,0.17325468361377716,0.9442366361618042,0.0
55.0,0.16888727247714996,0.9450275301933289,0.0
55.0,0.16417351365089417,0.9438278675079346,0.0
55.0,0.15980809926986694,0.9445767998695374,0.0
55.0,0.15543925762176514,0.945305585861206,0.0
55.0,0.1510670930147171,0.9460141062736511,0.0
55.0,0.1466917097568512,0.9467024803161621,0.0
55.0,0.1423131823539734,0.9473705291748047,0.0
55.0,0.13793161511421204,0.9480183720588684,0.0
55.0,0.1332682967185974,0.9466654658317566,0.0
55.0,0.12889008224010468,0.9472715258598328,0.0
55.0,0.12424863874912262,0.9458743333816528,0.0
55.0,0.11962287127971649,0.944454550743103,0.0
55.0,0.11525502800941467,0.9449975490570068,0.0
55.0,0.11065176874399185,0.9435338973999023,0.0
55.0,0.10628827661275864,0.9440353512763977,0.0
55.0,0.10170794278383255,0.942528247833252,0.0
55.0,0.09734919667243958,0.942988395690918,0.0
55.0,0.09298837184906006,0.9434283971786499,0.0
55.0,0.08843857795000076,0.9418569803237915,0.0
55.0,0.08408308029174805,0.9422557950019836,0.0
55.0,0.07972577959299088,0.9426344633102417,0.0
55.0,0.0753667801618576,0.9429929852485657,0.0
55.0,0.0710061639547348,0.9433313608169556,0.0
55.0,0.0665031373500824,0.9416545629501343,0.0
55.0,0.0621488057076931,0.9419519901275635,0.0
55.0,0.05779314786195755,0.9422292709350586,0.0
55.0,0.05343625321984291,0.9424864053726196,0.0
55.0,0.049078214913606644,0.9427233338356018,0.0
55.0,0.04471912980079651,0.9429401755332947,0.0
55.0,0.04035909101366997,0.9431368708610535,0.0
55.0,0.035998184233903885,0.9433133602142334,0.0
55.0,0.03163651004433632,0.943469762802124,0.0
55.0,0.02721637673676014,0.9416067004203796,0.0
55.0,0.022862685844302177,0.9417225122451782,0.0
55.0,0.018508508801460266,0.941818118095398,0.0
55.0,0.014153935015201569,0.9418936371803284,0.0
55.0,0.009799058549106121,0.9419490098953247,0.0
55.0,0.005443972535431385,0.941984236240387,0.0
55.0,0.0010887705720961094,0.9419993162155151,0.0
55.0,-0.0032664549071341753,0.941994309425354,0.0
55.0,-0.00760542880743742,0.9399692416191101,0.0
55.0,-0.011951175518333912,0.9399240016937256,0.0
55.0,-0.016296666115522385,0.9398587346076965,0.0
55.0,-0.020641809329390526,0.9397733211517334,0.0
55.0,-0.0250396728515625,0.9416671395301819,0.0
55.0,-0.029330678284168243,0.939542293548584,0.0
55.0,-0.0336742177605629,0.9393966197967529,0.0
55.0,-0.03809792548418045,0.9412292242050171,0.0
55.0,-0.04244917258620262,0.9410430192947388,0.0
55.0,-0.04679951071739197,0.9408367276191711,0.0
55.0,-0.05114884674549103,0.9406102895736694,0.0
55.0,-0.05549709498882294,0.9403637647628784,0.0
55.0,-0.05984415113925934,0.9400971531867981,0.0
55.0,-0.06418993324041367,0.9398103952407837,0.0
55.0,-0.06853433698415756,0.9395036101341248,0.0
55.0,-0.07303201407194138,0.9411707520484924,0.0
55.0,-0.07738261669874191,0.9408230185508728,0.0
55.0,-0.08173156529664993,0.9404551982879639,0.0
55.0,-0.08607876300811768,0.9400672912597656,0.0
55.0,-0.09042412787675858,0.9396592378616333,0.0
55.0,-0.09476755559444427,0.9392311573028564,0.0
55.0,-0.09910895675420761,0.9387829303741455,0.0
55.0,-0.10344824194908142,0.93831467628479,0.0
55.0,-0.10778531432151794,0.93782639503479,0.0
55.0,-0.11259517073631287,0.9412897229194641,0.0
55.0,-0.11694590002298355,0.9407591223716736,0.0
55.0,-0.12129412591457367,0.940208375453949,0.0
55.0,-0.12563976645469666,0.9396375417709351,0.0
55.0,-0.12998270988464355,0.9390466213226318,0.0
55.0,-0.1343228816986084,0.9384356141090393,0.0
55.0,-0.13866019248962402,0.9378045797348022,0.0
55.0,-0.14359788596630096,0.9411076903343201,0.0
55.0,-0.14794743061065674,0.9404337406158447,0.0
55.0,-0.1522938311100006,0.9397396445274353,0.0
55.0,-0.15663696825504303,0.9390255212783813,0.0
55.0,-0.16063857078552246,0.9363200664520264,0.0
55.0,-0.16566039621829987,0.9395065903663635,0.0
55.0,-0.17000232636928558,0.9387306571006775,0.0
55.0,-0.1743406057357788,0.9379346370697021,0.0
55.0,-0.17867515981197357,0.9371185302734375,0.0
55.0,-0.1837732195854187,0.9402081966400146,0.0
55.0,-0.188510924577713,0.9413095116615295,0.0
55.0,-0.1928609311580658,0.9404278993606567,0.0
55.0,-0.19720681011676788,0.9395262002944946,0.0
55.0,-0.2015484869480133,0.9386043548583984,0.0
55.0,-0.2058858424425125,0.9376624822616577,0.0
55.0,-0.2106567770242691,0.9386520981788635,0.0
55.0,-0.21499426662921906,0.9376680850982666,0.0
55.0,-0.21978312730789185,0.9386113882064819,0.0
55.0,-0.2241203337907791,0.9375852346420288,0.0
55.0,-0.22892671823501587,0.9384820461273193,0.0
55.0,-0.23326322436332703,0.9374136328697205,0.0
55.0,-0.23808665573596954,0.9382636547088623,0.0
55.0,-0.24292293190956116,0.9390891790390015,0.0
55.0,-0.24726209044456482,0.9379560351371765,0.0
55.0,-0.2521147131919861,0.9387343525886536,0.0
55.0,-0.25645214319229126,0.9375587105751038,0.0
55.0,-0.26132068037986755,0.9382896423339844,0.0
55.0,-0.2662014365196228,0.9389956593513489,0.0
55.0,-0.27053990960121155,0.9377548694610596,0.0
55.0,-0.2754358649253845,0.9384130239486694,0.0
55.0,-0.2797715663909912,0.937129557132721,0.0
55.0,-0.2846822738647461,0.9377398490905762,0.0
55.0,-0.2890147566795349,0.9364136457443237,0.0
55.0,-0.29453834891319275,0.9388840198516846,0.0
55.0,-0.298876017332077,0.937512218952179,0.0
55.0,-0.30320730805397034,0.9361203908920288,0.0
55.0,-0.30815714597702026,0.9366083145141602,0.0
55.0,-0.31248414516448975,0.9351736307144165,0.0
55.0,-0.31744706630706787,0.9356127977371216,0.0
55.0,-0.3217693567276001,0.9341351389884949,0.0
55.0,-0.32674485445022583,0.9345254302024841,0.0
55.0,-0.3323996663093567,0.936774492263794,0.0
55.0,-0.33672717213630676,0.9352276921272278,0.0
55.0,-0.3417336642742157,0.9355394840240479,0.0
55.0,-0.34605535864830017,0.9339494705200195,0.0
55.0,-0.3510732352733612,0.934211790561676,0.0
55.0,-0.35681307315826416,0.9363163709640503,0.0
55.0,-0.3611381947994232,0.9346566796302795,0.0
55.0,-0.3669145405292511,0.9367015361785889,0.0
55.0,-0.37124133110046387,0.934995174407959,0.0
55.0,-0.37705346941947937,0.9369795322418213,0.0
55.0,-0.38138142228126526,0.9352262616157532,0.0
55.0,-0.3872288167476654,0.9371499419212341,0.0
55.0,-0.39232975244522095,0.9371944665908813,0.0
55.0,-0.3966585695743561,0.9353705644607544,0.0
55.0,-0.40255752205848694,0.9372019171714783,0.0
55.0,-0.4068862497806549,0.9353306889533997,0.0
55.0,-0.41201257705688477,0.9352697730064392,0.0
55.0,-0.41714704036712646,0.9351814985275269,0.0
55.0,-0.42146629095077515,0.9332428574562073,0.0
55.0,-0.4266080856323242,0.9331032037734985,0.0
55.0,-0.4309176206588745,0.9311208724975586,0.0
55.0,-0.4369146525859833,0.9327408671379089,0.0
55.0,-0.4412223994731903,0.9307108521461487,0.0
55.0,-0.4481160044670105,0.9340707063674927,0.0
55.0,-0.45330315828323364,0.9337881207466125,0.0
55.0,-0.45761555433273315,0.9316823482513428,0.0
55.0,-0.4645882546901703,0.9349298477172852,0.0
55.0,-0.46890580654144287,0.9327718615531921,0.0
55.0,-0.4750264286994934,0.9341594576835632,0.0
55.0,-0.4793403148651123,0.9319532513618469,0.0
55.0,-0.48548996448516846,0.9332757592201233,0.0
55.0,-0.4916619658470154,0.9345611333847046,0.0
55.0,-0.4959775507450104,0.9322779774665833,0.0
55.0,-0.5021774768829346,0.9334975481033325,0.0
55.0,-0.506488025188446,0.9311658143997192,0.0
55.0,-1.1163995265960693,1.9650068283081055,0.0
55.0,-1.1254725456237793,1.9598243236541748,0.0
55.0,-1.1345216035842896,1.9545998573303223,0.0
55.0,-1.143546223640442,1.949333667755127,0.0
55.0,-1.1566263437271118,1.9509072303771973,0.0
55.0,-1.1656336784362793,1.945538878440857,0.0
55.0,-1.1787595748901367,1.9469724893569946,0.0
55.0,-1.1877485513687134,1.9415018558502197,0.0
55.0,-1.203021764755249,1.9461971521377563,0.0
55.0,-1.2120068073272705,1.9406143426895142,0.0
55.0,-1.2273696660995483,1.9451384544372559,0.0
55.0,-1.2406500577926636,1.946189045906067,0.0
55.0,-1.2496347427368164,1.9404323101043701,0.0
55.0,-1.265136480331421,1.944692611694336,0.0
55.0,-1.2741140127182007,1.938822627067566,0.0
55.0,-1.2897008657455444,1.9429091215133667,0.0
55.0,-1.3053525686264038,1.9468926191329956,0.0
55.0,-1.3143398761749268,1.9408366680145264,0.0
55.0,-1.3300734758377075,1.9446439743041992,0.0
55.0,-1.3390501737594604,1.9384738206863403,0.0
55.0,-1.3548640012741089,1.9421039819717407,0.0
55.0,-1.3638285398483276,1.935819149017334,0.0
55.0,-1.379720687866211,1.9392708539962769,0.0
55.0,-1.3956735134124756,1.942616581916809,0.0
55.0,-1.4046399593353271,1.936143159866333,0.0
55.0,-1.4230319261550903,1.9425355195999146,0.0
55.0,-1.4319977760314941,1.9359354972839355,0.0
55.0,-1.4481137990951538,1.9389086961746216,0.0
55.0,-1.4642876386642456,1.941773772239685,0.0
55.0,-1.4732495546340942,1.9349831342697144,0.0
55.0,-1.4919310808181763,1.9408363103866577,0.0
55.0,-1.5008883476257324,1.933917760848999,0.0
55.0,-1.5172146558761597,1.9364038705825806,0.0
55.0,-1.526151180267334,1.929368495941162,0.0
55.0,-1.5325590372085571,1.9191663265228271,0.0
55.0,-1.526352882385254,1.8933753967285156,0.0
55.0,-1.5350903272628784,1.8862982988357544,0.0
55.0,-1.526021122932434,1.8575456142425537,0.0
55.0,-1.5345929861068726,1.8504704236984253,0.0
55.0,-1.5277262926101685,1.8249528408050537,0.0
55.0,-1.5206568241119385,1.799538493156433,0.0
55.0,-1.5289604663848877,1.792488694190979,0.0
55.0,-1.5215721130371094,1.767213225364685,0.0
55.0,-1.5297263860702515,1.7601594924926758,0.0
55.0,-1.5193830728530884,1.732019305229187,0.0
55.0,-1.5141161680221558,1.7100023031234741,0.0
55.0,-1.5220059156417847,1.7029837369918823,0.0
55.0,-1.5164668560028076,1.6810781955718994,0.0
55.0,-1.5242228507995605,1.6740490198135376,0.0
55.0,-1.5157066583633423,1.649312973022461,0.0
55.0,-1.5233159065246582,1.6422876119613647,0.0
55.0,-1.517223834991455,1.6206270456314087,0.0
55.0,-1.5109643936157227,1.5990581512451172,0.0
55.0,-1.518341302871704,1.592055320739746,0.0
55.0,-1.5118157863616943,1.570609211921692,0.0
55.0,-1.5023374557495117,1.5463886260986328,0.0
55.0,-1.5094709396362305,1.5394262075424194,0.0
55.0,-1.502503752708435,1.5182154178619385,0.0
55.0,-1.5095069408416748,1.511252522468567,0.0
55.0,-1.505118489265442,1.4929895401000977,0.0
55.0,-1.512005090713501,1.4860148429870605,0.0
55.0,-1.5073963403701782,1.4678462743759155,0.0
55.0,-1.4997735023498535,1.446974754333496,0.0
55.0,-1.5064473152160645,1.4400253295898438,0.0
55.0,-1.5014722347259521,1.422042727470398,0.0
55.0,-1.5080307722091675,1.4150856733322144,0.0
55.0,-1.499909520149231,1.3944804668426514,0.0
55.0,-1.49604332447052,1.378045678138733,0.0
55.0,-1.5023986101150513,1.3711141347885132,0.0
55.0,-1.4983372688293457,1.3547639846801758,0.0
55.0,-1.504584789276123,1.3478220701217651,0.0
55.0,-1.498833417892456,1.3302308320999146,0.0
55.0,-1.4929519891738892,1.312721848487854,0.0
55.0,-1.4990051984786987,1.3058053255081177,0.0
55.0,-1.4944275617599487,1.289713978767395,0.0
55.0,-1.500374436378479,1.2827908992767334,0.0
55.0,-1.4956063032150269,1.2667919397354126,0.0
55.0,-1.4907225370407104,1.2508646249771118,0.0
55.0,-1.4964898824691772,1.2439590692520142,0.0
55.0,-1.4914177656173706,1.2281274795532227,0.0
55.0,-1.4970799684524536,1.2212189435958862,0.0
55.0,-1.4918208122253418,1.205485224723816,0.0
55.0,-1.4973783493041992,1.1985750198364258,0.0
55.0,-1.4919337034225464,1.182941198348999,0.0
55.0,-1.4879496097564697,1.1686187982559204,0.0
55.0,-1.4933366775512695,1.161726951599121,0.0
55.0,-1.4891862869262695,1.1474859714508057,0.0
55.0,-1.483346700668335,1.1320949792861938,0.0
55.0,-1.4885648488998413,1.1252247095108032,0.0
55.0,-1.484145164489746,1.1111387014389038,0.0
55.0,-1.4892665147781372,1.1042649745941162,0.0
55.0,-1.4830718040466309,1.0890812873840332,0.0
55.0,-1.488091230392456,1.0822129249572754,0.0
55.0,-1.4849642515182495,1.0694772005081177,0.0
55.0,-1.4801230430603027,1.0556323528289795,0.0
55.0,-1.4849878549575806,1.0487778186798096,0.0
55.0,-1.4799870252609253,1.035023808479309,0.0
55.0,-1.484756588935852,1.0281702280044556,0.0
55.0,-1.481246829032898,1.0156396627426147,0.0
55.0,-1.4776531457901,1.0031635761260986,0.0
55.0,-1.482275366783142,0.9963211417198181,0.0
55.0,-1.4768757820129395,0.98280930519104,0.0
55.0,-1.4814038276672363,0.9759706854820251,0.0
55.0,-1.4758490324020386,0.9625556468963623,0.0
55.0,-1.480283498764038,0.9557219743728638,0.0
55.0,-1.4762601852416992,0.9434826970100403,0.0
55.0,-1.4738457202911377,0.9323703646659851,0.0
55.0,-1.4781407117843628,0.9255462884902954,0.0
55.0,-1.473904013633728,0.913434624671936,0.0
55.0,-1.4695872068405151,0.9013820290565491,0.0
55.0,-1.4737389087677002,0.8945779204368591,0.0
55.0,-1.4692867994308472,0.8826053142547607,0.0
55.0,-1.4733517169952393,0.8758028149604797,0.0
55.0,-1.470489501953125,0.8649256825447083,0.0
55.0,-1.4744726419448853,0.8581178188323975,0.0
55.0,-1.4714914560317993,0.8472996354103088,0.0
55.0,-1.4684420824050903,0.8365274667739868,0.0
55.0,-1.4722938537597656,0.8297293782234192,0.0
55.0,-1.46912682056427,0.8190180659294128,0.0
55.0,-1.4728976488113403,0.8122169971466064,0.0
55.0,-1.4696139097213745,0.8015679121017456,0.0
55.0,-1.4645030498504639,0.7900170683860779,0.0
55.0,-1.468139886856079,0.7832376956939697,0.0
55.0,-1.4646697044372559,0.7727086544036865,0.0
55.0,-1.4682265520095825,0.7659286856651306,0.0
55.0,-1.4646421670913696,0.755465030670166,0.0
55.0,-1.4681192636489868,0.748685359954834,0.0
55.0,-1.4644215106964111,0.7382882833480835,0.0
55.0,-1.462449073791504,0.7288335561752319,0.0
55.0,-1.4658031463623047,0.7220643162727356,0.0
55.0,-1.4637314081192017,0.7126532196998596,0.0
55.0,-1.4598016738891602,0.7024095058441162,0.0
55.0,-1.4630335569381714,0.6956527829170227,0.0
55.0,-1.4589935541152954,0.6854793429374695,0.0
55.0,-1.4621471166610718,0.6787264943122864,0.0
55.0,-1.4598156213760376,0.6694580912590027,0.0
55.0,-1.4574298858642578,0.6602258682250977,0.0
55.0,-1.460466742515564,0.653480589389801,0.0
55.0,-1.457984447479248,0.6442961096763611,0.0
55.0,-1.4609476327896118,0.6375483870506287,0.0
55.0,-1.4565327167510986,0.6276212334632874,0.0
55.0,-1.4594188928604126,0.6208804845809937,0.0
55.0,-1.4567419290542603,0.6118031144142151,0.0
55.0,-1.4558597803115845,0.603529691696167,0.0
55.0,-1.458634614944458,0.5967922806739807,0.0
55.0,-1.4539600610733032,0.5870469212532043,0.0
55.0,-1.4566586017608643,0.5803184509277344,0.0
55.0,-1.4537420272827148,0.5713827610015869,0.0
55.0,-1.4526386260986328,0.5632094740867615,0.0
55.0,-1.455227017402649,0.5564873814582825,0.0
55.0,-1.4521703720092773,0.5476362705230713,0.0
55.0,-1.4546867609024048,0.5409165024757385,0.0
55.0,-1.4515385627746582,0.5321199893951416,0.0
55.0,-1.4539833068847656,0.5254032611846924,0.0
55.0,-1.4526287317276,0.5173333883285522,0.0
55.0,-1.4493435621261597,0.5086249709129333,0.0
55.0,-1.4516795873641968,0.5019186735153198,0.0
55.0,-1.4501981735229492,0.49391207098960876,0.0
55.0,-1.4467778205871582,0.4852938950061798,0.0
55.0,-1.4490059614181519,0.4785997271537781,0.0
55.0,-1.4473992586135864,0.4706583619117737,0.0
55.0,-1.4495598077774048,0.4639614522457123,0.0
55.0,-1.4459666013717651,0.4554520845413208,0.0
55.0,-1.448056936264038,0.4487619698047638,0.0
55.0,-1.4462900161743164,0.44089585542678833,0.0
55.0,-1.4444814920425415,0.43305572867393494,0.0
55.0,-1.4464682340621948,0.4263727366924286,0.0
55.0,-1.4445819854736328,0.41856738924980164,0.0
55.0,-1.4465017318725586,0.411884069442749,0.0
55.0,-1.4445385932922363,0.40411433577537537,0.0
55.0,-1.4425344467163086,0.3963715732097626,0.0
55.0,-1.4443516731262207,0.38969796895980835,0.0
55.0,-1.4422712326049805,0.3819918930530548,0.0
55.0,-1.4440218210220337,0.3753196597099304,0.0
55.0,-1.4418656826019287,0.367651104927063,0.0
55.0,-1.4435501098632812,0.3609808683395386,0.0
55.0,-1.4413186311721802,0.35335052013397217,0.0
55.0,-1.4409922361373901,0.34621575474739075,0.0
55.0,-1.4425774812698364,0.33954980969429016,0.0
55.0,-1.4402341842651367,0.3319781720638275,0.0
55.0,-1.4417537450790405,0.3253158926963806,0.0
55.0,-1.4412893056869507,0.31821542978286743,0.0
55.0,-1.4388352632522583,0.3107041120529175,0.0
55.0,-1.4402563571929932,0.3040485382080078,0.0
55.0,-1.4377292394638062,0.2965783476829529,0.0
55.0,-1.4390851259231567,0.28992801904678345,0.0
55.0,-1.4364852905273438,0.28249961137771606,0.0
55.0,-1.4358118772506714,0.275478333234787,0.0
55.0,-1.4370701313018799,0.2688370943069458,0.0
55.0,-1.434362530708313,0.26147276163101196,0.0
55.0,-1.4355560541152954,0.25483837723731995,0.0
55.0,-1.4347481727600098,0.24785807728767395,0.0
55.0,-1.4358787536621094,0.2412220537662506,0.0
55.0,-1.4350048303604126,0.23425865173339844,0.0
55.0,-1.4340972900390625,0.2273084968328476,0.0
55.0,-1.4351328611373901,0.22067570686340332,0.0
55.0,-1.4321813583374023,0.21344853937625885,0.0
55.0,-1.4331529140472412,0.20682474970817566,0.0
55.0,-1.4321130514144897,0.19992002844810486,0.0
55.0,-1.4310400485992432,0.19302935898303986,0.0
55.0,-1.4319171905517578,0.186411052942276,0.0
55.0,-1.4307793378829956,0.1795397698879242,0.0
55.0,-1.4315941333770752,0.17292281985282898,0.0
55.0,-1.4303916692733765,0.16607153415679932,0.0
55.0,-1.4291564226150513,0.15923504531383514,0.0
55.0,-1.4298774003982544,0.15262581408023834,0.0
55.0,-1.4285781383514404,0.14581026136875153,0.0
55.0,-1.4292370080947876,0.13920384645462036,0.0
55.0,-1.4298652410507202,0.13259446620941162,0.0
55.0,-1.4284707307815552,0.1258067935705185,0.0
55.0,-1.429037094116211,0.11920109391212463,0.0
55.0,-1.4255852699279785,0.1122787743806839,0.0
55.0,-1.4260891675949097,0.10568656772375107,0.0
55.0,-1.4265625476837158,0.09909209609031677,0.0
55.0,-1.427005410194397,0.09249550849199295,0.0
55.0,-1.4274177551269531,0.08589693903923035,0.0
55.0,-1.4277997016906738,0.0792965367436409,0.0
55.0,-1.42815101146698,0.07269444316625595,0.0
55.0,-1.4264739751815796,0.06599835306406021,0.0
55.0,-1.426763892173767,0.059402529150247574,0.0
55.0,-1.4250247478485107,0.0527314767241478,0.0
55.0,-1.423254370689392,0.04607778042554855,0.0
55.0,-1.4234521389007568,0.039497051388025284,0.0
55.0,-1.4216201305389404,0.03286925330758095,0.0
55.0,-1.4217568635940552,0.0262962207198143,0.0
55.0,-1.421863317489624,0.019722629338502884,0.0
55.0,-1.4219392538070679,0.013148615136742592,0.0
55.0,-1.4219849109649658,0.006574319209903479,0.0
56.0,-1.4199999570846558,1.2414034245011862e-07,0.0
56.0,-1.4199848175048828,-0.006565064657479525,0.0
56.0,-1.4199392795562744,-0.013130112551152706,0.0
56.0,-1.4198633432388306,-0.01969487965106964,0.0
56.0,-1.4197571277618408,-0.026259226724505424,0.0
56.0,-1.4196205139160156,-0.03282301127910614,0.0
56.0,-1.417454481124878,-0.0393306240439415,0.0
56.0,-1.4172574281692505,-0.04588362202048302,0.0
56.0,-1.4190287590026855,-0.052509598433971405,0.0
56.0,-1.4187707901000977,-0.05906973406672478,0.0
56.0,-1.420480489730835,-0.0657210499048233,0.0
56.0,-1.420161485671997,-0.07228775322437286,0.0
56.0,-1.4198120832443237,-0.07885292172431946,0.0
56.0,-1.4194324016571045,-0.08541639894247055,0.0
56.0,-1.4190223217010498,-0.0919780507683754,0.0
56.0,-1.4185818433761597,-0.09853773564100266,0.0
56.0,-1.4181110858917236,-0.10509531199932098,0.0
56.0,-1.4196038246154785,-0.1118076741695404,0.0
56.0,-1.4190717935562134,-0.11836984008550644,0.0
56.0,-1.4185093641281128,-0.12492947280406952,0.0
56.0,-1.4179165363311768,-0.1314864307641983,0.0
56.0,-1.4172935485839844,-0.13804058730602264,0.0
56.0,-1.4166401624679565,-0.1445917785167694,0.0
56.0,-1.4159564971923828,-0.15113988518714905,0.0
56.0,-1.4152425527572632,-0.15768477320671082,0.0
56.0,-1.416485071182251,-0.16445693373680115,0.0
56.0,-1.4157096147537231,-0.17100411653518677,0.0
56.0,-1.4149038791656494,-0.1775476336479187,0.0
56.0,-1.4140678644180298,-0.1840873658657074,0.0
56.0,-1.4171656370162964,-0.19115786254405975,0.0
56.0,-1.416266679763794,-0.1977079063653946,0.0
56.0,-1.4153375625610352,-0.20425371825695038,0.0
56.0,-1.4163563251495361,-0.21108999848365784,0.0
56.0,-1.415365219116211,-0.2176360934972763,0.0
56.0,-1.4163191318511963,-0.22449061274528503,0.0
56.0,-1.4152661561965942,-0.23103637993335724,0.0
56.0,-1.4141827821731567,-0.23757721483707428,0.0
56.0,-1.4130693674087524,-0.24411296844482422,0.0
56.0,-1.413894772529602,-0.2509930729866028,0.0
56.0,-1.4127192497253418,-0.25752735137939453,0.0
56.0,-1.4115134477615356,-0.26405614614486694,0.0
56.0,-1.4122416973114014,-0.2709560990333557,0.0
56.0,-1.4109739065170288,-0.2774825394153595,0.0
56.0,-1.4116365909576416,-0.28439804911613464,0.0
56.0,-1.412265419960022,-0.29132556915283203,0.0
56.0,-1.4109033346176147,-0.29785189032554626,0.0
56.0,-1.411466121673584,-0.30479398369789124,0.0
56.0,-1.4100419282913208,-0.31131646037101746,0.0
56.0,-1.4105384349822998,-0.31827250123023987,0.0
56.0,-1.4110007286071777,-0.32523974776268005,0.0
56.0,-1.4094818830490112,-0.33175987005233765,0.0
56.0,-1.4118224382400513,-0.33920735120773315,0.0
56.0,-1.4102389812469482,-0.34573110938072205,0.0
56.0,-1.410565733909607,-0.35273265838623047,0.0
56.0,-1.4089198112487793,-0.3592504560947418,0.0
56.0,-1.409179449081421,-0.36626365780830383,0.0
56.0,-1.4074710607528687,-0.3727749288082123,0.0
56.0,-1.4076634645462036,-0.3797991871833801,0.0
56.0,-1.4097496271133423,-0.38736310601234436,0.0
56.0,-1.407943606376648,-0.3938767611980438,0.0
56.0,-1.4061075448989868,-0.40038201212882996,0.0
56.0,-1.4042413234710693,-0.40687867999076843,0.0
56.0,-1.4061819314956665,-0.41449761390686035,0.0
56.0,-1.408082127571106,-0.42214319109916687,0.0
56.0,-1.4061152935028076,-0.42864876985549927,0.0
56.0,-1.4060288667678833,-0.4357371926307678,0.0
56.0,-1.4039992094039917,-0.442233145236969,0.0
56.0,-1.4057492017745972,-0.44993895292282104,0.0
56.0,-1.407457947731018,-0.4576704204082489,0.0
56.0,-1.4053269624710083,-0.46417272090911865,0.0
56.0,-1.4069581031799316,-0.4719371795654297,0.0
56.0,-1.4047611951828003,-0.47843700647354126,0.0
56.0,-1.4044243097305298,-0.485580176115036,0.0
56.0,-1.402164340019226,-0.49206817150115967,0.0
56.0,-1.4036425352096558,-0.499887615442276,0.0
56.0,-1.4031972885131836,-0.5070515275001526,0.0
56.0,-1.400838017463684,-0.5135335922241211,0.0
56.0,-1.402198076248169,-0.5213988423347473,0.0
56.0,-1.3997724056243896,-0.5278761982917786,0.0
56.0,-1.4029210805892944,-0.5364852547645569,0.0
56.0,-1.4041552543640137,-0.5444117784500122,0.0
56.0,-1.401623249053955,-0.5508978962898254,0.0
56.0,-1.4027771949768066,-0.5588526129722595,0.0
56.0,-1.4001784324645996,-0.5653321743011475,0.0
56.0,-1.4012519121170044,-0.5733144283294678,0.0
56.0,-1.4022812843322754,-0.5813185572624207,0.0
56.0,-1.39957857131958,-0.587795615196228,0.0
56.0,-1.400526762008667,-0.5958260297775269,0.0
56.0,-1.3977570533752441,-0.6022948026657104,0.0
56.0,-1.4004566669464111,-0.6111505031585693,0.0
56.0,-1.3976161479949951,-0.6176188588142395,0.0
56.0,-1.4002225399017334,-0.6265245079994202,0.0
56.0,-1.4009544849395752,-0.6346421241760254,0.0
56.0,-1.3980052471160889,-0.6411124467849731,0.0
56.0,-1.4004684686660767,-0.6500954031944275,0.0
56.0,-1.397447943687439,-0.6565633416175842,0.0
56.0,-1.3998160362243652,-0.665593683719635,0.0
56.0,-1.396723747253418,-0.6720584630966187,0.0
56.0,-1.3989962339401245,-0.681135356426239,0.0
56.0,-1.401214599609375,-0.6902475357055664,0.0
56.0,-1.3980083465576172,-0.6967185139656067,0.0
56.0,-1.3983439207077026,-0.7049752473831177,0.0
56.0,-1.3950695991516113,-0.7114328145980835,0.0
56.0,-1.3970979452133179,-0.720625638961792,0.0
56.0,-1.3990709781646729,-0.7298523187637329,0.0
56.0,-1.395681619644165,-0.7363129258155823,0.0
56.0,-1.397556185722351,-0.7455819845199585,0.0
56.0,-1.3940942287445068,-0.7520354390144348,0.0
56.0,-1.3958698511123657,-0.7613458633422852,0.0
56.0,-1.3923349380493164,-0.7677913308143616,0.0
56.0,-1.3940107822418213,-0.7771419882774353,0.0
56.0,-1.3956300020217896,-0.7865244746208191,0.0
56.0,-1.3919787406921387,-0.7929686307907104,0.0
56.0,-1.3952305316925049,-0.8033877611160278,0.0
56.0,-1.3915011882781982,-0.809829831123352,0.0
56.0,-1.3946378231048584,-0.8203105330467224,0.0
56.0,-1.395987868309021,-0.8298155069351196,0.0
56.0,-1.3921363353729248,-0.8362607955932617,0.0
56.0,-1.3933842182159424,-0.8458016514778137,0.0
56.0,-1.3894588947296143,-0.8522347211837769,0.0
56.0,-1.3923038244247437,-0.8628638386726379,0.0
56.0,-1.388299584388733,-0.8692917823791504,0.0
56.0,-1.391026496887207,-0.8799780607223511,0.0
56.0,-1.3919987678527832,-0.889630913734436,0.0
56.0,-1.3878707885742188,-0.89605712890625,0.0
56.0,-1.3937644958496094,-0.9090197086334229,0.0
56.0,-1.3895467519760132,-0.9154538512229919,0.0
56.0,-1.391959547996521,-0.9263005256652832,0.0
56.0,-1.3876620531082153,-0.9327262043952942,0.0
56.0,-1.3882989883422852,-0.942501962184906,0.0
56.0,-1.3905246257781982,-0.9534345269203186,0.0
56.0,-1.3861016035079956,-0.9598532319068909,0.0
56.0,-1.3898439407348633,-0.971982479095459,0.0
56.0,-1.3853352069854736,-0.9783978462219238,0.0
56.0,-1.3873101472854614,-0.9894375801086426,0.0
56.0,-1.3908352851867676,-1.0016851425170898,0.0
56.0,-1.3861892223358154,-1.0081048011779785,0.0
56.0,-1.3895738124847412,-1.0204218626022339,0.0
56.0,-1.3848410844802856,-1.0268354415893555,0.0
56.0,-1.3832809925079346,-1.035624384880066,0.0
56.0,-1.365714430809021,-1.032360553741455,0.0
56.0,-1.360926866531372,-1.0386637449264526,0.0
56.0,-1.3434361219406128,-1.035178780555725,0.0
56.0,-1.338635802268982,-1.0413789749145508,0.0
56.0,-1.3196508884429932,-1.0364389419555664,0.0
56.0,-1.3148448467254639,-1.0425291061401367,0.0
56.0,-1.2959582805633545,-1.0373485088348389,0.0
56.0,-1.2771480083465576,-1.0320159196853638,0.0
56.0,-1.2723629474639893,-1.0379096269607544,0.0
56.0,-1.2551994323730469,-1.0336103439331055,0.0
56.0,-1.2396410703659058,-1.0304532051086426,0.0
56.0,-1.2348637580871582,-1.0361735820770264,0.0
56.0,-1.2178508043289185,-1.031530499458313,0.0
56.0,-1.2130687236785889,-1.0371500253677368,0.0
56.0,-1.1976618766784668,-1.0336005687713623,0.0
56.0,-1.1928703784942627,-1.0391267538070679,0.0
56.0,-1.1790415048599243,-1.0367069244384766,0.0
56.0,-1.162269115447998,-1.0315263271331787,0.0
56.0,-1.1574875116348267,-1.0368889570236206,0.0
56.0,-1.1408132314682007,-1.0314985513687134,0.0
56.0,-1.136031985282898,-1.0367618799209595,0.0
56.0,-1.1224004030227661,-1.0338730812072754,0.0
56.0,-1.108819842338562,-1.0308805704116821,0.0
56.0,-1.1040418148040771,-1.0359959602355957,0.0
56.0,-1.0905276536941528,-1.0328376293182373,0.0
56.0,-1.0857408046722412,-1.0378684997558594,0.0
56.0,-1.0694161653518677,-1.0317678451538086,0.0
56.0,-1.056037187576294,-1.0283294916152954,0.0
56.0,-1.0512715578079224,-1.033200979232788,0.0
56.0,-1.0379638671875,-1.0295994281768799,0.0
56.0,-1.03319251537323,-1.0343873500823975,0.0
56.0,-1.0199581384658813,-1.0306237936019897,0.0
56.0,-1.008181095123291,-1.0281882286071777,0.0
56.0,-1.0034165382385254,-1.0328384637832642,0.0
56.0,-0.9916956424713135,-1.0302618741989136,0.0
56.0,-0.9869217872619629,-1.0348358154296875,0.0
56.0,-0.9752587676048279,-1.0321192741394043,0.0
56.0,-0.9636421203613281,-1.0293171405792236,0.0
56.0,-0.95887291431427,-1.0337613821029663,0.0
56.0,-0.9459633827209473,-1.0293480157852173,0.0
56.0,-0.9411942362785339,-1.0337104797363281,0.0
56.0,-0.9297067523002625,-1.0306257009506226,0.0
56.0,-0.918268084526062,-1.0274569988250732,0.0
56.0,-0.9135079383850098,-1.0316914319992065,0.0
56.0,-0.9034526348114014,-1.0298899412155151,0.0
56.0,-0.8986814022064209,-1.0340559482574463,0.0
56.0,-0.8860613107681274,-1.0291061401367188,0.0
56.0,-0.8748042583465576,-1.0255835056304932,0.0
56.0,-0.870053231716156,-1.029617190361023,0.0
56.0,-0.8614321947097778,-1.0290279388427734,0.0
56.0,-0.8566654324531555,-1.0329996347427368,0.0
56.0,-0.8468020558357239,-1.030767798423767,0.0
56.0,-0.8420273661613464,-1.0346719026565552,0.0
56.0,-0.832213819026947,-1.0323256254196167,0.0
56.0,-0.8211920261383057,-1.0283479690551758,0.0
56.0,-0.8164287805557251,-1.03213369846344,0.0
56.0,-0.8067141175270081,-1.0296000242233276,0.0
56.0,-0.8019452691078186,-1.0333187580108643,0.0
56.0,-0.7910647988319397,-1.0290871858596802,0.0
56.0,-0.7814522385597229,-1.026368498802185,0.0
56.0,-0.7766985893249512,-1.0299705266952515,0.0
56.0,-0.7683380842208862,-1.0287432670593262,0.0
56.0,-0.7635735869407654,-1.0322846174240112,0.0
56.0,-0.7552469968795776,-1.030963659286499,0.0
56.0,-0.7446001768112183,-1.0263501405715942,0.0
56.0,-0.7398470044136047,-1.029781699180603,0.0
56.0,-0.7304403185844421,-1.0266727209091187,0.0
56.0,-0.7256858348846436,-1.030038833618164,0.0
56.0,-0.71748286485672,-1.0284620523452759,0.0
56.0,-0.708173394203186,-1.0251860618591309,0.0
56.0,-0.7034260034561157,-1.028449296951294,0.0
56.0,-0.6952992081642151,-1.0267224311828613,0.0
56.0,-0.6905449032783508,-1.029926061630249,0.0
56.0,-0.682457447052002,-1.028108835220337,0.0
56.0,-0.6776968240737915,-1.0312530994415283,0.0
56.0,-0.668559193611145,-1.0276694297790527,0.0
56.0,-0.6605521440505981,-1.025705099105835,0.0
56.0,-0.6558029055595398,-1.0287480354309082,0.0
56.0,-0.6489050388336182,-1.0283862352371216,0.0
56.0,-0.6399056911468506,-1.024590015411377,0.0
56.0,-0.6351617574691772,-1.0275375843048096,0.0
56.0,-0.6272732019424438,-1.025344967842102,0.0
56.0,-0.6225259304046631,-1.0282341241836548,0.0
56.0,-0.6157095432281494,-1.0276700258255005,0.0
56.0,-0.6109516620635986,-1.030505657196045,0.0
56.0,-0.6021327972412109,-1.0264191627502441,0.0
56.0,-0.5953727960586548,-1.0257325172424316,0.0
56.0,-0.5906240940093994,-1.02847421169281,0.0
56.0,-0.5838868618011475,-1.027716040611267,0.0
56.0,-0.5791290998458862,-1.0304045677185059,0.0
56.0,-0.5714434385299683,-1.0278270244598389,0.0
56.0,-0.5637940168380737,-1.025200605392456,0.0
56.0,-0.5590481162071228,-1.0277962684631348,0.0
56.0,-0.5523952841758728,-1.0268473625183105,0.0
56.0,-0.5476418733596802,-1.0293903350830078,0.0
56.0,-0.5400832295417786,-1.0266011953353882,0.0
56.0,-0.5334851741790771,-1.025538682937622,0.0
56.0,-0.5287380218505859,-1.0279942750930786,0.0
56.0,-0.5221664309501648,-1.0268622636795044,0.0
56.0,-0.517413318157196,-1.0292654037475586,0.0
56.0,-0.5099790692329407,-1.0262736082077026,0.0
56.0,-0.5034652948379517,-1.0250300168991089,0.0
56.0,-0.49872082471847534,-1.0273468494415283,0.0
56.0,-0.4922355115413666,-1.026035189628601,0.0
56.0,-0.48748651146888733,-1.0283000469207764,0.0
56.0,-0.4801819324493408,-1.0251094102859497,0.0
56.0,-0.47543734312057495,-1.0273184776306152,0.0
56.0,-0.4681878387928009,-1.024048924446106,0.0
56.0,-0.4618018865585327,-1.022557020187378,0.0
56.0,-0.4570693075656891,-1.0246812105178833,0.0
56.0,-0.4507143795490265,-1.023123025894165,0.0
56.0,-0.4459792673587799,-1.025195837020874,0.0
56.0,-0.43965595960617065,-1.023571491241455,0.0
56.0,-0.433357298374176,-1.0219106674194336,0.0
56.0,-0.42862799763679504,-1.0239033699035645,0.0
56.0,-0.42236196994781494,-1.0221772193908691,0.0
56.0,-0.4176315367221832,-1.0241190195083618,0.0
56.0,-0.41214555501937866,-1.0241835117340088,0.0
56.0,-0.40592989325523376,-1.0223604440689087,0.0
56.0,-0.4011988043785095,-1.0242263078689575,0.0
56.0,-0.3964591324329376,-1.026070237159729,0.0
56.0,-0.3917109966278076,-1.0278922319412231,0.0
56.0,-0.38625091314315796,-1.0278202295303345,0.0
56.0,-0.38149479031562805,-1.0295950174331665,0.0
56.0,-0.3767305314540863,-1.0313477516174316,0.0
56.0,-0.37128064036369324,-1.0311967134475708,0.0
56.0,-0.3665090799331665,-1.0329022407531738,0.0
56.0,-0.3604094982147217,-1.0308098793029785,0.0
56.0,-0.35563981533050537,-1.0324652194976807,0.0
56.0,-0.3495773673057556,-1.0303105115890503,0.0
56.0,-0.3441762328147888,-1.0300188064575195,0.0
56.0,-0.3394103944301605,-1.0315990447998047,0.0
56.0,-0.3334047794342041,-1.029351830482483,0.0
56.0,-0.3286421298980713,-1.0308823585510254,0.0
56.0,-0.32327380776405334,-1.030482530593872,0.0
56.0,-0.3173263967037201,-1.0281438827514648,0.0
56.0,-0.3125694990158081,-1.0296000242233276,0.0
56.0,-0.3072338104248047,-1.0291178226470947,0.0
56.0,-0.3024725317955017,-1.0305272340774536,0.0
56.0,-0.2971504032611847,-1.0299930572509766,0.0
56.0,-0.29238519072532654,-1.031355857849121,0.0
56.0,-0.28654053807258606,-1.0288432836532593,0.0
56.0,-0.28125306963920593,-1.0282279253005981,0.0
56.0,-0.27649617195129395,-1.0295172929763794,0.0
56.0,-0.270713746547699,-1.0269168615341187,0.0
56.0,-0.26596304774284363,-1.0281574726104736,0.0
56.0,-0.26120665669441223,-1.0293761491775513,0.0
56.0,-0.25596168637275696,-1.0286318063735962,0.0
56.0,-0.2512032091617584,-1.0298042297363281,0.0
56.0,-0.24550941586494446,-1.027064323425293,0.0
56.0,-0.2407582849264145,-1.0281884670257568,0.0
56.0,-0.23555505275726318,-1.0273411273956299,0.0
56.0,-0.23036479949951172,-1.0264678001403809,0.0
56.0,-0.22561660408973694,-1.0275218486785889,0.0
56.0,-0.22044365108013153,-1.0265984535217285,0.0
56.0,-0.21569494903087616,-1.027606725692749,0.0
56.0,-0.21053984761238098,-1.0266337394714355,0.0
56.0,-0.20579108595848083,-1.0275962352752686,0.0
56.0,-0.2010379284620285,-1.0285366773605347,0.0
56.0,-0.1959058940410614,-1.0274906158447266,0.0
56.0,-0.19115333259105682,-1.0283854007720947,0.0
56.0,-0.18604028224945068,-1.0272901058197021,0.0
56.0,-0.18128874897956848,-1.028139352798462,0.0
56.0,-0.17585696280002594,-1.0250240564346313,0.0
56.0,-0.17078694701194763,-1.0238534212112427,0.0
56.0,-0.1660514622926712,-1.0246320962905884,0.0
56.0,-0.16131243109703064,-1.0253888368606567,0.0
56.0,-0.1565699577331543,-1.0261236429214478,0.0
56.0,-0.15153160691261292,-1.0248581171035767,0.0
56.0,-0.14650830626487732,-1.0235679149627686,0.0
56.0,-0.14177440106868744,-1.024234414100647,0.0
56.0,-0.1370374709367752,-1.024878978729248,0.0
56.0,-0.1322976052761078,-1.0255014896392822,0.0
56.0,-0.127308189868927,-1.0241174697875977,0.0
56.0,-0.12257195264101028,-1.0246950387954712,0.0
56.0,-0.11760473996400833,-1.023263931274414,0.0
56.0,-0.11287254840135574,-1.0237966775894165,0.0
56.0,-0.10813795030117035,-1.0243076086044312,0.0
56.0,-0.10340104252099991,-1.0247966051101685,0.0
56.0,-0.09866192191839218,-1.025263786315918,0.0
56.0,-0.09373831748962402,-1.0237172842025757,0.0
56.0,-0.08883113414049149,-1.022147297859192,0.0
56.0,-0.08410441875457764,-1.0225470066070557,0.0
56.0,-0.07937590032815933,-1.0229250192642212,0.0
56.0,-0.07464569061994553,-1.0232809782028198,0.0
56.0,-0.06991388648748398,-1.0236152410507202,0.0
56.0,-0.06518058478832245,-1.0239274501800537,0.0
56.0,-0.06032806262373924,-1.0222214460372925,0.0
56.0,-0.05560130625963211,-1.0224894285202026,0.0
56.0,-0.05087336152791977,-1.022735595703125,0.0
56.0,-0.046144332736730576,-1.02295982837677,0.0
56.0,-0.04141431301832199,-1.0231622457504272,0.0
56.0,-0.03668341040611267,-1.0233427286148071,0.0
56.0,-0.031951725482940674,-1.0235013961791992,0.0
56.0,-0.02721935510635376,-1.0236382484436035,0.0
56.0,-0.02244248241186142,-1.0217535495758057,0.0
56.0,-0.017718294635415077,-1.0218462944030762,0.0
56.0,-0.012993729673326015,-1.0219173431396484,0.0
56.0,-0.008268886245787144,-1.0219664573669434,0.0
56.0,-0.0035438663326203823,-1.0219937562942505,0.0
56.0,0.0011812294833362103,-1.0219992399215698,0.0
56.0,0.005906300153583288,-1.0219829082489014,0.0
56.0,0.010631244629621506,-1.0219446420669556,0.0
56.0,0.01535596139729023,-1.021884560585022,0.0
56.0,0.02008035033941269,-1.0218026638031006,0.0
56.0,0.024804310873150826,-1.0216989517211914,0.0
56.0,0.029527738690376282,-1.0215733051300049,0.0
56.0,0.03425053879618645,-1.0214258432388306,0.0
56.0,0.038972605019807816,-1.0212565660476685,0.0
56.0,0.04369383677840233,-1.0210654735565186,0.0
56.0,0.048414137214422226,-1.0208525657653809,0.0
56.0,0.05313339829444885,-1.0206178426742554,0.0
56.0,0.05785152688622475,-1.020361304283142,0.0
56.0,0.06256841868162155,-1.0200828313827515,0.0
56.0,0.06741565465927124,-1.0217784643173218,0.0
56.0,0.07213899493217468,-1.0214558839797974,0.0
56.0,0.07686079293489456,-1.0211113691329956,0.0
56.0,0.08158095180988312,-1.0207451581954956,0.0
56.0,0.0862993597984314,-1.0203570127487183,0.0
56.0,0.09101593494415283,-1.0199471712112427,0.0
56.0,0.09573055803775787,-1.0195153951644897,0.0
56.0,0.10044313222169876,-1.0190619230270386,0.0
56.0,0.10515356063842773,-1.0185866355895996,0.0
56.0,0.10986173897981644,-1.0180896520614624,0.0
56.0,0.1145675778388977,-1.0175708532333374,0.0
56.0,0.11927095800638199,-1.0170302391052246,0.0
56.0,0.12397179752588272,-1.0164679288864136,0.0
56.0,0.12866997718811035,-1.0158839225769043,0.0
56.0,0.13336540758609772,-1.0152782201766968,0.0
56.0,0.13832764327526093,-1.0166324377059937,0.0
56.0,0.1430264264345169,-1.0159820318222046,0.0
56.0,0.14801011979579926,-1.0172890424728394,0.0
56.0,0.15271183848381042,-1.0165938138961792,0.0
56.0,0.15741030871868134,-1.0158770084381104,0.0
56.0,0.16210539638996124,-1.0151383876800537,0.0
56.0,0.16679702699184418,-1.0143779516220093,0.0
56.0,0.17181871831417084,-1.0155678987503052,0.0
56.0,0.1765122264623642,-1.0147627592086792,0.0
56.0,0.1812019646167755,-1.0139358043670654,0.0
56.0,0.186248779296875,-1.0150543451309204,0.0
56.0,0.1909397542476654,-1.0141823291778564,0.0
56.0,0.19600580632686615,-1.0152525901794434,0.0
56.0,0.20069760084152222,-1.0143355131149292,0.0
56.0,0.20578236877918243,-1.0153568983078003,0.0
56.0,0.21047453582286835,-1.0143946409225464,0.0
56.0,0.2151622176170349,-1.0134106874465942,0.0
56.0,0.22026969492435455,-1.014359474182129,0.0
56.0,0.22495709359645844,-1.013330340385437,0.0
56.0,0.23096710443496704,-1.0181307792663574,0.0
56.0,0.23567183315753937,-1.0170520544052124,0.0
56.0,0.24083200097084045,-1.0178978443145752,0.0
56.0,0.24600501358509064,-1.0187175273895264,0.0
56.0,0.2507123053073883,-1.0175693035125732,0.0
56.0,0.25590163469314575,-1.018338918685913,0.0
56.0,0.2606070637702942,-1.0171449184417725,0.0
56.0,0.26530691981315613,-1.0159292221069336,0.0
56.0,0.27051541209220886,-1.0166245698928833,0.0
56.0,0.27521276473999023,-1.0153629779815674,0.0
56.0,0.28043636679649353,-1.016007661819458,0.0
56.0,0.28513073921203613,-1.014700174331665,0.0
56.0,0.2903689742088318,-1.0152939558029175,0.0
56.0,0.2950599491596222,-1.013940691947937,0.0
56.0,0.3003123104572296,-1.0144833326339722,0.0
56.0,0.304999440908432,-1.013084053993225,0.0
56.0,0.3096800446510315,-1.0116630792617798,0.0
56.0,0.31494826078414917,-1.0121301412582397,0.0
56.0,0.3196243345737457,-1.0106632709503174,0.0
56.0,0.32551735639572144,-1.012982964515686,0.0
56.0,0.3314386010169983,-1.0152696371078491,0.0
56.0,0.3361290395259857,-1.0137263536453247,0.0
56.0,0.3414505422115326,-1.0140570402145386,0.0
56.0,0.3461352586746216,-1.0124675035476685,0.0
56.0,0.35212400555610657,-1.0146352052688599,0.0
56.0,0.3568112850189209,-1.0129964351654053,0.0
56.0,0.36216408014297485,-1.0132192373275757,0.0
56.0,0.3675265610218048,-1.0134141445159912,0.0
56.0,0.37220802903175354,-1.0117040872573853,0.0
56.0,0.37827998399734497,-1.0137200355529785,0.0
56.0,0.38296276330947876,-1.0119602680206299,0.0
56.0,0.3883538544178009,-1.0120460987091064,0.0
56.0,0.39302876591682434,-1.0102397203445435,0.0
56.0,0.3984290063381195,-1.0102723836898804,0.0
56.0,0.40383800864219666,-1.0102766752243042,0.0
56.0,0.40850457549095154,-1.0083987712860107,0.0
56.0,0.4154408574104309,-1.0120497941970825,0.0
56.0,0.42011550068855286,-1.0101182460784912,0.0
56.0,0.4278874397277832,-1.0155375003814697,0.0
56.0,0.4341481924057007,-1.0172271728515625,0.0
56.0,0.4388465881347656,-1.0152090787887573,0.0
56.0,0.4443376660346985,-1.0150015354156494,0.0
56.0,0.4490256607532501,-1.0129363536834717,0.0
56.0,0.4545229971408844,-1.01267409324646,0.0
56.0,0.4600274860858917,-1.0123826265335083,0.0
56.0,0.46470317244529724,-1.0102449655532837,0.0
56.0,0.4702131152153015,-1.0098987817764282,0.0
56.0,0.4748772382736206,-1.007714033126831,0.0
56.0,0.4821139872074127,-1.0109233856201172,0.0
56.0,0.4867826998233795,-1.0086835622787476,0.0
56.0,0.494073748588562,-1.0118138790130615,0.0
56.0,0.49874645471572876,-1.0095187425613403,0.0
56.0,0.5060909390449524,-1.0125689506530762,0.0
56.0,0.5125718712806702,-1.0137879848480225,0.0
56.0,0.5172535181045532,-1.0114073753356934,0.0
56.0,0.5228429436683655,-1.0107815265655518,0.0
56.0,0.5275105834007263,-1.008353352546692,0.0
56.0,0.5340374708175659,-1.0094393491744995,0.0
56.0,0.5415290594100952,-1.0122500658035278,0.0
56.0,0.5462033152580261,-1.0097355842590332,0.0
56.0,0.5527852177619934,-1.0107088088989258,0.0
56.0,0.5574522018432617,-1.008142352104187,0.0
56.0,0.5650349259376526,-1.010791540145874,0.0
56.0,0.5726540088653564,-1.0133920907974243,0.0
56.0,0.5773331522941589,-1.0107336044311523,0.0
56.0,0.5849999189376831,-1.0132497549057007,0.0
56.0,0.5896783471107483,-1.0105341672897339,0.0
56.0,0.5953601002693176,-1.0095199346542358,0.0
56.0,0.6000211238861084,-1.0067565441131592,0.0
56.0,0.6077648997306824,-1.0091114044189453,0.0
56.0,0.6124238967895508,-1.0062906742095947,0.0
56.0,0.6191651225090027,-1.006855845451355,0.0
56.0,0.6259245872497559,-1.0073798894882202,0.0
56.0,0.63057541847229,-1.0044753551483154,0.0
56.0,0.6394974589347839,-1.0083049535751343,0.0
56.0,0.6441524028778076,-1.0053375959396362,0.0
56.0,0.6520538926124573,-1.0073856115341187,0.0
56.0,0.6599879264831543,-1.009381890296936,0.0
56.0,0.6646475791931152,-1.0063197612762451,0.0
56.0,0.671513020992279,-1.006563663482666,0.0
56.0,0.6761595606803894,-1.003448247909546,0.0
56.0,0.6841674447059631,-1.005271553993225,0.0
56.0,0.692206621170044,-1.0070421695709229,0.0
56.0,0.6968551278114319,-1.003831148147583,0.0
56.0,0.7060811519622803,-1.00714910030365,0.0
56.0,0.7107300758361816,-1.0038739442825317,0.0
56.0,0.7188532948493958,-1.0054579973220825,0.0
56.0,0.7234941720962524,-1.0021237134933472,0.0
56.0,0.7328324317932129,-1.005232572555542,0.0
56.0,0.7422147393226624,-1.008276343345642,0.0
56.0,0.7468684315681458,-1.0048340559005737,0.0
56.0,0.7551077008247375,-1.0061691999435425,0.0
56.0,0.7597514986991882,-1.0026673078536987,0.0
56.0,0.7680248022079468,-1.0039093494415283,0.0
56.0,0.7726580500602722,-1.0003477334976196,0.0
56.0,0.7821941375732422,-1.0030733346939087,0.0
56.0,0.7917719483375549,-1.0057320594787598,0.0
56.0,0.7964133620262146,-1.0020606517791748,0.0
56.0,0.8060442805290222,-1.0046076774597168,0.0
56.0,0.8106803297996521,-1.0008703470230103,0.0
56.0,0.821628987789154,-1.0048531293869019,0.0
56.0,0.8262660503387451,-1.001043677330017,0.0
56.0,0.837286651134491,-1.0048954486846924,0.0
56.0,0.8470731377601624,-1.0071361064910889,0.0
56.0,0.8517204523086548,-1.0032089948654175,0.0
56.0,0.8615553379058838,-1.0053349733352661,0.0
56.0,0.8661941289901733,-1.0013409852981567,0.0
56.0,0.8760762214660645,-1.0033516883850098,0.0
56.0,0.8873175978660583,-1.006792664527893,0.0
56.0,0.8919628858566284,-1.002679467201233,0.0
56.0,0.9019339084625244,-1.0044975280761719,0.0
56.0,0.9065684676170349,-1.000316858291626,0.0
56.0,0.9179331064224243,-1.003493309020996,0.0
56.0,0.922562837600708,-0.9992386698722839,0.0
56.0,0.935353696346283,-1.00374174118042,0.0
56.0,0.9468355774879456,-1.0066907405853271,0.0
56.0,0.9514797925949097,-1.0023024082183838,0.0
56.0,0.9644055962562561,-1.0065574645996094,0.0
56.0,0.9690489768981934,-1.002087950706482,0.0
56.0,0.9848471283912659,-1.009047031402588,0.0
56.0,0.9895018339157104,-1.0044829845428467,0.0
56.0,1.006826400756836,-1.0126620531082153,0.0
56.0,1.025664210319519,-1.0221139192581177,0.0
56.0,1.030378818511963,-1.0173609256744385,0.0
56.0,1.053657054901123,-1.0307680368423462,0.0
56.0,1.0584113597869873,-1.0258855819702148,0.0
56.0,1.0790109634399414,-1.0362197160720825,0.0
56.0,1.0837903022766113,-1.0312199592590332,0.0
56.0,1.1045544147491455,-1.0412893295288086,0.0
56.0,1.1239728927612305,-1.04982328414917,0.0
56.0,1.1288145780563354,-1.0446155071258545,0.0
56.0,1.1483738422393799,-1.0529013872146606,0.0
56.0,1.1532294750213623,-1.0475808382034302,0.0
56.0,1.1758997440338135,-1.0582928657531738,0.0
56.0,1.180780053138733,-1.0528448820114136,0.0
56.0,1.2036219835281372,-1.0632637739181519,0.0
56.0,1.2265851497650146,-1.0734937191009521,0.0
56.0,1.2315351963043213,-1.0678112506866455,0.0
56.0,1.2561815977096558,-1.0790475606918335,0.0
56.0,1.2611570358276367,-1.0732282400131226,0.0
56.0,1.2859840393066406,-1.0841444730758667,0.0
56.0,1.2909826040267944,-1.078187346458435,0.0
56.0,1.1557255983352661,-0.9561894536018372,0.0
56.0,1.1601340770721436,-0.9508358836174011,0.0
56.0,1.1645177602767944,-0.9454619884490967,0.0
56.0,1.1688765287399292,-0.9400678873062134,0.0
56.0,1.1951103210449219,-0.9521005153656006,0.0
56.0,1.1994993686676025,-0.9465649127960205,0.0
56.0,1.2038629055023193,-0.9410091042518616,0.0
56.0,1.2082006931304932,-0.9354330897331238,0.0
56.0,1.2363184690475464,-0.9480931162834167,0.0
56.0,1.240688681602478,-0.9423670172691345,0.0
56.0,1.267407774925232,-0.9534534811973572,0.0
56.0,1.2958592176437378,-0.9655076861381531,0.0
56.0,1.3003093004226685,-0.9595061540603638,0.0
56.0,1.33218252658844,-0.9735449552536011,0.0
56.0,1.3366693258285522,-0.9673753380775452,0.0
56.0,1.3687629699707031,-0.9809913635253906,0.0
56.0,1.373283863067627,-0.9746525883674622,0.0
56.0,1.4023200273513794,-0.9855428338050842,0.0
56.0,1.431485652923584,-0.9961850047111511,0.0
56.0,1.4360761642456055,-0.989556074142456,0.0
56.0,1.465417504310608,-0.9998138546943665,0.0
56.0,1.4700243473052979,-0.9930279850959778,0.0
56.0,1.4928867816925049,-0.9984513521194458,0.0
56.0,1.4974870681762695,-0.9915385246276855,0.0
56.0,1.5221272706985474,-0.9977617859840393,0.0
56.0,1.5468566417694092,-1.003778100013733,0.0
56.0,1.551481008529663,-0.9966156482696533,0.0
56.0,1.5661983489990234,-0.9958707094192505,0.0
56.0,1.5707858800888062,-0.9886189699172974,0.0
56.0,1.5770374536514282,-0.9824036359786987,0.0
56.0,1.574752926826477,-0.9709033966064453,0.0
56.0,1.579224944114685,-0.9636123180389404,0.0
56.0,1.5733908414840698,-0.9500976800918579,0.0
56.0,1.5777666568756104,-0.9428131580352783,0.0
56.0,1.5752224922180176,-0.9314365983009338,0.0
56.0,1.579512119293213,-0.9241437911987305,0.0
56.0,1.5768442153930664,-0.9128232598304749,0.0
56.0,1.5827832221984863,-0.9065171480178833,0.0
56.0,1.5869574546813965,-0.8991896510124207,0.0
56.0,1.6015654802322388,-0.8977103233337402,0.0
56.0,1.605698823928833,-0.8902961015701294,0.0
56.0,1.6255801916122437,-0.8915183544158936,0.0
56.0,1.647264838218689,-0.8935291767120361,0.0
56.0,1.6513783931732178,-0.8859037160873413,0.0
56.0,1.669590711593628,-0.8857578039169312,0.0
56.0,1.6736680269241333,-0.8780292272567749,0.0
56.0,1.6901371479034424,-0.8767284154891968,0.0
56.0,1.6941725015640259,-0.8689048886299133,0.0
56.0,1.4545735120773315,-0.7040396928787231,0.0
56.0,1.457813024520874,-0.6973071694374084,0.0
56.0,1.4610214233398438,-0.6905596852302551,0.0
56.0,1.4641984701156616,-0.6837974786758423,0.0
56.0,1.481872320175171,-0.6837237477302551,0.0
56.0,1.5013965368270874,-0.6843306422233582,0.0
56.0,1.5045443773269653,-0.6773818135261536,0.0
56.0,1.5222798585891724,-0.6769195199012756,0.0
56.0,1.5253932476043701,-0.6698742508888245,0.0
56.0,1.5394834280014038,-0.6675887703895569,0.0
56.0,1.542553424835205,-0.6604640483856201,0.0
56.0,1.5584858655929565,-0.658776044845581,0.0
56.0,1.5652064085006714,-0.6531038880348206,0.0
56.0,1.5682092905044556,-0.6458603739738464,0.0
56.0,1.56747305393219,-0.6370969414710999,0.0
56.0,1.5704017877578735,-0.6298431158065796,0.0
56.0,1.5677179098129272,-0.6203681230545044,0.0
56.0,1.5649800300598145,-0.610931396484375,0.0
56.0,1.5677878856658936,-0.6036893725395203,0.0
56.0,1.5649532079696655,-0.5943043828010559,0.0
56.0,1.5676841735839844,-0.587062656879425,0.0
56.0,1.5666290521621704,-0.5784229636192322,0.0
56.0,1.5636485815048218,-0.5691215395927429,0.0
56.0,1.5662630796432495,-0.5618861317634583,0.0
56.0,1.5631872415542603,-0.552638828754425,0.0
56.0,1.565725564956665,-0.5454056859016418,0.0
56.0,1.564447045326233,-0.5368626117706299,0.0
56.0,1.5669125318527222,-0.5296238660812378,0.0
56.0,1.5655490159988403,-0.521110475063324,0.0
56.0,1.5641405582427979,-0.5126210451126099,0.0
56.0,1.5664938688278198,-0.5053839683532715,0.0
56.0,1.5650012493133545,-0.4969255328178406,0.0
56.0,1.56728196144104,-0.4896846413612366,0.0
56.0,1.5657057762145996,-0.4812580347061157,0.0
56.0,1.5621708631515503,-0.4722777307033539,0.0
56.0,1.5643376111984253,-0.46505019068717957,0.0
56.0,1.5626317262649536,-0.45669063925743103,0.0
56.0,1.56472647190094,-0.4494611322879791,0.0
56.0,1.5629380941390991,-0.441135436296463,0.0
56.0,1.5611063241958618,-0.43283596634864807,0.0
56.0,1.5630908012390137,-0.42561376094818115,0.0
56.0,1.5611776113510132,-0.4173494279384613,0.0
56.0,1.5630905628204346,-0.41012707352638245,0.0
56.0,1.56109619140625,-0.40189865231513977,0.0
56.0,1.5551811456680298,-0.3927181363105774,0.0
56.0,1.5569802522659302,-0.3855237364768982,0.0
56.0,1.5470845699310303,-0.37549081444740295,0.0
56.0,1.5488040447235107,-0.3683340549468994,0.0
56.0,1.5504904985427856,-0.36116939783096313,0.0
56.0,1.5801610946655273,-0.15759192407131195,0.0
56.0,1.5808727741241455,-0.1502845734357834,0.0
56.0,1.5815507173538208,-0.14297400414943695,0.0
56.0,1.5821948051452637,-0.13566038012504578,0.0
56.0,1.5688508749008179,-0.12721234560012817,0.0
56.0,1.5694222450256348,-0.11995761096477509,0.0
56.0,1.5599857568740845,-0.11198429018259048,0.0
56.0,1.5604867935180664,-0.10477069765329361,0.0
56.0,1.5549662113189697,-0.09718061238527298,0.0
56.0,1.5553988218307495,-0.08999038487672806,0.0
56.0,1.5557982921600342,-0.08279823511838913,0.0
56.0,1.5621575117111206,-0.07589548081159592,0.0
56.0,1.5624916553497314,-0.06867223232984543,0.0
56.0,1.572784662246704,-0.06184040382504463,0.0
56.0,1.5810490846633911,-0.054845523089170456,0.0
56.0,1.5812857151031494,-0.047535158693790436,0.0
56.0,1.589486002922058,-0.04042718559503555,0.0
56.0,1.589655876159668,-0.033077966421842575,0.0
56.0,1.6037899255752563,-0.025954576209187508,0.0
56.0,1.6138921976089478,-0.01865496300160885,0.0
56.0,1.613961100578308,-0.011193138547241688,0.0
56.0,1.6219956874847412,-0.0037495694123208523,0.0
56.0,1.6219956874847412,0.0037495605647563934,0.0
56.0,1.6319607496261597,0.011317960917949677,0.0
56.0,1.6318910121917725,0.018863001838326454,0.0
56.0,1.6417850255966187,0.02656945027410984,0.0
56.0,1.6516424417495728,0.03436778858304024,0.0
56.0,1.651465892791748,0.0420035794377327,0.0
56.0,1.6632486581802368,0.049999043345451355,0.0
56.0,1.6629997491836548,0.05768832564353943,0.0
56.0,1.6727075576782227,0.065769262611866,0.0
56.0,1.672385573387146,0.07350210845470428,0.0
56.0,1.4375170469284058,0.23125851154327393,0.0
56.0,1.4364326000213623,0.2379022240638733,0.0
56.0,1.4353172779083252,0.24454084038734436,0.0
56.0,1.4341713190078735,0.2511742413043976,0.0
56.0,1.4435880184173584,0.26660409569740295,0.0
56.0,1.4423400163650513,0.2732754945755005,0.0
56.0,1.4410611391067505,0.27994105219841003,0.0
56.0,1.4397515058517456,0.28660061955451965,0.0
56.0,1.4521287679672241,0.2960507571697235,0.0
56.0,1.4507445096969604,0.3027613162994385,0.0
56.0,1.4630206823349,0.3123888671398163,0.0
56.0,1.4615607261657715,0.31914961338043213,0.0
56.0,1.4737331867218018,0.32895341515541077,0.0
56.0,1.4838961362838745,0.33843183517456055,0.0
56.0,1.4823155403137207,0.34528881311416626,0.0
56.0,1.494323492050171,0.35537755489349365,0.0
56.0,1.4926645755767822,0.36228257417678833,0.0
56.0,1.5103873014450073,0.3739868700504303,0.0
56.0,1.5086420774459839,0.3809659481048584,0.0
56.0,1.530106782913208,0.39392051100730896,0.0
56.0,1.5514832735061646,0.4070815443992615,0.0
56.0,1.5495846271514893,0.41425028443336487,0.0
56.0,1.5708098411560059,0.42771556973457336,0.0
56.0,1.5688155889511108,0.43497341871261597,0.0
56.0,1.5860357284545898,0.44765469431877136,0.0
56.0,1.583949089050293,0.454982727766037,0.0
56.0,1.5952664613723755,0.4662283658981323,0.0
56.0,1.5930938720703125,0.4735988974571228,0.0
56.0,1.6042882204055786,0.48501071333885193,0.0
56.0,1.617322564125061,0.49712368845939636,0.0
56.0,1.6150068044662476,0.5045958757400513,0.0
56.0,1.6260000467300415,0.5162941217422485,0.0
56.0,1.6235957145690918,0.5238062143325806,0.0
56.0,1.6344603300094604,0.5356671810150146,0.0
56.0,1.6452497243881226,0.5476397275924683,0.0
56.0,1.6427001953125,0.5552404522895813,0.0
56.0,1.6533576250076294,0.567373514175415,0.0
56.0,1.650716781616211,0.5750115513801575,0.0
56.0,1.659354329109192,0.5866370797157288,0.0
56.0,1.656624436378479,0.5943025946617126,0.0
56.0,1.44148850440979,0.5246589183807373,0.0
56.0,1.4390474557876587,0.5313178300857544,0.0
56.0,1.4365755319595337,0.5379654169082642,0.0
56.0,1.4340729713439941,0.5446015000343323,0.0
56.0,1.4464709758758545,0.5569753050804138,0.0
56.0,1.4438804388046265,0.5636569261550903,0.0
56.0,1.4561365842819214,0.5762137770652771,0.0
56.0,1.4534568786621094,0.582939863204956,0.0
56.0,1.467421531677246,0.5964311361312866,0.0
56.0,1.4646482467651367,0.6032091975212097,0.0
56.0,1.478455662727356,0.616905927658081,0.0
56.0,1.4940094947814941,0.6315217018127441,0.0
56.0,1.491073727607727,0.6384223103523254,0.0
56.0,1.5064551830291748,0.6532662510871887,0.0
56.0,1.5034188032150269,0.6602241396903992,0.0
56.0,1.516797423362732,0.6744816303253174,0.0
56.0,1.5136628150939941,0.6814871430397034,0.0
56.0,1.5268747806549072,0.6959435343742371,0.0
56.0,1.5309048891067505,0.7063469886779785,0.0
56.0,1.5276228189468384,0.7134173512458801,0.0
56.0,1.5297328233718872,0.7230364680290222,0.0
56.0,1.5263735055923462,0.7301012873649597,0.0
56.0,1.5283823013305664,0.7397644519805908,0.0
56.0,1.530334234237671,0.7494617700576782,0.0
56.0,1.5268528461456299,0.7565290927886963,0.0
56.0,1.528702735900879,0.7662689089775085,0.0
56.0,1.5251436233520508,0.7733284831047058,0.0
56.0,1.5251110792160034,0.7821969389915466,0.0
56.0,1.5214784145355225,0.7892397046089172,0.0
56.0,1.524897575378418,0.7999821901321411,0.0
56.0,1.5264829397201538,0.8098357319831848,0.0
56.0,1.5227224826812744,0.8168845772743225,0.0
56.0,1.5259613990783691,0.8277303576469421,0.0
56.0,1.5221182107925415,0.8347765803337097,0.0
56.0,1.5217407941818237,0.8437446355819702,0.0
56.0,1.517823576927185,0.8507711887359619,0.0
56.0,1.5138739347457886,0.8577795624732971,0.0
56.0,1.508156418800354,0.8637756705284119,0.0
56.0,1.504146695137024,0.8707391619682312,0.0
56.0,1.4793899059295654,0.8655641674995422,0.0
56.0,1.2517163753509521,1.1265265941619873,0.0
56.0,1.2464946508407593,1.1323018074035645,0.0
56.0,1.241246223449707,1.1380527019500732,0.0
56.0,1.2359713315963745,1.1437792778015137,0.0
56.0,1.2219003438949585,1.141290307044983,0.0
56.0,1.2166106700897217,1.1469274759292603,0.0
56.0,1.2112950086593628,1.1525399684906006,0.0
56.0,1.1987407207489014,1.1512012481689453,0.0
56.0,1.1934055089950562,1.1567312479019165,0.0
56.0,1.185185432434082,1.159439206123352,0.0
56.0,1.1755427122116089,1.1606907844543457,0.0
56.0,1.170163869857788,1.1661133766174316,0.0
56.0,1.1534790992736816,1.160164713859558,0.0
56.0,1.148102879524231,1.1654852628707886,0.0
56.0,1.1301295757293701,1.1578994989395142,0.0
56.0,0.9472625255584717,1.2993682622909546,0.0
56.0,0.9412449598312378,1.3037339448928833,0.0
56.0,0.9352072477340698,1.3080717325210571,0.0
56.0,0.9291495680809021,1.3123815059661865,0.0
56.0,0.9184795618057251,1.310112714767456,0.0
56.0,0.9124126434326172,1.3143452405929565,0.0
56.0,0.9029273986816406,1.3136049509048462,0.0
56.0,0.8968445062637329,1.317765474319458,0.0
56.0,0.8907423615455627,1.3218978643417358,0.0
56.0,0.8835113048553467,1.3243381977081299,0.0
56.0,0.8773789405822754,1.3284088373184204,0.0
56.0,0.8701333403587341,1.3307772874832153,0.0
56.0,0.8639713525772095,1.3347859382629395,0.0
56.0,0.8567119836807251,1.3370821475982666,0.0
56.0,0.8505209684371948,1.3410288095474243,0.0
56.0,0.8443118333816528,1.3449467420578003,0.0
56.0,0.8380845785140991,1.3488359451293945,0.0
56.0,0.8318394422531128,1.3526962995529175,0.0
56.0,0.8255765438079834,1.3565278053283691,0.0
56.0,0.8192960023880005,1.3603302240371704,0.0
56.0,0.8129979372024536,1.3641035556793213,0.0
56.0,0.805666446685791,1.3661249876022339,0.0
56.0,0.7993417382240295,1.3698352575302124,0.0
56.0,0.7929999232292175,1.373516321182251,0.0
56.0,0.7866411805152893,1.3771679401397705,0.0
56.0,0.7792816758155823,1.3790489435195923,0.0
56.0,0.7728975415229797,1.3826371431350708,0.0
56.0,0.7664967775344849,1.3861957788467407,0.0
56.0,0.7600797414779663,1.3897247314453125,0.0
56.0,0.7536463737487793,1.3932240009307861,0.0
56.0,0.7481403350830078,1.3984569311141968,0.0
56.0,0.7416667342185974,1.4019010066986084,0.0
56.0,0.7351773381233215,1.4053149223327637,0.0
56.0,0.7277532815933228,1.4069225788116455,0.0
56.0,0.7212408185005188,1.410272240638733,0.0
56.0,0.4818897247314453,0.9531034827232361,0.0
56.0,0.47747802734375,0.9553212523460388,0.0
56.0,0.4730561077594757,0.9575185775756836,0.0
56.0,0.46423622965812683,0.9507095813751221,0.0
56.0,0.45983579754829407,0.9528457522392273,0.0
56.0,0.45370370149612427,0.9513511657714844,0.0
56.0,0.4493004083633423,0.9534386396408081,0.0
56.0,0.443199098110199,0.9518794417381287,0.0
56.0,0.43879345059394836,0.9539183378219604,0.0
56.0,0.4327237010002136,0.9522952437400818,0.0
56.0,0.4274972975254059,0.9524610638618469,0.0
56.0,0.4230891466140747,0.9544273614883423,0.0
56.0,0.4162657856941223,0.9508768320083618,0.0
56.0,0.41186508536338806,0.9527912139892578,0.0
56.0,0.4058854281902313,0.9510063529014587,0.0
56.0,0.39993107318878174,0.9491865038871765,0.0
56.0,0.3955383598804474,0.9510254263877869,0.0
56.0,0.3903777003288269,0.9509938359260559,0.0
56.0,0.38597673177719116,0.9527885317802429,0.0
56.0,0.3800828456878662,0.9508486390113831,0.0
56.0,0.3749488592147827,0.9507350921630859,0.0
56.0,0.3705492615699768,0.9524585008621216,0.0
56.0,0.36470869183540344,0.9504270553588867,0.0
56.0,0.3603106141090393,0.9521030783653259,0.0
56.0,0.35520562529563904,0.9518849849700928,0.0
56.0,0.3494197726249695,0.9497630000114441,0.0
56.0,0.3450249433517456,0.9513683319091797,0.0
56.0,0.3399495482444763,0.9510700702667236,0.0
56.0,0.3355487883090973,0.9526315927505493,0.0
56.0,0.3298293948173523,0.9503939747810364,0.0
56.0,0.3234908878803253,0.9462313055992126,0.0
56.0,0.319112628698349,0.9477167725563049,0.0
56.0,0.31409814953804016,0.9472836852073669,0.0
56.0,0.3097151219844818,0.9487257599830627,0.0
56.0,0.304713636636734,0.9482434391975403,0.0
56.0,0.30032628774642944,0.9496421217918396,0.0
56.0,0.29533830285072327,0.9491108059883118,0.0
56.0,0.2903616428375244,0.9485536813735962,0.0
56.0,0.2859730124473572,0.9498860239982605,0.0
56.0,0.28044286370277405,0.9473625421524048,0.0
56.0,0.2760598659515381,0.948648989200592,0.0
56.0,0.2711210250854492,0.9479922652244568,0.0
56.0,0.2661941647529602,0.9473102688789368,0.0
56.0,0.2618115544319153,0.9485308527946472,0.0
56.0,0.2569001317024231,0.9478007555007935,0.0
56.0,0.25251534581184387,0.9489783644676208,0.0
56.0,0.24761982262134552,0.9482006430625916,0.0
56.0,0.24224050343036652,0.9454604983329773,0.0
56.0,0.23786669969558716,0.9465703368186951,0.0
56.0,0.2334877997636795,0.947659969329834,0.0
56.0,0.2291039228439331,0.948729395866394,0.0
56.0,0.22425465285778046,0.9478321671485901,0.0
56.0,0.21896712481975555,0.9449621438980103,0.0
56.0,0.21459588408470154,0.9459643959999084,0.0
56.0,0.20978659391403198,0.9449939727783203,0.0
56.0,0.2054152935743332,0.9459537863731384,0.0
56.0,0.20103959739208221,0.9468933939933777,0.0
56.0,0.19584695994853973,0.9438961744308472,0.0
56.0,0.19148088991641998,0.9447915554046631,0.0
56.0,0.18711072206497192,0.9456667304039001,0.0
56.0,0.18273654580116272,0.9465216994285583,0.0
56.0,0.1779884397983551,0.9453909993171692,0.0
56.0,0.17361563444137573,0.9462038278579712,0.0
56.0,0.16888727247714996,0.9450275301933289,0.0
56.0,0.16417351365089417,0.9438278675079346,0.0
56.0,0.15980809926986694,0.9445767998695374,0.0
56.0,0.15543925762176514,0.945305585861206,0.0
56.0,0.1510670930147171,0.9460141062736511,0.0
56.0,0.14638546109199524,0.9447259902954102,0.0
56.0,0.14201606810092926,0.9453927278518677,0.0
56.0,0.13764365017414093,0.9460391998291016,0.0
56.0,0.13298949599266052,0.9446850419044495,0.0
56.0,0.1286204308271408,0.9452897906303406,0.0
56.0,0.12424863874912262,0.9458743333816528,0.0
56.0,0.11962287127971649,0.944454550743103,0.0
56.0,0.11525502800941467,0.9449975490570068,0.0
56.0,0.11065176874399185,0.9435338973999023,0.0
56.0,0.10628827661275864,0.9440353512763977,0.0
56.0,0.10170794278383255,0.942528247833252,0.0
56.0,0.09734919667243958,0.942988395690918,0.0
56.0,0.09298837184906006,0.9434283971786499,0.0
56.0,0.08862555772066116,0.9438482522964478,0.0
56.0,0.08426084369421005,0.9442479014396667,0.0
56.0,0.07972577959299088,0.9426344633102417,0.0
56.0,0.0753667801618576,0.9429929852485657,0.0
56.0,0.0710061639547348,0.9433313608169556,0.0
56.0,0.0665031373500824,0.9416545629501343,0.0
56.0,0.0621488057076931,0.9419519901275635,0.0
56.0,0.05779314786195755,0.9422292709350586,0.0
56.0,0.05343625321984291,0.9424864053726196,0.0
56.0,0.049078214913606644,0.9427233338356018,0.0
56.0,0.04471912980079651,0.9429401755332947,0.0
56.0,0.04035909101366997,0.9431368708610535,0.0
56.0,0.035998184233903885,0.9433133602142334,0.0
56.0,0.03163651004433632,0.943469762802124,0.0
56.0,0.02727416157722473,0.943605899810791,0.0
56.0,0.022862685844302177,0.9417225122451782,0.0
56.0,0.018508508801460266,0.941818118095398,0.0
56.0,0.014153935015201569,0.9418936371803284,0.0
56.0,0.009799058549106121,0.9419490098953247,0.0
56.0,0.005443972535431385,0.941984236240387,0.0
56.0,0.0010887705720961094,0.9419993162155151,0.0
56.0,-0.0032664549071341753,0.941994309425354,0.0
56.0,-0.007621610537171364,0.9419691562652588,0.0
56.0,-0.011976603418588638,0.9419238567352295,0.0
56.0,-0.01633133925497532,0.9418584108352661,0.0
56.0,-0.020685726776719093,0.9417728185653687,0.0
56.0,-0.0250396728515625,0.9416671395301819,0.0
56.0,-0.029393082484602928,0.941541314125061,0.0
56.0,-0.033745866268873215,0.9413953423500061,0.0
56.0,-0.03809792548418045,0.9412292242050171,0.0
56.0,-0.04244917258620262,0.9410430192947388,0.0
56.0,-0.04679951071739197,0.9408367276191711,0.0
56.0,-0.05114884674549103,0.9406102895736694,0.0
56.0,-0.05549709498882294,0.9403637647628784,0.0
56.0,-0.05984415113925934,0.9400971531867981,0.0
56.0,-0.06418993324041367,0.9398103952407837,0.0
56.0,-0.06867984682321548,0.941498339176178,0.0
56.0,-0.07303201407194138,0.9411707520484924,0.0
56.0,-0.07738261669874191,0.9408230185508728,0.0
56.0,-0.08173156529664993,0.9404551982879639,0.0
56.0,-0.08607876300811768,0.9400672912597656,0.0
56.0,-0.09042412787675858,0.9396592378616333,0.0
56.0,-0.09476755559444427,0.9392311573028564,0.0
56.0,-0.09910895675420761,0.9387829303741455,0.0
56.0,-0.10344824194908142,0.93831467628479,0.0
56.0,-0.10801366716623306,0.9398132562637329,0.0
56.0,-0.11259517073631287,0.9412897229194641,0.0
56.0,-0.11694590002298355,0.9407591223716736,0.0
56.0,-0.12129412591457367,0.940208375453949,0.0
56.0,-0.12563976645469666,0.9396375417709351,0.0
56.0,-0.12998270988464355,0.9390466213226318,0.0
56.0,-0.1343228816986084,0.9384356141090393,0.0
56.0,-0.13895271718502045,0.9397830367088318,0.0
56.0,-0.14329619705677032,0.9391305446624756,0.0
56.0,-0.14763662219047546,0.9384579658508301,0.0
56.0,-0.1519738882780075,0.93776535987854,0.0
56.0,-0.1563078910112381,0.9370527267456055,0.0
56.0,-0.16097676753997803,0.9382912516593933,0.0
56.0,-0.16566039621829987,0.9395065903663635,0.0
56.0,-0.17000232636928558,0.9387306571006775,0.0
56.0,-0.1743406057357788,0.9379346370697021,0.0
56.0,-0.17867515981197357,0.9371185302734375,0.0
56.0,-0.1833895593881607,0.9382452964782715,0.0
56.0,-0.18772545456886292,0.9373874068260193,0.0
56.0,-0.1928609311580658,0.9404278993606567,0.0
56.0,-0.19720681011676788,0.9395262002944946,0.0
56.0,-0.2015484869480133,0.9386043548583984,0.0
56.0,-0.2058858424425125,0.9376624822616577,0.0
56.0,-0.21021881699562073,0.9367005825042725,0.0
56.0,-0.21499426662921906,0.9376680850982666,0.0
56.0,-0.21978312730789185,0.9386113882064819,0.0
56.0,-0.2241203337907791,0.9375852346420288,0.0
56.0,-0.22892671823501587,0.9384820461273193,0.0
56.0,-0.23326322436332703,0.9374136328697205,0.0
56.0,-0.23808665573596954,0.9382636547088623,0.0
56.0,-0.24242204427719116,0.9371528625488281,0.0
56.0,-0.24726209044456482,0.9379560351371765,0.0
56.0,-0.2521147131919861,0.9387343525886536,0.0
56.0,-0.25645214319229126,0.9375587105751038,0.0
56.0,-0.261857271194458,0.9402163624763489,0.0
56.0,-0.2662014365196228,0.9389956593513489,0.0
56.0,-0.27109429240226746,0.9396764636039734,0.0
56.0,-0.2754358649253845,0.9384130239486694,0.0
56.0,-0.2797715663909912,0.937129557132721,0.0
56.0,-0.2846822738647461,0.9377398490905762,0.0
56.0,-0.2890147566795349,0.9364136457443237,0.0
56.0,-0.2939396798610687,0.9369757175445557,0.0
56.0,-0.29826852679252625,0.9356066584587097,0.0
56.0,-0.30320730805397034,0.9361203908920288,0.0
56.0,-0.30815714597702026,0.9366083145141602,0.0
56.0,-0.31248414516448975,0.9351736307144165,0.0
56.0,-0.31808966398239136,0.9375067949295044,0.0
56.0,-0.32242071628570557,0.9360260963439941,0.0
56.0,-0.3274049460887909,0.9364133477210999,0.0
56.0,-0.33173084259033203,0.9348896145820618,0.0
56.0,-0.33672717213630676,0.9352276921272278,0.0
56.0,-0.3417336642742157,0.9355394840240479,0.0
56.0,-0.34605535864830017,0.9339494705200195,0.0
56.0,-0.3510732352733612,0.934211790561676,0.0
56.0,-0.35538870096206665,0.9325786232948303,0.0
56.0,-0.3611381947994232,0.9346566796302795,0.0
56.0,-0.3669145405292511,0.9367015361785889,0.0
56.0,-0.37124133110046387,0.934995174407959,0.0
56.0,-0.3778000771999359,0.9388349056243896,0.0
56.0,-0.38213664293289185,0.9370781779289246,0.0
56.0,-0.3872288167476654,0.9371499419212341,0.0
56.0,-0.3915574550628662,0.9353495836257935,0.0
56.0,-0.3974393904209137,0.937211811542511,0.0
56.0,-0.40255752205848694,0.9372019171714783,0.0
56.0,-0.4068862497806549,0.9353306889533997,0.0
56.0,-0.41201257705688477,0.9352697730064392,0.0
56.0,-0.41633227467536926,0.933354914188385,0.0
56.0,-0.42146629095077515,0.9332428574562073,0.0
56.0,-0.4266080856323242,0.9331032037734985,0.0
56.0,-0.4309176206588745,0.9311208724975586,0.0
56.0,-0.4377630352973938,0.934552013874054,0.0
56.0,-0.4420791268348694,0.9325180649757385,0.0
56.0,-0.4481160044670105,0.9340707063674927,0.0
56.0,-0.45242977142333984,0.9319888949394226,0.0
56.0,-0.4584972858428955,0.9334774613380432,0.0
56.0,-0.46280819177627563,0.931347668170929,0.0
56.0,-0.46890580654144287,0.9327718615531921,0.0
56.0,-0.4750264286994934,0.9341594576835632,0.0
56.0,-0.4793403148651123,0.9319532513618469,0.0
56.0,-0.48548996448516846,0.9332757592201233,0.0
56.0,-0.4897996485233307,0.9310211539268494,0.0
56.0,-0.4959775507450104,0.9322779774665833,0.0
56.0,-0.5021774768829346,0.9334975481033325,0.0
56.0,-0.506488025188446,0.9311658143997192,0.0
56.0,-1.1033830642700195,1.963173508644104,0.0
56.0,-1.112447738647461,1.9580512046813965,0.0
56.0,-1.1214886903762817,1.952886939048767,0.0
56.0,-1.1305055618286133,1.9476810693740845,0.0
56.0,-1.143546223640442,1.949333667755127,0.0
56.0,-1.1525465250015259,1.9440258741378784,0.0
56.0,-1.167689561843872,1.9489703178405762,0.0
56.0,-1.1766879558563232,1.9435508251190186,0.0
56.0,-1.1898359060287476,1.9449139833450317,0.0
56.0,-1.205124855041504,1.9495995044708252,0.0
56.0,-1.2141257524490356,1.9440069198608398,0.0
56.0,-1.2295042276382446,1.9485212564468384,0.0
56.0,-1.2384997606277466,1.942815899848938,0.0
56.0,-1.251800537109375,1.9437952041625977,0.0
56.0,-1.267317771911621,1.9480454921722412,0.0
56.0,-1.276310682296753,1.9421653747558594,0.0
56.0,-1.2919130325317383,1.9462416172027588,0.0
56.0,-1.3008973598480225,1.940247893333435,0.0
56.0,-1.3165827989578247,1.9441486597061157,0.0
56.0,-1.3255572319030762,1.938040852546692,0.0
56.0,-1.3413234949111938,1.9417648315429688,0.0
56.0,-1.3571525812149048,1.9453845024108887,0.0
56.0,-1.366132378578186,1.939089059829712,0.0
56.0,-1.3820394277572632,1.9425301551818848,0.0
56.0,-1.3910057544708252,1.9361196756362915,0.0
56.0,-1.4069888591766357,1.9393807649612427,0.0
56.0,-1.4230319261550903,1.9425355195999146,0.0
56.0,-1.4319977760314941,1.9359354972839355,0.0
56.0,-1.4481137990951538,1.9389086961746216,0.0
56.0,-1.4570626020431519,1.9321928024291992,0.0
56.0,-1.4732495546340942,1.9349831342697144,0.0
56.0,-1.482179880142212,1.92815101146698,0.0
56.0,-1.5008883476257324,1.933917760848999,0.0
56.0,-1.5172146558761597,1.9364038705825806,0.0
56.0,-1.526151180267334,1.929368495941162,0.0
56.0,-1.527566909790039,1.9129148721694946,0.0
56.0,-1.536394715309143,1.9058318138122559,0.0
56.0,-1.5300407409667969,1.8800934553146362,0.0
56.0,-1.5234819650650024,1.8544548749923706,0.0
56.0,-1.5320395231246948,1.8473914861679077,0.0
56.0,-1.5251586437225342,1.8218854665756226,0.0
56.0,-1.5335655212402344,1.8148146867752075,0.0
56.0,-1.5263646841049194,1.789445400238037,0.0
56.0,-1.5346215963363647,1.7823693752288818,0.0
56.0,-1.5271024703979492,1.7571403980255127,0.0
56.0,-1.5193830728530884,1.732019305229187,0.0
56.0,-1.5273746252059937,1.7249760627746582,0.0
56.0,-1.5193405151367188,1.7000013589859009,0.0
56.0,-1.527184009552002,1.6929587125778198,0.0
56.0,-1.5215299129486084,1.6710914373397827,0.0
56.0,-1.5130001306533813,1.6463677883148193,0.0
56.0,-1.520595669746399,1.6393550634384155,0.0
56.0,-1.5144901275634766,1.6177070140838623,0.0
56.0,-1.5219532251358032,1.6106876134872437,0.0
56.0,-1.515580654144287,1.589160680770874,0.0
56.0,-1.5090419054031372,1.5677273273468018,0.0
56.0,-1.5162739753723145,1.5607337951660156,0.0
56.0,-1.5066704750061035,1.5365701913833618,0.0
56.0,-1.5137585401535034,1.5295878648757935,0.0
56.0,-1.5095069408416748,1.511252522468567,0.0
56.0,-1.5022786855697632,1.4901726245880127,0.0
56.0,-1.5091522932052612,1.4832110404968262,0.0
56.0,-1.504530429840088,1.4650554656982422,0.0
56.0,-1.5112879276275635,1.4580838680267334,0.0
56.0,-1.5035557746887207,1.4372612237930298,0.0
56.0,-1.498567819595337,1.4192920923233032,0.0
56.0,-1.5051137208938599,1.4123485088348389,0.0
56.0,-1.4984447956085205,1.3931186199188232,0.0
56.0,-1.5048696994781494,1.3861757516860962,0.0
56.0,-1.4994440078735352,1.3684178590774536,0.0
56.0,-1.4953702688217163,1.352081298828125,0.0
56.0,-1.50160551071167,1.3451532125473022,0.0
56.0,-1.4958418607711792,1.32757568359375,0.0
56.0,-1.50196373462677,1.3206456899642944,0.0
56.0,-1.4959890842437744,1.3031779527664185,0.0
56.0,-1.5019980669021606,1.2962474822998047,0.0
56.0,-1.4988542795181274,1.2814912796020508,0.0
56.0,-1.4940801858901978,1.265499234199524,0.0
56.0,-1.4999150037765503,1.2585780620574951,0.0
56.0,-1.494951844215393,1.242680549621582,0.0
56.0,-1.5006812810897827,1.2357555627822876,0.0
56.0,-1.495530128479004,1.2199547290802002,0.0
56.0,-1.4918208122253418,1.205485224723816,0.0
56.0,-1.4973783493041992,1.1985750198364258,0.0
56.0,-1.4919337034225464,1.182941198348999,0.0
56.0,-1.4973869323730469,1.1760308742523193,0.0
56.0,-1.491758108139038,1.1604989767074585,0.0
56.0,-1.4876021146774292,1.1462652683258057,0.0
56.0,-1.4928858280181885,1.1393752098083496,0.0
56.0,-1.4869693517684937,1.124018669128418,0.0
56.0,-1.4921501874923706,1.1171318292617798,0.0
56.0,-1.486053466796875,1.1018825769424438,0.0
56.0,-1.4814597368240356,1.087897539138794,0.0
56.0,-1.4864736795425415,1.0810365676879883,0.0
56.0,-1.4833412170410156,1.0683083534240723,0.0
56.0,-1.488264560699463,1.0614389181137085,0.0
56.0,-1.4833542108535767,1.047624111175537,0.0
56.0,-1.4783481359481812,1.0338776111602783,0.0
56.0,-1.4831123352050781,1.027031660079956,0.0
56.0,-1.482896327972412,1.016770601272583,0.0
56.0,-1.4875813722610474,1.0099037885665894,0.0
56.0,-1.482275366783142,0.9963211417198181,0.0
56.0,-1.4868658781051636,0.989457368850708,0.0
56.0,-1.4797337055206299,0.9748703241348267,0.0
56.0,-1.4758490324020386,0.9625556468963623,0.0
56.0,-1.480283498764038,0.9557219743728638,0.0
56.0,-1.4762601852416992,0.9434826970100403,0.0
56.0,-1.4721555709838867,0.9313011765480042,0.0
56.0,-1.4764455556869507,0.92448490858078,0.0
56.0,-1.4722040891647339,0.9123810529708862,0.0
56.0,-1.4764065742492676,0.9055647850036621,0.0
56.0,-1.472029209136963,0.8935401439666748,0.0
56.0,-1.4761446714401245,0.8867248296737671,0.0
56.0,-1.4733517169952393,0.8758028149604797,0.0
56.0,-1.470489501953125,0.8649256825447083,0.0
56.0,-1.4744726419448853,0.8581178188323975,0.0
56.0,-1.4697582721710205,0.8463016152381897,0.0
56.0,-1.473655343055725,0.8394973278045654,0.0
56.0,-1.4705514907836914,0.8287473917007446,0.0
56.0,-1.4673798084259033,0.8180441856384277,0.0
56.0,-1.4711462259292603,0.8112512230873108,0.0
56.0,-1.467858076095581,0.8006102442741394,0.0
56.0,-1.4715439081192017,0.7938152551651001,0.0
56.0,-1.468139886856079,0.7832376956939697,0.0
56.0,-1.4646697044372559,0.7727086544036865,0.0
56.0,-1.4682265520095825,0.7659286856651306,0.0
56.0,-1.4646421670913696,0.755465030670166,0.0
56.0,-1.4681192636489868,0.748685359954834,0.0
56.0,-1.4644215106964111,0.7382882833480835,0.0
56.0,-1.4678192138671875,0.731509804725647,0.0
56.0,-1.4640090465545654,0.7211805582046509,0.0
56.0,-1.4619331359863281,0.7117776870727539,0.0
56.0,-1.4652084112167358,0.7050110697746277,0.0
56.0,-1.4612274169921875,0.6947939991950989,0.0
56.0,-1.4644240140914917,0.6880307793617249,0.0
56.0,-1.4603331089019775,0.6778844594955444,0.0
56.0,-1.4579976797103882,0.6686244010925293,0.0
56.0,-1.461073398590088,0.6618764400482178,0.0
56.0,-1.4586411714553833,0.6526637077331543,0.0
56.0,-1.461643099784851,0.6459129452705383,0.0
56.0,-1.4591145515441895,0.6367484927177429,0.0
56.0,-1.4546959400177002,0.6268298029899597,0.0
56.0,-1.4575785398483276,0.6200975179672241,0.0
56.0,-1.4567419290542603,0.6118031144142151,0.0
56.0,-1.45955491065979,0.6050615310668945,0.0
56.0,-1.4567835330963135,0.5960349440574646,0.0
56.0,-1.4539600610733032,0.5870469212532043,0.0
56.0,-1.4566586017608643,0.5803184509277344,0.0
56.0,-1.4537420272827148,0.5713827610015869,0.0
56.0,-1.4563682079315186,0.5646554827690125,0.0
56.0,-1.4533590078353882,0.5557730197906494,0.0
56.0,-1.4559129476547241,0.5490476489067078,0.0
56.0,-1.4528120756149292,0.5402193665504456,0.0
56.0,-1.4515385627746582,0.5321199893951416,0.0
56.0,-1.4539833068847656,0.5254032611846924,0.0
56.0,-1.45074462890625,0.5166623592376709,0.0
56.0,-1.453117847442627,0.5099495053291321,0.0
56.0,-1.4516795873641968,0.5019186735153198,0.0
56.0,-1.4483050107955933,0.493267297744751,0.0
56.0,-1.4505701065063477,0.4865659475326538,0.0
56.0,-1.4490059614181519,0.4785997271537781,0.0
56.0,-1.4512032270431519,0.471895307302475,0.0
56.0,-1.4476549625396729,0.4633517861366272,0.0
56.0,-1.4459666013717651,0.4554520845413208,0.0
56.0,-1.448056936264038,0.4487619698047638,0.0
56.0,-1.4462900161743164,0.44089585542678833,0.0
56.0,-1.4483129978179932,0.4342043995857239,0.0
56.0,-1.4445499181747437,0.42580726742744446,0.0
56.0,-1.4426610469818115,0.41801080107688904,0.0
56.0,-1.4445782899856567,0.41133636236190796,0.0
56.0,-1.4426125288009644,0.40357550978660583,0.0
56.0,-1.4444630146026611,0.3969014585018158,0.0
56.0,-1.4424206018447876,0.3891769349575043,0.0
56.0,-1.4442044496536255,0.3825039267539978,0.0
56.0,-1.4420862197875977,0.37481653690338135,0.0
56.0,-1.4399276971817017,0.3671569228172302,0.0
56.0,-1.4416097402572632,0.3604956567287445,0.0
56.0,-1.4413186311721802,0.35335052013397217,0.0
56.0,-1.442936897277832,0.34668299555778503,0.0
56.0,-1.4406307935714722,0.33909159898757935,0.0
56.0,-1.4402341842651367,0.3319781720638275,0.0
56.0,-1.4417537450790405,0.3253158926963806,0.0
56.0,-1.4393362998962402,0.31778424978256226,0.0
56.0,-1.4407901763916016,0.3111262619495392,0.0
56.0,-1.438299536705017,0.3036354184150696,0.0
56.0,-1.4357703924179077,0.2961742579936981,0.0
56.0,-1.4371243715286255,0.28953298926353455,0.0
56.0,-1.4364852905273438,0.28249961137771606,0.0
56.0,-1.43777596950531,0.2758551836013794,0.0
56.0,-1.4370701313018799,0.2688370943069458,0.0
56.0,-1.4382977485656738,0.2621901333332062,0.0
56.0,-1.4355560541152954,0.25483837723731995,0.0
56.0,-1.4347481727600098,0.24785807728767395,0.0
56.0,-1.4358787536621094,0.2412220537662506,0.0
56.0,-1.4350048303604126,0.23425865173339844,0.0
56.0,-1.436072587966919,0.22762158513069153,0.0
56.0,-1.433156132698059,0.22037173807621002,0.0
56.0,-1.4321813583374023,0.21344853937625885,0.0
56.0,-1.4331529140472412,0.20682474970817566,0.0
56.0,-1.4321130514144897,0.19992002844810486,0.0
56.0,-1.433022141456604,0.19329670071601868,0.0
56.0,-1.429934024810791,0.1861528754234314,0.0
56.0,-1.4287949800491333,0.1792907565832138,0.0
56.0,-1.4296085834503174,0.172682985663414,0.0
56.0,-1.4303916692733765,0.16607153415679932,0.0
56.0,-1.4311442375183105,0.1594565212726593,0.0
56.0,-1.4298774003982544,0.15262581408023834,0.0
56.0,-1.4285781383514404,0.14581026136875153,0.0
56.0,-1.4292370080947876,0.13920384645462036,0.0
56.0,-1.4278738498687744,0.13240979611873627,0.0
56.0,-1.4284707307815552,0.1258067935705185,0.0
56.0,-1.4270440340042114,0.11903484910726547,0.0
56.0,-1.4275791645050049,0.11243581771850586,0.0
56.0,-1.4280837774276733,0.10583438724279404,0.0
56.0,-1.4265625476837158,0.09909209609031677,0.0
56.0,-1.427005410194397,0.09249550849199295,0.0
56.0,-1.4274177551269531,0.08589693903923035,0.0
56.0,-1.4277997016906738,0.0792965367436409,0.0
56.0,-1.4261536598205566,0.07259277254343033,0.0
56.0,-1.424476146697998,0.06590592116117477,0.0
56.0,-1.424765706062317,0.05931933596730232,0.0
56.0,-1.4230260848999023,0.05265752226114273,0.0
56.0,-1.423254370689392,0.04607778042554855,0.0
56.0,-1.4234521389007568,0.039497051388025284,0.0
56.0,-1.4216201305389404,0.03286925330758095,0.0
56.0,-1.4217568635940552,0.0262962207198143,0.0
56.0,-1.421863317489624,0.019722629338502884,0.0
56.0,-1.4219392538070679,0.013148615136742592,0.0
56.0,-1.4219849109649658,0.006574319209903479,0.0
56.0,-1.4220000505447388,-1.1636915075996512e-07,0.0
57.0,-1.4199999570846558,1.2414034245011862e-07,0.0
57.0,-1.4199848175048828,-0.006565064657479525,0.0
57.0,-1.4199392795562744,-0.013130112551152706,0.0
57.0,-1.4198633432388306,-0.01969487965106964,0.0
57.0,-1.4197571277618408,-0.026259226724505424,0.0
57.0,-1.4196205139160156,-0.03282301127910614,0.0
57.0,-1.4194536209106445,-0.039386097341775894,0.0
57.0,-1.423254370689392,-0.04607777297496796,0.0
57.0,-1.4230260848999023,-0.052657514810562134,0.0
57.0,-1.4227674007415771,-0.059236131608486176,0.0
57.0,-1.420480489730835,-0.0657210499048233,0.0
57.0,-1.420161485671997,-0.07228775322437286,0.0
57.0,-1.4198120832443237,-0.07885292172431946,0.0
57.0,-1.4194324016571045,-0.08541639894247055,0.0
57.0,-1.4190223217010498,-0.0919780507683754,0.0
57.0,-1.4185818433761597,-0.09853773564100266,0.0
57.0,-1.4181110858917236,-0.10509531199932098,0.0
57.0,-1.4176100492477417,-0.11165064573287964,0.0
57.0,-1.4170787334442139,-0.11820358783006668,0.0
57.0,-1.4165170192718506,-0.12475401163101196,0.0
57.0,-1.415925145149231,-0.13130176067352295,0.0
57.0,-1.4153029918670654,-0.1378467082977295,0.0
57.0,-1.4166401624679565,-0.1445917785167694,0.0
57.0,-1.4159564971923828,-0.15113988518714905,0.0
57.0,-1.4152425527572632,-0.15768477320671082,0.0
57.0,-1.4144984483718872,-0.16422627866268158,0.0
57.0,-1.4157096147537231,-0.17100411653518677,0.0
57.0,-1.4168882369995117,-0.1777966469526291,0.0
57.0,-1.4160510301589966,-0.184345543384552,0.0
57.0,-1.415183663368225,-0.19089050590991974,0.0
57.0,-1.416266679763794,-0.1977079063653946,0.0
57.0,-1.4153375625610352,-0.20425371825695038,0.0
57.0,-1.4163563251495361,-0.21108999848365784,0.0
57.0,-1.415365219116211,-0.2176360934972763,0.0
57.0,-1.4143438339233398,-0.2241775244474411,0.0
57.0,-1.4132922887802124,-0.23071415722370148,0.0
57.0,-1.4141827821731567,-0.23757721483707428,0.0
57.0,-1.415040135383606,-0.24445343017578125,0.0
57.0,-1.413894772529602,-0.2509930729866028,0.0
57.0,-1.4127192497253418,-0.25752735137939453,0.0
57.0,-1.4115134477615356,-0.26405614614486694,0.0
57.0,-1.4142060279846191,-0.2713329792022705,0.0
57.0,-1.4129364490509033,-0.27786847949028015,0.0
57.0,-1.4116365909576416,-0.28439804911613464,0.0
57.0,-1.410306692123413,-0.29092150926589966,0.0
57.0,-1.4089465141296387,-0.2974388003349304,0.0
57.0,-1.4095112085342407,-0.30437183380126953,0.0
57.0,-1.4080889225006104,-0.3108852803707123,0.0
57.0,-1.4105384349822998,-0.31827250123023987,0.0
57.0,-1.4110007286071777,-0.32523974776268005,0.0
57.0,-1.4094818830490112,-0.33175987005233765,0.0
57.0,-1.4098777770996094,-0.33874011039733887,0.0
57.0,-1.4082965850830078,-0.34525489807128906,0.0
57.0,-1.4086254835128784,-0.3522474765777588,0.0
57.0,-1.4069818258285522,-0.35875630378723145,0.0
57.0,-1.4072438478469849,-0.36576056480407715,0.0
57.0,-1.4094043970108032,-0.3732869625091553,0.0
57.0,-1.4076634645462036,-0.3797991871833801,0.0
57.0,-1.4078210592269897,-0.38683319091796875,0.0
57.0,-1.406017541885376,-0.3933379352092743,0.0
57.0,-1.4061075448989868,-0.40038201212882996,0.0
57.0,-1.4080833196640015,-0.407991886138916,0.0
57.0,-1.4061819314956665,-0.41449761390686035,0.0
57.0,-1.408082127571106,-0.42214319109916687,0.0
57.0,-1.4061152935028076,-0.42864876985549927,0.0
57.0,-1.4060288667678833,-0.4357371926307678,0.0
57.0,-1.4039992094039917,-0.442233145236969,0.0
57.0,-1.4057492017745972,-0.44993895292282104,0.0
57.0,-1.4055559635162354,-0.45705196261405945,0.0
57.0,-1.4034278392791748,-0.46354547142982483,0.0
57.0,-1.405061960220337,-0.4713011384010315,0.0
57.0,-1.4028680324554443,-0.47779223322868347,0.0
57.0,-1.4044243097305298,-0.485580176115036,0.0
57.0,-1.405938744544983,-0.4933927357196808,0.0
57.0,-1.4036425352096558,-0.499887615442276,0.0
57.0,-1.4031972885131836,-0.5070515275001526,0.0
57.0,-1.400838017463684,-0.5135335922241211,0.0
57.0,-1.402198076248169,-0.5213988423347473,0.0
57.0,-1.4053864479064941,-0.5299932956695557,0.0
57.0,-1.4029210805892944,-0.5364852547645569,0.0
57.0,-1.4041552543640137,-0.5444117784500122,0.0
57.0,-1.401623249053955,-0.5508978962898254,0.0
57.0,-1.4009191989898682,-0.558112382888794,0.0
57.0,-1.398323893547058,-0.564583420753479,0.0
57.0,-1.3994007110595703,-0.5725570321083069,0.0
57.0,-1.4022812843322754,-0.5813185572624207,0.0
57.0,-1.39957857131958,-0.587795615196228,0.0
57.0,-1.400526762008667,-0.5958260297775269,0.0
57.0,-1.3977570533752441,-0.6022948026657104,0.0
57.0,-1.4004566669464111,-0.6111505031585693,0.0
57.0,-1.4031041860580444,-0.6200440526008606,0.0
57.0,-1.4002225399017334,-0.6265245079994202,0.0
57.0,-1.4009544849395752,-0.6346421241760254,0.0
57.0,-1.3980052471160889,-0.6411124467849731,0.0
57.0,-1.3986544609069824,-0.6492533087730408,0.0
57.0,-1.3956377506256104,-0.6557128429412842,0.0
57.0,-1.3980097770690918,-0.6647348999977112,0.0
57.0,-1.400328278541565,-0.673792839050293,0.0
57.0,-1.3971980810165405,-0.6802598834037781,0.0
57.0,-1.3994203805923462,-0.6893637180328369,0.0
57.0,-1.3962182998657227,-0.6958264112472534,0.0
57.0,-1.3983439207077026,-0.7049752473831177,0.0
57.0,-1.3950695991516113,-0.7114328145980835,0.0
57.0,-1.3953205347061157,-0.7197088003158569,0.0
57.0,-1.3990709781646729,-0.7298523187637329,0.0
57.0,-1.395681619644165,-0.7363129258155823,0.0
57.0,-1.397556185722351,-0.7455819845199585,0.0
57.0,-1.3940942287445068,-0.7520354390144348,0.0
57.0,-1.3958698511123657,-0.7613458633422852,0.0
57.0,-1.3975889682769775,-0.7706886529922485,0.0
57.0,-1.3940107822418213,-0.7771419882774353,0.0
57.0,-1.3938877582550049,-0.7855426073074341,0.0
57.0,-1.3902409076690674,-0.791978657245636,0.0
57.0,-1.393497347831726,-0.8023898005485535,0.0
57.0,-1.3949583768844604,-0.8118418455123901,0.0
57.0,-1.3911899328231812,-0.8182825446128845,0.0
57.0,-1.3942686319351196,-0.8287935853004456,0.0
57.0,-1.390421986579895,-0.8352309465408325,0.0
57.0,-1.391674518585205,-0.8447638750076294,0.0
57.0,-1.3877540826797485,-0.8511890769004822,0.0
57.0,-1.3923038244247437,-0.8628638386726379,0.0
57.0,-1.3950800895690918,-0.8735374212265015,0.0
57.0,-1.391026496887207,-0.8799780607223511,0.0
57.0,-1.3936841487884521,-0.8907080292701721,0.0
57.0,-1.3895511627197266,-0.8971419930458069,0.0
57.0,-1.3904139995574951,-0.9068344831466675,0.0
57.0,-1.3862065076828003,-0.9132532477378845,0.0
57.0,-1.3902944326400757,-0.9251924753189087,0.0
57.0,-1.3926416635513306,-0.9360732436180115,0.0
57.0,-1.3882989883422852,-0.942501962184906,0.0
57.0,-1.388875126838684,-0.9523035287857056,0.0
57.0,-1.3844573497772217,-0.9587146639823914,0.0
57.0,-1.3882049322128296,-0.9708362817764282,0.0
57.0,-1.3902361392974854,-0.9818592071533203,0.0
57.0,-1.3856818675994873,-0.9882762432098389,0.0
57.0,-1.3892123699188232,-1.000516414642334,0.0
57.0,-1.3845717906951904,-1.006928563117981,0.0
57.0,-1.3863496780395508,-1.0180542469024658,0.0
57.0,-1.3816280364990234,-1.024453043937683,0.0
57.0,-1.3752758502960205,-1.02963125705719,0.0
57.0,-1.3625234365463257,-1.0299484729766846,0.0
57.0,-1.357746958732605,-1.0362368822097778,0.0
57.0,-1.3418519496917725,-1.033958077430725,0.0
57.0,-1.3370572328567505,-1.0401508808135986,0.0
57.0,-1.3196508884429932,-1.0364389419555664,0.0
57.0,-1.3038748502731323,-1.033831000328064,0.0
57.0,-1.2990810871124268,-1.0398482084274292,0.0
57.0,-1.2802592515945435,-1.0345300436019897,0.0
57.0,-1.2754625082015991,-1.0404380559921265,0.0
57.0,-1.256743311882019,-1.0348817110061646,0.0
57.0,-1.24117910861969,-1.0317317247390747,0.0
57.0,-1.2363957166671753,-1.037459135055542,0.0
57.0,-1.219377040863037,-1.0328232049942017,0.0
57.0,-1.2145888805389404,-1.038449764251709,0.0
57.0,-1.1991759538650513,-1.0349072217941284,0.0
57.0,-1.1853300333023071,-1.0325583219528198,0.0
57.0,-1.1805435419082642,-1.0380275249481201,0.0
57.0,-1.1637649536132812,-1.0328538417816162,0.0
57.0,-1.1589772701263428,-1.038223385810852,0.0
57.0,-1.14378023147583,-1.0341812372207642,0.0
57.0,-1.1301229000091553,-1.0313690900802612,0.0
57.0,-1.1253423690795898,-1.0365830659866333,0.0
57.0,-1.1102845668792725,-1.0322422981262207,0.0
57.0,-1.105500340461731,-1.0373644828796387,0.0
57.0,-1.0905276536941528,-1.0328376293182373,0.0
57.0,-1.0756207704544067,-1.0281946659088135,0.0
57.0,-1.0708554983139038,-1.0331566333770752,0.0
57.0,-1.0574699640274048,-1.0297247171401978,0.0
57.0,-1.0526978969573975,-1.0346027612686157,0.0
57.0,-1.0393837690353394,-1.0310078859329224,0.0
57.0,-1.0275390148162842,-1.0287271738052368,0.0
57.0,-1.0227718353271484,-1.0334669351577759,0.0
57.0,-1.010981559753418,-1.031044363975525,0.0
57.0,-1.0062037706375122,-1.0357074737548828,0.0
57.0,-0.9930827021598816,-1.0317028760910034,0.0
57.0,-0.9814006090164185,-1.029046654701233,0.0
57.0,-0.9766324162483215,-1.033573031425476,0.0
57.0,-0.9650089740753174,-1.030777096748352,0.0
57.0,-0.9602330327033997,-1.035227656364441,0.0
57.0,-0.9473166465759277,-1.030820608139038,0.0
57.0,-0.934461772441864,-1.0263162851333618,0.0
57.0,-0.9297067523002625,-1.0306257009506226,0.0
57.0,-0.9196008443832397,-1.028948187828064,0.0
57.0,-0.9148337841033936,-1.033188819885254,0.0
57.0,-0.9047715663909912,-1.0313934087753296,0.0
57.0,-0.899993360042572,-1.0355654954910278,0.0
57.0,-0.8886711597442627,-1.032137393951416,0.0
57.0,-0.8774001002311707,-1.028626799583435,0.0
57.0,-0.872635006904602,-1.03267240524292,0.0
57.0,-0.8614321947097778,-1.0290279388427734,0.0
57.0,-0.8515586256980896,-1.0268417596817017,0.0
57.0,-0.8468020558357239,-1.030767798423767,0.0
57.0,-0.8369777202606201,-1.0284669399261475,0.0
57.0,-0.832213819026947,-1.0323256254196167,0.0
57.0,-0.8211920261383057,-1.0283479690551758,0.0
57.0,-0.8164287805557251,-1.03213369846344,0.0
57.0,-0.8067141175270081,-1.0296000242233276,0.0
57.0,-0.7970404028892517,-1.02699875831604,0.0
57.0,-0.7922836542129517,-1.0306727886199951,0.0
57.0,-0.782663881778717,-1.0279598236083984,0.0
57.0,-0.7730861306190491,-1.0251799821853638,0.0
57.0,-0.7683380842208862,-1.0287432670593262,0.0
57.0,-0.7600054740905762,-1.0274608135223389,0.0
57.0,-0.7552469968795776,-1.030963659286499,0.0
57.0,-0.7457746267318726,-1.0279690027236938,0.0
57.0,-0.7410139441490173,-1.0314059257507324,0.0
57.0,-0.731599748134613,-1.0283023118972778,0.0
57.0,-0.7233820557594299,-1.0267689228057861,0.0
57.0,-0.7186272144317627,-1.0301024913787842,0.0
57.0,-0.7093101143836975,-1.0268316268920898,0.0
57.0,-0.704555094242096,-1.0301001071929932,0.0
57.0,-0.6964206695556641,-1.0283784866333008,0.0
57.0,-0.6872035264968872,-1.0249425172805786,0.0
57.0,-0.682457447052002,-1.028108835220337,0.0
57.0,-0.6744017601013184,-1.0262389183044434,0.0
57.0,-0.6696498990058899,-1.029345989227295,0.0
57.0,-0.6616350412368774,-1.0273865461349487,0.0
57.0,-0.6547278165817261,-1.0270615816116333,0.0
57.0,-0.6499723196029663,-1.0300776958465576,0.0
57.0,-0.642024576663971,-1.0279827117919922,0.0
57.0,-0.6372649669647217,-1.030940055847168,0.0
57.0,-0.6283168792724609,-1.0270510911941528,0.0
57.0,-0.6204542517662048,-1.0248123407363892,0.0
57.0,-0.6157095432281494,-1.0276700258255005,0.0
57.0,-0.6089117527008057,-1.0270649194717407,0.0
57.0,-0.6041567921638489,-1.0298691987991333,0.0
57.0,-0.5963768362998962,-1.0274622440338135,0.0
57.0,-0.5916200876235962,-1.0302084684371948,0.0
57.0,-0.5838868618011475,-1.027716040611267,0.0
57.0,-0.5761893391609192,-1.0251740217208862,0.0
57.0,-0.5714434385299683,-1.0278270244598389,0.0
57.0,-0.5637940168380737,-1.025200605392456,0.0
57.0,-0.5571368932723999,-1.024282455444336,0.0
57.0,-0.5523952841758728,-1.0268473625183105,0.0
57.0,-0.5457631349563599,-1.0258588790893555,0.0
57.0,-0.5410143733024597,-1.0283712148666382,0.0
57.0,-0.5334851741790771,-1.025538682937622,0.0
57.0,-0.5287380218505859,-1.0279942750930786,0.0
57.0,-0.5221664309501648,-1.0268622636795044,0.0
57.0,-0.5156167149543762,-1.0256916284561157,0.0
57.0,-0.5108690857887268,-1.0280646085739136,0.0
57.0,-0.5025835633277893,-1.0232349634170532,0.0
57.0,-0.49784740805625916,-1.0255476236343384,0.0
57.0,-0.49137043952941895,-1.024232029914856,0.0
57.0,-0.4849162697792053,-1.0228784084320068,0.0
57.0,-0.4801819324493408,-1.0251094102859497,0.0
57.0,-0.47375738620758057,-1.0236884355545044,0.0
57.0,-0.46901941299438477,-1.0258678197860718,0.0
57.0,-0.4618018865585327,-1.022557020187378,0.0
57.0,-0.45543983578681946,-1.0210281610488892,0.0
57.0,-0.4507143795490265,-1.023123025894165,0.0
57.0,-0.4451814889907837,-1.0233619213104248,0.0
57.0,-0.44044533371925354,-1.02540922164917,0.0
57.0,-0.43413808941841125,-1.023751974105835,0.0
57.0,-0.4278557002544403,-1.0220584869384766,0.0
57.0,-0.4231257736682892,-1.0240256786346436,0.0
57.0,-0.4176315367221832,-1.0241190195083618,0.0
57.0,-0.4128921926021576,-1.0260390043258667,0.0
57.0,-0.40666791796684265,-1.024219274520874,0.0
57.0,-0.40192824602127075,-1.0260885953903198,0.0
57.0,-0.39573830366134644,-1.0242047309875488,0.0
57.0,-0.39028656482696533,-1.0241544246673584,0.0
57.0,-0.38554733991622925,-1.02594792842865,0.0
57.0,-0.38149479031562805,-1.0295950174331665,0.0
57.0,-0.3767305314540863,-1.0313477516174316,0.0
57.0,-0.3719581961631775,-1.0330785512924194,0.0
57.0,-0.36584025621414185,-1.0310174226760864,0.0
57.0,-0.36106956005096436,-1.0326977968215942,0.0
57.0,-0.3549884855747223,-1.0305742025375366,0.0
57.0,-0.3502199649810791,-1.032204508781433,0.0
57.0,-0.3441762328147888,-1.0300188064575195,0.0
57.0,-0.3387853503227234,-1.0296992063522339,0.0
57.0,-0.33402103185653687,-1.031254529953003,0.0
57.0,-0.3286421298980713,-1.0308823585510254,0.0
57.0,-0.32387247681617737,-1.0323907136917114,0.0
57.0,-0.31791621446609497,-1.0300549268722534,0.0
57.0,-0.3131504952907562,-1.0315138101577759,0.0
57.0,-0.3072338104248047,-1.0291178226470947,0.0
57.0,-0.30190926790237427,-1.0286082029342651,0.0
57.0,-0.2971504032611847,-1.0299930572509766,0.0
57.0,-0.29183971881866455,-1.029431700706482,0.0
57.0,-0.2870771586894989,-1.0307700634002686,0.0
57.0,-0.28125306963920593,-1.0282279253005981,0.0
57.0,-0.2759774327278137,-1.027585744857788,0.0
57.0,-0.2712235748767853,-1.0288506746292114,0.0
57.0,-0.26596304774284363,-1.0281574726104736,0.0
57.0,-0.26120665669441223,-1.0293761491775513,0.0
57.0,-0.25547876954078674,-1.0266910791397095,0.0
57.0,-0.2507292628288269,-1.02786123752594,0.0
57.0,-0.24597439169883728,-1.029009461402893,0.0
57.0,-0.2407582849264145,-1.0281884670257568,0.0
57.0,-0.23600201308727264,-1.0292905569076538,0.0
57.0,-0.2308027595281601,-1.0284192562103271,0.0
57.0,-0.22561660408973694,-1.0275218486785889,0.0
57.0,-0.22086356580257416,-1.028554081916809,0.0
57.0,-0.21569494903087616,-1.027606725692749,0.0
57.0,-0.2109416425228119,-1.0285929441452026,0.0
57.0,-0.20579108595848083,-1.0275962352752686,0.0
57.0,-0.2010379284620285,-1.0285366773605347,0.0
57.0,-0.1959058940410614,-1.0274906158447266,0.0
57.0,-0.19115333259105682,-1.0283854007720947,0.0
57.0,-0.18639668822288513,-1.029258131980896,0.0
57.0,-0.18128874897956848,-1.028139352798462,0.0
57.0,-0.17653334140777588,-1.0289665460586548,0.0
57.0,-0.17111600935459137,-1.025826096534729,0.0
57.0,-0.1660514622926712,-1.0246320962905884,0.0
57.0,-0.16131243109703064,-1.0253888368606567,0.0
57.0,-0.15626828372478485,-1.024146556854248,0.0
57.0,-0.15153160691261292,-1.0248581171035767,0.0
57.0,-0.14650830626487732,-1.0235679149627686,0.0
57.0,-0.14177440106868744,-1.024234414100647,0.0
57.0,-0.1370374709367752,-1.024878978729248,0.0
57.0,-0.13204170763492584,-1.0235178470611572,0.0
57.0,-0.127308189868927,-1.0241174697875977,0.0
57.0,-0.12233441323041916,-1.0227092504501343,0.0
57.0,-0.11760473996400833,-1.023263931274414,0.0
57.0,-0.11287254840135574,-1.0237966775894165,0.0
57.0,-0.10813795030117035,-1.0243076086044312,0.0
57.0,-0.10340104252099991,-1.0247966051101685,0.0
57.0,-0.09847034513950348,-1.02327299118042,0.0
57.0,-0.09373831748962402,-1.0237172842025757,0.0
57.0,-0.08900429308414459,-1.0241397619247437,0.0
57.0,-0.08426836133003235,-1.0245403051376343,0.0
57.0,-0.07937590032815933,-1.0229250192642212,0.0
57.0,-0.07464569061994553,-1.0232809782028198,0.0
57.0,-0.06991388648748398,-1.0236152410507202,0.0
57.0,-0.06518058478832245,-1.0239274501800537,0.0
57.0,-0.060445886105298996,-1.024217963218689,0.0
57.0,-0.05560130625963211,-1.0224894285202026,0.0
57.0,-0.05087336152791977,-1.022735595703125,0.0
57.0,-0.046144332736730576,-1.02295982837677,0.0
57.0,-0.04141431301832199,-1.0231622457504272,0.0
57.0,-0.03668341040611267,-1.0233427286148071,0.0
57.0,-0.031951725482940674,-1.0235013961791992,0.0
57.0,-0.02716618962585926,-1.0216388702392578,0.0
57.0,-0.02244248241186142,-1.0217535495758057,0.0
57.0,-0.017718294635415077,-1.0218462944030762,0.0
57.0,-0.012993729673326015,-1.0219173431396484,0.0
57.0,-0.008268886245787144,-1.0219664573669434,0.0
57.0,-0.0035438663326203823,-1.0219937562942505,0.0
57.0,0.0011812294833362103,-1.0219992399215698,0.0
57.0,0.005906300153583288,-1.0219829082489014,0.0
57.0,0.010631244629621506,-1.0219446420669556,0.0
57.0,0.01535596139729023,-1.021884560585022,0.0
57.0,0.02008035033941269,-1.0218026638031006,0.0
57.0,0.024804310873150826,-1.0216989517211914,0.0
57.0,0.029527738690376282,-1.0215733051300049,0.0
57.0,0.03425053879618645,-1.0214258432388306,0.0
57.0,0.038972605019807816,-1.0212565660476685,0.0
57.0,0.04369383677840233,-1.0210654735565186,0.0
57.0,0.048319391906261444,-1.0188548564910889,0.0
57.0,0.05313339829444885,-1.0206178426742554,0.0
57.0,0.05785152688622475,-1.020361304283142,0.0
57.0,0.062690868973732,-1.0220792293548584,0.0
57.0,0.06741565465927124,-1.0217784643173218,0.0
57.0,0.07213899493217468,-1.0214558839797974,0.0
57.0,0.07671067118644714,-1.019116997718811,0.0
57.0,0.08142160624265671,-1.0187513828277588,0.0
57.0,0.0862993597984314,-1.0203570127487183,0.0
57.0,0.09101593494415283,-1.0199471712112427,0.0
57.0,0.09573055803775787,-1.0195153951644897,0.0
57.0,0.10044313222169876,-1.0190619230270386,0.0
57.0,0.10515356063842773,-1.0185866355895996,0.0
57.0,0.10986173897981644,-1.0180896520614624,0.0
57.0,0.1145675778388977,-1.0175708532333374,0.0
57.0,0.11927095800638199,-1.0170302391052246,0.0
57.0,0.12397179752588272,-1.0164679288864136,0.0
57.0,0.12866997718811035,-1.0158839225769043,0.0
57.0,0.13362589478492737,-1.0172611474990845,0.0
57.0,0.13832764327526093,-1.0166324377059937,0.0
57.0,0.1430264264345169,-1.0159820318222046,0.0
57.0,0.14772216975688934,-1.0153099298477173,0.0
57.0,0.1524147391319275,-1.0146161317825317,0.0
57.0,0.15710406005382538,-1.0139005184173584,0.0
57.0,0.16210539638996124,-1.0151383876800537,0.0
57.0,0.1671215295791626,-1.0163514614105225,0.0
57.0,0.17181871831417084,-1.0155678987503052,0.0
57.0,0.1768549680709839,-1.0167330503463745,0.0
57.0,0.18155381083488464,-1.0159045457839966,0.0
57.0,0.186248779296875,-1.0150543451309204,0.0
57.0,0.1909397542476654,-1.0141823291778564,0.0
57.0,0.1956266611814499,-1.0132887363433838,0.0
57.0,0.20108579099178314,-1.016297459602356,0.0
57.0,0.20578236877918243,-1.0153568983078003,0.0
57.0,0.21047453582286835,-1.0143946409225464,0.0
57.0,0.2151622176170349,-1.0134106874465942,0.0
57.0,0.22026969492435455,-1.014359474182129,0.0
57.0,0.2258239984512329,-1.017235279083252,0.0
57.0,0.23052464425563812,-1.016180396080017,0.0
57.0,0.23567183315753937,-1.0170520544052124,0.0
57.0,0.24037152528762817,-1.0159515142440796,0.0
57.0,0.24600501358509064,-1.0187175273895264,0.0
57.0,0.25119075179100037,-1.0195112228393555,0.0
57.0,0.25590163469314575,-1.018338918685913,0.0
57.0,0.26110348105430603,-1.0190824270248413,0.0
57.0,0.26581230759620667,-1.0178643465042114,0.0
57.0,0.2710297107696533,-1.0185573101043701,0.0
57.0,0.2757359743118286,-1.0172933340072632,0.0
57.0,0.28043636679649353,-1.016007661819458,0.0
57.0,0.28567177057266235,-1.0166256427764893,0.0
57.0,0.2903689742088318,-1.0152939558029175,0.0
57.0,0.29561877250671387,-1.015860915184021,0.0
57.0,0.3003123104572296,-1.0144833326339722,0.0
57.0,0.304999440908432,-1.013084053993225,0.0
57.0,0.3102654218673706,-1.0135754346847534,0.0
57.0,0.31494826078414917,-1.0121301412582397,0.0
57.0,0.3202274441719055,-1.0125702619552612,0.0
57.0,0.32490551471710205,-1.0110788345336914,0.0
57.0,0.330197274684906,-1.0114670991897583,0.0
57.0,0.3348701596260071,-1.0099296569824219,0.0
57.0,0.3414505422115326,-1.0140570402145386,0.0
57.0,0.34742918610572815,-1.0162523984909058,0.0
57.0,0.35212400555610657,-1.0146352052688599,0.0
57.0,0.35747572779655457,-1.0148828029632568,0.0
57.0,0.36216408014297485,-1.0132192373275757,0.0
57.0,0.3675265610218048,-1.0134141445159912,0.0
57.0,0.37220802903175354,-1.0117040872573853,0.0
57.0,0.37758079171180725,-1.0118463039398193,0.0
57.0,0.38296276330947876,-1.0119602680206299,0.0
57.0,0.38763734698295593,-1.010178804397583,0.0
57.0,0.39302876591682434,-1.0102397203445435,0.0
57.0,0.39769527316093445,-1.0084118843078613,0.0
57.0,0.40458035469055176,-1.0121338367462158,0.0
57.0,0.4115082621574402,-1.0158133506774902,0.0
57.0,0.41620033979415894,-1.0139000415802002,0.0
57.0,0.42241960763931274,-1.0156582593917847,0.0
57.0,0.427110880613327,-1.013694405555725,0.0
57.0,0.43257805705070496,-1.0135483741760254,0.0
57.0,0.4388465881347656,-1.0152090787887573,0.0
57.0,0.44353556632995605,-1.013169288635254,0.0
57.0,0.45064666867256165,-1.016593098640442,0.0
57.0,0.4553419351577759,-1.0144987106323242,0.0
57.0,0.4608548581600189,-1.0142035484313965,0.0
57.0,0.46553897857666016,-1.0120619535446167,0.0
57.0,0.4702131152153015,-1.0098987817764282,0.0
57.0,0.4774349331855774,-1.0131416320800781,0.0
57.0,0.4821139872074127,-1.0109233856201172,0.0
57.0,0.48939049243927,-1.0140873193740845,0.0
57.0,0.494073748588562,-1.0118138790130615,0.0
57.0,0.5005182027816772,-1.0131049156188965,0.0
57.0,0.5051968097686768,-1.0107799768447876,0.0
57.0,0.511669397354126,-1.0120030641555786,0.0
57.0,0.5181641578674316,-1.0131880044937134,0.0
57.0,0.5228429436683655,-1.0107815265655518,0.0
57.0,0.5293647646903992,-1.0118976831436157,0.0
57.0,0.5340374708175659,-1.0094393491744995,0.0
57.0,0.5396422743797302,-1.0087231397628784,0.0
57.0,0.5471548438072205,-1.0114946365356445,0.0
57.0,0.5518255233764648,-1.0089541673660278,0.0
57.0,0.5593878030776978,-1.0116428136825562,0.0
57.0,0.5640590786933899,-1.0090458393096924,0.0
57.0,0.5726540088653564,-1.0133920907974243,0.0
57.0,0.5783251523971558,-1.0124702453613281,0.0
57.0,0.5829999446868896,-1.0097856521606445,0.0
57.0,0.5896783471107483,-1.0105341672897339,0.0
57.0,0.5943440794944763,-1.007797122001648,0.0
57.0,0.6020689606666565,-1.0101925134658813,0.0
57.0,0.6067330241203308,-1.0073981285095215,0.0
57.0,0.6124238967895508,-1.0062906742095947,0.0
57.0,0.6170697808265686,-1.003448486328125,0.0
57.0,0.6238135695457458,-1.003982424736023,0.0
57.0,0.6327021718025208,-1.007863163948059,0.0
57.0,0.6373551487922668,-1.004927158355713,0.0
57.0,0.6463103294372559,-1.008705496788025,0.0
57.0,0.6509670615196228,-1.005706548690796,0.0
57.0,0.6577989459037781,-1.0060341358184814,0.0
57.0,0.6657498478889465,-1.0079885721206665,0.0
57.0,0.670403003692627,-1.0048998594284058,0.0
57.0,0.6783947348594666,-1.006765365600586,0.0
57.0,0.6830421686172485,-1.0036181211471558,0.0
57.0,0.692206621170044,-1.0070421695709229,0.0
57.0,0.7014172077178955,-1.0104029178619385,0.0
57.0,0.7060811519622803,-1.00714910030365,0.0
57.0,0.7141969799995422,-1.0087708234786987,0.0
57.0,0.7188532948493958,-1.0054579973220825,0.0
57.0,0.728177011013031,-1.0086100101470947,0.0
57.0,0.7328324317932129,-1.005232572555542,0.0
57.0,0.739843487739563,-1.0050550699234009,0.0
57.0,0.7480615377426147,-1.006439208984375,0.0
57.0,0.7527066469192505,-1.0029698610305786,0.0
57.0,0.76216721534729,-1.0058553218841553,0.0
57.0,0.7668095231056213,-1.0023208856582642,0.0
57.0,0.7775481939315796,-1.0066790580749512,0.0
57.0,0.7821941375732422,-1.0030733346939087,0.0
57.0,0.7905348539352417,-1.0041606426239014,0.0
57.0,0.8001465797424316,-1.0067578554153442,0.0
57.0,0.8047926425933838,-1.0030478239059448,0.0
57.0,0.8144568204879761,-1.0055327415466309,0.0
57.0,0.8190970420837402,-1.0017565488815308,0.0
57.0,0.8300854563713074,-1.0056710243225098,0.0
57.0,0.8347262144088745,-1.0018224716186523,0.0
57.0,0.8457857966423035,-1.0056054592132568,0.0
57.0,0.8556036949157715,-1.0077829360961914,0.0
57.0,0.8602538704872131,-1.0038163661956787,0.0
57.0,0.8688110113143921,-1.004366159439087,0.0
57.0,0.8734452724456787,-1.0003385543823242,0.0
57.0,0.8833504319190979,-1.0022913217544556,0.0
57.0,0.8946214914321899,-1.005668044090271,0.0
57.0,0.899261474609375,-1.0015212297439575,0.0
57.0,0.910597562789917,-1.0047626495361328,0.0
57.0,0.9152332544326782,-1.0005418062210083,0.0
57.0,0.9266329407691956,-1.0036470890045166,0.0
57.0,0.9312633275985718,-0.999352216720581,0.0
57.0,0.9440951347351074,-1.003777027130127,0.0
57.0,0.9556106925010681,-1.0066540241241455,0.0
57.0,0.9602546095848083,-1.0022250413894653,0.0
57.0,0.9760005474090576,-1.0092765092849731,0.0
57.0,0.9806563854217529,-1.0047533512115479,0.0
57.0,0.9979231953620911,-1.0130318403244019,0.0
57.0,1.002596139907837,-1.0084072351455688,0.0
57.0,1.0199975967407227,-1.0164669752120972,0.0
57.0,1.041764259338379,-1.0286024808883667,0.0
57.0,1.0465087890625,-1.0237751007080078,0.0
57.0,1.0670280456542969,-1.0342373847961426,0.0
57.0,1.071798324584961,-1.0292930603027344,0.0
57.0,1.0910348892211914,-1.0381132364273071,0.0
57.0,1.095822811126709,-1.0330578088760376,0.0
57.0,1.1181265115737915,-1.0443625450134277,0.0
57.0,1.1390899419784546,-1.054124355316162,0.0
57.0,1.143951416015625,-1.0488466024398804,0.0
57.0,1.1650726795196533,-1.05833899974823,0.0
57.0,1.1699533462524414,-1.0529412031173706,0.0
57.0,1.1927223205566406,-1.0634931325912476,0.0
57.0,1.1976264715194702,-1.0579674243927002,0.0
57.0,1.2205650806427002,-1.0682250261306763,0.0
57.0,1.2421128749847412,-1.0769827365875244,0.0
57.0,1.2470788955688477,-1.0712285041809082,0.0
57.0,1.2702958583831787,-1.081005334854126,0.0
57.0,1.2752801179885864,-1.0751206874847412,0.0
57.0,1.1726762056350708,-0.9702135324478149,0.0
57.0,1.1771494150161743,-0.9647814631462097,0.0
57.0,1.181597352027893,-0.9593287110328674,0.0
57.0,1.186020016670227,-0.9538555145263672,0.0
57.0,1.215199589729309,-0.9589545130729675,0.0
57.0,1.2196202278137207,-0.9533259272575378,0.0
57.0,1.2240147590637207,-0.9476770162582397,0.0
57.0,1.228383183479309,-0.9420077800750732,0.0
57.0,1.255022644996643,-0.9532544612884521,0.0
57.0,1.2594164609909058,-0.947441816329956,0.0
57.0,1.289444088935852,-0.9607279300689697,0.0
57.0,1.3180114030838013,-0.972568690776825,0.0
57.0,1.3224939107894897,-0.966464638710022,0.0
57.0,1.352871298789978,-0.9791011214256287,0.0
57.0,1.3573836088180542,-0.9728358387947083,0.0
57.0,1.3895936012268066,-0.9862279891967773,0.0
57.0,1.3941384553909302,-0.9797928333282471,0.0
57.0,1.426560878753662,-0.9927578568458557,0.0
57.0,1.452544927597046,-1.0009043216705322,0.0
57.0,1.457157015800476,-0.9941779375076294,0.0
57.0,1.4816254377365112,-1.0008647441864014,0.0
57.0,1.4862369298934937,-0.9940038919448853,0.0
57.0,1.5074925422668457,-0.9981634616851807,0.0
57.0,1.5120912790298462,-0.9911831021308899,0.0
57.0,1.5351126194000244,-0.9961572289466858,0.0
57.0,1.5666255950927734,-1.006343960762024,0.0
57.0,1.5712615251541138,-0.9990901350975037,0.0
57.0,1.580941915512085,-0.9950109720230103,0.0
57.0,1.5855252742767334,-0.9876910448074341,0.0
57.0,1.5798602104187012,-0.9740521907806396,0.0
57.0,1.5843466520309448,-0.9667375087738037,0.0
57.0,1.580238938331604,-0.9542329907417297,0.0
57.0,1.5760496854782104,-0.9417871832847595,0.0
57.0,1.5803871154785156,-0.934490442276001,0.0
57.0,1.5760595798492432,-0.9221237897872925,0.0
57.0,1.580306053161621,-0.9148272275924683,0.0
57.0,1.5793122053146362,-0.9045291543006897,0.0
57.0,1.590437650680542,-0.9011614918708801,0.0
57.0,1.594586968421936,-0.8937987089157104,0.0
57.0,1.6144444942474365,-0.8951451778411865,0.0
57.0,1.6185657978057861,-0.8876714110374451,0.0
57.0,1.638474702835083,-0.8887611627578735,0.0
57.0,1.6584279537200928,-0.8896856307983398,0.0
57.0,1.662523627281189,-0.8820085525512695,0.0
57.0,1.6807523965835571,-0.8817457556724548,0.0
57.0,1.684810996055603,-0.8739655613899231,0.0
57.0,1.4584875106811523,-0.7142757773399353,0.0
57.0,1.4617743492126465,-0.7075250148773193,0.0
57.0,1.4650298357009888,-0.7007591128349304,0.0
57.0,1.4682540893554688,-0.6939782500267029,0.0
57.0,1.4877560138702393,-0.6947991251945496,0.0
57.0,1.490952491760254,-0.6879132390022278,0.0
57.0,1.494117021560669,-0.6810126304626465,0.0
57.0,1.4972496032714844,-0.6740975379943848,0.0
57.0,1.5149699449539185,-0.6736690402030945,0.0
57.0,1.5308868885040283,-0.6722867488861084,0.0
57.0,1.533978819847107,-0.665201723575592,0.0
57.0,1.5499076843261719,-0.6636128425598145,0.0
57.0,1.5529593229293823,-0.6564399600028992,0.0
57.0,1.5652064085006714,-0.6531038880348206,0.0
57.0,1.5663599967956543,-0.6450987458229065,0.0
57.0,1.5693258047103882,-0.6378499865531921,0.0
57.0,1.566689133644104,-0.6283540725708008,0.0
57.0,1.5695775747299194,-0.6211040019989014,0.0
57.0,1.5687062740325928,-0.6123860478401184,0.0
57.0,1.56405508518219,-0.6022520661354065,0.0
57.0,1.56682288646698,-0.5950143933296204,0.0
57.0,1.5658111572265625,-0.586361289024353,0.0
57.0,1.5685054063796997,-0.5791156888008118,0.0
57.0,1.5655279159545898,-0.5698055624961853,0.0
57.0,1.5681456327438354,-0.5625614523887634,0.0
57.0,1.5669584274291992,-0.553972065448761,0.0
57.0,1.565725564956665,-0.5454056859016418,0.0
57.0,1.5682305097579956,-0.5381609201431274,0.0
57.0,1.5650177001953125,-0.5289834141731262,0.0
57.0,1.5674467086791992,-0.5217421054840088,0.0
57.0,1.566041111946106,-0.5132439136505127,0.0
57.0,1.5626870393753052,-0.5041558146476746,0.0
57.0,1.5650012493133545,-0.4969255328178406,0.0
57.0,1.5634640455245972,-0.4884917438030243,0.0
57.0,1.5657057762145996,-0.4812580347061157,0.0
57.0,1.5640852451324463,-0.4728564918041229,0.0
57.0,1.5624206066131592,-0.46448028087615967,0.0
57.0,1.5645513534545898,-0.4572516679763794,0.0
57.0,1.5628042221069336,-0.4489089548587799,0.0
57.0,1.5648629665374756,-0.4416787326335907,0.0
57.0,1.5630335807800293,-0.43337032198905945,0.0
57.0,1.5630908012390137,-0.42561376094818115,0.0
57.0,1.5650418996810913,-0.418382465839386,0.0
57.0,1.561155915260315,-0.40961945056915283,0.0
57.0,1.563033103942871,-0.4023972749710083,0.0
57.0,1.5571202039718628,-0.3932077884674072,0.0
57.0,1.5453319549560547,-0.3826395273208618,0.0
57.0,1.5470845699310303,-0.37549081444740295,0.0
57.0,1.5351839065551758,-0.3650949001312256,0.0
57.0,1.5368554592132568,-0.3579932749271393,0.0
57.0,1.5384941101074219,-0.35088399052619934,0.0
57.0,1.5400999784469604,-0.3437672257423401,0.0
57.0,1.570210337638855,-0.1565995216369629,0.0
57.0,1.5709176063537598,-0.14933818578720093,0.0
57.0,1.5715912580490112,-0.1420736461877823,0.0
57.0,1.5722312927246094,-0.1348060816526413,0.0
57.0,1.5608769655227661,-0.12656578421592712,0.0
57.0,1.5614454746246338,-0.11934790760278702,0.0
57.0,1.5619806051254272,-0.11212749034166336,0.0
57.0,1.5564957857131958,-0.10450273752212524,0.0
57.0,1.556962251663208,-0.09730536490678787,0.0
57.0,1.5553988218307495,-0.08999038487672806,0.0
57.0,1.5597927570343018,-0.08301081508398056,0.0
57.0,1.5601598024368286,-0.07579842954874039,0.0
57.0,1.570483922958374,-0.069023497402668,0.0
57.0,1.5707862377166748,-0.061761826276779175,0.0
57.0,1.5790503025054932,-0.054776184260845184,0.0
57.0,1.5892821550369263,-0.04777553677558899,0.0
57.0,1.589486002922058,-0.04042718559503555,0.0
57.0,1.599653720855713,-0.03328600153326988,0.0
57.0,1.5997905731201172,-0.02588985301554203,0.0
57.0,1.607892632484436,-0.01858561486005783,0.0
57.0,1.6079614162445068,-0.011151528917253017,0.0
57.0,1.6179957389831543,-0.0037403227761387825,0.0
57.0,1.6279957294464111,0.0037634307518601418,0.0
57.0,1.6279609203338623,0.01129022054374218,0.0
57.0,1.6378905773162842,0.01893235184252262,0.0
57.0,1.63778555393219,0.026504727080464363,0.0
57.0,1.6456438302993774,0.034242965281009674,0.0
57.0,1.6454678773880005,0.04185102507472038,0.0
57.0,1.6572513580322266,0.04981875792145729,0.0
57.0,1.6689960956573486,0.05789633467793465,0.0
57.0,1.6687105894088745,0.06561210751533508,0.0
57.0,1.6763817071914673,0.07367774099111557,0.0
57.0,1.6760231256484985,0.08142749220132828,0.0
57.0,1.4335678815841675,0.23062320053577423,0.0
57.0,1.4324862957000732,0.23724864423274994,0.0
57.0,1.431374192237854,0.24386903643608093,0.0
57.0,1.4302313327789307,0.2504841983318329,0.0
57.0,1.4376877546310425,0.26551443338394165,0.0
57.0,1.436444878578186,0.27215856313705444,0.0
57.0,1.4351712465286255,0.27879688143730164,0.0
57.0,1.4338668584823608,0.2854292392730713,0.0
57.0,1.4462496042251587,0.2948521673679352,0.0
57.0,1.45857572555542,0.3043956756591797,0.0
57.0,1.4571528434753418,0.3111359477043152,0.0
57.0,1.4693764448165894,0.3208562731742859,0.0
57.0,1.4678772687911987,0.32764631509780884,0.0
57.0,1.4780464172363281,0.337097704410553,0.0
57.0,1.4901070594787598,0.3471037447452545,0.0
57.0,1.4884862899780273,0.3539893627166748,0.0
57.0,1.5082131624221802,0.366056352853775,0.0
57.0,1.5065046548843384,0.37302547693252563,0.0
57.0,1.5280333757400513,0.38586267828941345,0.0
57.0,1.5262330770492554,0.3929232358932495,0.0
57.0,1.5437452793121338,0.40505120158195496,0.0
57.0,1.5650418996810913,0.418382465839386,0.0
57.0,1.5630908012390137,0.42561376094818115,0.0
57.0,1.5823065042495728,0.4387139678001404,0.0
57.0,1.58026123046875,0.4460248649120331,0.0
57.0,1.591638207435608,0.4571914076805115,0.0
57.0,1.5895073413848877,0.46454524993896484,0.0
57.0,1.600762128829956,0.4758785665035248,0.0
57.0,1.5985448360443115,0.4832743704319,0.0
57.0,1.6077638864517212,0.4941856265068054,0.0
57.0,1.6207337379455566,0.5063852071762085,0.0
57.0,1.6183751821517944,0.5138730406761169,0.0
57.0,1.6293059587478638,0.5256484150886536,0.0
57.0,1.6268582344055176,0.5331757068634033,0.0
57.0,1.6376591920852661,0.5451130867004395,0.0
57.0,1.6483843326568604,0.5571616888046265,0.0
57.0,1.645790696144104,0.5647768378257751,0.0
57.0,1.654494047164917,0.576327383518219,0.0
57.0,1.6518118381500244,0.5839705467224121,0.0
57.0,1.4382511377334595,0.5159627199172974,0.0
57.0,1.4358502626419067,0.5226067900657654,0.0
57.0,1.4334187507629395,0.5292396545410156,0.0
57.0,1.4309566020965576,0.5358612537384033,0.0
57.0,1.441551923751831,0.5474416613578796,0.0
57.0,1.4390053749084473,0.5541006326675415,0.0
57.0,1.4531958103179932,0.5672934651374817,0.0
57.0,1.4505574703216553,0.5740060210227966,0.0
57.0,1.4645944833755493,0.5874068140983582,0.0
57.0,1.4618630409240723,0.594171941280365,0.0
57.0,1.4720455408096313,0.6062557101249695,0.0
57.0,1.4876844882965088,0.6207567453384399,0.0
57.0,1.484798550605774,0.6276282072067261,0.0
57.0,1.503943681716919,0.6439327597618103,0.0
57.0,1.5009504556655884,0.6508792042732239,0.0
57.0,1.5144060850143433,0.6650491952896118,0.0
57.0,1.511315107345581,0.6720437407493591,0.0
57.0,1.522781252861023,0.6855924725532532,0.0
57.0,1.5323344469070435,0.6984320282936096,0.0
57.0,1.5290889739990234,0.7055090665817261,0.0
57.0,1.5312471389770508,0.7151099443435669,0.0
57.0,1.5279245376586914,0.7221818566322327,0.0
57.0,1.5281777381896973,0.7309643030166626,0.0
57.0,1.5247819423675537,0.7380217909812927,0.0
57.0,1.5267419815063477,0.7477025389671326,0.0
57.0,1.5286449193954468,0.7574170231819153,0.0
57.0,1.5251268148422241,0.7644764184951782,0.0
57.0,1.5269274711608887,0.7742329239845276,0.0
57.0,1.5233315229415894,0.7812842130661011,0.0
57.0,1.525029182434082,0.7910816073417664,0.0
57.0,1.5284396409988403,0.8018404245376587,0.0
57.0,1.5247161388397217,0.808898389339447,0.0
57.0,1.5280096530914307,0.8197209239006042,0.0
57.0,1.5242034196853638,0.8267767429351807,0.0
57.0,1.523871898651123,0.8357383608818054,0.0
57.0,1.5199916362762451,0.8427748680114746,0.0
57.0,1.5195682048797607,0.8517491221427917,0.0
57.0,1.5121338367462158,0.8567936420440674,0.0
57.0,1.508156418800354,0.8637756705284119,0.0
57.0,1.4851068258285522,0.8597171306610107,0.0
57.0,1.4811161756515503,0.8665741682052612,0.0
57.0,1.2613896131515503,1.124720573425293,0.0
57.0,1.2561761140823364,1.130540370941162,0.0
57.0,1.2509357929229736,1.136336088180542,0.0
57.0,1.2456687688827515,1.1421074867248535,0.0
57.0,1.2300996780395508,1.1383455991744995,0.0
57.0,1.2248235940933228,1.144020676612854,0.0
57.0,1.2195212841033936,1.149671196937561,0.0
57.0,1.2069482803344727,1.1484041213989258,0.0
57.0,1.2016258239746094,1.1539719104766846,0.0
57.0,1.191969394683838,1.155339241027832,0.0
57.0,1.183755874633789,1.1580406427383423,0.0
57.0,1.1783891916275024,1.163501262664795,0.0
57.0,1.1673306226730347,1.1632899045944214,0.0
57.0,1.1619397401809692,1.1686744689941406,0.0
57.0,1.1452957391738892,1.1626355648040771,0.0
57.0,1.1315265893936157,1.1593307256698608,0.0
57.0,1.1261544227600098,1.1645498275756836,0.0
57.0,0.9496188759803772,1.3026005029678345,0.0
57.0,0.9435863494873047,1.3069769144058228,0.0
57.0,0.9375336170196533,1.3113255500793457,0.0
57.0,0.9314608573913574,1.3156460523605347,0.0
57.0,0.9196276664733887,1.3117502927780151,0.0
57.0,0.910131573677063,1.3110592365264893,0.0
57.0,0.9040603041648865,1.3152531385421753,0.0
57.0,0.8968445062637329,1.317765474319458,0.0
57.0,0.8907423615455627,1.3218978643417358,0.0
57.0,0.8835113048553467,1.3243381977081299,0.0
57.0,0.8762767314910889,1.326740026473999,0.0
57.0,0.8701333403587341,1.3307772874832153,0.0
57.0,0.8628846406936646,1.3331069946289062,0.0
57.0,0.8567119836807251,1.3370821475982666,0.0
57.0,0.8505209684371948,1.3410288095474243,0.0
57.0,0.8443118333816528,1.3449467420578003,0.0
57.0,0.8380845785140991,1.3488359451293945,0.0
57.0,0.8318394422531128,1.3526962995529175,0.0
57.0,0.8255765438079834,1.3565278053283691,0.0
57.0,0.8192960023880005,1.3603302240371704,0.0
57.0,0.8129979372024536,1.3641035556793213,0.0
57.0,0.805666446685791,1.3661249876022339,0.0
57.0,0.7983337640762329,1.3681079149246216,0.0
57.0,0.7919999361038208,1.3717842102050781,0.0
57.0,0.7856492400169373,1.3754312992095947,0.0
57.0,0.7792816758155823,1.3790489435195923,0.0
57.0,0.7728975415229797,1.3826371431350708,0.0
57.0,0.7664967775344849,1.3861957788467407,0.0
57.0,0.7600797414779663,1.3897247314453125,0.0
57.0,0.7545979619026184,1.3949830532073975,0.0
57.0,0.7481403350830078,1.3984569311141968,0.0
57.0,0.7407315373420715,1.4001331329345703,0.0
57.0,0.7342502474784851,1.4035428762435913,0.0
57.0,0.7277532815933228,1.4069225788116455,0.0
57.0,0.48355919122695923,0.9455234408378601,0.0
57.0,0.47918251156806946,0.9477490186691284,0.0
57.0,0.4747956097126007,0.9499543309211731,0.0
57.0,0.47039854526519775,0.9521393179893494,0.0
57.0,0.46423622965812683,0.9507095813751221,0.0
57.0,0.45983579754829407,0.9528457522392273,0.0
57.0,0.455425500869751,0.9549615383148193,0.0
57.0,0.4484478533267975,0.9516294598579407,0.0
57.0,0.4440433084964752,0.953692615032196,0.0
57.0,0.43795767426490784,0.9521013498306274,0.0
57.0,0.4318963289260864,0.9504744410514832,0.0
57.0,0.4274972975254059,0.9524610638618469,0.0
57.0,0.4214681088924408,0.9507704973220825,0.0
57.0,0.41706782579421997,0.9527089595794678,0.0
57.0,0.4110715091228485,0.9509554505348206,0.0
57.0,0.4066705107688904,0.9528458118438721,0.0
57.0,0.4007076323032379,0.9510295987129211,0.0
57.0,0.3955383598804474,0.9510254263877869,0.0
57.0,0.39113718271255493,0.952843964099884,0.0
57.0,0.3852258324623108,0.950934886932373,0.0
57.0,0.3808251619338989,0.9527057409286499,0.0
57.0,0.3749488592147827,0.9507350921630859,0.0
57.0,0.3698241114616394,0.9505946040153503,0.0
57.0,0.3654251992702484,0.9522942900657654,0.0
57.0,0.35960274934768677,0.9502325654029846,0.0
57.0,0.35520562529563904,0.9518849849700928,0.0
57.0,0.35011035203933716,0.9516400694847107,0.0
57.0,0.34434306621551514,0.9494881629943848,0.0
57.0,0.3399495482444763,0.9510700702667236,0.0
57.0,0.3348843455314636,0.9507452249526978,0.0
57.0,0.33048510551452637,0.9522833824157715,0.0
57.0,0.3241378664970398,0.9481237530708313,0.0
57.0,0.3197508454322815,0.9496122002601624,0.0
57.0,0.3147275745868683,0.9491820335388184,0.0
57.0,0.3097151219844818,0.9487257599830627,0.0
57.0,0.3053255081176758,0.9501475691795349,0.0
57.0,0.29972323775291443,0.9477351903915405,0.0
57.0,0.29533830285072327,0.9491108059883118,0.0
57.0,0.2903616428375244,0.9485536813735962,0.0
57.0,0.2853964567184448,0.9479709267616272,0.0
57.0,0.28101059794425964,0.9492802619934082,0.0
57.0,0.2760598659515381,0.948648989200592,0.0
57.0,0.27167096734046936,0.9499151706695557,0.0
57.0,0.2661941647529602,0.9473102688789368,0.0
57.0,0.2612794041633606,0.9466028809547424,0.0
57.0,0.2569001317024231,0.9478007555007935,0.0
57.0,0.2520010471343994,0.9470456838607788,0.0
57.0,0.24761982262134552,0.9482006430625916,0.0
57.0,0.24273689091205597,0.9473978877067566,0.0
57.0,0.23786669969558716,0.9465703368186951,0.0
57.0,0.2334877997636795,0.947659969329834,0.0
57.0,0.22863443195819855,0.9467852115631104,0.0
57.0,0.22425465285778046,0.9478321671485901,0.0
57.0,0.21941860020160675,0.9469105005264282,0.0
57.0,0.21459588408470154,0.9459643959999084,0.0
57.0,0.21022003889083862,0.9469464421272278,0.0
57.0,0.20583970844745636,0.9479082822799683,0.0
57.0,0.20145496726036072,0.9488497972488403,0.0
57.0,0.19625328481197357,0.9458544850349426,0.0
57.0,0.19187815487384796,0.9467517137527466,0.0
57.0,0.18711072206497192,0.9456667304039001,0.0
57.0,0.18273654580116272,0.9465216994285583,0.0
57.0,0.17835846543312073,0.9473564624786377,0.0
57.0,0.17361563444137573,0.9462038278579712,0.0
57.0,0.1692391335964203,0.9469963908195496,0.0
57.0,0.16451625525951385,0.9457982778549194,0.0
57.0,0.15980809926986694,0.9445767998695374,0.0
57.0,0.15543925762176514,0.945305585861206,0.0
57.0,0.1510670930147171,0.9460141062736511,0.0
57.0,0.1466917097568512,0.9467024803161621,0.0
57.0,0.1423131823539734,0.9473705291748047,0.0
57.0,0.13793161511421204,0.9480183720588684,0.0
57.0,0.1332682967185974,0.9466654658317566,0.0
57.0,0.12835079431533813,0.9433080554008484,0.0
57.0,0.12398815900087357,0.9438914060592651,0.0
57.0,0.11962287127971649,0.944454550743103,0.0
57.0,0.11525502800941467,0.9449975490570068,0.0
57.0,0.11065176874399185,0.9435338973999023,0.0
57.0,0.10628827661275864,0.9440353512763977,0.0
57.0,0.10192251205444336,0.9445167183876038,0.0
57.0,0.09755457192659378,0.9449778199195862,0.0
57.0,0.09318454563617706,0.9454187750816345,0.0
57.0,0.08862555772066116,0.9438482522964478,0.0
57.0,0.08408308029174805,0.9422557950019836,0.0
57.0,0.07972577959299088,0.9426344633102417,0.0
57.0,0.0753667801618576,0.9429929852485657,0.0
57.0,0.0710061639547348,0.9433313608169556,0.0
57.0,0.06664403527975082,0.9436495900154114,0.0
57.0,0.062280476093292236,0.9439476132392883,0.0
57.0,0.057915590703487396,0.9442254900932312,0.0
57.0,0.05343625321984291,0.9424864053726196,0.0
57.0,0.049078214913606644,0.9427233338356018,0.0
57.0,0.04471912980079651,0.9429401755332947,0.0
57.0,0.04035909101366997,0.9431368708610535,0.0
57.0,0.035921916365623474,0.9413148164749146,0.0
57.0,0.03163651004433632,0.943469762802124,0.0
57.0,0.02727416157722473,0.943605899810791,0.0
57.0,0.022862685844302177,0.9417225122451782,0.0
57.0,0.018508508801460266,0.941818118095398,0.0
57.0,0.014153935015201569,0.9418936371803284,0.0
57.0,0.009799058549106121,0.9419490098953247,0.0
57.0,0.005443972535431385,0.941984236240387,0.0
57.0,0.0010887705720961094,0.9419993162155151,0.0
57.0,-0.0032664549071341753,0.941994309425354,0.0
57.0,-0.007621610537171364,0.9419691562652588,0.0
57.0,-0.011976603418588638,0.9419238567352295,0.0
57.0,-0.01633133925497532,0.9418584108352661,0.0
57.0,-0.020685726776719093,0.9417728185653687,0.0
57.0,-0.0250396728515625,0.9416671395301819,0.0
57.0,-0.029393082484602928,0.941541314125061,0.0
57.0,-0.033745866268873215,0.9413953423500061,0.0
57.0,-0.03809792548418045,0.9412292242050171,0.0
57.0,-0.04244917258620262,0.9410430192947388,0.0
57.0,-0.04679951071739197,0.9408367276191711,0.0
57.0,-0.05114884674549103,0.9406102895736694,0.0
57.0,-0.05549709498882294,0.9403637647628784,0.0
57.0,-0.05984415113925934,0.9400971531867981,0.0
57.0,-0.06418993324041367,0.9398103952407837,0.0
57.0,-0.06853433698415756,0.9395036101341248,0.0
57.0,-0.07303201407194138,0.9411707520484924,0.0
57.0,-0.07738261669874191,0.9408230185508728,0.0
57.0,-0.08173156529664993,0.9404551982879639,0.0
57.0,-0.08607876300811768,0.9400672912597656,0.0
57.0,-0.09042412787675858,0.9396592378616333,0.0
57.0,-0.09476755559444427,0.9392311573028564,0.0
57.0,-0.09910895675420761,0.9387829303741455,0.0
57.0,-0.10344824194908142,0.93831467628479,0.0
57.0,-0.10778531432151794,0.93782639503479,0.0
57.0,-0.11235762387514114,0.9393038749694824,0.0
57.0,-0.11669917404651642,0.9387743473052979,0.0
57.0,-0.12103822827339172,0.9382247924804688,0.0
57.0,-0.12563976645469666,0.9396375417709351,0.0
57.0,-0.12998270988464355,0.9390466213226318,0.0
57.0,-0.1343228816986084,0.9384356141090393,0.0
57.0,-0.13866019248962402,0.9378045797348022,0.0
57.0,-0.14299452304840088,0.9371534585952759,0.0
57.0,-0.14794743061065674,0.9404337406158447,0.0
57.0,-0.1522938311100006,0.9397396445274353,0.0
57.0,-0.15696603059768677,0.9409981966018677,0.0
57.0,-0.1613149493932724,0.9402624368667603,0.0
57.0,-0.16600769758224487,0.9414761662483215,0.0
57.0,-0.17035871744155884,0.9406986236572266,0.0
57.0,-0.1747061014175415,0.9399009346961975,0.0
57.0,-0.17904974520206451,0.9390831589698792,0.0
57.0,-0.1833895593881607,0.9382452964782715,0.0
57.0,-0.18811818957328796,0.9393484592437744,0.0
57.0,-0.1924591362476349,0.9384686946868896,0.0
57.0,-0.19720681011676788,0.9395262002944946,0.0
57.0,-0.2015484869480133,0.9386043548583984,0.0
57.0,-0.2058858424425125,0.9376624822616577,0.0
57.0,-0.2106567770242691,0.9386520981788635,0.0
57.0,-0.21499426662921906,0.9376680850982666,0.0
57.0,-0.21978312730789185,0.9386113882064819,0.0
57.0,-0.22458532452583313,0.9395304322242737,0.0
57.0,-0.22892671823501587,0.9384820461273193,0.0
57.0,-0.23374615609645844,0.939354419708252,0.0
57.0,-0.23808665573596954,0.9382636547088623,0.0
57.0,-0.24292293190956116,0.9390891790390015,0.0
57.0,-0.24726209044456482,0.9379560351371765,0.0
57.0,-0.2521147131919861,0.9387343525886536,0.0
57.0,-0.2569798231124878,0.9394878149032593,0.0
57.0,-0.26132068037986755,0.9382896423339844,0.0
57.0,-0.2662014365196228,0.9389956593513489,0.0
57.0,-0.27053990960121155,0.9377548694610596,0.0
57.0,-0.2754358649253845,0.9384130239486694,0.0
57.0,-0.2803437113761902,0.9390460252761841,0.0
57.0,-0.2846822738647461,0.9377398490905762,0.0
57.0,-0.2896045744419098,0.9383246898651123,0.0
57.0,-0.2939396798610687,0.9369757175445557,0.0
57.0,-0.29826852679252625,0.9356066584587097,0.0
57.0,-0.3025909960269928,0.9342176914215088,0.0
57.0,-0.30815714597702026,0.9366083145141602,0.0
57.0,-0.31311798095703125,0.9370704889297485,0.0
57.0,-0.31744706630706787,0.9356127977371216,0.0
57.0,-0.32242071628570557,0.9360260963439941,0.0
57.0,-0.32674485445022583,0.9345254302024841,0.0
57.0,-0.33173084259033203,0.9348896145820618,0.0
57.0,-0.3360496461391449,0.9333459138870239,0.0
57.0,-0.341047465801239,0.9336608648300171,0.0
57.0,-0.34675025939941406,0.9358249306678772,0.0
57.0,-0.3510732352733612,0.934211790561676,0.0
57.0,-0.3561008870601654,0.9344475269317627,0.0
57.0,-0.36041736602783203,0.9327911138534546,0.0
57.0,-0.3661850392818451,0.9348392486572266,0.0
57.0,-0.37271741032600403,0.9387127757072449,0.0
57.0,-0.37705346941947937,0.9369795322418213,0.0
57.0,-0.3828918933868408,0.9389302134513855,0.0
57.0,-0.3872288167476654,0.9371499419212341,0.0
57.0,-0.39232975244522095,0.9371944665908813,0.0
57.0,-0.3974393904209137,0.937211811542511,0.0
57.0,-0.40176820755004883,0.9353642463684082,0.0
57.0,-0.4076840579509735,0.9371646642684937,0.0
57.0,-0.41201257705688477,0.9352697730064392,0.0
57.0,-0.41714704036712646,0.9351814985275269,0.0
57.0,-0.42146629095077515,0.9332428574562073,0.0
57.0,-0.4266080856323242,0.9331032037734985,0.0
57.0,-0.4325975775718689,0.9347509145736694,0.0
57.0,-0.4369146525859833,0.9327408671379089,0.0
57.0,-0.44293591380119324,0.9343253374099731,0.0
57.0,-0.4472509026527405,0.9322674870491028,0.0
57.0,-0.45330315828323364,0.9337881207466125,0.0
57.0,-0.45761555433273315,0.9316823482513428,0.0
57.0,-0.46280819177627563,0.931347668170929,0.0
57.0,-0.4698041081428528,0.9345588088035583,0.0
57.0,-0.4741199016571045,0.9323767423629761,0.0
57.0,-0.4802550673484802,0.933731734752655,0.0
57.0,-0.48456692695617676,0.9315013885498047,0.0
57.0,-0.49073082208633423,0.9327911138534546,0.0
57.0,-0.49691689014434814,0.9340436458587646,0.0
57.0,-0.501230001449585,0.9317362308502197,0.0
57.0,-0.506488025188446,0.9311658143997192,0.0
57.0,-0.5107877254486084,0.928814172744751,0.0
57.0,-1.0962384939193726,1.9717497825622559,0.0
57.0,-1.1053428649902344,1.966660499572754,0.0
57.0,-1.1144236326217651,1.961529016494751,0.0
57.0,-1.1234806776046753,1.9563556909561157,0.0
57.0,-1.136529564857483,1.958059310913086,0.0
57.0,-1.1455702781677246,1.9527838230133057,0.0
57.0,-1.1545864343643188,1.947466492652893,0.0
57.0,-1.163577914237976,1.9421076774597168,0.0
57.0,-1.1787595748901367,1.9469724893569946,0.0
57.0,-1.194010853767395,1.9517383575439453,0.0
57.0,-1.203021764755249,1.9461971521377563,0.0
57.0,-1.2162445783615112,1.947399616241455,0.0
57.0,-1.225235104560852,1.9417556524276733,0.0
57.0,-1.2406500577926636,1.946189045906067,0.0
57.0,-1.253966212272644,1.9471580982208252,0.0
57.0,-1.2629551887512207,1.9413397312164307,0.0
57.0,-1.2785075902938843,1.945508360862732,0.0
57.0,-1.2874886989593506,1.939576506614685,0.0
57.0,-1.3031249046325684,1.9435701370239258,0.0
57.0,-1.3120968341827393,1.9375245571136475,0.0
57.0,-1.3278154134750366,1.9413424730300903,0.0
57.0,-1.3435970544815063,1.9450560808181763,0.0
57.0,-1.352575421333313,1.9388233423233032,0.0
57.0,-1.3707399368286133,1.9456291198730469,0.0
57.0,-1.379720687866211,1.9392708539962769,0.0
57.0,-1.3956735134124756,1.942616581916809,0.0
57.0,-1.4116867780685425,1.9458563327789307,0.0
57.0,-1.420668125152588,1.939308762550354,0.0
57.0,-1.4367551803588867,1.9423670768737793,0.0
57.0,-1.4457200765609741,1.9357037544250488,0.0
57.0,-1.4618792533874512,1.9385801553726196,0.0
57.0,-1.4708263874053955,1.9318006038665771,0.0
57.0,-1.4870555400848389,1.9344937801361084,0.0
57.0,-1.5057933330535889,1.9402378797531128,0.0
57.0,-1.5147476196289062,1.9332553148269653,0.0
57.0,-1.526151180267334,1.929368495941162,0.0
57.0,-1.5350550413131714,1.922291874885559,0.0
57.0,-1.5313738584518433,1.8996037244796753,0.0
57.0,-1.5249910354614258,1.873888373374939,0.0
57.0,-1.5336384773254395,1.866817831993103,0.0
57.0,-1.526932716369629,1.8412333726882935,0.0
57.0,-1.5354291200637817,1.8341541290283203,0.0
57.0,-1.5258203744888306,1.8056490421295166,0.0
57.0,-1.518576979637146,1.7803155183792114,0.0
57.0,-1.5267918109893799,1.77327561378479,0.0
57.0,-1.5192307233810425,1.7480828762054443,0.0
57.0,-1.527296543121338,1.7410402297973633,0.0
57.0,-1.5194196701049805,1.7159919738769531,0.0
57.0,-1.5273370742797852,1.7089487314224243,0.0
57.0,-1.5218254327774048,1.6870185136795044,0.0
57.0,-1.5134509801864624,1.6622183322906494,0.0
57.0,-1.5211198329925537,1.6552033424377441,0.0
57.0,-1.5151551961898804,1.6334896087646484,0.0
57.0,-1.50902259349823,1.61186683177948,0.0
57.0,-1.5164587497711182,1.6048728227615356,0.0
57.0,-1.5100593566894531,1.5833712816238403,0.0
57.0,-1.5173636674880981,1.5763728618621826,0.0
57.0,-1.5106992721557617,1.5549956560134888,0.0
57.0,-1.5178724527359009,1.5479944944381714,0.0
57.0,-1.5109448432922363,1.5267448425292969,0.0
57.0,-1.503853440284729,1.5055924654006958,0.0
57.0,-1.5107983350753784,1.4986236095428467,0.0
57.0,-1.5062994956970215,1.4804073572158813,0.0
57.0,-1.5131278038024902,1.4734272956848145,0.0
57.0,-1.5055307149887085,1.4525293111801147,0.0
57.0,-1.4977729320526123,1.4317333698272705,0.0
57.0,-1.5043762922286987,1.4247932434082031,0.0
57.0,-1.500738501548767,1.40824294090271,0.0
57.0,-1.5072333812713623,1.401289463043213,0.0
57.0,-1.50045645236969,1.3821107149124146,0.0
57.0,-1.4964895248413086,1.3657214641571045,0.0
57.0,-1.5027878284454346,1.358788013458252,0.0
57.0,-1.4971363544464111,1.3411496877670288,0.0
57.0,-1.5033210515975952,1.3342136144638062,0.0
57.0,-1.4959558248519897,1.3153630495071411,0.0
57.0,-1.4914649724960327,1.2992368936538696,0.0
57.0,-1.4974558353424072,1.2923274040222168,0.0
57.0,-1.4942938089370728,1.2775921821594238,0.0
57.0,-1.5001846551895142,1.2706698179244995,0.0
57.0,-1.49531888961792,1.2547212839126587,0.0
57.0,-1.5011038780212402,1.247794508934021,0.0
57.0,-1.4960495233535767,1.2319414615631104,0.0
57.0,-1.492430567741394,1.2174263000488281,0.0
57.0,-1.4980432987213135,1.2105132341384888,0.0
57.0,-1.4926941394805908,1.194825530052185,0.0
57.0,-1.4982022047042847,1.1879115104675293,0.0
57.0,-1.4926682710647583,1.172324776649475,0.0
57.0,-1.4870222806930542,1.1568148136138916,0.0
57.0,-1.4923547506332397,1.1499273777008057,0.0
57.0,-1.486526370048523,1.134521722793579,0.0
57.0,-1.491755723953247,1.1276367902755737,0.0
57.0,-1.4873472452163696,1.11353600025177,0.0
57.0,-1.4812337160110474,1.0983089208602905,0.0
57.0,-1.4862958192825317,1.0914489030838013,0.0
57.0,-1.483238697052002,1.0786839723587036,0.0
57.0,-1.4882099628448486,1.071814775466919,0.0
57.0,-1.4833797216415405,1.057955026626587,0.0
57.0,-1.4800869226455688,1.0453165769577026,0.0
57.0,-1.4849040508270264,1.0384624004364014,0.0
57.0,-1.4814680814743042,1.025892972946167,0.0
57.0,-1.4861953258514404,1.0190327167510986,0.0
57.0,-1.4826172590255737,1.0065337419509888,0.0
57.0,-1.4772956371307373,0.992974042892456,0.0
57.0,-1.4818707704544067,0.986133337020874,0.0
57.0,-1.4780635833740234,0.973770022392273,0.0
57.0,-1.4825499057769775,0.9669259786605835,0.0
57.0,-1.4786033630371094,0.9546371698379517,0.0
57.0,-1.4830011129379272,0.9477908611297607,0.0
57.0,-1.4789164066314697,0.9355781078338623,0.0
57.0,-1.4730554819107056,0.9223620891571045,0.0
57.0,-1.4773041009902954,0.9155417680740356,0.0
57.0,-1.4747017621994019,0.9045190811157227,0.0
57.0,-1.4703195095062256,0.8925023674964905,0.0
57.0,-1.4744302034378052,0.8856949806213379,0.0
57.0,-1.4716325998306274,0.8747808933258057,0.0
57.0,-1.475661277770996,0.8679676651954651,0.0
57.0,-1.4710155725479126,0.8561058640480042,0.0
57.0,-1.4749579429626465,0.8492956757545471,0.0
57.0,-1.4719176292419434,0.8385074138641357,0.0
57.0,-1.4705514907836914,0.8287473917007446,0.0
57.0,-1.474367380142212,0.8219396471977234,0.0
57.0,-1.4693949222564697,0.8102854490280151,0.0
57.0,-1.4731254577636719,0.8034831881523132,0.0
57.0,-1.4697836637496948,0.7928656339645386,0.0
57.0,-1.4663752317428589,0.7822962403297424,0.0
57.0,-1.4699764251708984,0.7755082845687866,0.0
57.0,-1.4664534330368042,0.7650036811828613,0.0
57.0,-1.4699746370315552,0.7582155466079712,0.0
57.0,-1.4663375616073608,0.7477768063545227,0.0
57.0,-1.469779133796692,0.7409893870353699,0.0
57.0,-1.4660292863845825,0.7306177616119385,0.0
57.0,-1.460420846939087,0.7194129824638367,0.0
57.0,-1.4637314081192017,0.7126532196998596,0.0
57.0,-1.4616038799285889,0.7032766938209534,0.0
57.0,-1.459421157836914,0.6939351558685303,0.0
57.0,-1.4626139402389526,0.6871802806854248,0.0
57.0,-1.4585189819335938,0.6770423650741577,0.0
57.0,-1.4616336822509766,0.6702918410301208,0.0
57.0,-1.4592516422271729,0.6610511541366577,0.0
57.0,-1.4568156003952026,0.6518468260765076,0.0
57.0,-1.4598137140274048,0.6451044678688049,0.0
57.0,-1.4572815895080566,0.6359485387802124,0.0
57.0,-1.4602062702178955,0.6292042136192322,0.0
57.0,-1.4557381868362427,0.6193145513534546,0.0
57.0,-1.4585858583450317,0.6125775575637817,0.0
57.0,-1.4558597803115845,0.603529691696167,0.0
57.0,-1.453081488609314,0.5945202112197876,0.0
57.0,-1.4558147192001343,0.5877957344055176,0.0
57.0,-1.4529427289962769,0.578838050365448,0.0
57.0,-1.4556033611297607,0.5721144080162048,0.0
57.0,-1.4545032978057861,0.563932478427887,0.0
57.0,-1.451490879058838,0.5550586581230164,0.0
57.0,-1.4540417194366455,0.5483419299125671,0.0
57.0,-1.4528120756149292,0.5402193665504456,0.0
57.0,-1.455294132232666,0.5334967374801636,0.0
57.0,-1.4521023035049438,0.5247235894203186,0.0
57.0,-1.4545128345489502,0.5180043578147888,0.0
57.0,-1.453117847442627,0.5099495053291321,0.0
57.0,-1.4497894048690796,0.5012651681900024,0.0
57.0,-1.4520914554595947,0.49455690383911133,0.0
57.0,-1.448673963546753,0.485929936170578,0.0
57.0,-1.4452077150344849,0.47734519839286804,0.0
57.0,-1.4473992586135864,0.4706583619117737,0.0
57.0,-1.4457502365112305,0.4627421200275421,0.0
57.0,-1.4478741884231567,0.4560529291629791,0.0
57.0,-1.4461466073989868,0.4481699466705322,0.0
57.0,-1.448203206062317,0.4414790868759155,0.0
57.0,-1.4463971853256226,0.4336300790309906,0.0
57.0,-1.4445499181747437,0.42580726742744446,0.0
57.0,-1.4465030431747437,0.4191240072250366,0.0
57.0,-1.4445782899856567,0.41133636236190796,0.0
57.0,-1.4464645385742188,0.4046531319618225,0.0
57.0,-1.4444630146026611,0.3969014585018158,0.0
57.0,-1.440489649772644,0.38865596055984497,0.0
57.0,-1.4422712326049805,0.3819918930530548,0.0
57.0,-1.440150499343872,0.37431344389915466,0.0
57.0,-1.4418656826019287,0.367651104927063,0.0
57.0,-1.4416097402572632,0.3604956567287445,0.0
57.0,-1.4393761157989502,0.3528743088245392,0.0
57.0,-1.4409922361373901,0.34621575474739075,0.0
57.0,-1.4386839866638184,0.33863335847854614,0.0
57.0,-1.4402341842651367,0.3319781720638275,0.0
57.0,-1.4378516674041748,0.32443544268608093,0.0
57.0,-1.4393362998962402,0.31778424978256226,0.0
57.0,-1.4388352632522583,0.3107041120529175,0.0
57.0,-1.436342716217041,0.30322232842445374,0.0
57.0,-1.4377292394638062,0.2965783476829529,0.0
57.0,-1.4351638555526733,0.28913798928260803,0.0
57.0,-1.4364852905273438,0.28249961137771606,0.0
57.0,-1.4358118772506714,0.275478333234787,0.0
57.0,-1.435104250907898,0.26846933364868164,0.0
57.0,-1.4363301992416382,0.26183146238327026,0.0
57.0,-1.4355560541152954,0.25483837723731995,0.0
57.0,-1.4367189407348633,0.24819853901863098,0.0
57.0,-1.4358787536621094,0.2412220537662506,0.0
57.0,-1.4330309629440308,0.23393642902374268,0.0
57.0,-1.4340972900390625,0.2273084968328476,0.0
57.0,-1.4311792850494385,0.22006776928901672,0.0
57.0,-1.4321813583374023,0.21344853937625885,0.0
57.0,-1.4311734437942505,0.2065390944480896,0.0
57.0,-1.4301323890686035,0.19964352250099182,0.0
57.0,-1.4310400485992432,0.19302935898303986,0.0
57.0,-1.429934024810791,0.1861528754234314,0.0
57.0,-1.4307793378829956,0.1795397698879242,0.0
57.0,-1.4296085834503174,0.172682985663414,0.0
57.0,-1.4284049272537231,0.16584086418151855,0.0
57.0,-1.4291564226150513,0.15923504531383514,0.0
57.0,-1.4278886318206787,0.15241354703903198,0.0
57.0,-1.4285781383514404,0.14581026136875153,0.0
57.0,-1.4292370080947876,0.13920384645462036,0.0
57.0,-1.4298652410507202,0.13259446620941162,0.0
57.0,-1.4264785051345825,0.12563133239746094,0.0
57.0,-1.4270440340042114,0.11903484910726547,0.0
57.0,-1.4275791645050049,0.11243581771850586,0.0
57.0,-1.4260891675949097,0.10568656772375107,0.0
57.0,-1.4265625476837158,0.09909209609031677,0.0
57.0,-1.427005410194397,0.09249550849199295,0.0
57.0,-1.4254214763641357,0.08577680587768555,0.0
57.0,-1.4258028268814087,0.07918563485145569,0.0
57.0,-1.4261536598205566,0.07259277254343033,0.0
57.0,-1.4264739751815796,0.06599835306406021,0.0
57.0,-1.424765706062317,0.05931933596730232,0.0
57.0,-1.4250247478485107,0.0527314767241478,0.0
57.0,-1.423254370689392,0.04607778042554855,0.0
57.0,-1.4234521389007568,0.039497051388025284,0.0
57.0,-1.4236195087432861,0.03291548043489456,0.0
57.0,-1.4217568635940552,0.0262962207198143,0.0
57.0,-1.421863317489624,0.019722629338502884,0.0
57.0,-1.4219392538070679,0.013148615136742592,0.0
57.0,-1.4219849109649658,0.006574319209903479,0.0
57.0,-1.4220000505447388,-1.1636915075996512e-07,0.0
58.0,-1.4199999570846558,1.2414034245011862e-07,0.0
58.0,-1.4199848175048828,-0.006565064657479525,0.0
58.0,-1.4199392795562744,-0.013130112551152706,0.0
58.0,-1.4198633432388306,-0.01969487965106964,0.0
58.0,-1.4197571277618408,-0.026259226724505424,0.0
58.0,-1.4196205139160156,-0.03282301127910614,0.0
58.0,-1.4194536209106445,-0.039386097341775894,0.0
58.0,-1.4172574281692505,-0.04588362202048302,0.0
58.0,-1.4170300960540771,-0.05243564024567604,0.0
58.0,-1.4167726039886475,-0.05898653715848923,0.0
58.0,-1.420480489730835,-0.0657210499048233,0.0
58.0,-1.420161485671997,-0.07228775322437286,0.0
58.0,-1.4198120832443237,-0.07885292172431946,0.0
58.0,-1.4194324016571045,-0.08541639894247055,0.0
58.0,-1.4190223217010498,-0.0919780507683754,0.0
58.0,-1.4185818433761597,-0.09853773564100266,0.0
58.0,-1.4181110858917236,-0.10509531199932098,0.0
58.0,-1.4176100492477417,-0.11165064573287964,0.0
58.0,-1.4170787334442139,-0.11820358783006668,0.0
58.0,-1.4165170192718506,-0.12475401163101196,0.0
58.0,-1.4179165363311768,-0.1314864307641983,0.0
58.0,-1.4172935485839844,-0.13804058730602264,0.0
58.0,-1.4166401624679565,-0.1445917785167694,0.0
58.0,-1.4159564971923828,-0.15113988518714905,0.0
58.0,-1.4152425527572632,-0.15768477320671082,0.0
58.0,-1.416485071182251,-0.16445693373680115,0.0
58.0,-1.4157096147537231,-0.17100411653518677,0.0
58.0,-1.4149038791656494,-0.1775476336479187,0.0
58.0,-1.4140678644180298,-0.1840873658657074,0.0
58.0,-1.415183663368225,-0.19089050590991974,0.0
58.0,-1.416266679763794,-0.1977079063653946,0.0
58.0,-1.4153375625610352,-0.20425371825695038,0.0
58.0,-1.4163563251495361,-0.21108999848365784,0.0
58.0,-1.415365219116211,-0.2176360934972763,0.0
58.0,-1.4143438339233398,-0.2241775244474411,0.0
58.0,-1.4152661561965942,-0.23103637993335724,0.0
58.0,-1.4141827821731567,-0.23757721483707428,0.0
58.0,-1.415040135383606,-0.24445343017578125,0.0
58.0,-1.413894772529602,-0.2509930729866028,0.0
58.0,-1.4127192497253418,-0.25752735137939453,0.0
58.0,-1.4115134477615356,-0.26405614614486694,0.0
58.0,-1.4142060279846191,-0.2713329792022705,0.0
58.0,-1.4129364490509033,-0.27786847949028015,0.0
58.0,-1.4116365909576416,-0.28439804911613464,0.0
58.0,-1.410306692123413,-0.29092150926589966,0.0
58.0,-1.4089465141296387,-0.2974388003349304,0.0
58.0,-1.4095112085342407,-0.30437183380126953,0.0
58.0,-1.4119948148727417,-0.31174764037132263,0.0
58.0,-1.4105384349822998,-0.31827250123023987,0.0
58.0,-1.4110007286071777,-0.32523974776268005,0.0
58.0,-1.4094818830490112,-0.33175987005233765,0.0
58.0,-1.4118224382400513,-0.33920735120773315,0.0
58.0,-1.4102389812469482,-0.34573110938072205,0.0
58.0,-1.4086254835128784,-0.3522474765777588,0.0
58.0,-1.4089198112487793,-0.3592504560947418,0.0
58.0,-1.4072438478469849,-0.36576056480407715,0.0
58.0,-1.4094043970108032,-0.3732869625091553,0.0
58.0,-1.4076634645462036,-0.3797991871833801,0.0
58.0,-1.4058924913406372,-0.38630327582359314,0.0
58.0,-1.4040913581848145,-0.39279910922050476,0.0
58.0,-1.4061075448989868,-0.40038201212882996,0.0
58.0,-1.4080833196640015,-0.407991886138916,0.0
58.0,-1.4061819314956665,-0.41449761390686035,0.0
58.0,-1.4061663150787354,-0.4215688407421112,0.0
58.0,-1.4042022228240967,-0.42806556820869446,0.0
58.0,-1.4060288667678833,-0.4357371926307678,0.0
58.0,-1.4059067964553833,-0.4428339898586273,0.0
58.0,-1.4038443565368652,-0.44932928681373596,0.0
58.0,-1.4055559635162354,-0.45705196261405945,0.0
58.0,-1.4034278392791748,-0.46354547142982483,0.0
58.0,-1.4031658172607422,-0.4706651270389557,0.0
58.0,-1.4066543579101562,-0.47908180952072144,0.0
58.0,-1.4044243097305298,-0.485580176115036,0.0
58.0,-1.405938744544983,-0.4933927357196808,0.0
58.0,-1.4036425352096558,-0.499887615442276,0.0
58.0,-1.4031972885131836,-0.5070515275001526,0.0
58.0,-1.400838017463684,-0.5135335922241211,0.0
58.0,-1.402198076248169,-0.5213988423347473,0.0
58.0,-1.403515100479126,-0.529287576675415,0.0
58.0,-1.4010529518127441,-0.5357708930969238,0.0
58.0,-1.4022904634475708,-0.5436887145042419,0.0
58.0,-1.3997617959976196,-0.5501662492752075,0.0
58.0,-1.4009191989898682,-0.558112382888794,0.0
58.0,-1.4020328521728516,-0.5660809278488159,0.0
58.0,-1.3994007110595703,-0.5725570321083069,0.0
58.0,-1.4022812843322754,-0.5813185572624207,0.0
58.0,-1.39957857131958,-0.587795615196228,0.0
58.0,-1.4023672342300415,-0.5966089963912964,0.0
58.0,-1.3995939493179321,-0.6030862927436829,0.0
58.0,-1.3986237049102783,-0.6103506088256836,0.0
58.0,-1.3994455337524414,-0.6184272170066833,0.0
58.0,-1.3965712785720825,-0.6248907446861267,0.0
58.0,-1.3991327285766602,-0.6338168382644653,0.0
58.0,-1.3961873054504395,-0.6402787566184998,0.0
58.0,-1.3986544609069824,-0.6492533087730408,0.0
58.0,-1.3956377506256104,-0.6557128429412842,0.0
58.0,-1.3980097770690918,-0.6647348999977112,0.0
58.0,-1.3985260725021362,-0.6729256510734558,0.0
58.0,-1.3953999280929565,-0.6793843507766724,0.0
58.0,-1.397626280784607,-0.6884799599647522,0.0
58.0,-1.3944282531738281,-0.6949343085289001,0.0
58.0,-1.3965580463409424,-0.7040749192237854,0.0
58.0,-1.3986331224441528,-0.7132500410079956,0.0
58.0,-1.3953205347061157,-0.7197088003158569,0.0
58.0,-1.397297739982605,-0.7289272546768188,0.0
58.0,-1.393912672996521,-0.735379695892334,0.0
58.0,-1.397556185722351,-0.7455819845199585,0.0
58.0,-1.3993748426437378,-0.7548840641975403,0.0
58.0,-1.3958698511123657,-0.7613458633422852,0.0
58.0,-1.395837664604187,-0.7697228789329529,0.0
58.0,-1.3922640085220337,-0.7761681079864502,0.0
58.0,-1.3938877582550049,-0.7855426073074341,0.0
58.0,-1.3902409076690674,-0.791978657245636,0.0
58.0,-1.3917640447616577,-0.8013917207717896,0.0
58.0,-1.3949583768844604,-0.8118418455123901,0.0
58.0,-1.3911899328231812,-0.8182825446128845,0.0
58.0,-1.3942686319351196,-0.8287935853004456,0.0
58.0,-1.390421986579895,-0.8352309465408325,0.0
58.0,-1.391674518585205,-0.8447638750076294,0.0
58.0,-1.394573450088501,-0.8553718328475952,0.0
58.0,-1.3906038999557495,-0.8618103265762329,0.0
58.0,-1.3933850526809692,-0.8724759817123413,0.0
58.0,-1.389336347579956,-0.8789088129997253,0.0
58.0,-1.3919987678527832,-0.889630913734436,0.0
58.0,-1.3878707885742188,-0.89605712890625,0.0
58.0,-1.3904139995574951,-0.9068344831466675,0.0
58.0,-1.392886996269226,-0.9176544547080994,0.0
58.0,-1.38862943649292,-0.924084484577179,0.0
58.0,-1.3909817934036255,-0.9349575638771057,0.0
58.0,-1.3866442441940308,-0.9413785934448242,0.0
58.0,-1.388875126838684,-0.9523035287857056,0.0
58.0,-1.3844573497772217,-0.9587146639823914,0.0
58.0,-1.3865660429000854,-0.9696900844573975,0.0
58.0,-1.3902361392974854,-0.9818592071533203,0.0
58.0,-1.3856818675994873,-0.9882762432098389,0.0
58.0,-1.3892123699188232,-1.000516414642334,0.0
58.0,-1.3845717906951904,-1.006928563117981,0.0
58.0,-1.3847377300262451,-1.0168704986572266,0.0
58.0,-1.3784148693084717,-1.0220705270767212,0.0
58.0,-1.373674750328064,-1.0284324884414673,0.0
58.0,-1.3625234365463257,-1.0299484729766846,0.0
58.0,-1.357746958732605,-1.0362368822097778,0.0
58.0,-1.3434361219406128,-1.035178780555725,0.0
58.0,-1.3244285583496094,-1.0303266048431396,0.0
58.0,-1.3196508884429932,-1.0364389419555664,0.0
58.0,-1.3038748502731323,-1.033831000328064,0.0
58.0,-1.2990810871124268,-1.0398482084274292,0.0
58.0,-1.2802592515945435,-1.0345300436019897,0.0
58.0,-1.2754625082015991,-1.0404380559921265,0.0
58.0,-1.256743311882019,-1.0348817110061646,0.0
58.0,-1.24117910861969,-1.0317317247390747,0.0
58.0,-1.2363957166671753,-1.037459135055542,0.0
58.0,-1.219377040863037,-1.0328232049942017,0.0
58.0,-1.2145888805389404,-1.038449764251709,0.0
58.0,-1.1991759538650513,-1.0349072217941284,0.0
58.0,-1.1853300333023071,-1.0325583219528198,0.0
58.0,-1.1805435419082642,-1.0380275249481201,0.0
58.0,-1.1637649536132812,-1.0328538417816162,0.0
58.0,-1.1589772701263428,-1.038223385810852,0.0
58.0,-1.1452637910842896,-1.0355225801467896,0.0
58.0,-1.1301229000091553,-1.0313690900802612,0.0
58.0,-1.1253423690795898,-1.0365830659866333,0.0
58.0,-1.1102845668792725,-1.0322422981262207,0.0
58.0,-1.0952911376953125,-1.0277845859527588,0.0
58.0,-1.0905276536941528,-1.0328376293182373,0.0
58.0,-1.0756207704544067,-1.0281946659088135,0.0
58.0,-1.0708554983139038,-1.0331566333770752,0.0
58.0,-1.0574699640274048,-1.0297247171401978,0.0
58.0,-1.0526978969573975,-1.0346027612686157,0.0
58.0,-1.0393837690353394,-1.0310078859329224,0.0
58.0,-1.0275390148162842,-1.0287271738052368,0.0
58.0,-1.0227718353271484,-1.0334669351577759,0.0
58.0,-1.0095813274383545,-1.029616355895996,0.0
58.0,-1.0048102140426636,-1.0342729091644287,0.0
58.0,-0.9930827021598816,-1.0317028760910034,0.0
58.0,-0.9814006090164185,-1.029046654701233,0.0
58.0,-0.9766324162483215,-1.033573031425476,0.0
58.0,-0.9650089740753174,-1.030777096748352,0.0
58.0,-0.9602330327033997,-1.035227656364441,0.0
58.0,-0.9473166465759277,-1.030820608139038,0.0
58.0,-0.9358082413673401,-1.0277951955795288,0.0
58.0,-0.9310463666915894,-1.0321108102798462,0.0
58.0,-0.9209335446357727,-1.0304393768310547,0.0
58.0,-0.9161596298217773,-1.0346862077713013,0.0
58.0,-0.9047715663909912,-1.0313934087753296,0.0
58.0,-0.899993360042572,-1.0355654954910278,0.0
58.0,-0.8886711597442627,-1.032137393951416,0.0
58.0,-0.8761021494865417,-1.0271052122116089,0.0
58.0,-0.8713441491127014,-1.0311447381973267,0.0
58.0,-0.8614321947097778,-1.0290279388427734,0.0
58.0,-0.8528352975845337,-1.0283812284469604,0.0
58.0,-0.8480715751647949,-1.0323131084442139,0.0
58.0,-0.8369777202606201,-1.0284669399261475,0.0
58.0,-0.832213819026947,-1.0323256254196167,0.0
58.0,-0.8224400281906128,-1.0299108028411865,0.0
58.0,-0.8114656805992126,-1.0258593559265137,0.0
58.0,-0.8067141175270081,-1.0296000242233276,0.0
58.0,-0.7982666492462158,-1.0285788774490356,0.0
58.0,-0.7935026288032532,-1.0322585105895996,0.0
58.0,-0.7838754057884216,-1.0295510292053223,0.0
58.0,-0.7730861306190491,-1.0251799821853638,0.0
58.0,-0.7683380842208862,-1.0287432670593262,0.0
58.0,-0.7600054740905762,-1.0274608135223389,0.0
58.0,-0.7552469968795776,-1.030963659286499,0.0
58.0,-0.7457746267318726,-1.0279690027236938,0.0
58.0,-0.7410139441490173,-1.0314059257507324,0.0
58.0,-0.7327591776847839,-1.0299320220947266,0.0
58.0,-0.7245339155197144,-1.028403878211975,0.0
58.0,-0.7197715044021606,-1.0317426919937134,0.0
58.0,-0.710446834564209,-1.0284771919250488,0.0
58.0,-0.7056841850280762,-1.0317507982254028,0.0
58.0,-0.6964206695556641,-1.0283784866333008,0.0
58.0,-0.6883172988891602,-1.0266036987304688,0.0
58.0,-0.6835635304450989,-1.0297751426696777,0.0
58.0,-0.6744017601013184,-1.0262389183044434,0.0
58.0,-0.6696498990058899,-1.029345989227295,0.0
58.0,-0.6616350412368774,-1.0273865461349487,0.0
58.0,-0.6547278165817261,-1.0270615816116333,0.0
58.0,-0.6499723196029663,-1.0300776958465576,0.0
58.0,-0.642024576663971,-1.0279827117919922,0.0
58.0,-0.6372649669647217,-1.030940055847168,0.0
58.0,-0.6283168792724609,-1.0270510911941528,0.0
58.0,-0.6204542517662048,-1.0248123407363892,0.0
58.0,-0.6157095432281494,-1.0276700258255005,0.0
58.0,-0.6089117527008057,-1.0270649194717407,0.0
58.0,-0.6041567921638489,-1.0298691987991333,0.0
58.0,-0.5963768362998962,-1.0274622440338135,0.0
58.0,-0.5886321663856506,-1.0250054597854614,0.0
58.0,-0.5838868618011475,-1.027716040611267,0.0
58.0,-0.5761893391609192,-1.0251740217208862,0.0
58.0,-0.5714434385299683,-1.0278270244598389,0.0
58.0,-0.5637940168380737,-1.025200605392456,0.0
58.0,-0.5571368932723999,-1.024282455444336,0.0
58.0,-0.5523952841758728,-1.0268473625183105,0.0
58.0,-0.5457631349563599,-1.0258588790893555,0.0
58.0,-0.5410143733024597,-1.0283712148666382,0.0
58.0,-0.5334851741790771,-1.025538682937622,0.0
58.0,-0.5287380218505859,-1.0279942750930786,0.0
58.0,-0.5221664309501648,-1.0268622636795044,0.0
58.0,-0.5147184729576111,-1.023904800415039,0.0
58.0,-0.5099790692329407,-1.0262736082077026,0.0
58.0,-0.5034652948379517,-1.0250300168991089,0.0
58.0,-0.49872082471847534,-1.0273468494415283,0.0
58.0,-0.4922355115413666,-1.026035189628601,0.0
58.0,-0.4857729971408844,-1.0246855020523071,0.0
58.0,-0.48103031516075134,-1.0269205570220947,0.0
58.0,-0.47375738620758057,-1.0236884355545044,0.0
58.0,-0.46901941299438477,-1.0258678197860718,0.0
58.0,-0.4618018865585327,-1.022557020187378,0.0
58.0,-0.45543983578681946,-1.0210281610488892,0.0
58.0,-0.4507143795490265,-1.023123025894165,0.0
58.0,-0.4451814889907837,-1.0233619213104248,0.0
58.0,-0.44044533371925354,-1.02540922164917,0.0
58.0,-0.43413808941841125,-1.023751974105835,0.0
58.0,-0.4278557002544403,-1.0220584869384766,0.0
58.0,-0.4231257736682892,-1.0240256786346436,0.0
58.0,-0.4176315367221832,-1.0241190195083618,0.0
58.0,-0.4128921926021576,-1.0260390043258667,0.0
58.0,-0.40666791796684265,-1.024219274520874,0.0
58.0,-0.4004693627357483,-1.0223641395568848,0.0
58.0,-0.39573830366134644,-1.0242047309875488,0.0
58.0,-0.39028656482696533,-1.0241544246673584,0.0
58.0,-0.38554733991622925,-1.02594792842865,0.0
58.0,-0.38149479031562805,-1.0295950174331665,0.0
58.0,-0.3767305314540863,-1.0313477516174316,0.0
58.0,-0.37128064036369324,-1.0311967134475708,0.0
58.0,-0.36584025621414185,-1.0310174226760864,0.0
58.0,-0.36106956005096436,-1.0326977968215942,0.0
58.0,-0.3549884855747223,-1.0305742025375366,0.0
58.0,-0.3502199649810791,-1.032204508781433,0.0
58.0,-0.3441762328147888,-1.0300188064575195,0.0
58.0,-0.3387853503227234,-1.0296992063522339,0.0
58.0,-0.33402103185653687,-1.031254529953003,0.0
58.0,-0.3286421298980713,-1.0308823585510254,0.0
58.0,-0.32387247681617737,-1.0323907136917114,0.0
58.0,-0.31791621446609497,-1.0300549268722534,0.0
58.0,-0.3131504952907562,-1.0315138101577759,0.0
58.0,-0.3072338104248047,-1.0291178226470947,0.0
58.0,-0.30190926790237427,-1.0286082029342651,0.0
58.0,-0.2971504032611847,-1.0299930572509766,0.0
58.0,-0.29183971881866455,-1.029431700706482,0.0
58.0,-0.2870771586894989,-1.0307700634002686,0.0
58.0,-0.28178074955940247,-1.0301570892333984,0.0
58.0,-0.2759774327278137,-1.027585744857788,0.0
58.0,-0.2712235748767853,-1.0288506746292114,0.0
58.0,-0.26596304774284363,-1.0281574726104736,0.0
58.0,-0.26120665669441223,-1.0293761491775513,0.0
58.0,-0.25547876954078674,-1.0266910791397095,0.0
58.0,-0.250255286693573,-1.0259182453155518,0.0
58.0,-0.24550941586494446,-1.027064323425293,0.0
58.0,-0.2407582849264145,-1.0281884670257568,0.0
58.0,-0.23600201308727264,-1.0292905569076538,0.0
58.0,-0.2308027595281601,-1.0284192562103271,0.0
58.0,-0.22561660408973694,-1.0275218486785889,0.0
58.0,-0.22086356580257416,-1.028554081916809,0.0
58.0,-0.21569494903087616,-1.027606725692749,0.0
58.0,-0.2109416425228119,-1.0285929441452026,0.0
58.0,-0.20579108595848083,-1.0275962352752686,0.0
58.0,-0.2006542831659317,-1.026573896408081,0.0
58.0,-0.1959058940410614,-1.0274906158447266,0.0
58.0,-0.19078783690929413,-1.0264190435409546,0.0
58.0,-0.18604028224945068,-1.0272901058197021,0.0
58.0,-0.18094146251678467,-1.026169776916504,0.0
58.0,-0.1761951595544815,-1.026995301246643,0.0
58.0,-0.1714451014995575,-1.0277990102767944,0.0
58.0,-0.1663714051246643,-1.0266063213348389,0.0
58.0,-0.1616232544183731,-1.0273644924163818,0.0
58.0,-0.15626828372478485,-1.024146556854248,0.0
58.0,-0.15153160691261292,-1.0248581171035767,0.0
58.0,-0.14650830626487732,-1.0235679149627686,0.0
58.0,-0.14177440106868744,-1.024234414100647,0.0
58.0,-0.1370374709367752,-1.024878978729248,0.0
58.0,-0.13204170763492584,-1.0235178470611572,0.0
58.0,-0.127308189868927,-1.0241174697875977,0.0
58.0,-0.12233441323041916,-1.0227092504501343,0.0
58.0,-0.11760473996400833,-1.023263931274414,0.0
58.0,-0.11287254840135574,-1.0237966775894165,0.0
58.0,-0.10813795030117035,-1.0243076086044312,0.0
58.0,-0.10340104252099991,-1.0247966051101685,0.0
58.0,-0.09847034513950348,-1.02327299118042,0.0
58.0,-0.09373831748962402,-1.0237172842025757,0.0
58.0,-0.08900429308414459,-1.0241397619247437,0.0
58.0,-0.08410441875457764,-1.0225470066070557,0.0
58.0,-0.07937590032815933,-1.0229250192642212,0.0
58.0,-0.0745001882314682,-1.0212863683700562,0.0
58.0,-0.06977760046720505,-1.0216199159622192,0.0
58.0,-0.0650535300374031,-1.021931529045105,0.0
58.0,-0.06032806262373924,-1.0222214460372925,0.0
58.0,-0.05560130625963211,-1.0224894285202026,0.0
58.0,-0.05087336152791977,-1.022735595703125,0.0
58.0,-0.046144332736730576,-1.02295982837677,0.0
58.0,-0.04141431301832199,-1.0231622457504272,0.0
58.0,-0.03668341040611267,-1.0233427286148071,0.0
58.0,-0.031951725482940674,-1.0235013961791992,0.0
58.0,-0.02716618962585926,-1.0216388702392578,0.0
58.0,-0.02244248241186142,-1.0217535495758057,0.0
58.0,-0.017718294635415077,-1.0218462944030762,0.0
58.0,-0.012993729673326015,-1.0219173431396484,0.0
58.0,-0.008268886245787144,-1.0219664573669434,0.0
58.0,-0.0035438663326203823,-1.0219937562942505,0.0
58.0,0.0011812294833362103,-1.0219992399215698,0.0
58.0,0.005906300153583288,-1.0219829082489014,0.0
58.0,0.010631244629621506,-1.0219446420669556,0.0
58.0,0.01535596139729023,-1.021884560585022,0.0
58.0,0.02008035033941269,-1.0218026638031006,0.0
58.0,0.024804310873150826,-1.0216989517211914,0.0
58.0,0.029527738690376282,-1.0215733051300049,0.0
58.0,0.03425053879618645,-1.0214258432388306,0.0
58.0,0.038972605019807816,-1.0212565660476685,0.0
58.0,0.04369383677840233,-1.0210654735565186,0.0
58.0,0.048414137214422226,-1.0208525657653809,0.0
58.0,0.05313339829444885,-1.0206178426742554,0.0
58.0,0.05785152688622475,-1.020361304283142,0.0
58.0,0.062690868973732,-1.0220792293548584,0.0
58.0,0.06741565465927124,-1.0217784643173218,0.0
58.0,0.07213899493217468,-1.0214558839797974,0.0
58.0,0.07686079293489456,-1.0211113691329956,0.0
58.0,0.08158095180988312,-1.0207451581954956,0.0
58.0,0.0862993597984314,-1.0203570127487183,0.0
58.0,0.09101593494415283,-1.0199471712112427,0.0
58.0,0.09573055803775787,-1.0195153951644897,0.0
58.0,0.10044313222169876,-1.0190619230270386,0.0
58.0,0.10515356063842773,-1.0185866355895996,0.0
58.0,0.10986173897981644,-1.0180896520614624,0.0
58.0,0.1145675778388977,-1.0175708532333374,0.0
58.0,0.11927095800638199,-1.0170302391052246,0.0
58.0,0.12397179752588272,-1.0164679288864136,0.0
58.0,0.12866997718811035,-1.0158839225769043,0.0
58.0,0.13362589478492737,-1.0172611474990845,0.0
58.0,0.13832764327526093,-1.0166324377059937,0.0
58.0,0.1430264264345169,-1.0159820318222046,0.0
58.0,0.14772216975688934,-1.0153099298477173,0.0
58.0,0.15271183848381042,-1.0165938138961792,0.0
58.0,0.15741030871868134,-1.0158770084381104,0.0
58.0,0.16210539638996124,-1.0151383876800537,0.0
58.0,0.1671215295791626,-1.0163514614105225,0.0
58.0,0.17181871831417084,-1.0155678987503052,0.0
58.0,0.1768549680709839,-1.0167330503463745,0.0
58.0,0.18155381083488464,-1.0159045457839966,0.0
58.0,0.186248779296875,-1.0150543451309204,0.0
58.0,0.1909397542476654,-1.0141823291778564,0.0
58.0,0.1956266611814499,-1.0132887363433838,0.0
58.0,0.20108579099178314,-1.016297459602356,0.0
58.0,0.20578236877918243,-1.0153568983078003,0.0
58.0,0.21047453582286835,-1.0143946409225464,0.0
58.0,0.2151622176170349,-1.0134106874465942,0.0
58.0,0.22026969492435455,-1.014359474182129,0.0
58.0,0.22539053857326508,-1.0152827501296997,0.0
58.0,0.23008215427398682,-1.0142297744750977,0.0
58.0,0.23567183315753937,-1.0170520544052124,0.0
58.0,0.24037152528762817,-1.0159515142440796,0.0
58.0,0.24600501358509064,-1.0187175273895264,0.0
58.0,0.2507123053073883,-1.0175693035125732,0.0
58.0,0.255414217710495,-1.0163992643356323,0.0
58.0,0.2606070637702942,-1.0171449184417725,0.0
58.0,0.26530691981315613,-1.0159292221069336,0.0
58.0,0.27051541209220886,-1.0166245698928833,0.0
58.0,0.276259183883667,-1.019223690032959,0.0
58.0,0.28096848726272583,-1.0179355144500732,0.0
58.0,0.2862128019332886,-1.018550992012024,0.0
58.0,0.29091888666152954,-1.0172168016433716,0.0
58.0,0.2950599491596222,-1.013940691947937,0.0
58.0,0.2997446060180664,-1.0125656127929688,0.0
58.0,0.304999440908432,-1.013084053993225,0.0
58.0,0.3102654218673706,-1.0135754346847534,0.0
58.0,0.31494826078414917,-1.0121301412582397,0.0
58.0,0.3202274441719055,-1.0125702619552612,0.0
58.0,0.32490551471710205,-1.0110788345336914,0.0
58.0,0.33081793785095215,-1.0133683681488037,0.0
58.0,0.3367585241794586,-1.0156248807907104,0.0
58.0,0.3414505422115326,-1.0140570402145386,0.0
58.0,0.34742918610572815,-1.0162523984909058,0.0
58.0,0.35212400555610657,-1.0146352052688599,0.0
58.0,0.35747572779655457,-1.0148828029632568,0.0
58.0,0.36216408014297485,-1.0132192373275757,0.0
58.0,0.3675265610218048,-1.0134141445159912,0.0
58.0,0.3728986084461212,-1.0135811567306519,0.0
58.0,0.37758079171180725,-1.0118463039398193,0.0
58.0,0.38296276330947876,-1.0119602680206299,0.0
58.0,0.38763734698295593,-1.010178804397583,0.0
58.0,0.39302876591682434,-1.0102397203445435,0.0
58.0,0.39769527316093445,-1.0084118843078613,0.0
58.0,0.40458035469055176,-1.0121338367462158,0.0
58.0,0.4107573330402374,-1.0139597654342651,0.0
58.0,0.4154408574104309,-1.0120497941970825,0.0
58.0,0.42241960763931274,-1.0156582593917847,0.0
58.0,0.427110880613327,-1.013694405555725,0.0
58.0,0.43257805705070496,-1.0135483741760254,0.0
58.0,0.4388465881347656,-1.0152090787887573,0.0
58.0,0.44353556632995605,-1.013169288635254,0.0
58.0,0.45064666867256165,-1.016593098640442,0.0
58.0,0.4553419351577759,-1.0144987106323242,0.0
58.0,0.4608548581600189,-1.0142035484313965,0.0
58.0,0.46553897857666016,-1.0120619535446167,0.0
58.0,0.4702131152153015,-1.0098987817764282,0.0
58.0,0.4774349331855774,-1.0131416320800781,0.0
58.0,0.4821139872074127,-1.0109233856201172,0.0
58.0,0.48852118849754333,-1.0122859477996826,0.0
58.0,0.49319612979888916,-1.0100165605545044,0.0
58.0,0.49874645471572876,-1.0095187425613403,0.0
58.0,0.5034084916114807,-1.0072020292282104,0.0
58.0,0.511669397354126,-1.0120030641555786,0.0
58.0,0.5181641578674316,-1.0131880044937134,0.0
58.0,0.5228429436683655,-1.0107815265655518,0.0
58.0,0.5293647646903992,-1.0118976831436157,0.0
58.0,0.5340374708175659,-1.0094393491744995,0.0
58.0,0.5405856370925903,-1.0104866027832031,0.0
58.0,0.5471548438072205,-1.0114946365356445,0.0
58.0,0.5518255233764648,-1.0089541673660278,0.0
58.0,0.5603556036949158,-1.0133930444717407,0.0
58.0,0.5650349259376526,-1.010791540145874,0.0
58.0,0.5716699957847595,-1.011650800704956,0.0
58.0,0.5783251523971558,-1.0124702453613281,0.0
58.0,0.5829999446868896,-1.0097856521606445,0.0
58.0,0.5896783471107483,-1.0105341672897339,0.0
58.0,0.5943440794944763,-1.007797122001648,0.0
58.0,0.6010450720787048,-1.008474588394165,0.0
58.0,0.605701208114624,-1.0056848526000977,0.0
58.0,0.6134636402130127,-1.0079991817474365,0.0
58.0,0.6181174516677856,-1.0051521062850952,0.0
58.0,0.6269801259040833,-1.0090787410736084,0.0
58.0,0.6337655186653137,-1.0095570087432861,0.0
58.0,0.6384263038635254,-1.0066161155700684,0.0
58.0,0.6463103294372559,-1.008705496788025,0.0
58.0,0.6509670615196228,-1.005706548690796,0.0
58.0,0.6577989459037781,-1.0060341358184814,0.0
58.0,0.6646475791931152,-1.0063197612762451,0.0
58.0,0.6692931056022644,-1.0032360553741455,0.0
58.0,0.6783947348594666,-1.006765365600586,0.0
58.0,0.6830421686172485,-1.0036181211471558,0.0
58.0,0.692206621170044,-1.0070421695709229,0.0
58.0,0.7014172077178955,-1.0104029178619385,0.0
58.0,0.7060811519622803,-1.00714910030365,0.0
58.0,0.713041365146637,-1.0071384906768799,0.0
58.0,0.717690110206604,-1.0038310289382935,0.0
58.0,0.7258356213569641,-1.0053669214248657,0.0
58.0,0.7304760813713074,-1.002000331878662,0.0
58.0,0.739843487739563,-1.0050550699234009,0.0
58.0,0.7480615377426147,-1.006439208984375,0.0
58.0,0.7527066469192505,-1.0029698610305786,0.0
58.0,0.76216721534729,-1.0058553218841553,0.0
58.0,0.7668095231056213,-1.0023208856582642,0.0
58.0,0.7763256430625916,-1.005096197128296,0.0
58.0,0.7809643149375916,-1.0014961957931519,0.0
58.0,0.7905348539352417,-1.0041606426239014,0.0
58.0,0.8001465797424316,-1.0067578554153442,0.0
58.0,0.8047926425933838,-1.0030478239059448,0.0
58.0,0.8144568204879761,-1.0055327415466309,0.0
58.0,0.8190970420837402,-1.0017565488815308,0.0
58.0,0.8300854563713074,-1.0056710243225098,0.0
58.0,0.8411274552345276,-1.0095051527023315,0.0
58.0,0.8457857966423035,-1.0056054592132568,0.0
58.0,0.8556036949157715,-1.0077829360961914,0.0
58.0,0.8602538704872131,-1.0038163661956787,0.0
58.0,0.8688110113143921,-1.004366159439087,0.0
58.0,0.8734452724456787,-1.0003385543823242,0.0
58.0,0.8833504319190979,-1.0022913217544556,0.0
58.0,0.8946214914321899,-1.005668044090271,0.0
58.0,0.899261474609375,-1.0015212297439575,0.0
58.0,0.910597562789917,-1.0047626495361328,0.0
58.0,0.9152332544326782,-1.0005418062210083,0.0
58.0,0.9266329407691956,-1.0036470890045166,0.0
58.0,0.9394441843032837,-1.0081312656402588,0.0
58.0,0.9440951347351074,-1.003777027130127,0.0
58.0,0.9556106925010681,-1.0066540241241455,0.0
58.0,0.9602546095848083,-1.0022250413894653,0.0
58.0,0.9760005474090576,-1.0092765092849731,0.0
58.0,0.9806563854217529,-1.0047533512115479,0.0
58.0,0.9979231953620911,-1.0130318403244019,0.0
58.0,1.0166972875595093,-1.022590160369873,0.0
58.0,1.0214142799377441,-1.0178786516189575,0.0
58.0,1.0403411388397217,-1.0271973609924316,0.0
58.0,1.0450791120529175,-1.0223764181137085,0.0
58.0,1.0655919313430786,-1.0328454971313477,0.0
58.0,1.070355772972107,-1.0279077291488647,0.0
58.0,1.0910348892211914,-1.0381132364273071,0.0
58.0,1.1118308305740356,-1.0481489896774292,0.0
58.0,1.1166648864746094,-1.0429973602294922,0.0
58.0,1.1390899419784546,-1.054124355316162,0.0
58.0,1.143951416015625,-1.0488466024398804,0.0
58.0,1.1650726795196533,-1.05833899974823,0.0
58.0,1.1699533462524414,-1.0529412031173706,0.0
58.0,1.1912294626235962,-1.0621620416641235,0.0
58.0,1.2141144275665283,-1.0725326538085938,0.0
58.0,1.2190601825714111,-1.0669078826904297,0.0
58.0,1.2421128749847412,-1.0769827365875244,0.0
58.0,1.2470788955688477,-1.0712285041809082,0.0
58.0,1.2702958583831787,-1.081005334854126,0.0
58.0,1.2752801179885864,-1.0751206874847412,0.0
58.0,1.2986578941345215,-1.0845974683761597,0.0
58.0,1.146479845046997,-0.9485399723052979,0.0
58.0,1.1508530378341675,-0.9432291984558105,0.0
58.0,1.1552016735076904,-0.9378982782363892,0.0
58.0,1.1829030513763428,-0.9513487219810486,0.0
58.0,1.1872888803482056,-0.945869505405426,0.0
58.0,1.191649317741394,-0.9403701424598694,0.0
58.0,1.1959842443466187,-0.9348506331443787,0.0
58.0,1.2240147590637207,-0.9476770162582397,0.0
58.0,1.228383183479309,-0.9420077800750732,0.0
58.0,1.2518373727798462,-0.9508350491523743,0.0
58.0,1.2817919254302979,-0.964274525642395,0.0
58.0,1.2862364053726196,-0.9583380222320557,0.0
58.0,1.3180114030838013,-0.972568690776825,0.0
58.0,1.3224939107894897,-0.966464638710022,0.0
58.0,1.352871298789978,-0.9791011214256287,0.0
58.0,1.3573836088180542,-0.9728358387947083,0.0
58.0,1.3895936012268066,-0.9862279891967773,0.0
58.0,1.4203194379806519,-0.9981926679611206,0.0
58.0,1.4249192476272583,-0.991615355014801,0.0
58.0,1.452544927597046,-1.0009043216705322,0.0
58.0,1.457157015800476,-0.9941779375076294,0.0
58.0,1.4816254377365112,-1.0008647441864014,0.0
58.0,1.4862369298934937,-0.9940038919448853,0.0
58.0,1.5074925422668457,-0.9981634616851807,0.0
58.0,1.5304906368255615,-1.0032440423965454,0.0
58.0,1.5351126194000244,-0.9961572289466858,0.0
58.0,1.5666255950927734,-1.006343960762024,0.0
58.0,1.5712615251541138,-0.9990901350975037,0.0
58.0,1.580941915512085,-0.9950109720230103,0.0
58.0,1.575339913368225,-0.981346070766449,0.0
58.0,1.5798602104187012,-0.9740521907806396,0.0
58.0,1.5758103132247925,-0.9615287780761719,0.0
58.0,1.580238938331604,-0.9542329907417297,0.0
58.0,1.5760496854782104,-0.9417871832847595,0.0
58.0,1.5803871154785156,-0.934490442276001,0.0
58.0,1.5760595798492432,-0.9221237897872925,0.0
58.0,1.5751134157180786,-0.9118212461471558,0.0
58.0,1.5793122053146362,-0.9045291543006897,0.0
58.0,1.590437650680542,-0.9011614918708801,0.0
58.0,1.594586968421936,-0.8937987089157104,0.0
58.0,1.612695336341858,-0.8941753506660461,0.0
58.0,1.6325945854187012,-0.8953652381896973,0.0
58.0,1.6367167234420776,-0.8878075480461121,0.0
58.0,1.656665563583374,-0.8887401819229126,0.0
58.0,1.6607568264007568,-0.8810712695121765,0.0
58.0,1.6789813041687012,-0.880816638469696,0.0
58.0,1.6830357313156128,-0.8730446696281433,0.0
58.0,1.4566913843154907,-0.7133961319923401,0.0
58.0,1.4599741697311401,-0.7066537141799927,0.0
58.0,1.4632256031036377,-0.6998961567878723,0.0
58.0,1.4664459228515625,-0.6931236386299133,0.0
58.0,1.4877560138702393,-0.6947991251945496,0.0
58.0,1.490952491760254,-0.6879132390022278,0.0
58.0,1.494117021560669,-0.6810126304626465,0.0
58.0,1.5118391513824463,-0.6806660890579224,0.0
58.0,1.5149699449539185,-0.6736690402030945,0.0
58.0,1.5290555953979492,-0.6714825630187988,0.0
58.0,1.5321438312530518,-0.6644060015678406,0.0
58.0,1.5499076843261719,-0.6636128425598145,0.0
58.0,1.562170147895813,-0.6603334546089172,0.0
58.0,1.5652064085006714,-0.6531038880348206,0.0
58.0,1.5663599967956543,-0.6450987458229065,0.0
58.0,1.5693258047103882,-0.6378499865531921,0.0
58.0,1.5685455799102783,-0.629098653793335,0.0
58.0,1.565858244895935,-0.6196321845054626,0.0
58.0,1.5687062740325928,-0.6123860478401184,0.0
58.0,1.56405508518219,-0.6022520661354065,0.0
58.0,1.56682288646698,-0.5950143933296204,0.0
58.0,1.5658111572265625,-0.586361289024353,0.0
58.0,1.5628767013549805,-0.577037513256073,0.0
58.0,1.5655279159545898,-0.5698055624961853,0.0
58.0,1.5643805265426636,-0.5612107515335083,0.0
58.0,1.5669584274291992,-0.553972065448761,0.0
58.0,1.565725564956665,-0.5454056859016418,0.0
58.0,1.5682305097579956,-0.5381609201431274,0.0
58.0,1.5650177001953125,-0.5289834141731262,0.0
58.0,1.563651442527771,-0.5204788446426392,0.0
58.0,1.566041111946106,-0.5132439136505127,0.0
58.0,1.564590573310852,-0.5047699213027954,0.0
58.0,1.566907525062561,-0.49753081798553467,0.0
58.0,1.5653730630874634,-0.48908817768096924,0.0
58.0,1.5618822574615479,-0.48008278012275696,0.0
58.0,1.5640852451324463,-0.4728564918041229,0.0
58.0,1.5624206066131592,-0.46448028087615967,0.0
58.0,1.5645513534545898,-0.4572516679763794,0.0
58.0,1.5628042221069336,-0.4489089548587799,0.0
58.0,1.5629380941390991,-0.441135436296463,0.0
58.0,1.5649608373641968,-0.4339046776294708,0.0
58.0,1.5630908012390137,-0.42561376094818115,0.0
58.0,1.5650418996810913,-0.418382465839386,0.0
58.0,1.561155915260315,-0.40961945056915283,0.0
58.0,1.5552856922149658,-0.4004027545452118,0.0
58.0,1.5571202039718628,-0.3932077884674072,0.0
58.0,1.5492147207260132,-0.3836009204387665,0.0
58.0,1.5509716272354126,-0.37643423676490784,0.0
58.0,1.5371297597885132,-0.3655576705932617,0.0
58.0,1.5388033390045166,-0.35844704508781433,0.0
58.0,1.5384941101074219,-0.35088399052619934,0.0
58.0,1.5714588165283203,-0.16406521201133728,0.0
58.0,1.5722005367279053,-0.15679800510406494,0.0
58.0,1.572908639907837,-0.14952747523784637,0.0
58.0,1.5735831260681152,-0.14225372672080994,0.0
58.0,1.562267780303955,-0.133951798081398,0.0
58.0,1.5628705024719238,-0.1267274171113968,0.0
58.0,1.5634396076202393,-0.11950033158063889,0.0
58.0,1.56397545337677,-0.11227069050073624,0.0
58.0,1.5564957857131958,-0.10450273752212524,0.0
58.0,1.5549662113189697,-0.09718061238527298,0.0
58.0,1.5553988218307495,-0.08999038487672806,0.0
58.0,1.5577954053878784,-0.08290452510118484,0.0
58.0,1.5581620931625366,-0.07570137083530426,0.0
58.0,1.5684858560562134,-0.06893568485975266,0.0
58.0,1.5767816305160522,-0.06199755519628525,0.0
58.0,1.5770514011383057,-0.05470684543251991,0.0
58.0,1.5872830152511597,-0.0477154441177845,0.0
58.0,1.5874866247177124,-0.04037633165717125,0.0
58.0,1.5976542234420776,-0.03324439749121666,0.0
58.0,1.5977908372879028,-0.02585749141871929,0.0
58.0,1.607892632484436,-0.01858561486005783,0.0
58.0,1.6179611682891846,-0.011220879852771759,0.0
58.0,1.6179957389831543,-0.0037403227761387825,0.0
58.0,1.6279957294464111,0.0037634307518601418,0.0
58.0,1.6279609203338623,0.01129022054374218,0.0
58.0,1.6378905773162842,0.01893235184252262,0.0
58.0,1.6457844972610474,0.026634177193045616,0.0
58.0,1.6456438302993774,0.034242965281009674,0.0
58.0,1.6574640274047852,0.04215613380074501,0.0
58.0,1.6572513580322266,0.04981875792145729,0.0
58.0,1.6689960956573486,0.05789633467793465,0.0
58.0,1.6687105894088745,0.06561210751533508,0.0
58.0,1.6763817071914673,0.07367774099111557,0.0
58.0,1.4326428174972534,0.22368428111076355,0.0
58.0,1.4315932989120483,0.2303055375814438,0.0
58.0,1.4305132627487183,0.23692186176776886,0.0
58.0,1.4294025897979736,0.24353311955928802,0.0
58.0,1.4388999938964844,0.2588646411895752,0.0
58.0,1.4376877546310425,0.26551443338394165,0.0
58.0,1.436444878578186,0.27215856313705444,0.0
58.0,1.4351712465286255,0.27879688143730164,0.0
58.0,1.4456359148025513,0.287771999835968,0.0
58.0,1.444290041923523,0.29445263743400574,0.0
58.0,1.4566179513931274,0.3039870858192444,0.0
58.0,1.4551969766616821,0.3107183277606964,0.0
58.0,1.4674224853515625,0.32042959332466125,0.0
58.0,1.4659253358840942,0.3272106349468231,0.0
58.0,1.4780464172363281,0.337097704410553,0.0
58.0,1.4901070594787598,0.3471037447452545,0.0
58.0,1.4884862899780273,0.3539893627166748,0.0
58.0,1.5043259859085083,0.36511290073394775,0.0
58.0,1.5026217699050903,0.3720640540122986,0.0
58.0,1.5222160816192627,0.38439369201660156,0.0
58.0,1.5204225778579712,0.3914273679256439,0.0
58.0,1.5418107509613037,0.4045436382293701,0.0
58.0,1.5650418996810913,0.418382465839386,0.0
58.0,1.5630908012390137,0.42561376094818115,0.0
58.0,1.5823065042495728,0.4387139678001404,0.0
58.0,1.58026123046875,0.4460248649120331,0.0
58.0,1.591638207435608,0.4571914076805115,0.0
58.0,1.5895073413848877,0.46454524993896484,0.0
58.0,1.600762128829956,0.4758785665035248,0.0
58.0,1.6119458675384521,0.4873258173465729,0.0
58.0,1.609675645828247,0.4947732090950012,0.0
58.0,1.6207337379455566,0.5063852071762085,0.0
58.0,1.6183751821517944,0.5138730406761169,0.0
58.0,1.6293059587478638,0.5256484150886536,0.0
58.0,1.6401618719100952,0.5375357866287231,0.0
58.0,1.6376591920852661,0.5451130867004395,0.0
58.0,1.6483843326568604,0.5571616888046265,0.0
58.0,1.645790696144104,0.5647768378257751,0.0
58.0,1.654494047164917,0.576327383518219,0.0
58.0,1.6518118381500244,0.5839705467224121,0.0
58.0,1.6622719764709473,0.5963286757469177,0.0
58.0,1.4358502626419067,0.5226067900657654,0.0
58.0,1.4334187507629395,0.5292396545410156,0.0
58.0,1.4309566020965576,0.5358612537384033,0.0
58.0,1.4396820068359375,0.5467315912246704,0.0
58.0,1.4371389150619507,0.5533819198608398,0.0
58.0,1.451332688331604,0.5665661692619324,0.0
58.0,1.448697805404663,0.5732701420783997,0.0
58.0,1.4608820676803589,0.5859178900718689,0.0
58.0,1.4581575393676758,0.5926657915115356,0.0
58.0,1.47019624710083,0.6054940819740295,0.0
58.0,1.4839929342269897,0.6192164421081543,0.0
58.0,1.4811142683029175,0.6260708570480347,0.0
58.0,1.4965894222259521,0.640783965587616,0.0
58.0,1.4936108589172363,0.6476963758468628,0.0
58.0,1.5107436180114746,0.6634408235549927,0.0
58.0,1.507660150527954,0.6704185009002686,0.0
58.0,1.522781252861023,0.6855924725532532,0.0
58.0,1.5305145978927612,0.6976025104522705,0.0
58.0,1.5272729396820068,0.7046712040901184,0.0
58.0,1.5312471389770508,0.7151099443435669,0.0
58.0,1.5279245376586914,0.7221818566322327,0.0
58.0,1.5281777381896973,0.7309643030166626,0.0
58.0,1.5301826000213623,0.7406358122825623,0.0
58.0,1.5267419815063477,0.7477025389671326,0.0
58.0,1.5286449193954468,0.7574170231819153,0.0
58.0,1.5251268148422241,0.7644764184951782,0.0
58.0,1.5269274711608887,0.7742329239845276,0.0
58.0,1.5233315229415894,0.7812842130661011,0.0
58.0,1.525029182434082,0.7910816073417664,0.0
58.0,1.5266685485839844,0.8009113073348999,0.0
58.0,1.5229493379592896,0.807961106300354,0.0
58.0,1.526247262954712,0.818775475025177,0.0
58.0,1.5224454402923584,0.8258231282234192,0.0
58.0,1.523871898651123,0.8357383608818054,0.0
58.0,1.5234898328781128,0.8447144627571106,0.0
58.0,1.5195682048797607,0.8517491221427917,0.0
58.0,1.5121338367462158,0.8567936420440674,0.0
58.0,1.508156418800354,0.8637756705284119,0.0
58.0,1.4851068258285522,0.8597171306610107,0.0
58.0,1.2680751085281372,1.120200753211975,0.0
58.0,1.2628823518753052,1.1260515451431274,0.0
58.0,1.2576627731323242,1.13187837600708,0.0
58.0,1.2524162530899048,1.1376808881759644,0.0
58.0,1.2368236780166626,1.1339977979660034,0.0
58.0,1.231567621231079,1.1397039890289307,0.0
58.0,1.2262850999832153,1.1453858613967896,0.0
58.0,1.22097647190094,1.151043176651001,0.0
58.0,1.2054994106292725,1.147025465965271,0.0
58.0,1.200183391571045,1.1525866985321045,0.0
58.0,1.191969394683838,1.155339241027832,0.0
58.0,1.183755874633789,1.1580406427383423,0.0
58.0,1.1783891916275024,1.163501262664795,0.0
58.0,1.1673306226730347,1.1632899045944214,0.0
58.0,1.1619397401809692,1.1686744689941406,0.0
58.0,1.1452957391738892,1.1626355648040771,0.0
58.0,1.1315265893936157,1.1593307256698608,0.0
58.0,1.1261544227600098,1.1645498275756836,0.0
58.0,0.9568167924880981,1.2998067140579224,0.0
58.0,0.9507970809936523,1.3042165040969849,0.0
58.0,0.9447569847106934,1.308598518371582,0.0
58.0,0.9386968016624451,1.3129525184631348,0.0
58.0,0.926838219165802,1.3091168403625488,0.0
58.0,0.9207757711410522,1.3133879899978638,0.0
58.0,0.910131573677063,1.3110592365264893,0.0
58.0,0.9040603041648865,1.3152531385421753,0.0
58.0,0.8968445062637329,1.317765474319458,0.0
58.0,0.8896247744560242,1.3202393054962158,0.0
58.0,0.8835113048553467,1.3243381977081299,0.0
58.0,0.8762767314910889,1.326740026473999,0.0
58.0,0.8701333403587341,1.3307772874832153,0.0
58.0,0.8628846406936646,1.3331069946289062,0.0
58.0,0.8567119836807251,1.3370821475982666,0.0
58.0,0.8505209684371948,1.3410288095474243,0.0
58.0,0.8443118333816528,1.3449467420578003,0.0
58.0,0.8380845785140991,1.3488359451293945,0.0
58.0,0.8318394422531128,1.3526962995529175,0.0
58.0,0.8255765438079834,1.3565278053283691,0.0
58.0,0.8182640671730042,1.358616828918457,0.0
58.0,0.8119739294052124,1.3623855113983154,0.0
58.0,0.805666446685791,1.3661249876022339,0.0
58.0,0.7993417382240295,1.3698352575302124,0.0
58.0,0.7929999232292175,1.373516321182251,0.0
58.0,0.7856492400169373,1.3754312992095947,0.0
58.0,0.7792816758155823,1.3790489435195923,0.0
58.0,0.7728975415229797,1.3826371431350708,0.0
58.0,0.7664967775344849,1.3861957788467407,0.0
58.0,0.7600797414779663,1.3897247314453125,0.0
58.0,0.7536463737487793,1.3932240009307861,0.0
58.0,0.7471969127655029,1.396693468093872,0.0
58.0,0.7407315373420715,1.4001331329345703,0.0
58.0,0.7342502474784851,1.4035428762435913,0.0
58.0,0.7277532815933228,1.4069225788116455,0.0
58.0,0.7294366955757141,1.4262980222702026,0.0
58.0,0.7228346467018127,1.4296551942825317,0.0
58.0,0.47568973898887634,0.9517433047294617,0.0
58.0,0.4686267673969269,0.9485530257225037,0.0
58.0,0.46423622965812683,0.9507095813751221,0.0
58.0,0.45983579754829407,0.9528457522392273,0.0
58.0,0.455425500869751,0.9549615383148193,0.0
58.0,0.4484478533267975,0.9516294598579407,0.0
58.0,0.4440433084964752,0.953692615032196,0.0
58.0,0.43795767426490784,0.9521013498306274,0.0
58.0,0.4318963289260864,0.9504744410514832,0.0
58.0,0.4274972975254059,0.9524610638618469,0.0
58.0,0.42065760493278503,0.9489421248435974,0.0
58.0,0.4162657856941223,0.9508768320083618,0.0
58.0,0.4110715091228485,0.9509554505348206,0.0
58.0,0.4051003158092499,0.9491668343544006,0.0
58.0,0.4007076323032379,0.9510295987129211,0.0
58.0,0.3955383598804474,0.9510254263877869,0.0
58.0,0.39113718271255493,0.952843964099884,0.0
58.0,0.3852258324623108,0.950934886932373,0.0
58.0,0.3800828456878662,0.9508486390113831,0.0
58.0,0.37568265199661255,0.9525957703590393,0.0
58.0,0.3698241114616394,0.9505946040153503,0.0
58.0,0.3654251992702484,0.9522942900657654,0.0
58.0,0.35960274934768677,0.9502325654029846,0.0
58.0,0.35450640320777893,0.9500111937522888,0.0
58.0,0.35011035203933716,0.9516400694847107,0.0
58.0,0.34434306621551514,0.9494881629943848,0.0
58.0,0.3399495482444763,0.9510700702667236,0.0
58.0,0.3348843455314636,0.9507452249526978,0.0
58.0,0.32917362451553345,0.9485043883323669,0.0
58.0,0.3247848153114319,0.9500161409378052,0.0
58.0,0.319112628698349,0.9477167725563049,0.0
58.0,0.3147275745868683,0.9491820335388184,0.0
58.0,0.3097151219844818,0.9487257599830627,0.0
58.0,0.3053255081176758,0.9501475691795349,0.0
58.0,0.29972323775291443,0.9477351903915405,0.0
58.0,0.2947440445423126,0.9472010731697083,0.0
58.0,0.2903616428375244,0.9485536813735962,0.0
58.0,0.2853964567184448,0.9479709267616272,0.0
58.0,0.28101059794425964,0.9492802619934082,0.0
58.0,0.2760598659515381,0.948648989200592,0.0
58.0,0.2705710828304291,0.9460694193840027,0.0
58.0,0.2661941647529602,0.9473102688789368,0.0
58.0,0.2612794041633606,0.9466028809547424,0.0
58.0,0.2569001317024231,0.9478007555007935,0.0
58.0,0.2520010471343994,0.9470456838607788,0.0
58.0,0.24711446464061737,0.9462655186653137,0.0
58.0,0.24273689091205597,0.9473978877067566,0.0
58.0,0.23786669969558716,0.9465703368186951,0.0
58.0,0.2334877997636795,0.947659969329834,0.0
58.0,0.22863443195819855,0.9467852115631104,0.0
58.0,0.22379417717456818,0.9458858966827393,0.0
58.0,0.21941860020160675,0.9469105005264282,0.0
58.0,0.21459588408470154,0.9459643959999084,0.0
58.0,0.21022003889083862,0.9469464421272278,0.0
58.0,0.2054152935743332,0.9459537863731384,0.0
58.0,0.20103959739208221,0.9468933939933777,0.0
58.0,0.19625328481197357,0.9458544850349426,0.0
58.0,0.19148088991641998,0.9447915554046631,0.0
58.0,0.18711072206497192,0.9456667304039001,0.0
58.0,0.18273654580116272,0.9465216994285583,0.0
58.0,0.17835846543312073,0.9473564624786377,0.0
58.0,0.17361563444137573,0.9462038278579712,0.0
58.0,0.16853544116020203,0.9430587291717529,0.0
58.0,0.16417351365089417,0.9438278675079346,0.0
58.0,0.15980809926986694,0.9445767998695374,0.0
58.0,0.15543925762176514,0.945305585861206,0.0
58.0,0.1510670930147171,0.9460141062736511,0.0
58.0,0.1466917097568512,0.9467024803161621,0.0
58.0,0.14201606810092926,0.9453927278518677,0.0
58.0,0.13764365017414093,0.9460391998291016,0.0
58.0,0.1332682967185974,0.9466654658317566,0.0
58.0,0.1286204308271408,0.9452897906303406,0.0
58.0,0.12424863874912262,0.9458743333816528,0.0
58.0,0.11962287127971649,0.944454550743103,0.0
58.0,0.11501289159059525,0.9430121779441833,0.0
58.0,0.11065176874399185,0.9435338973999023,0.0
58.0,0.10628827661275864,0.9440353512763977,0.0
58.0,0.10192251205444336,0.9445167183876038,0.0
58.0,0.09755457192659378,0.9449778199195862,0.0
58.0,0.09318454563617706,0.9454187750816345,0.0
58.0,0.08881252259016037,0.9458394646644592,0.0
58.0,0.08408308029174805,0.9422557950019836,0.0
58.0,0.07972577959299088,0.9426344633102417,0.0
58.0,0.0753667801618576,0.9429929852485657,0.0
58.0,0.0710061639547348,0.9433313608169556,0.0
58.0,0.06664403527975082,0.9436495900154114,0.0
58.0,0.062280476093292236,0.9439476132392883,0.0
58.0,0.057915590703487396,0.9442254900932312,0.0
58.0,0.05343625321984291,0.9424864053726196,0.0
58.0,0.049078214913606644,0.9427233338356018,0.0
58.0,0.04471912980079651,0.9429401755332947,0.0
58.0,0.04027358070015907,0.9411386847496033,0.0
58.0,0.035921916365623474,0.9413148164749146,0.0
58.0,0.03156948462128639,0.9414708018302917,0.0
58.0,0.02721637673676014,0.9416067004203796,0.0
58.0,0.022862685844302177,0.9417225122451782,0.0
58.0,0.018508508801460266,0.941818118095398,0.0
58.0,0.014153935015201569,0.9418936371803284,0.0
58.0,0.009799058549106121,0.9419490098953247,0.0
58.0,0.005443972535431385,0.941984236240387,0.0
58.0,0.0010887705720961094,0.9419993162155151,0.0
58.0,-0.0032664549071341753,0.941994309425354,0.0
58.0,-0.007621610537171364,0.9419691562652588,0.0
58.0,-0.011976603418588638,0.9419238567352295,0.0
58.0,-0.01633133925497532,0.9418584108352661,0.0
58.0,-0.020685726776719093,0.9417728185653687,0.0
58.0,-0.0250396728515625,0.9416671395301819,0.0
58.0,-0.029393082484602928,0.941541314125061,0.0
58.0,-0.033745866268873215,0.9413953423500061,0.0
58.0,-0.03809792548418045,0.9412292242050171,0.0
58.0,-0.04244917258620262,0.9410430192947388,0.0
58.0,-0.04679951071739197,0.9408367276191711,0.0
58.0,-0.05114884674549103,0.9406102895736694,0.0
58.0,-0.05549709498882294,0.9403637647628784,0.0
58.0,-0.05984415113925934,0.9400971531867981,0.0
58.0,-0.06418993324041367,0.9398103952407837,0.0
58.0,-0.06853433698415756,0.9395036101341248,0.0
58.0,-0.07303201407194138,0.9411707520484924,0.0
58.0,-0.07738261669874191,0.9408230185508728,0.0
58.0,-0.08155839890241623,0.9384626746177673,0.0
58.0,-0.08607876300811768,0.9400672912597656,0.0
58.0,-0.09042412787675858,0.9396592378616333,0.0
58.0,-0.09476755559444427,0.9392311573028564,0.0
58.0,-0.09910895675420761,0.9387829303741455,0.0
58.0,-0.10344824194908142,0.93831467628479,0.0
58.0,-0.10801366716623306,0.9398132562637329,0.0
58.0,-0.11235762387514114,0.9393038749694824,0.0
58.0,-0.11669917404651642,0.9387743473052979,0.0
58.0,-0.12103822827339172,0.9382247924804688,0.0
58.0,-0.12563976645469666,0.9396375417709351,0.0
58.0,-0.12998270988464355,0.9390466213226318,0.0
58.0,-0.1343228816986084,0.9384356141090393,0.0
58.0,-0.13895271718502045,0.9397830367088318,0.0
58.0,-0.14329619705677032,0.9391305446624756,0.0
58.0,-0.14763662219047546,0.9384579658508301,0.0
58.0,-0.1519738882780075,0.93776535987854,0.0
58.0,-0.15663696825504303,0.9390255212783813,0.0
58.0,-0.16097676753997803,0.9382912516593933,0.0
58.0,-0.16635499894618988,0.9434458017349243,0.0
58.0,-0.17035871744155884,0.9406986236572266,0.0
58.0,-0.1747061014175415,0.9399009346961975,0.0
58.0,-0.17904974520206451,0.9390831589698792,0.0
58.0,-0.1833895593881607,0.9382452964782715,0.0
58.0,-0.18811818957328796,0.9393484592437744,0.0
58.0,-0.1928609311580658,0.9404278993606567,0.0
58.0,-0.19720681011676788,0.9395262002944946,0.0
58.0,-0.2015484869480133,0.9386043548583984,0.0
58.0,-0.2058858424425125,0.9376624822616577,0.0
58.0,-0.21021881699562073,0.9367005825042725,0.0
58.0,-0.21499426662921906,0.9376680850982666,0.0
58.0,-0.2193271517753601,0.9366641044616699,0.0
58.0,-0.22458532452583313,0.9395304322242737,0.0
58.0,-0.22892671823501587,0.9384820461273193,0.0
58.0,-0.23374615609645844,0.939354419708252,0.0
58.0,-0.23808665573596954,0.9382636547088623,0.0
58.0,-0.24292293190956116,0.9390891790390015,0.0
58.0,-0.24726209044456482,0.9379560351371765,0.0
58.0,-0.25159597396850586,0.9368028044700623,0.0
58.0,-0.25645214319229126,0.9375587105751038,0.0
58.0,-0.2607840895652771,0.9363629817962646,0.0
58.0,-0.2662014365196228,0.9389956593513489,0.0
58.0,-0.27109429240226746,0.9396764636039734,0.0
58.0,-0.2754358649253845,0.9384130239486694,0.0
58.0,-0.2797715663909912,0.937129557132721,0.0
58.0,-0.284101277589798,0.9358260631561279,0.0
58.0,-0.2890147566795349,0.9364136457443237,0.0
58.0,-0.2933410406112671,0.9350674152374268,0.0
58.0,-0.29826852679252625,0.9356066584587097,0.0
58.0,-0.3038235604763031,0.938023030757904,0.0
58.0,-0.30815714597702026,0.9366083145141602,0.0
58.0,-0.31311798095703125,0.9370704889297485,0.0
58.0,-0.31744706630706787,0.9356127977371216,0.0
58.0,-0.32242071628570557,0.9360260963439941,0.0
58.0,-0.32674485445022583,0.9345254302024841,0.0
58.0,-0.33173084259033203,0.9348896145820618,0.0
58.0,-0.33740466833114624,0.9371094107627869,0.0
58.0,-0.3417336642742157,0.9355394840240479,0.0
58.0,-0.34675025939941406,0.9358249306678772,0.0
58.0,-0.3510732352733612,0.934211790561676,0.0
58.0,-0.3561008870601654,0.9344475269317627,0.0
58.0,-0.3618590235710144,0.9365222454071045,0.0
58.0,-0.3661850392818451,0.9348392486572266,0.0
58.0,-0.37197938561439514,0.9368540048599243,0.0
58.0,-0.37630683183670044,0.9351241588592529,0.0
58.0,-0.38213664293289185,0.9370781779289246,0.0
58.0,-0.38646501302719116,0.9353014230728149,0.0
58.0,-0.39232975244522095,0.9371944665908813,0.0
58.0,-0.3974393904209137,0.937211811542511,0.0
58.0,-0.40176820755004883,0.9353642463684082,0.0
58.0,-0.4076840579509735,0.9371646642684937,0.0
58.0,-0.41201257705688477,0.9352697730064392,0.0
58.0,-0.41714704036712646,0.9351814985275269,0.0
58.0,-0.4222894310951233,0.9350655674934387,0.0
58.0,-0.4266080856323242,0.9331032037734985,0.0
58.0,-0.4317575991153717,0.932935893535614,0.0
58.0,-0.43606629967689514,0.9309297204017639,0.0
58.0,-0.4420791268348694,0.9325180649757385,0.0
58.0,-0.44638577103614807,0.9304642081260681,0.0
58.0,-0.45330315828323364,0.9337881207466125,0.0
58.0,-0.4584972858428955,0.9334774613380432,0.0
58.0,-0.46280819177627563,0.931347668170929,0.0
58.0,-0.46890580654144287,0.9327718615531921,0.0
58.0,-0.4732133746147156,0.9305939674377441,0.0
58.0,-0.4802550673484802,0.933731734752655,0.0
58.0,-0.486412912607193,0.9350500106811523,0.0
58.0,-0.49073082208633423,0.9327911138534546,0.0
58.0,-0.49691689014434814,0.9340436458587646,0.0
58.0,-0.501230001449585,0.9317362308502197,0.0
58.0,-0.506488025188446,0.9311658143997192,0.0
58.0,-0.5107877254486084,0.928814172744751,0.0
58.0,-1.0962384939193726,1.9717497825622559,0.0
58.0,-1.1053428649902344,1.966660499572754,0.0
58.0,-1.1144236326217651,1.961529016494751,0.0
58.0,-1.1234806776046753,1.9563556909561157,0.0
58.0,-1.136529564857483,1.958059310913086,0.0
58.0,-1.1455702781677246,1.9527838230133057,0.0
58.0,-1.1545864343643188,1.947466492652893,0.0
58.0,-1.1697453260421753,1.9524015188217163,0.0
58.0,-1.1787595748901367,1.9469724893569946,0.0
58.0,-1.1919233798980713,1.9483259916305542,0.0
58.0,-1.200918436050415,1.9427945613861084,0.0
58.0,-1.2162445783615112,1.947399616241455,0.0
58.0,-1.225235104560852,1.9417556524276733,0.0
58.0,-1.2384997606277466,1.942815899848938,0.0
58.0,-1.253966212272644,1.9471580982208252,0.0
58.0,-1.2629551887512207,1.9413397312164307,0.0
58.0,-1.276310682296753,1.9421653747558594,0.0
58.0,-1.2852764129638672,1.9362437725067139,0.0
58.0,-1.3008973598480225,1.940247893333435,0.0
58.0,-1.3165827989578247,1.9441486597061157,0.0
58.0,-1.3255572319030762,1.938040852546692,0.0
58.0,-1.3435970544815063,1.9450560808181763,0.0
58.0,-1.352575421333313,1.9388233423233032,0.0
58.0,-1.3684360980987549,1.9423589706420898,0.0
58.0,-1.384358286857605,1.9457893371582031,0.0
58.0,-1.3933396339416504,1.9393681287765503,0.0
58.0,-1.4093378782272339,1.9426186084747314,0.0
58.0,-1.4183043241500854,1.9360820055007935,0.0
58.0,-1.4343764781951904,1.9391512870788574,0.0
58.0,-1.4433265924453735,1.9324989318847656,0.0
58.0,-1.4594709873199463,1.9353864192962646,0.0
58.0,-1.4780957698822021,1.9413483142852783,0.0
58.0,-1.4870555400848389,1.9344937801361084,0.0
58.0,-1.503340721130371,1.9370777606964111,0.0
58.0,-1.5122805833816528,1.930106520652771,0.0
58.0,-1.5236696004867554,1.9262313842773438,0.0
58.0,-1.5250709056854248,1.9097892045974731,0.0
58.0,-1.5338842868804932,1.9027178287506104,0.0
58.0,-1.5275160074234009,1.8769910335540771,0.0
58.0,-1.536177635192871,1.8699086904525757,0.0
58.0,-1.526932716369629,1.8412333726882935,0.0
58.0,-1.5200234651565552,1.815751314163208,0.0
58.0,-1.5284020900726318,1.8087042570114136,0.0
58.0,-1.518576979637146,1.7803155183792114,0.0
58.0,-1.5267918109893799,1.77327561378479,0.0
58.0,-1.5192307233810425,1.7480828762054443,0.0
58.0,-1.527296543121338,1.7410402297973633,0.0
58.0,-1.5220712423324585,1.7189866304397583,0.0
58.0,-1.5140094757080078,1.6940364837646484,0.0
58.0,-1.5218254327774048,1.6870185136795044,0.0
58.0,-1.5134509801864624,1.6622183322906494,0.0
58.0,-1.5211198329925537,1.6552033424377441,0.0
58.0,-1.5151551961898804,1.6334896087646484,0.0
58.0,-1.5117563009262085,1.6147868633270264,0.0
58.0,-1.519205927848816,1.6077800989151,0.0
58.0,-1.5128198862075806,1.5862659215927124,0.0
58.0,-1.5201376676559448,1.5792546272277832,0.0
58.0,-1.5106992721557617,1.5549956560134888,0.0
58.0,-1.5038700103759766,1.5337141752243042,0.0
58.0,-1.5109448432922363,1.5267448425292969,0.0
58.0,-1.5066802501678467,1.5084224939346313,0.0
58.0,-1.5136381387710571,1.5014405250549316,0.0
58.0,-1.5062994956970215,1.4804073572158813,0.0
58.0,-1.5016647577285767,1.4622650146484375,0.0
58.0,-1.5084092617034912,1.4553065299987793,0.0
58.0,-1.5006643533706665,1.4344972372055054,0.0
58.0,-1.5072804689407349,1.4275438785552979,0.0
58.0,-1.5021969079971313,1.4096113443374634,0.0
58.0,-1.5086979866027832,1.402651071548462,0.0
58.0,-1.5019276142120361,1.3834657669067383,0.0
58.0,-1.4964895248413086,1.3657214641571045,0.0
58.0,-1.5027878284454346,1.358788013458252,0.0
58.0,-1.4971363544464111,1.3411496877670288,0.0
58.0,-1.4928501844406128,1.324920654296875,0.0
58.0,-1.4989597797393799,1.3180044889450073,0.0
58.0,-1.49297297000885,1.3005505800247192,0.0
58.0,-1.4989699125289917,1.293634057044983,0.0
58.0,-1.4958140850067139,1.278891921043396,0.0
58.0,-1.5017108917236328,1.2719625234603882,0.0
58.0,-1.4968509674072266,1.2560068368911743,0.0
58.0,-1.4918758869171143,1.2401236295700073,0.0
58.0,-1.4975934028625488,1.233212947845459,0.0
58.0,-1.4939802885055542,1.2186905145645142,0.0
58.0,-1.4995988607406616,1.2117702960968018,0.0
58.0,-1.494255542755127,1.196075439453125,0.0
58.0,-1.4887993335723877,1.1804560422897339,0.0
58.0,-1.4942411184310913,1.1735601425170898,0.0
58.0,-1.4886009693145752,1.1580429077148438,0.0
58.0,-1.4939390420913696,1.1511482000350952,0.0
58.0,-1.489706039428711,1.1369484663009644,0.0
58.0,-1.483778476715088,1.121606707572937,0.0
58.0,-1.4889482259750366,1.1147346496582031,0.0
58.0,-1.4844468832015991,1.1006914377212524,0.0
58.0,-1.4895199537277222,1.0938165187835693,0.0
58.0,-1.483238697052002,1.0786839723587036,0.0
58.0,-1.4784725904464722,1.0648019313812256,0.0
58.0,-1.4833797216415405,1.057955026626587,0.0
58.0,-1.4800869226455688,1.0453165769577026,0.0
58.0,-1.4849040508270264,1.0384624004364014,0.0
58.0,-1.4814680814743042,1.025892972946167,0.0
58.0,-1.4762983322143555,1.0122466087341309,0.0
58.0,-1.4809625148773193,1.0054103136062622,0.0
58.0,-1.4772956371307373,0.992974042892456,0.0
58.0,-1.4818707704544067,0.986133337020874,0.0
58.0,-1.4780635833740234,0.973770022392273,0.0
58.0,-1.4825499057769775,0.9669259786605835,0.0
58.0,-1.4786033630371094,0.9546371698379517,0.0
58.0,-1.4745750427246094,0.9424057006835938,0.0
58.0,-1.4789164066314697,0.9355781078338623,0.0
58.0,-1.4747505187988281,0.9234234690666199,0.0
58.0,-1.4705040454864502,0.9113275408744812,0.0
58.0,-1.4747017621994019,0.9045190811157227,0.0
58.0,-1.4703195095062256,0.8925023674964905,0.0
58.0,-1.4744302034378052,0.8856949806213379,0.0
58.0,-1.4716325998306274,0.8747808933258057,0.0
58.0,-1.475661277770996,0.8679676651954651,0.0
58.0,-1.4710155725479126,0.8561058640480042,0.0
58.0,-1.4680250883102417,0.8453036546707153,0.0
58.0,-1.4719176292419434,0.8385074138641357,0.0
58.0,-1.4688091278076172,0.8277654647827148,0.0
58.0,-1.4726204872131348,0.8209657669067383,0.0
58.0,-1.4693949222564697,0.8102854490280151,0.0
58.0,-1.4661022424697876,0.7996525168418884,0.0
58.0,-1.4697836637496948,0.7928656339645386,0.0
58.0,-1.4663752317428589,0.7822962403297424,0.0
58.0,-1.4699764251708984,0.7755082845687866,0.0
58.0,-1.4664534330368042,0.7650036811828613,0.0
58.0,-1.4699746370315552,0.7582155466079712,0.0
58.0,-1.4663375616073608,0.7477768063545227,0.0
58.0,-1.4626356363296509,0.7373879551887512,0.0
58.0,-1.4660292863845825,0.7306177616119385,0.0
58.0,-1.4622149467468262,0.7202967405319214,0.0
58.0,-1.4601348638534546,0.7109021544456482,0.0
58.0,-1.4634060859680176,0.7041438221931458,0.0
58.0,-1.459421157836914,0.6939351558685303,0.0
58.0,-1.4626139402389526,0.6871802806854248,0.0
58.0,-1.4585189819335938,0.6770423650741577,0.0
58.0,-1.4616336822509766,0.6702918410301208,0.0
58.0,-1.4592516422271729,0.6610511541366577,0.0
58.0,-1.4568156003952026,0.6518468260765076,0.0
58.0,-1.4598137140274048,0.6451044678688049,0.0
58.0,-1.4572815895080566,0.6359485387802124,0.0
58.0,-1.4602062702178955,0.6292042136192322,0.0
58.0,-1.4575785398483276,0.6200975179672241,0.0
58.0,-1.4548978805541992,0.6110286712646484,0.0
58.0,-1.4577072858810425,0.604295551776886,0.0
58.0,-1.4549325704574585,0.5952775478363037,0.0
58.0,-1.4576691389083862,0.5885445475578308,0.0
58.0,-1.4548007249832153,0.5795782804489136,0.0
58.0,-1.4518805742263794,0.5706511735916138,0.0
58.0,-1.4545032978057861,0.563932478427887,0.0
58.0,-1.4533590078353882,0.5557730197906494,0.0
58.0,-1.4559129476547241,0.5490476489067078,0.0
58.0,-1.4528120756149292,0.5402193665504456,0.0
58.0,-1.455294132232666,0.5334967374801636,0.0
58.0,-1.4521023035049438,0.5247235894203186,0.0
58.0,-1.45074462890625,0.5166623592376709,0.0
58.0,-1.453117847442627,0.5099495053291321,0.0
58.0,-1.4516795873641968,0.5019186735153198,0.0
58.0,-1.4483050107955933,0.493267297744751,0.0
58.0,-1.4505701065063477,0.4865659475326538,0.0
58.0,-1.447106957435608,0.47797247767448425,0.0
58.0,-1.4493013620376587,0.4712768495082855,0.0
58.0,-1.4476549625396729,0.4633517861366272,0.0
58.0,-1.4497817754745483,0.45665380358695984,0.0
58.0,-1.4461466073989868,0.4481699466705322,0.0
58.0,-1.4462900161743164,0.44089585542678833,0.0
58.0,-1.4483129978179932,0.4342043995857239,0.0
58.0,-1.4445499181747437,0.42580726742744446,0.0
58.0,-1.4465030431747437,0.4191240072250366,0.0
58.0,-1.4445782899856567,0.41133636236190796,0.0
58.0,-1.4426125288009644,0.40357550978660583,0.0
58.0,-1.4444630146026611,0.3969014585018158,0.0
58.0,-1.4424206018447876,0.3891769349575043,0.0
58.0,-1.4442044496536255,0.3825039267539978,0.0
58.0,-1.440150499343872,0.37431344389915466,0.0
58.0,-1.4399276971817017,0.3671569228172302,0.0
58.0,-1.4416097402572632,0.3604956567287445,0.0
58.0,-1.4393761157989502,0.3528743088245392,0.0
58.0,-1.4409922361373901,0.34621575474739075,0.0
58.0,-1.4406307935714722,0.33909159898757935,0.0
58.0,-1.4421831369400024,0.33242738246917725,0.0
58.0,-1.439802646636963,0.3248756527900696,0.0
58.0,-1.4373834133148193,0.3173530697822571,0.0
58.0,-1.4388352632522583,0.3107041120529175,0.0
58.0,-1.436342716217041,0.30322232842445374,0.0
58.0,-1.4377292394638062,0.2965783476829529,0.0
58.0,-1.4371243715286255,0.28953298926353455,0.0
58.0,-1.4364852905273438,0.28249961137771606,0.0
58.0,-1.43777596950531,0.2758551836013794,0.0
58.0,-1.4370701313018799,0.2688370943069458,0.0
58.0,-1.4382977485656738,0.2621901333332062,0.0
58.0,-1.4355560541152954,0.25483837723731995,0.0
58.0,-1.4367189407348633,0.24819853901863098,0.0
58.0,-1.4358787536621094,0.2412220537662506,0.0
58.0,-1.4350048303604126,0.23425865173339844,0.0
58.0,-1.436072587966919,0.22762158513069153,0.0
58.0,-1.433156132698059,0.22037173807621002,0.0
58.0,-1.4341596364974976,0.21374337375164032,0.0
58.0,-1.4331529140472412,0.20682474970817566,0.0
58.0,-1.4321130514144897,0.19992002844810486,0.0
58.0,-1.433022141456604,0.19329670071601868,0.0
58.0,-1.429934024810791,0.1861528754234314,0.0
58.0,-1.4307793378829956,0.1795397698879242,0.0
58.0,-1.4296085834503174,0.172682985663414,0.0
58.0,-1.4303916692733765,0.16607153415679932,0.0
58.0,-1.4311442375183105,0.1594565212726593,0.0
58.0,-1.4298774003982544,0.15262581408023834,0.0
58.0,-1.430567741394043,0.14601333439350128,0.0
58.0,-1.4292370080947876,0.13920384645462036,0.0
58.0,-1.4278738498687744,0.13240979611873627,0.0
58.0,-1.4284707307815552,0.1258067935705185,0.0
58.0,-1.4270440340042114,0.11903484910726547,0.0
58.0,-1.4275791645050049,0.11243581771850586,0.0
58.0,-1.4280837774276733,0.10583438724279404,0.0
58.0,-1.4285577535629272,0.09923069179058075,0.0
58.0,-1.427005410194397,0.09249550849199295,0.0
58.0,-1.4254214763641357,0.08577680587768555,0.0
58.0,-1.4258028268814087,0.07918563485145569,0.0
58.0,-1.4261536598205566,0.07259277254343033,0.0
58.0,-1.4264739751815796,0.06599835306406021,0.0
58.0,-1.424765706062317,0.05931933596730232,0.0
58.0,-1.4230260848999023,0.05265752226114273,0.0
58.0,-1.423254370689392,0.04607778042554855,0.0
58.0,-1.4234521389007568,0.039497051388025284,0.0
58.0,-1.4236195087432861,0.03291548043489456,0.0
58.0,-1.4217568635940552,0.0262962207198143,0.0
58.0,-1.421863317489624,0.019722629338502884,0.0
58.0,-1.4219392538070679,0.013148615136742592,0.0
58.0,-1.4219849109649658,0.006574319209903479,0.0
58.0,-1.4220000505447388,-1.1636915075996512e-07,0.0
59.0,-1.4199999570846558,1.2414034245011862e-07,0.0
59.0,-1.4199848175048828,-0.006565064657479525,0.0
59.0,-1.4199392795562744,-0.013130112551152706,0.0
59.0,-1.4198633432388306,-0.01969487965106964,0.0
59.0,-1.4197571277618408,-0.026259226724505424,0.0
59.0,-1.4196205139160156,-0.03282301127910614,0.0
59.0,-1.4194536209106445,-0.039386097341775894,0.0
59.0,-1.4172574281692505,-0.04588362202048302,0.0
59.0,-1.4170300960540771,-0.05243564024567604,0.0
59.0,-1.4167726039886475,-0.05898653715848923,0.0
59.0,-1.4184825420379639,-0.06562861055135727,0.0
59.0,-1.4181640148162842,-0.07218608260154724,0.0
59.0,-1.4198120832443237,-0.07885292172431946,0.0
59.0,-1.4194324016571045,-0.08541639894247055,0.0
59.0,-1.4190223217010498,-0.0919780507683754,0.0
59.0,-1.4185818433761597,-0.09853773564100266,0.0
59.0,-1.4181110858917236,-0.10509531199932098,0.0
59.0,-1.4176100492477417,-0.11165064573287964,0.0
59.0,-1.4170787334442139,-0.11820358783006668,0.0
59.0,-1.4165170192718506,-0.12475401163101196,0.0
59.0,-1.415925145149231,-0.13130176067352295,0.0
59.0,-1.4153029918670654,-0.1378467082977295,0.0
59.0,-1.4166401624679565,-0.1445917785167694,0.0
59.0,-1.4159564971923828,-0.15113988518714905,0.0
59.0,-1.4152425527572632,-0.15768477320671082,0.0
59.0,-1.416485071182251,-0.16445693373680115,0.0
59.0,-1.4157096147537231,-0.17100411653518677,0.0
59.0,-1.4149038791656494,-0.1775476336479187,0.0
59.0,-1.4140678644180298,-0.1840873658657074,0.0
59.0,-1.4171656370162964,-0.19115786254405975,0.0
59.0,-1.416266679763794,-0.1977079063653946,0.0
59.0,-1.4153375625610352,-0.20425371825695038,0.0
59.0,-1.4163563251495361,-0.21108999848365784,0.0
59.0,-1.415365219116211,-0.2176360934972763,0.0
59.0,-1.4163191318511963,-0.22449061274528503,0.0
59.0,-1.4152661561965942,-0.23103637993335724,0.0
59.0,-1.4141827821731567,-0.23757721483707428,0.0
59.0,-1.415040135383606,-0.24445343017578125,0.0
59.0,-1.413894772529602,-0.2509930729866028,0.0
59.0,-1.4127192497253418,-0.25752735137939453,0.0
59.0,-1.4115134477615356,-0.26405614614486694,0.0
59.0,-1.4122416973114014,-0.2709560990333557,0.0
59.0,-1.4129364490509033,-0.27786847949028015,0.0
59.0,-1.4116365909576416,-0.28439804911613464,0.0
59.0,-1.410306692123413,-0.29092150926589966,0.0
59.0,-1.4089465141296387,-0.2974388003349304,0.0
59.0,-1.4095112085342407,-0.30437183380126953,0.0
59.0,-1.4080889225006104,-0.3108852803707123,0.0
59.0,-1.4105384349822998,-0.31827250123023987,0.0
59.0,-1.4110007286071777,-0.32523974776268005,0.0
59.0,-1.4094818830490112,-0.33175987005233765,0.0
59.0,-1.4118224382400513,-0.33920735120773315,0.0
59.0,-1.4102389812469482,-0.34573110938072205,0.0
59.0,-1.4086254835128784,-0.3522474765777588,0.0
59.0,-1.4069818258285522,-0.35875630378723145,0.0
59.0,-1.4072438478469849,-0.36576056480407715,0.0
59.0,-1.4074710607528687,-0.3727749288082123,0.0
59.0,-1.40573251247406,-0.37927818298339844,0.0
59.0,-1.4078210592269897,-0.38683319091796875,0.0
59.0,-1.406017541885376,-0.3933379352092743,0.0
59.0,-1.4061075448989868,-0.40038201212882996,0.0
59.0,-1.4061622619628906,-0.40743526816368103,0.0
59.0,-1.4042636156082153,-0.4139321446418762,0.0
59.0,-1.4061663150787354,-0.4215688407421112,0.0
59.0,-1.4042022228240967,-0.42806556820869446,0.0
59.0,-1.4060288667678833,-0.4357371926307678,0.0
59.0,-1.4059067964553833,-0.4428339898586273,0.0
59.0,-1.4038443565368652,-0.44932928681373596,0.0
59.0,-1.4055559635162354,-0.45705196261405945,0.0
59.0,-1.4034278392791748,-0.46354547142982483,0.0
59.0,-1.4031658172607422,-0.4706651270389557,0.0
59.0,-1.4009747505187988,-0.4771474599838257,0.0
59.0,-1.4025341272354126,-0.48492664098739624,0.0
59.0,-1.405938744544983,-0.4933927357196808,0.0
59.0,-1.4036425352096558,-0.499887615442276,0.0
59.0,-1.4031972885131836,-0.5070515275001526,0.0
59.0,-1.400838017463684,-0.5135335922241211,0.0
59.0,-1.402198076248169,-0.5213988423347473,0.0
59.0,-1.403515100479126,-0.529287576675415,0.0
59.0,-1.4010529518127441,-0.5357708930969238,0.0
59.0,-1.4022904634475708,-0.5436887145042419,0.0
59.0,-1.3997617959976196,-0.5501662492752075,0.0
59.0,-1.4009191989898682,-0.558112382888794,0.0
59.0,-1.398323893547058,-0.564583420753479,0.0
59.0,-1.3994007110595703,-0.5725570321083069,0.0
59.0,-1.4022812843322754,-0.5813185572624207,0.0
59.0,-1.39957857131958,-0.587795615196228,0.0
59.0,-1.400526762008667,-0.5958260297775269,0.0
59.0,-1.3977570533752441,-0.6022948026657104,0.0
59.0,-1.4004566669464111,-0.6111505031585693,0.0
59.0,-1.4012748003005981,-0.619235634803772,0.0
59.0,-1.3983968496322632,-0.6257076263427734,0.0
59.0,-1.4009544849395752,-0.6346421241760254,0.0
59.0,-1.3980052471160889,-0.6411124467849731,0.0
59.0,-1.3986544609069824,-0.6492533087730408,0.0
59.0,-1.3956377506256104,-0.6557128429412842,0.0
59.0,-1.3980097770690918,-0.6647348999977112,0.0
59.0,-1.400328278541565,-0.673792839050293,0.0
59.0,-1.3971980810165405,-0.6802598834037781,0.0
59.0,-1.3994203805923462,-0.6893637180328369,0.0
59.0,-1.3962182998657227,-0.6958264112472534,0.0
59.0,-1.3983439207077026,-0.7049752473831177,0.0
59.0,-1.3986331224441528,-0.7132500410079956,0.0
59.0,-1.3953205347061157,-0.7197088003158569,0.0
59.0,-1.3990709781646729,-0.7298523187637329,0.0
59.0,-1.395681619644165,-0.7363129258155823,0.0
59.0,-1.397556185722351,-0.7455819845199585,0.0
59.0,-1.3940942287445068,-0.7520354390144348,0.0
59.0,-1.3958698511123657,-0.7613458633422852,0.0
59.0,-1.3975889682769775,-0.7706886529922485,0.0
59.0,-1.3940107822418213,-0.7771419882774353,0.0
59.0,-1.3956300020217896,-0.7865244746208191,0.0
59.0,-1.3919787406921387,-0.7929686307907104,0.0
59.0,-1.393497347831726,-0.8023898005485535,0.0
59.0,-1.3949583768844604,-0.8118418455123901,0.0
59.0,-1.3911899328231812,-0.8182825446128845,0.0
59.0,-1.3942686319351196,-0.8287935853004456,0.0
59.0,-1.390421986579895,-0.8352309465408325,0.0
59.0,-1.391674518585205,-0.8447638750076294,0.0
59.0,-1.394573450088501,-0.8553718328475952,0.0
59.0,-1.3906038999557495,-0.8618103265762329,0.0
59.0,-1.3950800895690918,-0.8735374212265015,0.0
59.0,-1.391026496887207,-0.8799780607223511,0.0
59.0,-1.3919987678527832,-0.889630913734436,0.0
59.0,-1.3878707885742188,-0.89605712890625,0.0
59.0,-1.3904139995574951,-0.9068344831466675,0.0
59.0,-1.3945571184158325,-0.9187547564506531,0.0
59.0,-1.3902944326400757,-0.9251924753189087,0.0
59.0,-1.3926416635513306,-0.9360732436180115,0.0
59.0,-1.3882989883422852,-0.942501962184906,0.0
59.0,-1.388875126838684,-0.9523035287857056,0.0
59.0,-1.3844573497772217,-0.9587146639823914,0.0
59.0,-1.3882049322128296,-0.9708362817764282,0.0
59.0,-1.3902361392974854,-0.9818592071533203,0.0
59.0,-1.3856818675994873,-0.9882762432098389,0.0
59.0,-1.3892123699188232,-1.000516414642334,0.0
59.0,-1.3845717906951904,-1.006928563117981,0.0
59.0,-1.3863496780395508,-1.0180542469024658,0.0
59.0,-1.380021572113037,-1.0232617855072021,0.0
59.0,-1.3752758502960205,-1.02963125705719,0.0
59.0,-1.3625234365463257,-1.0299484729766846,0.0
59.0,-1.357746958732605,-1.0362368822097778,0.0
59.0,-1.3434361219406128,-1.035178780555725,0.0
59.0,-1.338635802268982,-1.0413789749145508,0.0
59.0,-1.3212237358093262,-1.0376741886138916,0.0
59.0,-1.3038748502731323,-1.033831000328064,0.0
59.0,-1.2990810871124268,-1.0398482084274292,0.0
59.0,-1.2802592515945435,-1.0345300436019897,0.0
59.0,-1.2754625082015991,-1.0404380559921265,0.0
59.0,-1.256743311882019,-1.0348817110061646,0.0
59.0,-1.24117910861969,-1.0317317247390747,0.0
59.0,-1.2363957166671753,-1.037459135055542,0.0
59.0,-1.219377040863037,-1.0328232049942017,0.0
59.0,-1.2145888805389404,-1.038449764251709,0.0
59.0,-1.1991759538650513,-1.0349072217941284,0.0
59.0,-1.1853300333023071,-1.0325583219528198,0.0
59.0,-1.1805435419082642,-1.0380275249481201,0.0
59.0,-1.1637649536132812,-1.0328538417816162,0.0
59.0,-1.1589772701263428,-1.038223385810852,0.0
59.0,-1.14378023147583,-1.0341812372207642,0.0
59.0,-1.1301229000091553,-1.0313690900802612,0.0
59.0,-1.1253423690795898,-1.0365830659866333,0.0
59.0,-1.1102845668792725,-1.0322422981262207,0.0
59.0,-1.105500340461731,-1.0373644828796387,0.0
59.0,-1.0905276536941528,-1.0328376293182373,0.0
59.0,-1.0756207704544067,-1.0281946659088135,0.0
59.0,-1.0708554983139038,-1.0331566333770752,0.0
59.0,-1.0574699640274048,-1.0297247171401978,0.0
59.0,-1.0526978969573975,-1.0346027612686157,0.0
59.0,-1.0393837690353394,-1.0310078859329224,0.0
59.0,-1.0261255502700806,-1.027312159538269,0.0
59.0,-1.0213649272918701,-1.0320453643798828,0.0
59.0,-1.0095813274383545,-1.029616355895996,0.0
59.0,-1.0048102140426636,-1.0342729091644287,0.0
59.0,-0.9930827021598816,-1.0317028760910034,0.0
59.0,-0.9800202250480652,-1.0275992155075073,0.0
59.0,-0.9752587676048279,-1.0321192741394043,0.0
59.0,-0.9650089740753174,-1.030777096748352,0.0
59.0,-0.9602330327033997,-1.035227656364441,0.0
59.0,-0.9473166465759277,-1.030820608139038,0.0
59.0,-0.934461772441864,-1.0263162851333618,0.0
59.0,-0.9297067523002625,-1.0306257009506226,0.0
59.0,-0.9196008443832397,-1.028948187828064,0.0
59.0,-0.9148337841033936,-1.033188819885254,0.0
59.0,-0.9034526348114014,-1.0298899412155151,0.0
59.0,-0.8986814022064209,-1.0340559482574463,0.0
59.0,-0.8873662352561951,-1.0306217670440674,0.0
59.0,-0.8774001002311707,-1.028626799583435,0.0
59.0,-0.872635006904602,-1.03267240524292,0.0
59.0,-0.8614321947097778,-1.0290279388427734,0.0
59.0,-0.8515586256980896,-1.0268417596817017,0.0
59.0,-0.8468020558357239,-1.030767798423767,0.0
59.0,-0.8369777202606201,-1.0284669399261475,0.0
59.0,-0.832213819026947,-1.0323256254196167,0.0
59.0,-0.8211920261383057,-1.0283479690551758,0.0
59.0,-0.8164287805557251,-1.03213369846344,0.0
59.0,-0.8067141175270081,-1.0296000242233276,0.0
59.0,-0.7982666492462158,-1.0285788774490356,0.0
59.0,-0.7935026288032532,-1.0322585105895996,0.0
59.0,-0.782663881778717,-1.0279598236083984,0.0
59.0,-0.7730861306190491,-1.0251799821853638,0.0
59.0,-0.7683380842208862,-1.0287432670593262,0.0
59.0,-0.7600054740905762,-1.0274608135223389,0.0
59.0,-0.7552469968795776,-1.030963659286499,0.0
59.0,-0.7457746267318726,-1.0279690027236938,0.0
59.0,-0.7410139441490173,-1.0314059257507324,0.0
59.0,-0.731599748134613,-1.0283023118972778,0.0
59.0,-0.7233820557594299,-1.0267689228057861,0.0
59.0,-0.7186272144317627,-1.0301024913787842,0.0
59.0,-0.7093101143836975,-1.0268316268920898,0.0
59.0,-0.704555094242096,-1.0301001071929932,0.0
59.0,-0.6964206695556641,-1.0283784866333008,0.0
59.0,-0.6883172988891602,-1.0266036987304688,0.0
59.0,-0.6835635304450989,-1.0297751426696777,0.0
59.0,-0.6744017601013184,-1.0262389183044434,0.0
59.0,-0.6696498990058899,-1.029345989227295,0.0
59.0,-0.6616350412368774,-1.0273865461349487,0.0
59.0,-0.6536526679992676,-1.0253751277923584,0.0
59.0,-0.6489050388336182,-1.0283862352371216,0.0
59.0,-0.6409651637077332,-1.0262863636016846,0.0
59.0,-0.6362134218215942,-1.0292388200759888,0.0
59.0,-0.6283168792724609,-1.0270510911941528,0.0
59.0,-0.6204542517662048,-1.0248123407363892,0.0
59.0,-0.6157095432281494,-1.0276700258255005,0.0
59.0,-0.6089117527008057,-1.0270649194717407,0.0
59.0,-0.6041567921638489,-1.0298691987991333,0.0
59.0,-0.5963768362998962,-1.0274622440338135,0.0
59.0,-0.5916200876235962,-1.0302084684371948,0.0
59.0,-0.5838868618011475,-1.027716040611267,0.0
59.0,-0.5752094388008118,-1.023430585861206,0.0
59.0,-0.5704716444015503,-1.0260790586471558,0.0
59.0,-0.5637940168380737,-1.025200605392456,0.0
59.0,-0.5571368932723999,-1.024282455444336,0.0
59.0,-0.5523952841758728,-1.0268473625183105,0.0
59.0,-0.5457631349563599,-1.0258588790893555,0.0
59.0,-0.5410143733024597,-1.0283712148666382,0.0
59.0,-0.5334851741790771,-1.025538682937622,0.0
59.0,-0.5287380218505859,-1.0279942750930786,0.0
59.0,-0.5221664309501648,-1.0268622636795044,0.0
59.0,-0.5156167149543762,-1.0256916284561157,0.0
59.0,-0.5108690857887268,-1.0280646085739136,0.0
59.0,-0.5034652948379517,-1.0250300168991089,0.0
59.0,-0.49872082471847534,-1.0273468494415283,0.0
59.0,-0.4922355115413666,-1.026035189628601,0.0
59.0,-0.4849162697792053,-1.0228784084320068,0.0
59.0,-0.4801819324493408,-1.0251094102859497,0.0
59.0,-0.47375738620758057,-1.0236884355545044,0.0
59.0,-0.46901941299438477,-1.0258678197860718,0.0
59.0,-0.4618018865585327,-1.022557020187378,0.0
59.0,-0.45543983578681946,-1.0210281610488892,0.0
59.0,-0.4507143795490265,-1.023123025894165,0.0
59.0,-0.4451814889907837,-1.0233619213104248,0.0
59.0,-0.44044533371925354,-1.02540922164917,0.0
59.0,-0.43413808941841125,-1.023751974105835,0.0
59.0,-0.4278557002544403,-1.0220584869384766,0.0
59.0,-0.4231257736682892,-1.0240256786346436,0.0
59.0,-0.4176315367221832,-1.0241190195083618,0.0
59.0,-0.4128921926021576,-1.0260390043258667,0.0
59.0,-0.40666791796684265,-1.024219274520874,0.0
59.0,-0.40192824602127075,-1.0260885953903198,0.0
59.0,-0.39573830366134644,-1.0242047309875488,0.0
59.0,-0.39028656482696533,-1.0241544246673584,0.0
59.0,-0.38554733991622925,-1.02594792842865,0.0
59.0,-0.38149479031562805,-1.0295950174331665,0.0
59.0,-0.3767305314540863,-1.0313477516174316,0.0
59.0,-0.37128064036369324,-1.0311967134475708,0.0
59.0,-0.36584025621414185,-1.0310174226760864,0.0
59.0,-0.36106956005096436,-1.0326977968215942,0.0
59.0,-0.3549884855747223,-1.0305742025375366,0.0
59.0,-0.3502199649810791,-1.032204508781433,0.0
59.0,-0.3441762328147888,-1.0300188064575195,0.0
59.0,-0.3387853503227234,-1.0296992063522339,0.0
59.0,-0.33402103185653687,-1.031254529953003,0.0
59.0,-0.3286421298980713,-1.0308823585510254,0.0
59.0,-0.32387247681617737,-1.0323907136917114,0.0
59.0,-0.31791621446609497,-1.0300549268722534,0.0
59.0,-0.3131504952907562,-1.0315138101577759,0.0
59.0,-0.3072338104248047,-1.0291178226470947,0.0
59.0,-0.30190926790237427,-1.0286082029342651,0.0
59.0,-0.2971504032611847,-1.0299930572509766,0.0
59.0,-0.29183971881866455,-1.029431700706482,0.0
59.0,-0.2870771586894989,-1.0307700634002686,0.0
59.0,-0.28125306963920593,-1.0282279253005981,0.0
59.0,-0.2759774327278137,-1.027585744857788,0.0
59.0,-0.2712235748767853,-1.0288506746292114,0.0
59.0,-0.26596304774284363,-1.0281574726104736,0.0
59.0,-0.26120665669441223,-1.0293761491775513,0.0
59.0,-0.25547876954078674,-1.0266910791397095,0.0
59.0,-0.250255286693573,-1.0259182453155518,0.0
59.0,-0.24550941586494446,-1.027064323425293,0.0
59.0,-0.2407582849264145,-1.0281884670257568,0.0
59.0,-0.23600201308727264,-1.0292905569076538,0.0
59.0,-0.2308027595281601,-1.0284192562103271,0.0
59.0,-0.22561660408973694,-1.0275218486785889,0.0
59.0,-0.22086356580257416,-1.028554081916809,0.0
59.0,-0.21569494903087616,-1.027606725692749,0.0
59.0,-0.2109416425228119,-1.0285929441452026,0.0
59.0,-0.20579108595848083,-1.0275962352752686,0.0
59.0,-0.2010379284620285,-1.0285366773605347,0.0
59.0,-0.1959058940410614,-1.0274906158447266,0.0
59.0,-0.19078783690929413,-1.0264190435409546,0.0
59.0,-0.18604028224945068,-1.0272901058197021,0.0
59.0,-0.18128874897956848,-1.028139352798462,0.0
59.0,-0.17653334140777588,-1.0289665460586548,0.0
59.0,-0.17177416384220123,-1.0297716856002808,0.0
59.0,-0.1663714051246643,-1.0266063213348389,0.0
59.0,-0.1616232544183731,-1.0273644924163818,0.0
59.0,-0.15626828372478485,-1.024146556854248,0.0
59.0,-0.15153160691261292,-1.0248581171035767,0.0
59.0,-0.14650830626487732,-1.0235679149627686,0.0
59.0,-0.14177440106868744,-1.024234414100647,0.0
59.0,-0.1370374709367752,-1.024878978729248,0.0
59.0,-0.13204170763492584,-1.0235178470611572,0.0
59.0,-0.127308189868927,-1.0241174697875977,0.0
59.0,-0.12233441323041916,-1.0227092504501343,0.0
59.0,-0.11760473996400833,-1.023263931274414,0.0
59.0,-0.11287254840135574,-1.0237966775894165,0.0
59.0,-0.10813795030117035,-1.0243076086044312,0.0
59.0,-0.10340104252099991,-1.0247966051101685,0.0
59.0,-0.09847034513950348,-1.02327299118042,0.0
59.0,-0.09373831748962402,-1.0237172842025757,0.0
59.0,-0.08900429308414459,-1.0241397619247437,0.0
59.0,-0.08410441875457764,-1.0225470066070557,0.0
59.0,-0.07937590032815933,-1.0229250192642212,0.0
59.0,-0.07464569061994553,-1.0232809782028198,0.0
59.0,-0.06991388648748398,-1.0236152410507202,0.0
59.0,-0.0650535300374031,-1.021931529045105,0.0
59.0,-0.06032806262373924,-1.0222214460372925,0.0
59.0,-0.05560130625963211,-1.0224894285202026,0.0
59.0,-0.05087336152791977,-1.022735595703125,0.0
59.0,-0.046144332736730576,-1.02295982837677,0.0
59.0,-0.04141431301832199,-1.0231622457504272,0.0
59.0,-0.03668341040611267,-1.0233427286148071,0.0
59.0,-0.031951725482940674,-1.0235013961791992,0.0
59.0,-0.02716618962585926,-1.0216388702392578,0.0
59.0,-0.02244248241186142,-1.0217535495758057,0.0
59.0,-0.017718294635415077,-1.0218462944030762,0.0
59.0,-0.012993729673326015,-1.0219173431396484,0.0
59.0,-0.008268886245787144,-1.0219664573669434,0.0
59.0,-0.0035438663326203823,-1.0219937562942505,0.0
59.0,0.0011812294833362103,-1.0219992399215698,0.0
59.0,0.005906300153583288,-1.0219829082489014,0.0
59.0,0.010631244629621506,-1.0219446420669556,0.0
59.0,0.01535596139729023,-1.021884560585022,0.0
59.0,0.02008035033941269,-1.0218026638031006,0.0
59.0,0.024804310873150826,-1.0216989517211914,0.0
59.0,0.029527738690376282,-1.0215733051300049,0.0
59.0,0.03425053879618645,-1.0214258432388306,0.0
59.0,0.038972605019807816,-1.0212565660476685,0.0
59.0,0.04369383677840233,-1.0210654735565186,0.0
59.0,0.048414137214422226,-1.0208525657653809,0.0
59.0,0.05313339829444885,-1.0206178426742554,0.0
59.0,0.05785152688622475,-1.020361304283142,0.0
59.0,0.062690868973732,-1.0220792293548584,0.0
59.0,0.06741565465927124,-1.0217784643173218,0.0
59.0,0.07213899493217468,-1.0214558839797974,0.0
59.0,0.07686079293489456,-1.0211113691329956,0.0
59.0,0.08158095180988312,-1.0207451581954956,0.0
59.0,0.0862993597984314,-1.0203570127487183,0.0
59.0,0.09101593494415283,-1.0199471712112427,0.0
59.0,0.09573055803775787,-1.0195153951644897,0.0
59.0,0.10044313222169876,-1.0190619230270386,0.0
59.0,0.10515356063842773,-1.0185866355895996,0.0
59.0,0.10986173897981644,-1.0180896520614624,0.0
59.0,0.1145675778388977,-1.0175708532333374,0.0
59.0,0.11950390785932541,-1.0190166234970093,0.0
59.0,0.12421392649412155,-1.0184532403945923,0.0
59.0,0.1289212852716446,-1.0178680419921875,0.0
59.0,0.13362589478492737,-1.0172611474990845,0.0
59.0,0.13832764327526093,-1.0166324377059937,0.0
59.0,0.1430264264345169,-1.0159820318222046,0.0
59.0,0.14772216975688934,-1.0153099298477173,0.0
59.0,0.15271183848381042,-1.0165938138961792,0.0
59.0,0.15741030871868134,-1.0158770084381104,0.0
59.0,0.16210539638996124,-1.0151383876800537,0.0
59.0,0.1671215295791626,-1.0163514614105225,0.0
59.0,0.17181871831417084,-1.0155678987503052,0.0
59.0,0.1765122264623642,-1.0147627592086792,0.0
59.0,0.1812019646167755,-1.0139358043670654,0.0
59.0,0.186248779296875,-1.0150543451309204,0.0
59.0,0.1909397542476654,-1.0141823291778564,0.0
59.0,0.1956266611814499,-1.0132887363433838,0.0
59.0,0.20108579099178314,-1.016297459602356,0.0
59.0,0.20578236877918243,-1.0153568983078003,0.0
59.0,0.21047453582286835,-1.0143946409225464,0.0
59.0,0.2151622176170349,-1.0134106874465942,0.0
59.0,0.22026969492435455,-1.014359474182129,0.0
59.0,0.22539053857326508,-1.0152827501296997,0.0
59.0,0.23008215427398682,-1.0142297744750977,0.0
59.0,0.23567183315753937,-1.0170520544052124,0.0
59.0,0.24037152528762817,-1.0159515142440796,0.0
59.0,0.24600501358509064,-1.0187175273895264,0.0
59.0,0.25119075179100037,-1.0195112228393555,0.0
59.0,0.25590163469314575,-1.018338918685913,0.0
59.0,0.2606070637702942,-1.0171449184417725,0.0
59.0,0.26530691981315613,-1.0159292221069336,0.0
59.0,0.27051541209220886,-1.0166245698928833,0.0
59.0,0.27521276473999023,-1.0153629779815674,0.0
59.0,0.27990421652793884,-1.0140796899795532,0.0
59.0,0.28513073921203613,-1.014700174331665,0.0
59.0,0.28981903195381165,-1.0133711099624634,0.0
59.0,0.2950599491596222,-1.013940691947937,0.0
59.0,0.2997446060180664,-1.0125656127929688,0.0
59.0,0.304999440908432,-1.013084053993225,0.0
59.0,0.3102654218673706,-1.0135754346847534,0.0
59.0,0.31494826078414917,-1.0121301412582397,0.0
59.0,0.3202274441719055,-1.0125702619552612,0.0
59.0,0.32490551471710205,-1.0110788345336914,0.0
59.0,0.330197274684906,-1.0114670991897583,0.0
59.0,0.3367585241794586,-1.0156248807907104,0.0
59.0,0.3414505422115326,-1.0140570402145386,0.0
59.0,0.34742918610572815,-1.0162523984909058,0.0
59.0,0.35212400555610657,-1.0146352052688599,0.0
59.0,0.35747572779655457,-1.0148828029632568,0.0
59.0,0.36216408014297485,-1.0132192373275757,0.0
59.0,0.3675265610218048,-1.0134141445159912,0.0
59.0,0.3735891580581665,-1.015458106994629,0.0
59.0,0.37827998399734497,-1.0137200355529785,0.0
59.0,0.38296276330947876,-1.0119602680206299,0.0
59.0,0.38763734698295593,-1.010178804397583,0.0
59.0,0.39375388622283936,-1.0121036767959595,0.0
59.0,0.3984290063381195,-1.0102723836898804,0.0
59.0,0.40458035469055176,-1.0121338367462158,0.0
59.0,0.4107573330402374,-1.0139597654342651,0.0
59.0,0.4154408574104309,-1.0120497941970825,0.0
59.0,0.42241960763931274,-1.0156582593917847,0.0
59.0,0.427110880613327,-1.013694405555725,0.0
59.0,0.43257805705070496,-1.0135483741760254,0.0
59.0,0.4388465881347656,-1.0152090787887573,0.0
59.0,0.44353556632995605,-1.013169288635254,0.0
59.0,0.4498361647129059,-1.0147647857666016,0.0
59.0,0.4545229971408844,-1.01267409324646,0.0
59.0,0.4608548581600189,-1.0142035484313965,0.0
59.0,0.46553897857666016,-1.0120619535446167,0.0
59.0,0.4702131152153015,-1.0098987817764282,0.0
59.0,0.4774349331855774,-1.0131416320800781,0.0
59.0,0.4821139872074127,-1.0109233856201172,0.0
59.0,0.49025973677635193,-1.0158884525299072,0.0
59.0,0.4949513077735901,-1.0136109590530396,0.0
59.0,0.5005182027816772,-1.0131049156188965,0.0
59.0,0.5051968097686768,-1.0107799768447876,0.0
59.0,0.5107670426368713,-1.0102182626724243,0.0
59.0,0.5172535181045532,-1.0114073753356934,0.0
59.0,0.5219240784645081,-1.009005069732666,0.0
59.0,0.5293647646903992,-1.0118976831436157,0.0
59.0,0.5340374708175659,-1.0094393491744995,0.0
59.0,0.5396422743797302,-1.0087231397628784,0.0
59.0,0.5471548438072205,-1.0114946365356445,0.0
59.0,0.5518255233764648,-1.0089541673660278,0.0
59.0,0.5603556036949158,-1.0133930444717407,0.0
59.0,0.5650349259376526,-1.010791540145874,0.0
59.0,0.5716699957847595,-1.011650800704956,0.0
59.0,0.5783251523971558,-1.0124702453613281,0.0
59.0,0.5829999446868896,-1.0097856521606445,0.0
59.0,0.5896783471107483,-1.0105341672897339,0.0
59.0,0.5943440794944763,-1.007797122001648,0.0
59.0,0.6010450720787048,-1.008474588394165,0.0
59.0,0.605701208114624,-1.0056848526000977,0.0
59.0,0.6124238967895508,-1.0062906742095947,0.0
59.0,0.6202127933502197,-1.0085594654083252,0.0
59.0,0.6248691082000732,-1.0056811571121216,0.0
59.0,0.6337655186653137,-1.0095570087432861,0.0
59.0,0.6384263038635254,-1.0066161155700684,0.0
59.0,0.6463103294372559,-1.008705496788025,0.0
59.0,0.6509670615196228,-1.005706548690796,0.0
59.0,0.6577989459037781,-1.0060341358184814,0.0
59.0,0.6657498478889465,-1.0079885721206665,0.0
59.0,0.670403003692627,-1.0048998594284058,0.0
59.0,0.6783947348594666,-1.006765365600586,0.0
59.0,0.6830421686172485,-1.0036181211471558,0.0
59.0,0.6899408102035522,-1.0037459135055542,0.0
59.0,0.6991361379623413,-1.0071169137954712,0.0
59.0,0.7037849426269531,-1.0038738250732422,0.0
59.0,0.713041365146637,-1.0071384906768799,0.0
59.0,0.717690110206604,-1.0038310289382935,0.0
59.0,0.7258356213569641,-1.0053669214248657,0.0
59.0,0.7304760813713074,-1.002000331878662,0.0
59.0,0.739843487739563,-1.0050550699234009,0.0
59.0,0.7492546439170837,-1.0080444812774658,0.0
59.0,0.7539072036743164,-1.0045695304870605,0.0
59.0,0.76216721534729,-1.0058553218841553,0.0
59.0,0.7668095231056213,-1.0023208856582642,0.0
59.0,0.7775481939315796,-1.0066790580749512,0.0
59.0,0.7821941375732422,-1.0030733346939087,0.0
59.0,0.7905348539352417,-1.0041606426239014,0.0
59.0,0.8001465797424316,-1.0067578554153442,0.0
59.0,0.8047926425933838,-1.0030478239059448,0.0
59.0,0.8144568204879761,-1.0055327415466309,0.0
59.0,0.8190970420837402,-1.0017565488815308,0.0
59.0,0.8300854563713074,-1.0056710243225098,0.0
59.0,0.8347262144088745,-1.0018224716186523,0.0
59.0,0.8457857966423035,-1.0056054592132568,0.0
59.0,0.8556036949157715,-1.0077829360961914,0.0
59.0,0.8602538704872131,-1.0038163661956787,0.0
59.0,0.8688110113143921,-1.004366159439087,0.0
59.0,0.8734452724456787,-1.0003385543823242,0.0
59.0,0.8833504319190979,-1.0022913217544556,0.0
59.0,0.8946214914321899,-1.005668044090271,0.0
59.0,0.899261474609375,-1.0015212297439575,0.0
59.0,0.910597562789917,-1.0047626495361328,0.0
59.0,0.9152332544326782,-1.0005418062210083,0.0
59.0,0.9266329407691956,-1.0036470890045166,0.0
59.0,0.9312633275985718,-0.999352216720581,0.0
59.0,0.9427249431610107,-1.0023202896118164,0.0
59.0,0.9556106925010681,-1.0066540241241455,0.0
59.0,0.9602546095848083,-1.0022250413894653,0.0
59.0,0.9760005474090576,-1.0092765092849731,0.0
59.0,0.9806563854217529,-1.0047533512115479,0.0
59.0,0.9979231953620911,-1.0130318403244019,0.0
59.0,1.002596139907837,-1.0084072351455688,0.0
59.0,1.0214142799377441,-1.0178786516189575,0.0
59.0,1.0403411388397217,-1.0271973609924316,0.0
59.0,1.0450791120529175,-1.0223764181137085,0.0
59.0,1.0655919313430786,-1.0328454971313477,0.0
59.0,1.070355772972107,-1.0279077291488647,0.0
59.0,1.0910348892211914,-1.0381132364273071,0.0
59.0,1.095822811126709,-1.0330578088760376,0.0
59.0,1.1166648864746094,-1.0429973602294922,0.0
59.0,1.1376219987869263,-1.0527658462524414,0.0
59.0,1.1424771547317505,-1.0474950075149536,0.0
59.0,1.1635923385620117,-1.0569943189620972,0.0
59.0,1.1684668064117432,-1.0516033172607422,0.0
59.0,1.1912294626235962,-1.0621620416641235,0.0
59.0,1.1961274147033691,-1.0566432476043701,0.0
59.0,1.2190601825714111,-1.0669078826904297,0.0
59.0,1.2421128749847412,-1.0769827365875244,0.0
59.0,1.2470788955688477,-1.0712285041809082,0.0
59.0,1.2702958583831787,-1.081005334854126,0.0
59.0,1.2752801179885864,-1.0751206874847412,0.0
59.0,1.2986578941345215,-1.0845974683761597,0.0
59.0,1.3036584854125977,-1.078581690788269,0.0
59.0,1.1508530378341675,-0.9432291984558105,0.0
59.0,1.1552016735076904,-0.9378982782363892,0.0
59.0,1.1595255136489868,-0.9325473308563232,0.0
59.0,1.1872888803482056,-0.945869505405426,0.0
59.0,1.191649317741394,-0.9403701424598694,0.0
59.0,1.1959842443466187,-0.9348506331443787,0.0
59.0,1.2224334478378296,-0.9464526176452637,0.0
59.0,1.2267961502075195,-0.9407907128334045,0.0
59.0,1.2518373727798462,-0.9508350491523743,0.0
59.0,1.2562201023101807,-0.9450371861457825,0.0
59.0,1.2862364053726196,-0.9583380222320557,0.0
59.0,1.3180114030838013,-0.972568690776825,0.0
59.0,1.3224939107894897,-0.966464638710022,0.0
59.0,1.352871298789978,-0.9791011214256287,0.0
59.0,1.3573836088180542,-0.9728358387947083,0.0
59.0,1.3895936012268066,-0.9862279891967773,0.0
59.0,1.3941384553909302,-0.9797928333282471,0.0
59.0,1.4249192476272583,-0.991615355014801,0.0
59.0,1.452544927597046,-1.0009043216705322,0.0
59.0,1.457157015800476,-0.9941779375076294,0.0
59.0,1.4816254377365112,-1.0008647441864014,0.0
59.0,1.4862369298934937,-0.9940038919448853,0.0
59.0,1.5124952793121338,-1.0014759302139282,0.0
59.0,1.5171092748641968,-0.9944724440574646,0.0
59.0,1.540145754814148,-0.9994232654571533,0.0
59.0,1.5666255950927734,-1.006343960762024,0.0
59.0,1.5712615251541138,-0.9990901350975037,0.0
59.0,1.5826345682144165,-0.9960762858390808,0.0
59.0,1.5872228145599365,-0.9887484908103943,0.0
59.0,1.5798602104187012,-0.9740521907806396,0.0
59.0,1.5758103132247925,-0.9615287780761719,0.0
59.0,1.580238938331604,-0.9542329907417297,0.0
59.0,1.5760496854782104,-0.9417871832847595,0.0
59.0,1.5803871154785156,-0.934490442276001,0.0
59.0,1.5777857303619385,-0.9231337904930115,0.0
59.0,1.5820368528366089,-0.9158291816711426,0.0
59.0,1.5793122053146362,-0.9045291543006897,0.0
59.0,1.590437650680542,-0.9011614918708801,0.0
59.0,1.594586968421936,-0.8937987089157104,0.0
59.0,1.612695336341858,-0.8941753506660461,0.0
59.0,1.6168122291564941,-0.8867096900939941,0.0
59.0,1.638474702835083,-0.8887611627578735,0.0
59.0,1.656665563583374,-0.8887401819229126,0.0
59.0,1.6607568264007568,-0.8810712695121765,0.0
59.0,1.6789813041687012,-0.880816638469696,0.0
59.0,1.6830357313156128,-0.8730446696281433,0.0
59.0,1.4584875106811523,-0.7142757773399353,0.0
59.0,1.4617743492126465,-0.7075250148773193,0.0
59.0,1.4650298357009888,-0.7007591128349304,0.0
59.0,1.4682540893554688,-0.6939782500267029,0.0
59.0,1.4877560138702393,-0.6947991251945496,0.0
59.0,1.490952491760254,-0.6879132390022278,0.0
59.0,1.494117021560669,-0.6810126304626465,0.0
59.0,1.5100154876708984,-0.6798450350761414,0.0
59.0,1.5131425857543945,-0.6728563904762268,0.0
59.0,1.5290555953979492,-0.6714825630187988,0.0
59.0,1.5321438312530518,-0.6644060015678406,0.0
59.0,1.5499076843261719,-0.6636128425598145,0.0
59.0,1.5529593229293823,-0.6564399600028992,0.0
59.0,1.5652064085006714,-0.6531038880348206,0.0
59.0,1.5663599967956543,-0.6450987458229065,0.0
59.0,1.5693258047103882,-0.6378499865531921,0.0
59.0,1.5685455799102783,-0.629098653793335,0.0
59.0,1.5714373588562012,-0.6218399405479431,0.0
59.0,1.5687062740325928,-0.6123860478401184,0.0
59.0,1.5659215450286865,-0.6029707193374634,0.0
59.0,1.5686925649642944,-0.5957244634628296,0.0
59.0,1.5658111572265625,-0.586361289024353,0.0
59.0,1.5685054063796997,-0.5791156888008118,0.0
59.0,1.567407250404358,-0.5704895853996277,0.0
59.0,1.5643805265426636,-0.5612107515335083,0.0
59.0,1.5669584274291992,-0.553972065448761,0.0
59.0,1.565725564956665,-0.5454056859016418,0.0
59.0,1.5682305097579956,-0.5381609201431274,0.0
59.0,1.5669125318527222,-0.5296238660812378,0.0
59.0,1.569344401359558,-0.5223737955093384,0.0
59.0,1.566041111946106,-0.5132439136505127,0.0
59.0,1.564590573310852,-0.5047699213027954,0.0
59.0,1.566907525062561,-0.49753081798553467,0.0
59.0,1.5653730630874634,-0.48908817768096924,0.0
59.0,1.5676175355911255,-0.4818456470966339,0.0
59.0,1.5640852451324463,-0.4728564918041229,0.0
59.0,1.5624206066131592,-0.46448028087615967,0.0
59.0,1.5645513534545898,-0.4572516679763794,0.0
59.0,1.5628042221069336,-0.4489089548587799,0.0
59.0,1.5648629665374756,-0.4416787326335907,0.0
59.0,1.5649608373641968,-0.4339046776294708,0.0
59.0,1.5630908012390137,-0.42561376094818115,0.0
59.0,1.5650418996810913,-0.418382465839386,0.0
59.0,1.561155915260315,-0.40961945056915283,0.0
59.0,1.563033103942871,-0.4023972749710083,0.0
59.0,1.5571202039718628,-0.3932077884674072,0.0
59.0,1.5492147207260132,-0.3836009204387665,0.0
59.0,1.5509716272354126,-0.37643423676490784,0.0
59.0,1.5371297597885132,-0.3655576705932617,0.0
59.0,1.5388033390045166,-0.35844704508781433,0.0
59.0,1.5384941101074219,-0.35088399052619934,0.0
59.0,1.5714588165283203,-0.16406521201133728,0.0
59.0,1.5722005367279053,-0.15679800510406494,0.0
59.0,1.572908639907837,-0.14952747523784637,0.0
59.0,1.5735831260681152,-0.14225372672080994,0.0
59.0,1.562267780303955,-0.133951798081398,0.0
59.0,1.5628705024719238,-0.1267274171113968,0.0
59.0,1.5634396076202393,-0.11950033158063889,0.0
59.0,1.56397545337677,-0.11227069050073624,0.0
59.0,1.5564957857131958,-0.10450273752212524,0.0
59.0,1.5549662113189697,-0.09718061238527298,0.0
59.0,1.5553988218307495,-0.08999038487672806,0.0
59.0,1.5577954053878784,-0.08290452510118484,0.0
59.0,1.5581620931625366,-0.07570137083530426,0.0
59.0,1.5684858560562134,-0.06893568485975266,0.0
59.0,1.5687878131866455,-0.061683252453804016,0.0
59.0,1.5770514011383057,-0.05470684543251991,0.0
59.0,1.5872830152511597,-0.0477154441177845,0.0
59.0,1.5874866247177124,-0.04037633165717125,0.0
59.0,1.5976542234420776,-0.03324439749121666,0.0
59.0,1.5977908372879028,-0.02585749141871929,0.0
59.0,1.607892632484436,-0.01858561486005783,0.0
59.0,1.6179611682891846,-0.011220879852771759,0.0
59.0,1.6179957389831543,-0.0037403227761387825,0.0
59.0,1.6279957294464111,0.0037634307518601418,0.0
59.0,1.6279609203338623,0.01129022054374218,0.0
59.0,1.6378905773162842,0.01893235184252262,0.0
59.0,1.63778555393219,0.026504727080464363,0.0
59.0,1.6456438302993774,0.034242965281009674,0.0
59.0,1.6574640274047852,0.04215613380074501,0.0
59.0,1.6572513580322266,0.04981875792145729,0.0
59.0,1.6689960956573486,0.05789633467793465,0.0
59.0,1.6687105894088745,0.06561210751533508,0.0
59.0,1.4326428174972534,0.22368428111076355,0.0
59.0,1.4315932989120483,0.2303055375814438,0.0
59.0,1.4305132627487183,0.23692186176776886,0.0
59.0,1.4294025897979736,0.24353311955928802,0.0
59.0,1.4376877546310425,0.26551443338394165,0.0
59.0,1.436444878578186,0.27215856313705444,0.0
59.0,1.4351712465286255,0.27879688143730164,0.0
59.0,1.4338668584823608,0.2854292392730713,0.0
59.0,1.444290041923523,0.29445263743400574,0.0
59.0,1.4566179513931274,0.3039870858192444,0.0
59.0,1.4551969766616821,0.3107183277606964,0.0
59.0,1.4674224853515625,0.32042959332466125,0.0
59.0,1.4659253358840942,0.3272106349468231,0.0
59.0,1.4780464172363281,0.337097704410553,0.0
59.0,1.4901070594787598,0.3471037447452545,0.0
59.0,1.4884862899780273,0.3539893627166748,0.0
59.0,1.5043259859085083,0.36511290073394775,0.0
59.0,1.5026217699050903,0.3720640540122986,0.0
59.0,1.5222160816192627,0.38439369201660156,0.0
59.0,1.5204225778579712,0.3914273679256439,0.0
59.0,1.5418107509613037,0.4045436382293701,0.0
59.0,1.5611776113510132,0.4173494279384613,0.0
59.0,1.5592314004898071,0.42456287145614624,0.0
59.0,1.5784519910812378,0.4376452565193176,0.0
59.0,1.5764117240905762,0.4449383318424225,0.0
59.0,1.591638207435608,0.4571914076805115,0.0
59.0,1.5895073413848877,0.46454524993896484,0.0
59.0,1.600762128829956,0.4758785665035248,0.0
59.0,1.6119458675384521,0.4873258173465729,0.0
59.0,1.609675645828247,0.4947732090950012,0.0
59.0,1.6207337379455566,0.5063852071762085,0.0
59.0,1.6183751821517944,0.5138730406761169,0.0
59.0,1.6312092542648315,0.5262625217437744,0.0
59.0,1.6287587881088257,0.5337985754013062,0.0
59.0,1.6376591920852661,0.5451130867004395,0.0
59.0,1.6483843326568604,0.5571616888046265,0.0
59.0,1.645790696144104,0.5647768378257751,0.0
59.0,1.6563827991485596,0.576985239982605,0.0
59.0,1.6536974906921387,0.5846371650695801,0.0
59.0,1.6622719764709473,0.5963286757469177,0.0
59.0,1.6594971418380737,0.6040076017379761,0.0
59.0,1.4615617990493774,0.5396304726600647,0.0
59.0,1.459051251411438,0.5463820695877075,0.0
59.0,1.4565094709396362,0.5531219840049744,0.0
59.0,1.4371389150619507,0.5533819198608398,0.0
59.0,1.451332688331604,0.5665661692619324,0.0
59.0,1.448697805404663,0.5732701420783997,0.0
59.0,1.4608820676803589,0.5859178900718689,0.0
59.0,1.4581575393676758,0.5926657915115356,0.0
59.0,1.47019624710083,0.6054940819740295,0.0
59.0,1.4839929342269897,0.6192164421081543,0.0
59.0,1.4811142683029175,0.6260708570480347,0.0
59.0,1.4965894222259521,0.640783965587616,0.0
59.0,1.4936108589172363,0.6476963758468628,0.0
59.0,1.5107436180114746,0.6634408235549927,0.0
59.0,1.507660150527954,0.6704185009002686,0.0
59.0,1.520957589149475,0.6847714185714722,0.0
59.0,1.5305145978927612,0.6976025104522705,0.0
59.0,1.5272729396820068,0.7046712040901184,0.0
59.0,1.5312471389770508,0.7151099443435669,0.0
59.0,1.5279245376586914,0.7221818566322327,0.0
59.0,1.5281777381896973,0.7309643030166626,0.0
59.0,1.5247819423675537,0.7380217909812927,0.0
59.0,1.5267419815063477,0.7477025389671326,0.0
59.0,1.5286449193954468,0.7574170231819153,0.0
59.0,1.5251268148422241,0.7644764184951782,0.0
59.0,1.5269274711608887,0.7742329239845276,0.0
59.0,1.5233315229415894,0.7812842130661011,0.0
59.0,1.525029182434082,0.7910816073417664,0.0
59.0,1.5266685485839844,0.8009113073348999,0.0
59.0,1.5229493379592896,0.807961106300354,0.0
59.0,1.526247262954712,0.818775475025177,0.0
59.0,1.5224454402923584,0.8258231282234192,0.0
59.0,1.523871898651123,0.8357383608818054,0.0
59.0,1.5234898328781128,0.8447144627571106,0.0
59.0,1.5195682048797607,0.8517491221427917,0.0
59.0,1.5121338367462158,0.8567936420440674,0.0
59.0,1.508156418800354,0.8637756705284119,0.0
59.0,1.5024157762527466,0.8697371482849121,0.0
59.0,1.4983786344528198,0.8766740560531616,0.0
59.0,1.4770938158035278,0.8734126091003418,0.0
59.0,1.2628823518753052,1.1260515451431274,0.0
59.0,1.2576627731323242,1.13187837600708,0.0
59.0,1.2524162530899048,1.1376808881759644,0.0
59.0,1.2471429109573364,1.1434590816497803,0.0
59.0,1.231567621231079,1.1397039890289307,0.0
59.0,1.2262850999832153,1.1453858613967896,0.0
59.0,1.22097647190094,1.151043176651001,0.0
59.0,1.2069482803344727,1.1484041213989258,0.0
59.0,1.2016258239746094,1.1539719104766846,0.0
59.0,1.191969394683838,1.155339241027832,0.0
59.0,1.183755874633789,1.1580406427383423,0.0
59.0,1.1783891916275024,1.163501262664795,0.0
59.0,1.1673306226730347,1.1632899045944214,0.0
59.0,1.1619397401809692,1.1686744689941406,0.0
59.0,1.1452957391738892,1.1626355648040771,0.0
59.0,1.1315265893936157,1.1593307256698608,0.0
59.0,1.1261544227600098,1.1645498275756836,0.0
59.0,0.9568167924880981,1.2998067140579224,0.0
59.0,0.9507970809936523,1.3042165040969849,0.0
59.0,0.9447569847106934,1.308598518371582,0.0
59.0,0.9386968016624451,1.3129525184631348,0.0
59.0,0.925682544708252,1.30748450756073,0.0
59.0,0.9196276664733887,1.3117502927780151,0.0
59.0,0.910131573677063,1.3110592365264893,0.0
59.0,0.9040603041648865,1.3152531385421753,0.0
59.0,0.8968445062637329,1.317765474319458,0.0
59.0,0.8896247744560242,1.3202393054962158,0.0
59.0,0.8835113048553467,1.3243381977081299,0.0
59.0,0.8762767314910889,1.326740026473999,0.0
59.0,0.8701333403587341,1.3307772874832153,0.0
59.0,0.8628846406936646,1.3331069946289062,0.0
59.0,0.8567119836807251,1.3370821475982666,0.0
59.0,0.8505209684371948,1.3410288095474243,0.0
59.0,0.8443118333816528,1.3449467420578003,0.0
59.0,0.8380845785140991,1.3488359451293945,0.0
59.0,0.8318394422531128,1.3526962995529175,0.0
59.0,0.8255765438079834,1.3565278053283691,0.0
59.0,0.8182640671730042,1.358616828918457,0.0
59.0,0.8119739294052124,1.3623855113983154,0.0
59.0,0.805666446685791,1.3661249876022339,0.0
59.0,0.7993417382240295,1.3698352575302124,0.0
59.0,0.7929999232292175,1.373516321182251,0.0
59.0,0.7856492400169373,1.3754312992095947,0.0
59.0,0.7792816758155823,1.3790489435195923,0.0
59.0,0.7728975415229797,1.3826371431350708,0.0
59.0,0.7664967775344849,1.3861957788467407,0.0
59.0,0.7600797414779663,1.3897247314453125,0.0
59.0,0.7536463737487793,1.3932240009307861,0.0
59.0,0.7471969127655029,1.396693468093872,0.0
59.0,0.7407315373420715,1.4001331329345703,0.0
59.0,0.7342502474784851,1.4035428762435913,0.0
59.0,0.7277532815933228,1.4069225788116455,0.0
59.0,0.7276154160499573,1.4227367639541626,0.0
59.0,0.7210298180580139,1.4260855913162231,0.0
59.0,0.47568973898887634,0.9517433047294617,0.0
59.0,0.4686267673969269,0.9485530257225037,0.0
59.0,0.46423622965812683,0.9507095813751221,0.0
59.0,0.45983579754829407,0.9528457522392273,0.0
59.0,0.455425500869751,0.9549615383148193,0.0
59.0,0.4484478533267975,0.9516294598579407,0.0
59.0,0.4423549175262451,0.9500663876533508,0.0
59.0,0.43795767426490784,0.9521013498306274,0.0
59.0,0.4318963289260864,0.9504744410514832,0.0
59.0,0.4274972975254059,0.9524610638618469,0.0
59.0,0.42065760493278503,0.9489421248435974,0.0
59.0,0.41546374559402466,0.9490447640419006,0.0
59.0,0.4110715091228485,0.9509554505348206,0.0
59.0,0.4051003158092499,0.9491668343544006,0.0
59.0,0.4007076323032379,0.9510295987129211,0.0
59.0,0.3955383598804474,0.9510254263877869,0.0
59.0,0.39113718271255493,0.952843964099884,0.0
59.0,0.3852258324623108,0.950934886932373,0.0
59.0,0.3800828456878662,0.9508486390113831,0.0
59.0,0.37568265199661255,0.9525957703590393,0.0
59.0,0.3698241114616394,0.9505946040153503,0.0
59.0,0.3654251992702484,0.9522942900657654,0.0
59.0,0.3603106141090393,0.9521030783653259,0.0
59.0,0.35450640320777893,0.9500111937522888,0.0
59.0,0.35011035203933716,0.9516400694847107,0.0
59.0,0.3450249433517456,0.9513683319091797,0.0
59.0,0.3406227231025696,0.9529533386230469,0.0
59.0,0.3355487883090973,0.9526315927505493,0.0
59.0,0.32917362451553345,0.9485043883323669,0.0
59.0,0.3247848153114319,0.9500161409378052,0.0
59.0,0.319112628698349,0.9477167725563049,0.0
59.0,0.3147275745868683,0.9491820335388184,0.0
59.0,0.3097151219844818,0.9487257599830627,0.0
59.0,0.30410176515579224,0.9463393688201904,0.0
59.0,0.29972323775291443,0.9477351903915405,0.0
59.0,0.2947440445423126,0.9472010731697083,0.0
59.0,0.2903616428375244,0.9485536813735962,0.0
59.0,0.2853964567184448,0.9479709267616272,0.0
59.0,0.28101059794425964,0.9492802619934082,0.0
59.0,0.2760598659515381,0.948648989200592,0.0
59.0,0.2705710828304291,0.9460694193840027,0.0
59.0,0.2661941647529602,0.9473102688789368,0.0
59.0,0.2612794041633606,0.9466028809547424,0.0
59.0,0.2563769221305847,0.9458704590797424,0.0
59.0,0.2520010471343994,0.9470456838607788,0.0
59.0,0.24711446464061737,0.9462655186653137,0.0
59.0,0.24273689091205597,0.9473978877067566,0.0
59.0,0.23786669969558716,0.9465703368186951,0.0
59.0,0.23300933837890625,0.9457180500030518,0.0
59.0,0.22863443195819855,0.9467852115631104,0.0
59.0,0.22379417717456818,0.9458858966827393,0.0
59.0,0.21941860020160675,0.9469105005264282,0.0
59.0,0.21459588408470154,0.9459643959999084,0.0
59.0,0.21022003889083862,0.9469464421272278,0.0
59.0,0.2054152935743332,0.9459537863731384,0.0
59.0,0.2006242275238037,0.944936990737915,0.0
59.0,0.19625328481197357,0.9458544850349426,0.0
59.0,0.19148088991641998,0.9447915554046631,0.0
59.0,0.18711072206497192,0.9456667304039001,0.0
59.0,0.18273654580116272,0.9465216994285583,0.0
59.0,0.1779884397983551,0.9453909993171692,0.0
59.0,0.17361563444137573,0.9462038278579712,0.0
59.0,0.16853544116020203,0.9430587291717529,0.0
59.0,0.16417351365089417,0.9438278675079346,0.0
59.0,0.15980809926986694,0.9445767998695374,0.0
59.0,0.15511474013328552,0.9433320760726929,0.0
59.0,0.15075170993804932,0.9440391063690186,0.0
59.0,0.14607921242713928,0.9427496194839478,0.0
59.0,0.14171896874904633,0.9434149265289307,0.0
59.0,0.13735570013523102,0.9440600872039795,0.0
59.0,0.13298949599266052,0.9446850419044495,0.0
59.0,0.1286204308271408,0.9452897906303406,0.0
59.0,0.12398815900087357,0.9438914060592651,0.0
59.0,0.11962287127971649,0.944454550743103,0.0
59.0,0.11501289159059525,0.9430121779441833,0.0
59.0,0.11065176874399185,0.9435338973999023,0.0
59.0,0.10628827661275864,0.9440353512763977,0.0
59.0,0.10170794278383255,0.942528247833252,0.0
59.0,0.09734919667243958,0.942988395690918,0.0
59.0,0.09298837184906006,0.9434283971786499,0.0
59.0,0.08862555772066116,0.9438482522964478,0.0
59.0,0.08408308029174805,0.9422557950019836,0.0
59.0,0.07972577959299088,0.9426344633102417,0.0
59.0,0.0753667801618576,0.9429929852485657,0.0
59.0,0.07085604965686798,0.9413370490074158,0.0
59.0,0.0665031373500824,0.9416545629501343,0.0
59.0,0.0621488057076931,0.9419519901275635,0.0
59.0,0.05779314786195755,0.9422292709350586,0.0
59.0,0.05343625321984291,0.9424864053726196,0.0
59.0,0.049078214913606644,0.9427233338356018,0.0
59.0,0.04471912980079651,0.9429401755332947,0.0
59.0,0.04027358070015907,0.9411386847496033,0.0
59.0,0.035921916365623474,0.9413148164749146,0.0
59.0,0.03156948462128639,0.9414708018302917,0.0
59.0,0.02721637673676014,0.9416067004203796,0.0
59.0,0.022862685844302177,0.9417225122451782,0.0
59.0,0.018508508801460266,0.941818118095398,0.0
59.0,0.014153935015201569,0.9418936371803284,0.0
59.0,0.009799058549106121,0.9419490098953247,0.0
59.0,0.005443972535431385,0.941984236240387,0.0
59.0,0.0010887705720961094,0.9419993162155151,0.0
59.0,-0.0032664549071341753,0.941994309425354,0.0
59.0,-0.007621610537171364,0.9419691562652588,0.0
59.0,-0.011976603418588638,0.9419238567352295,0.0
59.0,-0.01633133925497532,0.9418584108352661,0.0
59.0,-0.020685726776719093,0.9417728185653687,0.0
59.0,-0.0250396728515625,0.9416671395301819,0.0
59.0,-0.029393082484602928,0.941541314125061,0.0
59.0,-0.033745866268873215,0.9413953423500061,0.0
59.0,-0.03809792548418045,0.9412292242050171,0.0
59.0,-0.04244917258620262,0.9410430192947388,0.0
59.0,-0.04679951071739197,0.9408367276191711,0.0
59.0,-0.05114884674549103,0.9406102895736694,0.0
59.0,-0.05549709498882294,0.9403637647628784,0.0
59.0,-0.05984415113925934,0.9400971531867981,0.0
59.0,-0.06418993324041367,0.9398103952407837,0.0
59.0,-0.06853433698415756,0.9395036101341248,0.0
59.0,-0.07303201407194138,0.9411707520484924,0.0
59.0,-0.0772186666727066,0.9388297200202942,0.0
59.0,-0.08155839890241623,0.9384626746177673,0.0
59.0,-0.08607876300811768,0.9400672912597656,0.0
59.0,-0.09042412787675858,0.9396592378616333,0.0
59.0,-0.09476755559444427,0.9392311573028564,0.0
59.0,-0.09910895675420761,0.9387829303741455,0.0
59.0,-0.10344824194908142,0.93831467628479,0.0
59.0,-0.10778531432151794,0.93782639503479,0.0
59.0,-0.11212008446455002,0.9373180270195007,0.0
59.0,-0.11669917404651642,0.9387743473052979,0.0
59.0,-0.12103822827339172,0.9382247924804688,0.0
59.0,-0.12563976645469666,0.9396375417709351,0.0
59.0,-0.12998270988464355,0.9390466213226318,0.0
59.0,-0.1343228816986084,0.9384356141090393,0.0
59.0,-0.13895271718502045,0.9397830367088318,0.0
59.0,-0.14329619705677032,0.9391305446624756,0.0
59.0,-0.14794743061065674,0.9404337406158447,0.0
59.0,-0.1522938311100006,0.9397396445274353,0.0
59.0,-0.15696603059768677,0.9409981966018677,0.0
59.0,-0.16097676753997803,0.9382912516593933,0.0
59.0,-0.16531310975551605,0.9375370144844055,0.0
59.0,-0.17000232636928558,0.9387306571006775,0.0
59.0,-0.1743406057357788,0.9379346370697021,0.0
59.0,-0.17904974520206451,0.9390831589698792,0.0
59.0,-0.1837732195854187,0.9402081966400146,0.0
59.0,-0.18811818957328796,0.9393484592437744,0.0
59.0,-0.1928609311580658,0.9404278993606567,0.0
59.0,-0.19720681011676788,0.9395262002944946,0.0
59.0,-0.2015484869480133,0.9386043548583984,0.0
59.0,-0.2058858424425125,0.9376624822616577,0.0
59.0,-0.21021881699562073,0.9367005825042725,0.0
59.0,-0.21499426662921906,0.9376680850982666,0.0
59.0,-0.2193271517753601,0.9366641044616699,0.0
59.0,-0.22458532452583313,0.9395304322242737,0.0
59.0,-0.22892671823501587,0.9384820461273193,0.0
59.0,-0.23374615609645844,0.939354419708252,0.0
59.0,-0.23857857286930084,0.9402022957801819,0.0
59.0,-0.24292293190956116,0.9390891790390015,0.0
59.0,-0.24726209044456482,0.9379560351371765,0.0
59.0,-0.25159597396850586,0.9368028044700623,0.0
59.0,-0.25645214319229126,0.9375587105751038,0.0
59.0,-0.2607840895652771,0.9363629817962646,0.0
59.0,-0.2662014365196228,0.9389956593513489,0.0
59.0,-0.27109429240226746,0.9396764636039734,0.0
59.0,-0.2754358649253845,0.9384130239486694,0.0
59.0,-0.2797715663909912,0.937129557132721,0.0
59.0,-0.284101277589798,0.9358260631561279,0.0
59.0,-0.2890147566795349,0.9364136457443237,0.0
59.0,-0.2939396798610687,0.9369757175445557,0.0
59.0,-0.29826852679252625,0.9356066584587097,0.0
59.0,-0.30320730805397034,0.9361203908920288,0.0
59.0,-0.30753210186958313,0.9347085356712341,0.0
59.0,-0.31311798095703125,0.9370704889297485,0.0
59.0,-0.31744706630706787,0.9356127977371216,0.0
59.0,-0.32242071628570557,0.9360260963439941,0.0
59.0,-0.3274049460887909,0.9364133477210999,0.0
59.0,-0.33173084259033203,0.9348896145820618,0.0
59.0,-0.33740466833114624,0.9371094107627869,0.0
59.0,-0.3417336642742157,0.9355394840240479,0.0
59.0,-0.34675025939941406,0.9358249306678772,0.0
59.0,-0.3510732352733612,0.934211790561676,0.0
59.0,-0.3561008870601654,0.9344475269317627,0.0
59.0,-0.3618590235710144,0.9365222454071045,0.0
59.0,-0.3661850392818451,0.9348392486572266,0.0
59.0,-0.37197938561439514,0.9368540048599243,0.0
59.0,-0.37630683183670044,0.9351241588592529,0.0
59.0,-0.38213664293289185,0.9370781779289246,0.0
59.0,-0.3879925608634949,0.9389983415603638,0.0
59.0,-0.39232975244522095,0.9371944665908813,0.0
59.0,-0.3974393904209137,0.937211811542511,0.0
59.0,-0.40176820755004883,0.9353642463684082,0.0
59.0,-0.4076840579509735,0.9371646642684937,0.0
59.0,-0.41201257705688477,0.9352697730064392,0.0
59.0,-0.41633227467536926,0.933354914188385,0.0
59.0,-0.4222894310951233,0.9350655674934387,0.0
59.0,-0.4266080856323242,0.9331032037734985,0.0
59.0,-0.4317575991153717,0.932935893535614,0.0
59.0,-0.43606629967689514,0.9309297204017639,0.0
59.0,-0.4420791268348694,0.9325180649757385,0.0
59.0,-0.44638577103614807,0.9304642081260681,0.0
59.0,-0.45242977142333984,0.9319888949394226,0.0
59.0,-0.4584972858428955,0.9334774613380432,0.0
59.0,-0.46280819177627563,0.931347668170929,0.0
59.0,-0.46890580654144287,0.9327718615531921,0.0
59.0,-0.4732133746147156,0.9305939674377441,0.0
59.0,-0.4802550673484802,0.933731734752655,0.0
59.0,-0.486412912607193,0.9350500106811523,0.0
59.0,-0.49073082208633423,0.9327911138534546,0.0
59.0,-0.49691689014434814,0.9340436458587646,0.0
59.0,-0.501230001449585,0.9317362308502197,0.0
59.0,-0.506488025188446,0.9311658143997192,0.0
59.0,-0.5107877254486084,0.928814172744751,0.0
59.0,-1.094294786453247,1.9682538509368896,0.0
59.0,-1.1033830642700195,1.963173508644104,0.0
59.0,-1.112447738647461,1.9580512046813965,0.0
59.0,-1.1214886903762817,1.952886939048767,0.0
59.0,-1.136529564857483,1.958059310913086,0.0
59.0,-1.1455702781677246,1.9527838230133057,0.0
59.0,-1.1545864343643188,1.947466492652893,0.0
59.0,-1.1697453260421753,1.9524015188217163,0.0
59.0,-1.1787595748901367,1.9469724893569946,0.0
59.0,-1.1919233798980713,1.9483259916305542,0.0
59.0,-1.200918436050415,1.9427945613861084,0.0
59.0,-1.2162445783615112,1.947399616241455,0.0
59.0,-1.225235104560852,1.9417556524276733,0.0
59.0,-1.2384997606277466,1.942815899848938,0.0
59.0,-1.253966212272644,1.9471580982208252,0.0
59.0,-1.2629551887512207,1.9413397312164307,0.0
59.0,-1.2785075902938843,1.945508360862732,0.0
59.0,-1.2874886989593506,1.939576506614685,0.0
59.0,-1.3008973598480225,1.940247893333435,0.0
59.0,-1.3165827989578247,1.9441486597061157,0.0
59.0,-1.3255572319030762,1.938040852546692,0.0
59.0,-1.3435970544815063,1.9450560808181763,0.0
59.0,-1.352575421333313,1.9388233423233032,0.0
59.0,-1.3684360980987549,1.9423589706420898,0.0
59.0,-1.3820394277572632,1.9425301551818848,0.0
59.0,-1.3910057544708252,1.9361196756362915,0.0
59.0,-1.4093378782272339,1.9426186084747314,0.0
59.0,-1.4183043241500854,1.9360820055007935,0.0
59.0,-1.4343764781951904,1.9391512870788574,0.0
59.0,-1.4433265924453735,1.9324989318847656,0.0
59.0,-1.4618792533874512,1.9385801553726196,0.0
59.0,-1.4780957698822021,1.9413483142852783,0.0
59.0,-1.4870555400848389,1.9344937801361084,0.0
59.0,-1.503340721130371,1.9370777606964111,0.0
59.0,-1.5122805833816528,1.930106520652771,0.0
59.0,-1.5236696004867554,1.9262313842773438,0.0
59.0,-1.5250709056854248,1.9097892045974731,0.0
59.0,-1.5338842868804932,1.9027178287506104,0.0
59.0,-1.5275160074234009,1.8769910335540771,0.0
59.0,-1.536177635192871,1.8699086904525757,0.0
59.0,-1.529486060142517,1.844312310218811,0.0
59.0,-1.5200234651565552,1.815751314163208,0.0
59.0,-1.5284020900726318,1.8087042570114136,0.0
59.0,-1.5211730003356934,1.7833589315414429,0.0
59.0,-1.5294018983840942,1.7763069868087769,0.0
59.0,-1.5218546390533447,1.7511019706726074,0.0
59.0,-1.5299344062805176,1.7440471649169922,0.0
59.0,-1.5220712423324585,1.7189866304397583,0.0
59.0,-1.5166749954223633,1.6970188617706299,0.0
59.0,-1.5245047807693481,1.689988613128662,0.0
59.0,-1.516144037246704,1.6651761531829834,0.0
59.0,-1.5238265991210938,1.6581486463546753,0.0
59.0,-1.5178755521774292,1.6364223957061768,0.0
59.0,-1.5117563009262085,1.6147868633270264,0.0
59.0,-1.519205927848816,1.6077800989151,0.0
59.0,-1.5128198862075806,1.5862659215927124,0.0
59.0,-1.5201376676559448,1.5792546272277832,0.0
59.0,-1.5106992721557617,1.5549956560134888,0.0
59.0,-1.5038700103759766,1.5337141752243042,0.0
59.0,-1.5109448432922363,1.5267448425292969,0.0
59.0,-1.5066802501678467,1.5084224939346313,0.0
59.0,-1.5136381387710571,1.5014405250549316,0.0
59.0,-1.5062994956970215,1.4804073572158813,0.0
59.0,-1.5016647577285767,1.4622650146484375,0.0
59.0,-1.5084092617034912,1.4553065299987793,0.0
59.0,-1.5006643533706665,1.4344972372055054,0.0
59.0,-1.5072804689407349,1.4275438785552979,0.0
59.0,-1.5021969079971313,1.4096113443374634,0.0
59.0,-1.5086979866027832,1.402651071548462,0.0
59.0,-1.5019276142120361,1.3834657669067383,0.0
59.0,-1.4979668855667114,1.3670697212219238,0.0
59.0,-1.504271388053894,1.360129475593567,0.0
59.0,-1.4986261129379272,1.3424842357635498,0.0
59.0,-1.4928501844406128,1.324920654296875,0.0
59.0,-1.4989597797393799,1.3180044889450073,0.0
59.0,-1.49297297000885,1.3005505800247192,0.0
59.0,-1.4989699125289917,1.293634057044983,0.0
59.0,-1.4958140850067139,1.278891921043396,0.0
59.0,-1.5017108917236328,1.2719625234603882,0.0
59.0,-1.4968509674072266,1.2560068368911743,0.0
59.0,-1.4934138059616089,1.2414021492004395,0.0
59.0,-1.499137282371521,1.2344841957092285,0.0
59.0,-1.4939802885055542,1.2186905145645142,0.0
59.0,-1.4995988607406616,1.2117702960968018,0.0
59.0,-1.494255542755127,1.196075439453125,0.0
59.0,-1.4887993335723877,1.1804560422897339,0.0
59.0,-1.4942411184310913,1.1735601425170898,0.0
59.0,-1.4886009693145752,1.1580429077148438,0.0
59.0,-1.4939390420913696,1.1511482000350952,0.0
59.0,-1.4881161451339722,1.135735034942627,0.0
59.0,-1.483778476715088,1.121606707572937,0.0
59.0,-1.4889482259750366,1.1147346496582031,0.0
59.0,-1.4844468832015991,1.1006914377212524,0.0
59.0,-1.4895199537277222,1.0938165187835693,0.0
59.0,-1.484856128692627,1.0798602104187012,0.0
59.0,-1.480095386505127,1.0659706592559814,0.0
59.0,-1.4850080013275146,1.059116244316101,0.0
59.0,-1.4800869226455688,1.0453165769577026,0.0
59.0,-1.4849040508270264,1.0384624004364014,0.0
59.0,-1.484756588935852,1.0281702280044556,0.0
59.0,-1.4795973300933838,1.014508605003357,0.0
59.0,-1.4842720031738281,1.0076570510864258,0.0
59.0,-1.4772956371307373,0.992974042892456,0.0
59.0,-1.4818707704544067,0.986133337020874,0.0
59.0,-1.4780635833740234,0.973770022392273,0.0
59.0,-1.4825499057769775,0.9669259786605835,0.0
59.0,-1.4786033630371094,0.9546371698379517,0.0
59.0,-1.4745750427246094,0.9424057006835938,0.0
59.0,-1.4789164066314697,0.9355781078338623,0.0
59.0,-1.4747505187988281,0.9234234690666199,0.0
59.0,-1.4705040454864502,0.9113275408744812,0.0
59.0,-1.4747017621994019,0.9045190811157227,0.0
59.0,-1.4703195095062256,0.8925023674964905,0.0
59.0,-1.4744302034378052,0.8856949806213379,0.0
59.0,-1.4716325998306274,0.8747808933258057,0.0
59.0,-1.475661277770996,0.8679676651954651,0.0
59.0,-1.4710155725479126,0.8561058640480042,0.0
59.0,-1.4680250883102417,0.8453036546707153,0.0
59.0,-1.4719176292419434,0.8385074138641357,0.0
59.0,-1.4688091278076172,0.8277654647827148,0.0
59.0,-1.4726204872131348,0.8209657669067383,0.0
59.0,-1.4693949222564697,0.8102854490280151,0.0
59.0,-1.4661022424697876,0.7996525168418884,0.0
59.0,-1.4697836637496948,0.7928656339645386,0.0
59.0,-1.4663752317428589,0.7822962403297424,0.0
59.0,-1.4699764251708984,0.7755082845687866,0.0
59.0,-1.4664534330368042,0.7650036811828613,0.0
59.0,-1.462864637374878,0.754548192024231,0.0
59.0,-1.4663375616073608,0.7477768063545227,0.0
59.0,-1.4626356363296509,0.7373879551887512,0.0
59.0,-1.4660292863845825,0.7306177616119385,0.0
59.0,-1.4622149467468262,0.7202967405319214,0.0
59.0,-1.4601348638534546,0.7109021544456482,0.0
59.0,-1.4634060859680176,0.7041438221931458,0.0
59.0,-1.459421157836914,0.6939351558685303,0.0
59.0,-1.4626139402389526,0.6871802806854248,0.0
59.0,-1.4585189819335938,0.6770423650741577,0.0
59.0,-1.4561797380447388,0.6677907705307007,0.0
59.0,-1.4592516422271729,0.6610511541366577,0.0
59.0,-1.4586411714553833,0.6526637077331543,0.0
59.0,-1.461643099784851,0.6459129452705383,0.0
59.0,-1.4572815895080566,0.6359485387802124,0.0
59.0,-1.4602062702178955,0.6292042136192322,0.0
59.0,-1.4575785398483276,0.6200975179672241,0.0
59.0,-1.4548978805541992,0.6110286712646484,0.0
59.0,-1.4577072858810425,0.604295551776886,0.0
59.0,-1.4549325704574585,0.5952775478363037,0.0
59.0,-1.4576691389083862,0.5885445475578308,0.0
59.0,-1.4548007249832153,0.5795782804489136,0.0
59.0,-1.4518805742263794,0.5706511735916138,0.0
59.0,-1.4545032978057861,0.563932478427887,0.0
59.0,-1.4533590078353882,0.5557730197906494,0.0
59.0,-1.4559129476547241,0.5490476489067078,0.0
59.0,-1.4528120756149292,0.5402193665504456,0.0
59.0,-1.4515385627746582,0.5321199893951416,0.0
59.0,-1.4539833068847656,0.5254032611846924,0.0
59.0,-1.45074462890625,0.5166623592376709,0.0
59.0,-1.453117847442627,0.5099495053291321,0.0
59.0,-1.4516795873641968,0.5019186735153198,0.0
59.0,-1.4483050107955933,0.493267297744751,0.0
59.0,-1.4505701065063477,0.4865659475326538,0.0
59.0,-1.447106957435608,0.47797247767448425,0.0
59.0,-1.4493013620376587,0.4712768495082855,0.0
59.0,-1.4476549625396729,0.4633517861366272,0.0
59.0,-1.4440590143203735,0.4548512399196625,0.0
59.0,-1.4461466073989868,0.4481699466705322,0.0
59.0,-1.4443769454956055,0.4403126835823059,0.0
59.0,-1.4463971853256226,0.4336300790309906,0.0
59.0,-1.4445499181747437,0.42580726742744446,0.0
59.0,-1.4465030431747437,0.4191240072250366,0.0
59.0,-1.4445782899856567,0.41133636236190796,0.0
59.0,-1.4426125288009644,0.40357550978660583,0.0
59.0,-1.4444630146026611,0.3969014585018158,0.0
59.0,-1.4424206018447876,0.3891769349575043,0.0
59.0,-1.4442044496536255,0.3825039267539978,0.0
59.0,-1.4420862197875977,0.37481653690338135,0.0
59.0,-1.4399276971817017,0.3671569228172302,0.0
59.0,-1.4416097402572632,0.3604956567287445,0.0
59.0,-1.4393761157989502,0.3528743088245392,0.0
59.0,-1.4409922361373901,0.34621575474739075,0.0
59.0,-1.4406307935714722,0.33909159898757935,0.0
59.0,-1.4421831369400024,0.33242738246917725,0.0
59.0,-1.439802646636963,0.3248756527900696,0.0
59.0,-1.4373834133148193,0.3173530697822571,0.0
59.0,-1.4388352632522583,0.3107041120529175,0.0
59.0,-1.436342716217041,0.30322232842445374,0.0
59.0,-1.4377292394638062,0.2965783476829529,0.0
59.0,-1.4371243715286255,0.28953298926353455,0.0
59.0,-1.4364852905273438,0.28249961137771606,0.0
59.0,-1.43777596950531,0.2758551836013794,0.0
59.0,-1.4370701313018799,0.2688370943069458,0.0
59.0,-1.4382977485656738,0.2621901333332062,0.0
59.0,-1.4355560541152954,0.25483837723731995,0.0
59.0,-1.4347481727600098,0.24785807728767395,0.0
59.0,-1.4358787536621094,0.2412220537662506,0.0
59.0,-1.4350048303604126,0.23425865173339844,0.0
59.0,-1.436072587966919,0.22762158513069153,0.0
59.0,-1.433156132698059,0.22037173807621002,0.0
59.0,-1.4341596364974976,0.21374337375164032,0.0
59.0,-1.4331529140472412,0.20682474970817566,0.0
59.0,-1.4321130514144897,0.19992002844810486,0.0
59.0,-1.433022141456604,0.19329670071601868,0.0
59.0,-1.429934024810791,0.1861528754234314,0.0
59.0,-1.4307793378829956,0.1795397698879242,0.0
59.0,-1.4315941333770752,0.17292281985282898,0.0
59.0,-1.4303916692733765,0.16607153415679932,0.0
59.0,-1.4311442375183105,0.1594565212726593,0.0
59.0,-1.4298774003982544,0.15262581408023834,0.0
59.0,-1.430567741394043,0.14601333439350128,0.0
59.0,-1.4292370080947876,0.13920384645462036,0.0
59.0,-1.4278738498687744,0.13240979611873627,0.0
59.0,-1.4284707307815552,0.1258067935705185,0.0
59.0,-1.4270440340042114,0.11903484910726547,0.0
59.0,-1.4275791645050049,0.11243581771850586,0.0
59.0,-1.4280837774276733,0.10583438724279404,0.0
59.0,-1.4265625476837158,0.09909209609031677,0.0
59.0,-1.427005410194397,0.09249550849199295,0.0
59.0,-1.4254214763641357,0.08577680587768555,0.0
59.0,-1.4258028268814087,0.07918563485145569,0.0
59.0,-1.4261536598205566,0.07259277254343033,0.0
59.0,-1.424476146697998,0.06590592116117477,0.0
59.0,-1.424765706062317,0.05931933596730232,0.0
59.0,-1.4250247478485107,0.0527314767241478,0.0
59.0,-1.4252532720565796,0.046142496168613434,0.0
59.0,-1.4234521389007568,0.039497051388025284,0.0
59.0,-1.4236195087432861,0.03291548043489456,0.0
59.0,-1.4217568635940552,0.0262962207198143,0.0
59.0,-1.421863317489624,0.019722629338502884,0.0
59.0,-1.4219392538070679,0.013148615136742592,0.0
59.0,-1.4199848175048828,0.006565072573721409,0.0
59.0,-1.4199999570846558,-1.1620547724078278e-07,0.0
60.0,-1.4199999570846558,1.2414034245011862e-07,0.0
60.0,-1.4199848175048828,-0.006565064657479525,0.0
60.0,-1.4199392795562744,-0.013130112551152706,0.0
60.0,-1.4198633432388306,-0.01969487965106964,0.0
60.0,-1.4197571277618408,-0.026259226724505424,0.0
60.0,-1.4196205139160156,-0.03282301127910614,0.0
60.0,-1.4194536209106445,-0.039386097341775894,0.0
60.0,-1.4172574281692505,-0.04588362202048302,0.0
60.0,-1.4170300960540771,-0.05243564024567604,0.0
60.0,-1.4167726039886475,-0.05898653715848923,0.0
60.0,-1.4184825420379639,-0.06562861055135727,0.0
60.0,-1.4181640148162842,-0.07218608260154724,0.0
60.0,-1.4198120832443237,-0.07885292172431946,0.0
60.0,-1.4194324016571045,-0.08541639894247055,0.0
60.0,-1.4190223217010498,-0.0919780507683754,0.0
60.0,-1.4185818433761597,-0.09853773564100266,0.0
60.0,-1.4181110858917236,-0.10509531199932098,0.0
60.0,-1.4176100492477417,-0.11165064573287964,0.0
60.0,-1.4170787334442139,-0.11820358783006668,0.0
60.0,-1.4165170192718506,-0.12475401163101196,0.0
60.0,-1.415925145149231,-0.13130176067352295,0.0
60.0,-1.4153029918670654,-0.1378467082977295,0.0
60.0,-1.4166401624679565,-0.1445917785167694,0.0
60.0,-1.4159564971923828,-0.15113988518714905,0.0
60.0,-1.4152425527572632,-0.15768477320671082,0.0
60.0,-1.416485071182251,-0.16445693373680115,0.0
60.0,-1.4157096147537231,-0.17100411653518677,0.0
60.0,-1.4168882369995117,-0.1777966469526291,0.0
60.0,-1.4160510301589966,-0.184345543384552,0.0
60.0,-1.415183663368225,-0.19089050590991974,0.0
60.0,-1.416266679763794,-0.1977079063653946,0.0
60.0,-1.4153375625610352,-0.20425371825695038,0.0
60.0,-1.414378046989441,-0.21079516410827637,0.0
60.0,-1.4133883714675903,-0.21733210980892181,0.0
60.0,-1.4143438339233398,-0.2241775244474411,0.0
60.0,-1.4152661561965942,-0.23103637993335724,0.0
60.0,-1.4141827821731567,-0.23757721483707428,0.0
60.0,-1.415040135383606,-0.24445343017578125,0.0
60.0,-1.413894772529602,-0.2509930729866028,0.0
60.0,-1.4127192497253418,-0.25752735137939453,0.0
60.0,-1.4134793281555176,-0.2644239068031311,0.0
60.0,-1.4122416973114014,-0.2709560990333557,0.0
60.0,-1.4129364490509033,-0.27786847949028015,0.0
60.0,-1.4116365909576416,-0.28439804911613464,0.0
60.0,-1.410306692123413,-0.29092150926589966,0.0
60.0,-1.4089465141296387,-0.2974388003349304,0.0
60.0,-1.4095112085342407,-0.30437183380126953,0.0
60.0,-1.4119948148727417,-0.31174764037132263,0.0
60.0,-1.4105384349822998,-0.31827250123023987,0.0
60.0,-1.4110007286071777,-0.32523974776268005,0.0
60.0,-1.4094818830490112,-0.33175987005233765,0.0
60.0,-1.4118224382400513,-0.33920735120773315,0.0
60.0,-1.4102389812469482,-0.34573110938072205,0.0
60.0,-1.410565733909607,-0.35273265838623047,0.0
60.0,-1.4089198112487793,-0.3592504560947418,0.0
60.0,-1.4072438478469849,-0.36576056480407715,0.0
60.0,-1.4074710607528687,-0.3727749288082123,0.0
60.0,-1.40573251247406,-0.37927818298339844,0.0
60.0,-1.4078210592269897,-0.38683319091796875,0.0
60.0,-1.407943606376648,-0.3938767611980438,0.0
60.0,-1.4061075448989868,-0.40038201212882996,0.0
60.0,-1.4061622619628906,-0.40743526816368103,0.0
60.0,-1.4042636156082153,-0.4139321446418762,0.0
60.0,-1.4061663150787354,-0.4215688407421112,0.0
60.0,-1.4042022228240967,-0.42806556820869446,0.0
60.0,-1.4060288667678833,-0.4357371926307678,0.0
60.0,-1.407814383506775,-0.44343483448028564,0.0
60.0,-1.4057492017745972,-0.44993895292282104,0.0
60.0,-1.4055559635162354,-0.45705196261405945,0.0
60.0,-1.4034278392791748,-0.46354547142982483,0.0
60.0,-1.4031658172607422,-0.4706651270389557,0.0
60.0,-1.4066543579101562,-0.47908180952072144,0.0
60.0,-1.4044243097305298,-0.485580176115036,0.0
60.0,-1.405938744544983,-0.4933927357196808,0.0
60.0,-1.4036425352096558,-0.499887615442276,0.0
60.0,-1.4031972885131836,-0.5070515275001526,0.0
60.0,-1.400838017463684,-0.5135335922241211,0.0
60.0,-1.402198076248169,-0.5213988423347473,0.0
60.0,-1.403515100479126,-0.529287576675415,0.0
60.0,-1.4010529518127441,-0.5357708930969238,0.0
60.0,-1.4022904634475708,-0.5436887145042419,0.0
60.0,-1.3997617959976196,-0.5501662492752075,0.0
60.0,-1.4009191989898682,-0.558112382888794,0.0
60.0,-1.4020328521728516,-0.5660809278488159,0.0
60.0,-1.3994007110595703,-0.5725570321083069,0.0
60.0,-1.4022812843322754,-0.5813185572624207,0.0
60.0,-1.39957857131958,-0.587795615196228,0.0
60.0,-1.400526762008667,-0.5958260297775269,0.0
60.0,-1.401430606842041,-0.6038777232170105,0.0
60.0,-1.3986237049102783,-0.6103506088256836,0.0
60.0,-1.3994455337524414,-0.6184272170066833,0.0
60.0,-1.3965712785720825,-0.6248907446861267,0.0
60.0,-1.3991327285766602,-0.6338168382644653,0.0
60.0,-1.3961873054504395,-0.6402787566184998,0.0
60.0,-1.3986544609069824,-0.6492533087730408,0.0
60.0,-1.399258017539978,-0.6574137806892395,0.0
60.0,-1.396203637123108,-0.6638760566711426,0.0
60.0,-1.3985260725021362,-0.6729256510734558,0.0
60.0,-1.3953999280929565,-0.6793843507766724,0.0
60.0,-1.397626280784607,-0.6884799599647522,0.0
60.0,-1.3944282531738281,-0.6949343085289001,0.0
60.0,-1.3947722911834717,-0.7031745910644531,0.0
60.0,-1.3968513011932373,-0.7123413681983948,0.0
60.0,-1.393543004989624,-0.7187919616699219,0.0
60.0,-1.397297739982605,-0.7289272546768188,0.0
60.0,-1.393912672996521,-0.735379695892334,0.0
60.0,-1.3957916498184204,-0.7446406483650208,0.0
60.0,-1.3976147174835205,-0.7539345622062683,0.0
60.0,-1.3941140174865723,-0.760388195514679,0.0
60.0,-1.395837664604187,-0.7697228789329529,0.0
60.0,-1.3922640085220337,-0.7761681079864502,0.0
60.0,-1.3938877582550049,-0.7855426073074341,0.0
60.0,-1.3954542875289917,-0.7949485182762146,0.0
60.0,-1.3917640447616577,-0.8013917207717896,0.0
60.0,-1.3949583768844604,-0.8118418455123901,0.0
60.0,-1.3911899328231812,-0.8182825446128845,0.0
60.0,-1.3942686319351196,-0.8287935853004456,0.0
60.0,-1.390421986579895,-0.8352309465408325,0.0
60.0,-1.391674518585205,-0.8447638750076294,0.0
60.0,-1.394573450088501,-0.8553718328475952,0.0
60.0,-1.3906038999557495,-0.8618103265762329,0.0
60.0,-1.3933850526809692,-0.8724759817123413,0.0
60.0,-1.389336347579956,-0.8789088129997253,0.0
60.0,-1.3919987678527832,-0.889630913734436,0.0
60.0,-1.3878707885742188,-0.89605712890625,0.0
60.0,-1.3904139995574951,-0.9068344831466675,0.0
60.0,-1.392886996269226,-0.9176544547080994,0.0
60.0,-1.38862943649292,-0.924084484577179,0.0
60.0,-1.3909817934036255,-0.9349575638771057,0.0
60.0,-1.3866442441940308,-0.9413785934448242,0.0
60.0,-1.388875126838684,-0.9523035287857056,0.0
60.0,-1.3910343647003174,-0.9632691144943237,0.0
60.0,-1.3865660429000854,-0.9696900844573975,0.0
60.0,-1.3886024951934814,-0.9807054400444031,0.0
60.0,-1.3840535879135132,-0.9871149659156799,0.0
60.0,-1.387589454650879,-0.9993475675582886,0.0
60.0,-1.3829543590545654,-1.0057522058486938,0.0
60.0,-1.3863496780395508,-1.0180542469024658,0.0
60.0,-1.3784148693084717,-1.0220705270767212,0.0
60.0,-1.373674750328064,-1.0284324884414673,0.0
60.0,-1.3641189336776733,-1.0311545133590698,0.0
60.0,-1.3593369722366333,-1.0374503135681152,0.0
60.0,-1.3466047048568726,-1.0376203060150146,0.0
60.0,-1.3260071277618408,-1.0315545797348022,0.0
60.0,-1.3212237358093262,-1.0376741886138916,0.0
60.0,-1.305441975593567,-1.0350735187530518,0.0
60.0,-1.300642490386963,-1.0410979986190796,0.0
60.0,-1.2818148136138916,-1.0357871055603027,0.0
60.0,-1.2770122289657593,-1.0417022705078125,0.0
60.0,-1.2582871913909912,-1.0361530780792236,0.0
60.0,-1.2427172660827637,-1.0330102443695068,0.0
60.0,-1.2379279136657715,-1.0387446880340576,0.0
60.0,-1.2209031581878662,-1.0341157913208008,0.0
60.0,-1.205467939376831,-1.0306516885757446,0.0
60.0,-1.2006900310516357,-1.036213994026184,0.0
60.0,-1.1853300333023071,-1.0325583219528198,0.0
60.0,-1.1805435419082642,-1.0380275249481201,0.0
60.0,-1.1652607917785645,-1.0341814756393433,0.0
60.0,-1.1604669094085693,-1.0395578145980835,0.0
60.0,-1.1452637910842896,-1.0355225801467896,0.0
60.0,-1.1316001415252686,-1.032717227935791,0.0
60.0,-1.1268134117126465,-1.0379379987716675,0.0
60.0,-1.111749291419983,-1.0336041450500488,0.0
60.0,-1.0982080698013306,-1.0305217504501343,0.0
60.0,-1.093431830406189,-1.0355881452560425,0.0
60.0,-1.078512191772461,-1.0309585332870483,0.0
60.0,-1.073734164237976,-1.0359338521957397,0.0
60.0,-1.0603358745574951,-1.0325154066085815,0.0
60.0,-1.0555508136749268,-1.0374066829681396,0.0
60.0,-1.0408036708831787,-1.0324163436889648,0.0
60.0,-1.0275390148162842,-1.0287271738052368,0.0
60.0,-1.0227718353271484,-1.0334669351577759,0.0
60.0,-1.0123817920684814,-1.0324723720550537,0.0
60.0,-0.9992356300354004,-1.028535008430481,0.0
60.0,-0.9944696426391602,-1.0331437587738037,0.0
60.0,-0.9814006090164185,-1.029046654701233,0.0
60.0,-0.9766324162483215,-1.033573031425476,0.0
60.0,-0.9663759469985962,-1.03223717212677,0.0
60.0,-0.9615931510925293,-1.036694049835205,0.0
60.0,-0.948669970035553,-1.0322932004928589,0.0
60.0,-0.9358082413673401,-1.0277951955795288,0.0
60.0,-0.9310463666915894,-1.0321108102798462,0.0
60.0,-0.9209335446357727,-1.0304393768310547,0.0
60.0,-0.9161596298217773,-1.0346862077713013,0.0
60.0,-0.9047715663909912,-1.0313934087753296,0.0
60.0,-0.8934336304664612,-1.0280176401138306,0.0
60.0,-0.8886711597442627,-1.032137393951416,0.0
60.0,-0.8786979913711548,-1.0301483869552612,0.0
60.0,-0.8739258646965027,-1.0341999530792236,0.0
60.0,-0.8639997839927673,-1.0320950746536255,0.0
60.0,-0.8528352975845337,-1.0283812284469604,0.0
60.0,-0.8480715751647949,-1.0323131084442139,0.0
60.0,-0.8382401466369629,-1.0300180912017822,0.0
60.0,-0.833469033241272,-1.0338826179504395,0.0
60.0,-0.8224400281906128,-1.0299108028411865,0.0
60.0,-0.8114656805992126,-1.0258593559265137,0.0
60.0,-0.8067141175270081,-1.0296000242233276,0.0
60.0,-0.7982666492462158,-1.0285788774490356,0.0
60.0,-0.7935026288032532,-1.0322585105895996,0.0
60.0,-0.7838754057884216,-1.0295510292053223,0.0
60.0,-0.7742902636528015,-1.0267767906188965,0.0
60.0,-0.7695348262786865,-1.0303456783294678,0.0
60.0,-0.7600054740905762,-1.0274608135223389,0.0
60.0,-0.7552469968795776,-1.030963659286499,0.0
60.0,-0.7457746267318726,-1.0279690027236938,0.0
60.0,-0.7375131249427795,-1.0265332460403442,0.0
60.0,-0.7327591776847839,-1.0299320220947266,0.0
60.0,-0.7245339155197144,-1.028403878211975,0.0
60.0,-0.7197715044021606,-1.0317426919937134,0.0
60.0,-0.710446834564209,-1.0284771919250488,0.0
60.0,-0.7011678218841553,-1.0251476764678955,0.0
60.0,-0.6964206695556641,-1.0283784866333008,0.0
60.0,-0.6883172988891602,-1.0266036987304688,0.0
60.0,-0.6835635304450989,-1.0297751426696777,0.0
60.0,-0.6744017601013184,-1.0262389183044434,0.0
60.0,-0.6663779616355896,-1.0243165493011475,0.0
60.0,-0.6616350412368774,-1.0273865461349487,0.0
60.0,-0.6547278165817261,-1.0270615816116333,0.0
60.0,-0.6499723196029663,-1.0300776958465576,0.0
60.0,-0.642024576663971,-1.0279827117919922,0.0
60.0,-0.6372649669647217,-1.030940055847168,0.0
60.0,-0.6293606162071228,-1.028757095336914,0.0
60.0,-0.6214901208877563,-1.0265233516693115,0.0
60.0,-0.6167374849319458,-1.0293856859207153,0.0
60.0,-0.6089117527008057,-1.0270649194717407,0.0
60.0,-0.6041567921638489,-1.0298691987991333,0.0
60.0,-0.5963768362998962,-1.0274622440338135,0.0
60.0,-0.5886321663856506,-1.0250054597854614,0.0
60.0,-0.5838868618011475,-1.027716040611267,0.0
60.0,-0.5771692395210266,-1.0269174575805664,0.0
60.0,-0.572415292263031,-1.029574990272522,0.0
60.0,-0.5647578239440918,-1.026953101158142,0.0
60.0,-0.5580925345420837,-1.0260393619537354,0.0
60.0,-0.5533427596092224,-1.0286086797714233,0.0
60.0,-0.5457631349563599,-1.0258588790893555,0.0
60.0,-0.5410143733024597,-1.0283712148666382,0.0
60.0,-0.5334851741790771,-1.025538682937622,0.0
60.0,-0.5269083976745605,-1.0244370698928833,0.0
60.0,-0.5221664309501648,-1.0268622636795044,0.0
60.0,-0.5156167149543762,-1.0256916284561157,0.0
60.0,-0.5108690857887268,-1.0280646085739136,0.0
60.0,-0.5034652948379517,-1.0250300168991089,0.0
60.0,-0.49697399139404297,-1.0237483978271484,0.0
60.0,-0.4922355115413666,-1.026035189628601,0.0
60.0,-0.4849162697792053,-1.0228784084320068,0.0
60.0,-0.4801819324493408,-1.0251094102859497,0.0
60.0,-0.47375738620758057,-1.0236884355545044,0.0
60.0,-0.46901941299438477,-1.0258678197860718,0.0
60.0,-0.46262505650520325,-1.0243797302246094,0.0
60.0,-0.4562545716762543,-1.0228546857833862,0.0
60.0,-0.4515206515789032,-1.0249532461166382,0.0
60.0,-0.4459792673587799,-1.025195837020874,0.0
60.0,-0.44123464822769165,-1.0272468328475952,0.0
60.0,-0.43491891026496887,-1.0255931615829468,0.0
60.0,-0.42862799763679504,-1.0239033699035645,0.0
60.0,-0.42388951778411865,-1.025874137878418,0.0
60.0,-0.4176315367221832,-1.0241190195083618,0.0
60.0,-0.4128921926021576,-1.0260390043258667,0.0
60.0,-0.40666791796684265,-1.024219274520874,0.0
60.0,-0.4004693627357483,-1.0223641395568848,0.0
60.0,-0.39573830366134644,-1.0242047309875488,0.0
60.0,-0.3909987807273865,-1.0260233879089355,0.0
60.0,-0.38625091314315796,-1.0278202295303345,0.0
60.0,-0.38149479031562805,-1.0295950174331665,0.0
60.0,-0.37604427337646484,-1.0294691324234009,0.0
60.0,-0.37128064036369324,-1.0311967134475708,0.0
60.0,-0.36584025621414185,-1.0310174226760864,0.0
60.0,-0.36106956005096436,-1.0326977968215942,0.0
60.0,-0.3549884855747223,-1.0305742025375366,0.0
60.0,-0.3502199649810791,-1.032204508781433,0.0
60.0,-0.3441762328147888,-1.0300188064575195,0.0
60.0,-0.3387853503227234,-1.0296992063522339,0.0
60.0,-0.33402103185653687,-1.031254529953003,0.0
60.0,-0.3286421298980713,-1.0308823585510254,0.0
60.0,-0.32387247681617737,-1.0323907136917114,0.0
60.0,-0.31791621446609497,-1.0300549268722534,0.0
60.0,-0.3125694990158081,-1.0296000242233276,0.0
60.0,-0.3078059256076813,-1.0310341119766235,0.0
60.0,-0.30190926790237427,-1.0286082029342651,0.0
60.0,-0.2971504032611847,-1.0299930572509766,0.0
60.0,-0.29183971881866455,-1.029431700706482,0.0
60.0,-0.28654053807258606,-1.0288432836532593,0.0
60.0,-0.28178074955940247,-1.0301570892333984,0.0
60.0,-0.2759774327278137,-1.027585744857788,0.0
60.0,-0.2712235748767853,-1.0288506746292114,0.0
60.0,-0.26596304774284363,-1.0281574726104736,0.0
60.0,-0.26022279262542725,-1.025498867034912,0.0
60.0,-0.25547876954078674,-1.0266910791397095,0.0
60.0,-0.250255286693573,-1.0259182453155518,0.0
60.0,-0.24550941586494446,-1.027064323425293,0.0
60.0,-0.2407582849264145,-1.0281884670257568,0.0
60.0,-0.23600201308727264,-1.0292905569076538,0.0
60.0,-0.2308027595281601,-1.0284192562103271,0.0
60.0,-0.22561660408973694,-1.0275218486785889,0.0
60.0,-0.22086356580257416,-1.028554081916809,0.0
60.0,-0.21569494903087616,-1.027606725692749,0.0
60.0,-0.2109416425228119,-1.0285929441452026,0.0
60.0,-0.20579108595848083,-1.0275962352752686,0.0
60.0,-0.2006542831659317,-1.026573896408081,0.0
60.0,-0.1959058940410614,-1.0274906158447266,0.0
60.0,-0.19115333259105682,-1.0283854007720947,0.0
60.0,-0.18639668822288513,-1.029258131980896,0.0
60.0,-0.18094146251678467,-1.026169776916504,0.0
60.0,-0.1761951595544815,-1.026995301246643,0.0
60.0,-0.1714451014995575,-1.0277990102767944,0.0
60.0,-0.1663714051246643,-1.0266063213348389,0.0
60.0,-0.1616232544183731,-1.0273644924163818,0.0
60.0,-0.15626828372478485,-1.024146556854248,0.0
60.0,-0.15153160691261292,-1.0248581171035767,0.0
60.0,-0.14650830626487732,-1.0235679149627686,0.0
60.0,-0.14177440106868744,-1.024234414100647,0.0
60.0,-0.1370374709367752,-1.024878978729248,0.0
60.0,-0.13204170763492584,-1.0235178470611572,0.0
60.0,-0.127308189868927,-1.0241174697875977,0.0
60.0,-0.12233441323041916,-1.0227092504501343,0.0
60.0,-0.11760473996400833,-1.023263931274414,0.0
60.0,-0.11287254840135574,-1.0237966775894165,0.0
60.0,-0.10813795030117035,-1.0243076086044312,0.0
60.0,-0.10340104252099991,-1.0247966051101685,0.0
60.0,-0.09847034513950348,-1.02327299118042,0.0
60.0,-0.09373831748962402,-1.0237172842025757,0.0
60.0,-0.08900429308414459,-1.0241397619247437,0.0
60.0,-0.08426836133003235,-1.0245403051376343,0.0
60.0,-0.07953062653541565,-1.0249189138412476,0.0
60.0,-0.07464569061994553,-1.0232809782028198,0.0
60.0,-0.06991388648748398,-1.0236152410507202,0.0
60.0,-0.06518058478832245,-1.0239274501800537,0.0
60.0,-0.06032806262373924,-1.0222214460372925,0.0
60.0,-0.05560130625963211,-1.0224894285202026,0.0
60.0,-0.05087336152791977,-1.022735595703125,0.0
60.0,-0.046144332736730576,-1.02295982837677,0.0
60.0,-0.04141431301832199,-1.0231622457504272,0.0
60.0,-0.03668341040611267,-1.0233427286148071,0.0
60.0,-0.031951725482940674,-1.0235013961791992,0.0
60.0,-0.02716618962585926,-1.0216388702392578,0.0
60.0,-0.02244248241186142,-1.0217535495758057,0.0
60.0,-0.017718294635415077,-1.0218462944030762,0.0
60.0,-0.012993729673326015,-1.0219173431396484,0.0
60.0,-0.008268886245787144,-1.0219664573669434,0.0
60.0,-0.0035508018918335438,-1.0239938497543335,0.0
60.0,0.0011835411423817277,-1.0239993333816528,0.0
60.0,0.005917858798056841,-1.0239830017089844,0.0
60.0,0.010652050375938416,-1.023944616317749,0.0
60.0,0.01535596139729023,-1.021884560585022,0.0
60.0,0.020041054114699364,-1.0198030471801758,0.0
60.0,0.024755770340561867,-1.0196995735168457,0.0
60.0,0.029527738690376282,-1.0215733051300049,0.0
60.0,0.03425053879618645,-1.0214258432388306,0.0
60.0,0.038972605019807816,-1.0212565660476685,0.0
60.0,0.04369383677840233,-1.0210654735565186,0.0
60.0,0.048414137214422226,-1.0208525657653809,0.0
60.0,0.05313339829444885,-1.0206178426742554,0.0
60.0,0.05785152688622475,-1.020361304283142,0.0
60.0,0.06256841868162155,-1.0200828313827515,0.0
60.0,0.06741565465927124,-1.0217784643173218,0.0
60.0,0.07213899493217468,-1.0214558839797974,0.0
60.0,0.07671067118644714,-1.019116997718811,0.0
60.0,0.08142160624265671,-1.0187513828277588,0.0
60.0,0.08613080531358719,-1.0183640718460083,0.0
60.0,0.09083815664052963,-1.01795494556427,0.0
60.0,0.09573055803775787,-1.0195153951644897,0.0
60.0,0.10044313222169876,-1.0190619230270386,0.0
60.0,0.10515356063842773,-1.0185866355895996,0.0
60.0,0.10986173897981644,-1.0180896520614624,0.0
60.0,0.1145675778388977,-1.0175708532333374,0.0
60.0,0.11950390785932541,-1.0190166234970093,0.0
60.0,0.12421392649412155,-1.0184532403945923,0.0
60.0,0.1289212852716446,-1.0178680419921875,0.0
60.0,0.13362589478492737,-1.0172611474990845,0.0
60.0,0.13832764327526093,-1.0166324377059937,0.0
60.0,0.1430264264345169,-1.0159820318222046,0.0
60.0,0.14772216975688934,-1.0153099298477173,0.0
60.0,0.15271183848381042,-1.0165938138961792,0.0
60.0,0.15741030871868134,-1.0158770084381104,0.0
60.0,0.16210539638996124,-1.0151383876800537,0.0
60.0,0.1671215295791626,-1.0163514614105225,0.0
60.0,0.17181871831417084,-1.0155678987503052,0.0
60.0,0.1768549680709839,-1.0167330503463745,0.0
60.0,0.18155381083488464,-1.0159045457839966,0.0
60.0,0.186248779296875,-1.0150543451309204,0.0
60.0,0.1909397542476654,-1.0141823291778564,0.0
60.0,0.1956266611814499,-1.0132887363433838,0.0
60.0,0.20108579099178314,-1.016297459602356,0.0
60.0,0.20578236877918243,-1.0153568983078003,0.0
60.0,0.21047453582286835,-1.0143946409225464,0.0
60.0,0.21557757258415222,-1.015367031097412,0.0
60.0,0.22026969492435455,-1.014359474182129,0.0
60.0,0.22539053857326508,-1.0152827501296997,0.0
60.0,0.23008215427398682,-1.0142297744750977,0.0
60.0,0.23522035777568817,-1.0151036977767944,0.0
60.0,0.2399110496044159,-1.0140053033828735,0.0
60.0,0.24553555250167847,-1.0167734622955322,0.0
60.0,0.25119075179100037,-1.0195112228393555,0.0
60.0,0.25590163469314575,-1.018338918685913,0.0
60.0,0.26110348105430603,-1.0190824270248413,0.0
60.0,0.26581230759620667,-1.0178643465042114,0.0
60.0,0.27051541209220886,-1.0166245698928833,0.0
60.0,0.27521276473999023,-1.0153629779815674,0.0
60.0,0.27990421652793884,-1.0140796899795532,0.0
60.0,0.28513073921203613,-1.014700174331665,0.0
60.0,0.28981903195381165,-1.0133711099624634,0.0
60.0,0.2950599491596222,-1.013940691947937,0.0
60.0,0.3003123104572296,-1.0144833326339722,0.0
60.0,0.304999440908432,-1.013084053993225,0.0
60.0,0.3102654218673706,-1.0135754346847534,0.0
60.0,0.31494826078414917,-1.0121301412582397,0.0
60.0,0.3202274441719055,-1.0125702619552612,0.0
60.0,0.32490551471710205,-1.0110788345336914,0.0
60.0,0.330197274684906,-1.0114670991897583,0.0
60.0,0.3367585241794586,-1.0156248807907104,0.0
60.0,0.3414505422115326,-1.0140570402145386,0.0
60.0,0.34742918610572815,-1.0162523984909058,0.0
60.0,0.35212400555610657,-1.0146352052688599,0.0
60.0,0.35747572779655457,-1.0148828029632568,0.0
60.0,0.36216408014297485,-1.0132192373275757,0.0
60.0,0.3675265610218048,-1.0134141445159912,0.0
60.0,0.3728986084461212,-1.0135811567306519,0.0
60.0,0.37758079171180725,-1.0118463039398193,0.0
60.0,0.38296276330947876,-1.0119602680206299,0.0
60.0,0.38763734698295593,-1.010178804397583,0.0
60.0,0.39302876591682434,-1.0102397203445435,0.0
60.0,0.39916279911994934,-1.012133002281189,0.0
60.0,0.40383800864219666,-1.0102766752243042,0.0
60.0,0.4107573330402374,-1.0139597654342651,0.0
60.0,0.4154408574104309,-1.0120497941970825,0.0
60.0,0.42241960763931274,-1.0156582593917847,0.0
60.0,0.427110880613327,-1.013694405555725,0.0
60.0,0.43257805705070496,-1.0135483741760254,0.0
60.0,0.4388465881347656,-1.0152090787887573,0.0
60.0,0.44353556632995605,-1.013169288635254,0.0
60.0,0.4498361647129059,-1.0147647857666016,0.0
60.0,0.4545229971408844,-1.01267409324646,0.0
60.0,0.4608548581600189,-1.0142035484313965,0.0
60.0,0.467210590839386,-1.0156959295272827,0.0
60.0,0.471901535987854,-1.0135250091552734,0.0
60.0,0.4782874882221222,-1.0149507522583008,0.0
60.0,0.4829748868942261,-1.0127285718917847,0.0
60.0,0.48939049243927,-1.0140873193740845,0.0
60.0,0.494073748588562,-1.0118138790130615,0.0
60.0,0.499632328748703,-1.0113117694854736,0.0
60.0,0.506985068321228,-1.0143579244613647,0.0
60.0,0.511669397354126,-1.0120030641555786,0.0
60.0,0.5181641578674316,-1.0131880044937134,0.0
60.0,0.5228429436683655,-1.0107815265655518,0.0
60.0,0.5293647646903992,-1.0118976831436157,0.0
60.0,0.535908043384552,-1.0129750967025757,0.0
60.0,0.5405856370925903,-1.0104866027832031,0.0
60.0,0.5462033152580261,-1.0097355842590332,0.0
60.0,0.5508658289909363,-1.0071995258331299,0.0
60.0,0.5593878030776978,-1.0116428136825562,0.0
60.0,0.5640590786933899,-1.0090458393096924,0.0
60.0,0.5716699957847595,-1.011650800704956,0.0
60.0,0.5783251523971558,-1.0124702453613281,0.0
60.0,0.5829999446868896,-1.0097856521606445,0.0
60.0,0.5896783471107483,-1.0105341672897339,0.0
60.0,0.5943440794944763,-1.007797122001648,0.0
60.0,0.6020689606666565,-1.0101925134658813,0.0
60.0,0.6067330241203308,-1.0073981285095215,0.0
60.0,0.6124238967895508,-1.0062906742095947,0.0
60.0,0.6191651225090027,-1.006855845451355,0.0
60.0,0.6238135695457458,-1.003982424736023,0.0
60.0,0.6327021718025208,-1.007863163948059,0.0
60.0,0.6373551487922668,-1.004927158355713,0.0
60.0,0.6463103294372559,-1.008705496788025,0.0
60.0,0.6531406044960022,-1.0090645551681519,0.0
60.0,0.6577989459037781,-1.0060341358184814,0.0
60.0,0.6657498478889465,-1.0079885721206665,0.0
60.0,0.670403003692627,-1.0048998594284058,0.0
60.0,0.677277147769928,-1.005106806755066,0.0
60.0,0.6819168925285339,-1.001964807510376,0.0
60.0,0.6899408102035522,-1.0037459135055542,0.0
60.0,0.6991361379623413,-1.0071169137954712,0.0
60.0,0.7037849426269531,-1.0038738250732422,0.0
60.0,0.713041365146637,-1.0071384906768799,0.0
60.0,0.717690110206604,-1.0038310289382935,0.0
60.0,0.7246649265289307,-1.003745436668396,0.0
60.0,0.7292978763580322,-1.0003842115402222,0.0
60.0,0.7386578321456909,-1.0034444332122803,0.0
60.0,0.7480615377426147,-1.006439208984375,0.0
60.0,0.7527066469192505,-1.0029698610305786,0.0
60.0,0.76216721534729,-1.0058553218841553,0.0
60.0,0.7668095231056213,-1.0023208856582642,0.0
60.0,0.7763256430625916,-1.005096197128296,0.0
60.0,0.784653902053833,-1.006227731704712,0.0
60.0,0.7892976999282837,-1.002589225769043,0.0
60.0,0.7989022135734558,-1.0051921606063843,0.0
60.0,0.8035410642623901,-1.0014878511428833,0.0
60.0,0.8131980299949646,-1.0039786100387573,0.0
60.0,0.8178310990333557,-1.0002082586288452,0.0
60.0,0.8288123607635498,-1.0041285753250122,0.0
60.0,0.839847207069397,-1.0079686641693115,0.0
60.0,0.8444984555244446,-1.0040749311447144,0.0
60.0,0.8543092608451843,-1.006258249282837,0.0
60.0,0.8589524626731873,-1.0022977590560913,0.0
60.0,0.8675025701522827,-1.002853512763977,0.0
60.0,0.8721298575401306,-0.9988320469856262,0.0
60.0,0.8833504319190979,-1.0022913217544556,0.0
60.0,0.8946214914321899,-1.005668044090271,0.0
60.0,0.899261474609375,-1.0015212297439575,0.0
60.0,0.9092545509338379,-1.0032806396484375,0.0
60.0,0.91388338804245,-0.9990661144256592,0.0
60.0,0.9252762198448181,-1.0021775960922241,0.0
60.0,0.9380807280540466,-1.0066680908203125,0.0
60.0,0.9427249431610107,-1.0023202896118164,0.0
60.0,0.9556106925010681,-1.0066540241241455,0.0
60.0,0.9602546095848083,-1.0022250413894653,0.0
60.0,0.9746101498603821,-1.0078387260437012,0.0
60.0,0.9792593717575073,-1.0033220052719116,0.0
60.0,0.9979231953620911,-1.0130318403244019,0.0
60.0,1.0152872800827026,-1.0211719274520874,0.0
60.0,1.0199975967407227,-1.0164669752120972,0.0
60.0,1.0403411388397217,-1.0271973609924316,0.0
60.0,1.0450791120529175,-1.0223764181137085,0.0
60.0,1.0641558170318604,-1.0314534902572632,0.0
60.0,1.068913221359253,-1.0265225172042847,0.0
60.0,1.0881370306015015,-1.0353559255599976,0.0
60.0,1.1103755235671997,-1.0467770099639893,0.0
60.0,1.1152033805847168,-1.0416321754455566,0.0
60.0,1.1376219987869263,-1.0527658462524414,0.0
60.0,1.1424771547317505,-1.0474950075149536,0.0
60.0,1.1635923385620117,-1.0569943189620972,0.0
60.0,1.1684668064117432,-1.0516033172607422,0.0
60.0,1.1897367238998413,-1.060831069946289,0.0
60.0,1.2126154899597168,-1.0712085962295532,0.0
60.0,1.2175551652908325,-1.065590739250183,0.0
60.0,1.2406017780303955,-1.0756725072860718,0.0
60.0,1.2455617189407349,-1.0699251890182495,0.0
60.0,1.2702958583831787,-1.081005334854126,0.0
60.0,1.2752801179885864,-1.0751206874847412,0.0
60.0,1.2986578941345215,-1.0845974683761597,0.0
60.0,1.168053388595581,-0.9663888216018677,0.0
60.0,1.1725088357925415,-0.9609781503677368,0.0
60.0,1.1769393682479858,-0.9555469155311584,0.0
60.0,1.2136296033859253,-0.9577155709266663,0.0
60.0,1.2180445194244385,-0.9520942568778992,0.0
60.0,1.2224334478378296,-0.9464526176452637,0.0
60.0,1.2267961502075195,-0.9407907128334045,0.0
60.0,1.2518373727798462,-0.9508350491523743,0.0
60.0,1.2785954475402832,-0.9618698954582214,0.0
60.0,1.2830288410186768,-0.9559481739997864,0.0
60.0,1.3147927522659302,-0.97019362449646,0.0
60.0,1.31926429271698,-0.9641044735908508,0.0
60.0,1.3496309518814087,-0.9767559766769409,0.0
60.0,1.3541324138641357,-0.9705057144165039,0.0
60.0,1.3847006559371948,-0.9827553629875183,0.0
60.0,1.4154105186462402,-0.994742751121521,0.0
60.0,1.4199944734573364,-0.9881881475448608,0.0
60.0,1.4492511749267578,-0.9986345767974854,0.0
60.0,1.4538527727127075,-0.9919235110282898,0.0
60.0,1.4816254377365112,-1.0008647441864014,0.0
60.0,1.4862369298934937,-0.9940038919448853,0.0
60.0,1.509160041809082,-0.9992676377296448,0.0
60.0,1.5321632623672485,-1.004340410232544,0.0
60.0,1.536790370941162,-0.9972459077835083,0.0
60.0,1.5649428367614746,-1.005263090133667,0.0
60.0,1.5695738792419434,-0.9980170130729675,0.0
60.0,1.580941915512085,-0.9950109720230103,0.0
60.0,1.5855252742767334,-0.9876910448074341,0.0
60.0,1.5798602104187012,-0.9740521907806396,0.0
60.0,1.5758103132247925,-0.9615287780761719,0.0
60.0,1.580238938331604,-0.9542329907417297,0.0
60.0,1.5760496854782104,-0.9417871832847595,0.0
60.0,1.5803871154785156,-0.934490442276001,0.0
60.0,1.5777857303619385,-0.9231337904930115,0.0
60.0,1.5751134157180786,-0.9118212461471558,0.0
60.0,1.5793122053146362,-0.9045291543006897,0.0
60.0,1.590437650680542,-0.9011614918708801,0.0
60.0,1.594586968421936,-0.8937987089157104,0.0
60.0,1.612695336341858,-0.8941753506660461,0.0
60.0,1.6168122291564941,-0.8867096900939941,0.0
60.0,1.638474702835083,-0.8887611627578735,0.0
60.0,1.656665563583374,-0.8887401819229126,0.0
60.0,1.6607568264007568,-0.8810712695121765,0.0
60.0,1.6789813041687012,-0.880816638469696,0.0
60.0,1.6830357313156128,-0.8730446696281433,0.0
60.0,1.4566913843154907,-0.7133961319923401,0.0
60.0,1.4599741697311401,-0.7066537141799927,0.0
60.0,1.4632256031036377,-0.6998961567878723,0.0
60.0,1.4664459228515625,-0.6931236386299133,0.0
60.0,1.4859439134597778,-0.6939528584480286,0.0
60.0,1.4891364574432373,-0.6870753765106201,0.0
60.0,1.4922971725463867,-0.6801831722259521,0.0
60.0,1.5100154876708984,-0.6798450350761414,0.0
60.0,1.5131425857543945,-0.6728563904762268,0.0
60.0,1.5290555953979492,-0.6714825630187988,0.0
60.0,1.5321438312530518,-0.6644060015678406,0.0
60.0,1.5499076843261719,-0.6636128425598145,0.0
60.0,1.562170147895813,-0.6603334546089172,0.0
60.0,1.5652064085006714,-0.6531038880348206,0.0
60.0,1.5663599967956543,-0.6450987458229065,0.0
60.0,1.5693258047103882,-0.6378499865531921,0.0
60.0,1.5685455799102783,-0.629098653793335,0.0
60.0,1.5714373588562012,-0.6218399405479431,0.0
60.0,1.5687062740325928,-0.6123860478401184,0.0
60.0,1.5659215450286865,-0.6029707193374634,0.0
60.0,1.5686925649642944,-0.5957244634628296,0.0
60.0,1.5658111572265625,-0.586361289024353,0.0
60.0,1.5685054063796997,-0.5791156888008118,0.0
60.0,1.567407250404358,-0.5704895853996277,0.0
60.0,1.5643805265426636,-0.5612107515335083,0.0
60.0,1.5669584274291992,-0.553972065448761,0.0
60.0,1.565725564956665,-0.5454056859016418,0.0
60.0,1.5682305097579956,-0.5381609201431274,0.0
60.0,1.5669125318527222,-0.5296238660812378,0.0
60.0,1.569344401359558,-0.5223737955093384,0.0
60.0,1.566041111946106,-0.5132439136505127,0.0
60.0,1.564590573310852,-0.5047699213027954,0.0
60.0,1.566907525062561,-0.49753081798553467,0.0
60.0,1.5653730630874634,-0.48908817768096924,0.0
60.0,1.5676175355911255,-0.4818456470966339,0.0
60.0,1.5640852451324463,-0.4728564918041229,0.0
60.0,1.5624206066131592,-0.46448028087615967,0.0
60.0,1.5645513534545898,-0.4572516679763794,0.0
60.0,1.5628042221069336,-0.4489089548587799,0.0
60.0,1.5629380941390991,-0.441135436296463,0.0
60.0,1.5649608373641968,-0.4339046776294708,0.0
60.0,1.5630908012390137,-0.42561376094818115,0.0
60.0,1.5650418996810913,-0.418382465839386,0.0
60.0,1.5630905628204346,-0.41012707352638245,0.0
60.0,1.5649700164794922,-0.4028959274291992,0.0
60.0,1.560998558998108,-0.39418715238571167,0.0
60.0,1.5530974864959717,-0.38456234335899353,0.0
60.0,1.554858922958374,-0.3773776888847351,0.0
60.0,1.5390753746032715,-0.3660203814506531,0.0
60.0,1.5407512187957764,-0.3589007556438446,0.0
60.0,1.5443439483642578,-0.3522181808948517,0.0
60.0,1.575437068939209,-0.1644805520772934,0.0
60.0,1.5761806964874268,-0.15719495713710785,0.0
60.0,1.5768907070159912,-0.1499060094356537,0.0
60.0,1.5775668621063232,-0.14261385798454285,0.0
60.0,1.5642606019973755,-0.13412266969680786,0.0
60.0,1.5648640394210815,-0.12688906490802765,0.0
60.0,1.5654339790344238,-0.11965276300907135,0.0
60.0,1.5659704208374023,-0.11241389811038971,0.0
60.0,1.5564957857131958,-0.10450273752212524,0.0
60.0,1.5549662113189697,-0.09718061238527298,0.0
60.0,1.5553988218307495,-0.08999038487672806,0.0
60.0,1.5577954053878784,-0.08290452510118484,0.0
60.0,1.5581620931625366,-0.07570137083530426,0.0
60.0,1.5664877891540527,-0.06884786486625671,0.0
60.0,1.5667892694473267,-0.06160467118024826,0.0
60.0,1.5770514011383057,-0.05470684543251991,0.0
60.0,1.585283875465393,-0.047655344009399414,0.0
60.0,1.5854872465133667,-0.040325477719306946,0.0
60.0,1.5956546068191528,-0.03320278599858284,0.0
60.0,1.595790982246399,-0.025825126096606255,0.0
60.0,1.607892632484436,-0.01858561486005783,0.0
60.0,1.6159611940383911,-0.01120700966566801,0.0
60.0,1.6159957647323608,-0.0037356994580477476,0.0
60.0,1.6259957551956177,0.003758807433769107,0.0
60.0,1.6259609460830688,0.011276351287961006,0.0
60.0,1.6358907222747803,0.018909234553575516,0.0
60.0,1.6457844972610474,0.026634177193045616,0.0
60.0,1.6456438302993774,0.034242965281009674,0.0
60.0,1.6554646492004395,0.042105283588171005,0.0
60.0,1.6552523374557495,0.0497586615383625,0.0
60.0,1.6669973134994507,0.05782699957489967,0.0
60.0,1.6667121648788452,0.06553353369235992,0.0
60.0,1.4326428174972534,0.22368428111076355,0.0
60.0,1.4315932989120483,0.2303055375814438,0.0
60.0,1.4305132627487183,0.23692186176776886,0.0
60.0,1.4294025897979736,0.24353311955928802,0.0
60.0,1.4388999938964844,0.2588646411895752,0.0
60.0,1.4376877546310425,0.26551443338394165,0.0
60.0,1.436444878578186,0.27215856313705444,0.0
60.0,1.4351712465286255,0.27879688143730164,0.0
60.0,1.4456359148025513,0.287771999835968,0.0
60.0,1.444290041923523,0.29445263743400574,0.0
60.0,1.4566179513931274,0.3039870858192444,0.0
60.0,1.4551969766616821,0.3107183277606964,0.0
60.0,1.4674224853515625,0.32042959332466125,0.0
60.0,1.4659253358840942,0.3272106349468231,0.0
60.0,1.4780464172363281,0.337097704410553,0.0
60.0,1.4881591796875,0.34665003418922424,0.0
60.0,1.4865405559539795,0.35352662205696106,0.0
60.0,1.5023823976516724,0.3646411895751953,0.0
60.0,1.5006804466247559,0.37158337235450745,0.0
60.0,1.5222160816192627,0.38439369201660156,0.0
60.0,1.5204225778579712,0.3914273679256439,0.0
60.0,1.5418107509613037,0.4045436382293701,0.0
60.0,1.5592453479766846,0.41683289408683777,0.0
60.0,1.5573015213012695,0.4240373969078064,0.0
60.0,1.5765247344970703,0.43711090087890625,0.0
60.0,1.5744869709014893,0.4443950653076172,0.0
60.0,1.5877935886383057,0.45608705282211304,0.0
60.0,1.5856679677963257,0.46342313289642334,0.0
60.0,1.5969280004501343,0.474738746881485,0.0
60.0,1.6100314855575562,0.48674702644348145,0.0
60.0,1.6077638864517212,0.4941856265068054,0.0
60.0,1.6207337379455566,0.5063852071762085,0.0
60.0,1.6183751821517944,0.5138730406761169,0.0
60.0,1.6312092542648315,0.5262625217437744,0.0
60.0,1.6401618719100952,0.5375357866287231,0.0
60.0,1.6376591920852661,0.5451130867004395,0.0
60.0,1.6483843326568604,0.5571616888046265,0.0
60.0,1.645790696144104,0.5647768378257751,0.0
60.0,1.6563827991485596,0.576985239982605,0.0
60.0,1.6536974906921387,0.5846371650695801,0.0
60.0,1.4664890766143799,0.5260928869247437,0.0
60.0,1.4640411138534546,0.5328673720359802,0.0
60.0,1.4615617990493774,0.5396304726600647,0.0
60.0,1.459051251411438,0.5463820695877075,0.0
60.0,1.4396820068359375,0.5467315912246704,0.0
60.0,1.4371389150619507,0.5533819198608398,0.0
60.0,1.451332688331604,0.5665661692619324,0.0
60.0,1.448697805404663,0.5732701420783997,0.0
60.0,1.4608820676803589,0.5859178900718689,0.0
60.0,1.4581575393676758,0.5926657915115356,0.0
60.0,1.47019624710083,0.6054940819740295,0.0
60.0,1.4839929342269897,0.6192164421081543,0.0
60.0,1.4811142683029175,0.6260708570480347,0.0
60.0,1.4965894222259521,0.640783965587616,0.0
60.0,1.4936108589172363,0.6476963758468628,0.0
60.0,1.5107436180114746,0.6634408235549927,0.0
60.0,1.507660150527954,0.6704185009002686,0.0
60.0,1.520957589149475,0.6847714185714722,0.0
60.0,1.5305145978927612,0.6976025104522705,0.0
60.0,1.5272729396820068,0.7046712040901184,0.0
60.0,1.5294349193572998,0.7142636179924011,0.0
60.0,1.5261163711547852,0.7213271260261536,0.0
60.0,1.5281777381896973,0.7309643030166626,0.0
60.0,1.5301826000213623,0.7406358122825623,0.0
60.0,1.5267419815063477,0.7477025389671326,0.0
60.0,1.5286449193954468,0.7574170231819153,0.0
60.0,1.5251268148422241,0.7644764184951782,0.0
60.0,1.5269274711608887,0.7742329239845276,0.0
60.0,1.5233315229415894,0.7812842130661011,0.0
60.0,1.525029182434082,0.7910816073417664,0.0
60.0,1.5266685485839844,0.8009113073348999,0.0
60.0,1.5229493379592896,0.807961106300354,0.0
60.0,1.526247262954712,0.818775475025177,0.0
60.0,1.5224454402923584,0.8258231282234192,0.0
60.0,1.523871898651123,0.8357383608818054,0.0
60.0,1.5234898328781128,0.8447144627571106,0.0
60.0,1.5195682048797607,0.8517491221427917,0.0
60.0,1.5121338367462158,0.8567936420440674,0.0
60.0,1.508156418800354,0.8637756705284119,0.0
60.0,1.4868378639221191,0.8607192039489746,0.0
60.0,1.2628823518753052,1.1260515451431274,0.0
60.0,1.2576627731323242,1.13187837600708,0.0
60.0,1.2524162530899048,1.1376808881759644,0.0
60.0,1.2471429109573364,1.1434590816497803,0.0
60.0,1.231567621231079,1.1397039890289307,0.0
60.0,1.2262850999832153,1.1453858613967896,0.0
60.0,1.22097647190094,1.151043176651001,0.0
60.0,1.2069482803344727,1.1484041213989258,0.0
60.0,1.2016258239746094,1.1539719104766846,0.0
60.0,1.1934055089950562,1.1567312479019165,0.0
60.0,1.183755874633789,1.1580406427383423,0.0
60.0,1.1783891916275024,1.163501262664795,0.0
60.0,1.1673306226730347,1.1632899045944214,0.0
60.0,1.1619397401809692,1.1686744689941406,0.0
60.0,1.1452957391738892,1.1626355648040771,0.0
60.0,1.1315265893936157,1.1593307256698608,0.0
60.0,1.1261544227600098,1.1645498275756836,0.0
60.0,0.9568167924880981,1.2998067140579224,0.0
60.0,0.9507970809936523,1.3042165040969849,0.0
60.0,0.9447569847106934,1.308598518371582,0.0
60.0,0.9386968016624451,1.3129525184631348,0.0
60.0,0.926838219165802,1.3091168403625488,0.0
60.0,0.9207757711410522,1.3133879899978638,0.0
60.0,0.910131573677063,1.3110592365264893,0.0
60.0,0.9040603041648865,1.3152531385421753,0.0
60.0,0.8968445062637329,1.317765474319458,0.0
60.0,0.8896247744560242,1.3202393054962158,0.0
60.0,0.8835113048553467,1.3243381977081299,0.0
60.0,0.8762767314910889,1.326740026473999,0.0
60.0,0.8701333403587341,1.3307772874832153,0.0
60.0,0.8628846406936646,1.3331069946289062,0.0
60.0,0.8567119836807251,1.3370821475982666,0.0
60.0,0.8505209684371948,1.3410288095474243,0.0
60.0,0.8443118333816528,1.3449467420578003,0.0
60.0,0.8380845785140991,1.3488359451293945,0.0
60.0,0.8318394422531128,1.3526962995529175,0.0
60.0,0.8255765438079834,1.3565278053283691,0.0
60.0,0.8182640671730042,1.358616828918457,0.0
60.0,0.8119739294052124,1.3623855113983154,0.0
60.0,0.805666446685791,1.3661249876022339,0.0
60.0,0.7993417382240295,1.3698352575302124,0.0
60.0,0.7929999232292175,1.373516321182251,0.0
60.0,0.7866411805152893,1.3771679401397705,0.0
60.0,0.7792816758155823,1.3790489435195923,0.0
60.0,0.7728975415229797,1.3826371431350708,0.0
60.0,0.7664967775344849,1.3861957788467407,0.0
60.0,0.7600797414779663,1.3897247314453125,0.0
60.0,0.7536463737487793,1.3932240009307861,0.0
60.0,0.7471969127655029,1.396693468093872,0.0
60.0,0.7416667342185974,1.4019010066986084,0.0
60.0,0.7351773381233215,1.4053149223327637,0.0
60.0,0.7286721467971802,1.4086989164352417,0.0
60.0,0.7257940769195557,1.419175386428833,0.0
60.0,0.7192249298095703,1.422515869140625,0.0
60.0,0.4747956097126007,0.9499543309211731,0.0
60.0,0.4686267673969269,0.9485530257225037,0.0
60.0,0.46423622965812683,0.9507095813751221,0.0
60.0,0.45983579754829407,0.9528457522392273,0.0
60.0,0.455425500869751,0.9549615383148193,0.0
60.0,0.4484478533267975,0.9516294598579407,0.0
60.0,0.4423549175262451,0.9500663876533508,0.0
60.0,0.43795767426490784,0.9521013498306274,0.0
60.0,0.4318963289260864,0.9504744410514832,0.0
60.0,0.4274972975254059,0.9524610638618469,0.0
60.0,0.42227864265441895,0.9525989890098572,0.0
60.0,0.4178699254989624,0.9545411467552185,0.0
60.0,0.41186508536338806,0.9527912139892578,0.0
60.0,0.4058854281902313,0.9510063529014587,0.0
60.0,0.4014842212200165,0.9528727531433105,0.0
60.0,0.3955383598804474,0.9510254263877869,0.0
60.0,0.39113718271255493,0.952843964099884,0.0
60.0,0.3852258324623108,0.950934886932373,0.0
60.0,0.37934044003486633,0.9489914178848267,0.0
60.0,0.3749488592147827,0.9507350921630859,0.0
60.0,0.3698241114616394,0.9505946040153503,0.0
60.0,0.3654251992702484,0.9522942900657654,0.0
60.0,0.3603106141090393,0.9521030783653259,0.0
60.0,0.35450640320777893,0.9500111937522888,0.0
60.0,0.35011035203933716,0.9516400694847107,0.0
60.0,0.34434306621551514,0.9494881629943848,0.0
60.0,0.3399495482444763,0.9510700702667236,0.0
60.0,0.3348843455314636,0.9507452249526978,0.0
60.0,0.32917362451553345,0.9485043883323669,0.0
60.0,0.3247848153114319,0.9500161409378052,0.0
60.0,0.319112628698349,0.9477167725563049,0.0
60.0,0.3147275745868683,0.9491820335388184,0.0
60.0,0.3097151219844818,0.9487257599830627,0.0
60.0,0.3053255081176758,0.9501475691795349,0.0
60.0,0.29972323775291443,0.9477351903915405,0.0
60.0,0.29533830285072327,0.9491108059883118,0.0
60.0,0.2909470498561859,0.9504660964012146,0.0
60.0,0.2853964567184448,0.9479709267616272,0.0
60.0,0.28101059794425964,0.9492802619934082,0.0
60.0,0.2760598659515381,0.948648989200592,0.0
60.0,0.2711210250854492,0.9479922652244568,0.0
60.0,0.2667351961135864,0.9492356777191162,0.0
60.0,0.2612794041633606,0.9466028809547424,0.0
60.0,0.2563769221305847,0.9458704590797424,0.0
60.0,0.2520010471343994,0.9470456838607788,0.0
60.0,0.24711446464061737,0.9462655186653137,0.0
60.0,0.24273689091205597,0.9473978877067566,0.0
60.0,0.23835411667823792,0.9485100507736206,0.0
60.0,0.23396626114845276,0.9496018886566162,0.0
60.0,0.22863443195819855,0.9467852115631104,0.0
60.0,0.22379417717456818,0.9458858966827393,0.0
60.0,0.21941860020160675,0.9469105005264282,0.0
60.0,0.21459588408470154,0.9459643959999084,0.0
60.0,0.21022003889083862,0.9469464421272278,0.0
60.0,0.2054152935743332,0.9459537863731384,0.0
60.0,0.2006242275238037,0.944936990737915,0.0
60.0,0.19625328481197357,0.9458544850349426,0.0
60.0,0.19148088991641998,0.9447915554046631,0.0
60.0,0.18711072206497192,0.9456667304039001,0.0
60.0,0.18273654580116272,0.9465216994285583,0.0
60.0,0.17835846543312073,0.9473564624786377,0.0
60.0,0.17361563444137573,0.9462038278579712,0.0
60.0,0.16853544116020203,0.9430587291717529,0.0
60.0,0.16417351365089417,0.9438278675079346,0.0
60.0,0.15980809926986694,0.9445767998695374,0.0
60.0,0.15543925762176514,0.945305585861206,0.0
60.0,0.15075170993804932,0.9440391063690186,0.0
60.0,0.14638546109199524,0.9447259902954102,0.0
60.0,0.14201606810092926,0.9453927278518677,0.0
60.0,0.13735570013523102,0.9440600872039795,0.0
60.0,0.13298949599266052,0.9446850419044495,0.0
60.0,0.1286204308271408,0.9452897906303406,0.0
60.0,0.12398815900087357,0.9438914060592651,0.0
60.0,0.11962287127971649,0.944454550743103,0.0
60.0,0.11501289159059525,0.9430121779441833,0.0
60.0,0.11065176874399185,0.9435338973999023,0.0
60.0,0.10628827661275864,0.9440353512763977,0.0
60.0,0.10192251205444336,0.9445167183876038,0.0
60.0,0.09734919667243958,0.942988395690918,0.0
60.0,0.09298837184906006,0.9434283971786499,0.0
60.0,0.08862555772066116,0.9438482522964478,0.0
60.0,0.08408308029174805,0.9422557950019836,0.0
60.0,0.07972577959299088,0.9426344633102417,0.0
60.0,0.0753667801618576,0.9429929852485657,0.0
60.0,0.07085604965686798,0.9413370490074158,0.0
60.0,0.0665031373500824,0.9416545629501343,0.0
60.0,0.0621488057076931,0.9419519901275635,0.0
60.0,0.05779314786195755,0.9422292709350586,0.0
60.0,0.05343625321984291,0.9424864053726196,0.0
60.0,0.049078214913606644,0.9427233338356018,0.0
60.0,0.04471912980079651,0.9429401755332947,0.0
60.0,0.04035909101366997,0.9431368708610535,0.0
60.0,0.035998184233903885,0.9433133602142334,0.0
60.0,0.03163651004433632,0.943469762802124,0.0
60.0,0.02721637673676014,0.9416067004203796,0.0
60.0,0.022862685844302177,0.9417225122451782,0.0
60.0,0.018508508801460266,0.941818118095398,0.0
60.0,0.014153935015201569,0.9418936371803284,0.0
60.0,0.009799058549106121,0.9419490098953247,0.0
60.0,0.005443972535431385,0.941984236240387,0.0
60.0,0.0010887705720961094,0.9419993162155151,0.0
60.0,-0.0032664549071341753,0.941994309425354,0.0
60.0,-0.007621610537171364,0.9419691562652588,0.0
60.0,-0.011976603418588638,0.9419238567352295,0.0
60.0,-0.01633133925497532,0.9418584108352661,0.0
60.0,-0.020685726776719093,0.9417728185653687,0.0
60.0,-0.0250396728515625,0.9416671395301819,0.0
60.0,-0.029393082484602928,0.941541314125061,0.0
60.0,-0.033745866268873215,0.9413953423500061,0.0
60.0,-0.03809792548418045,0.9412292242050171,0.0
60.0,-0.04244917258620262,0.9410430192947388,0.0
60.0,-0.04679951071739197,0.9408367276191711,0.0
60.0,-0.05114884674549103,0.9406102895736694,0.0
60.0,-0.05549709498882294,0.9403637647628784,0.0
60.0,-0.05984415113925934,0.9400971531867981,0.0
60.0,-0.06418993324041367,0.9398103952407837,0.0
60.0,-0.06853433698415756,0.9395036101341248,0.0
60.0,-0.07303201407194138,0.9411707520484924,0.0
60.0,-0.07738261669874191,0.9408230185508728,0.0
60.0,-0.08173156529664993,0.9404551982879639,0.0
60.0,-0.08607876300811768,0.9400672912597656,0.0
60.0,-0.09042412787675858,0.9396592378616333,0.0
60.0,-0.09476755559444427,0.9392311573028564,0.0
60.0,-0.09910895675420761,0.9387829303741455,0.0
60.0,-0.10344824194908142,0.93831467628479,0.0
60.0,-0.10801366716623306,0.9398132562637329,0.0
60.0,-0.11235762387514114,0.9393038749694824,0.0
60.0,-0.11669917404651642,0.9387743473052979,0.0
60.0,-0.12103822827339172,0.9382247924804688,0.0
60.0,-0.12563976645469666,0.9396375417709351,0.0
60.0,-0.12998270988464355,0.9390466213226318,0.0
60.0,-0.1343228816986084,0.9384356141090393,0.0
60.0,-0.13895271718502045,0.9397830367088318,0.0
60.0,-0.14329619705677032,0.9391305446624756,0.0
60.0,-0.14763662219047546,0.9384579658508301,0.0
60.0,-0.1519738882780075,0.93776535987854,0.0
60.0,-0.1563078910112381,0.9370527267456055,0.0
60.0,-0.16097676753997803,0.9382912516593933,0.0
60.0,-0.16531310975551605,0.9375370144844055,0.0
60.0,-0.17035871744155884,0.9406986236572266,0.0
60.0,-0.1747061014175415,0.9399009346961975,0.0
60.0,-0.17942433059215546,0.9410477876663208,0.0
60.0,-0.1837732195854187,0.9402081966400146,0.0
60.0,-0.18811818957328796,0.9393484592437744,0.0
60.0,-0.1928609311580658,0.9404278993606567,0.0
60.0,-0.19720681011676788,0.9395262002944946,0.0
60.0,-0.2015484869480133,0.9386043548583984,0.0
60.0,-0.2058858424425125,0.9376624822616577,0.0
60.0,-0.21021881699562073,0.9367005825042725,0.0
60.0,-0.21499426662921906,0.9376680850982666,0.0
60.0,-0.2193271517753601,0.9366641044616699,0.0
60.0,-0.2241203337907791,0.9375852346420288,0.0
60.0,-0.22845274209976196,0.9365389943122864,0.0
60.0,-0.23374615609645844,0.939354419708252,0.0
60.0,-0.23808665573596954,0.9382636547088623,0.0
60.0,-0.24242204427719116,0.9371528625488281,0.0
60.0,-0.24726209044456482,0.9379560351371765,0.0
60.0,-0.25159597396850586,0.9368028044700623,0.0
60.0,-0.25645214319229126,0.9375587105751038,0.0
60.0,-0.261857271194458,0.9402163624763489,0.0
60.0,-0.2662014365196228,0.9389956593513489,0.0
60.0,-0.27109429240226746,0.9396764636039734,0.0
60.0,-0.2754358649253845,0.9384130239486694,0.0
60.0,-0.2797715663909912,0.937129557132721,0.0
60.0,-0.284101277589798,0.9358260631561279,0.0
60.0,-0.2890147566795349,0.9364136457443237,0.0
60.0,-0.2939396798610687,0.9369757175445557,0.0
60.0,-0.29826852679252625,0.9356066584587097,0.0
60.0,-0.3038235604763031,0.938023030757904,0.0
60.0,-0.30815714597702026,0.9366083145141602,0.0
60.0,-0.31311798095703125,0.9370704889297485,0.0
60.0,-0.31744706630706787,0.9356127977371216,0.0
60.0,-0.32242071628570557,0.9360260963439941,0.0
60.0,-0.3274049460887909,0.9364133477210999,0.0
60.0,-0.33173084259033203,0.9348896145820618,0.0
60.0,-0.33672717213630676,0.9352276921272278,0.0
60.0,-0.341047465801239,0.9336608648300171,0.0
60.0,-0.34675025939941406,0.9358249306678772,0.0
60.0,-0.35177677869796753,0.9360839128494263,0.0
60.0,-0.3561008870601654,0.9344475269317627,0.0
60.0,-0.3611381947994232,0.9346566796302795,0.0
60.0,-0.36545559763908386,0.932977020740509,0.0
60.0,-0.37197938561439514,0.9368540048599243,0.0
60.0,-0.3778000771999359,0.9388349056243896,0.0
60.0,-0.38213664293289185,0.9370781779289246,0.0
60.0,-0.3879925608634949,0.9389983415603638,0.0
60.0,-0.39232975244522095,0.9371944665908813,0.0
60.0,-0.3974393904209137,0.937211811542511,0.0
60.0,-0.40176820755004883,0.9353642463684082,0.0
60.0,-0.4076840579509735,0.9371646642684937,0.0
60.0,-0.41281890869140625,0.9371001124382019,0.0
60.0,-0.41714704036712646,0.9351814985275269,0.0
60.0,-0.4222894310951233,0.9350655674934387,0.0
60.0,-0.4266080856323242,0.9331032037734985,0.0
60.0,-0.4317575991153717,0.932935893535614,0.0
60.0,-0.43606629967689514,0.9309297204017639,0.0
60.0,-0.4420791268348694,0.9325180649757385,0.0
60.0,-0.4481160044670105,0.9340707063674927,0.0
60.0,-0.45242977142333984,0.9319888949394226,0.0
60.0,-0.4584972858428955,0.9334774613380432,0.0
60.0,-0.46280819177627563,0.931347668170929,0.0
60.0,-0.4698041081428528,0.9345588088035583,0.0
60.0,-0.4759329557418823,0.9359421730041504,0.0
60.0,-0.4802550673484802,0.933731734752655,0.0
60.0,-0.486412912607193,0.9350500106811523,0.0
60.0,-0.49073082208633423,0.9327911138534546,0.0
60.0,-0.49691689014434814,0.9340436458587646,0.0
60.0,-0.501230001449585,0.9317362308502197,0.0
60.0,-0.506488025188446,0.9311658143997192,0.0
60.0,-1.0962384939193726,1.9717497825622559,0.0
60.0,-1.1053428649902344,1.966660499572754,0.0
60.0,-1.1144236326217651,1.961529016494751,0.0
60.0,-1.1234806776046753,1.9563556909561157,0.0
60.0,-1.136529564857483,1.958059310913086,0.0
60.0,-1.1455702781677246,1.9527838230133057,0.0
60.0,-1.1545864343643188,1.947466492652893,0.0
60.0,-1.167689561843872,1.9489703178405762,0.0
60.0,-1.1766879558563232,1.9435508251190186,0.0
60.0,-1.1919233798980713,1.9483259916305542,0.0
60.0,-1.200918436050415,1.9427945613861084,0.0
60.0,-1.2162445783615112,1.947399616241455,0.0
60.0,-1.2295042276382446,1.9485212564468384,0.0
60.0,-1.2384997606277466,1.942815899848938,0.0
60.0,-1.253966212272644,1.9471580982208252,0.0
60.0,-1.2629551887512207,1.9413397312164307,0.0
60.0,-1.2785075902938843,1.945508360862732,0.0
60.0,-1.2919130325317383,1.9462416172027588,0.0
60.0,-1.3008973598480225,1.940247893333435,0.0
60.0,-1.3165827989578247,1.9441486597061157,0.0
60.0,-1.3255572319030762,1.938040852546692,0.0
60.0,-1.3413234949111938,1.9417648315429688,0.0
60.0,-1.3502867221832275,1.9355427026748657,0.0
60.0,-1.366132378578186,1.939089059829712,0.0
60.0,-1.384358286857605,1.9457893371582031,0.0
60.0,-1.3933396339416504,1.9393681287765503,0.0
60.0,-1.4093378782272339,1.9426186084747314,0.0
60.0,-1.4183043241500854,1.9360820055007935,0.0
60.0,-1.4343764781951904,1.9391512870788574,0.0
60.0,-1.4505072832107544,1.9421133995056152,0.0
60.0,-1.4594709873199463,1.9353864192962646,0.0
60.0,-1.4780957698822021,1.9413483142852783,0.0
60.0,-1.4870555400848389,1.9344937801361084,0.0
60.0,-1.503340721130371,1.9370777606964111,0.0
60.0,-1.5147476196289062,1.9332553148269653,0.0
60.0,-1.5236696004867554,1.9262313842773438,0.0
60.0,-1.5250709056854248,1.9097892045974731,0.0
60.0,-1.5338842868804932,1.9027178287506104,0.0
60.0,-1.5275160074234009,1.8769910335540771,0.0
60.0,-1.536177635192871,1.8699086904525757,0.0
60.0,-1.529486060142517,1.844312310218811,0.0
60.0,-1.5200234651565552,1.815751314163208,0.0
60.0,-1.5284020900726318,1.8087042570114136,0.0
60.0,-1.5211730003356934,1.7833589315414429,0.0
60.0,-1.5294018983840942,1.7763069868087769,0.0
60.0,-1.5218546390533447,1.7511019706726074,0.0
60.0,-1.5141074657440186,1.7260053157806396,0.0
60.0,-1.5220712423324585,1.7189866304397583,0.0
60.0,-1.5166749954223633,1.6970188617706299,0.0
60.0,-1.5245047807693481,1.689988613128662,0.0
60.0,-1.516144037246704,1.6651761531829834,0.0
60.0,-1.5238265991210938,1.6581486463546753,0.0
60.0,-1.5178755521774292,1.6364223957061768,0.0
60.0,-1.5117563009262085,1.6147868633270264,0.0
60.0,-1.519205927848816,1.6077800989151,0.0
60.0,-1.5128198862075806,1.5862659215927124,0.0
60.0,-1.5034939050674438,1.5619635581970215,0.0
60.0,-1.5106992721557617,1.5549956560134888,0.0
60.0,-1.5038700103759766,1.5337141752243042,0.0
60.0,-1.5109448432922363,1.5267448425292969,0.0
60.0,-1.5066802501678467,1.5084224939346313,0.0
60.0,-1.5136381387710571,1.5014405250549316,0.0
60.0,-1.5062994956970215,1.4804073572158813,0.0
60.0,-1.5016647577285767,1.4622650146484375,0.0
60.0,-1.5084092617034912,1.4553065299987793,0.0
60.0,-1.5006643533706665,1.4344972372055054,0.0
60.0,-1.5072804689407349,1.4275438785552979,0.0
60.0,-1.5021969079971313,1.4096113443374634,0.0
60.0,-1.4969799518585205,1.3917566537857056,0.0
60.0,-1.5033985376358032,1.3848206996917725,0.0
60.0,-1.4979668855667114,1.3670697212219238,0.0
60.0,-1.504271388053894,1.360129475593567,0.0
60.0,-1.4986261129379272,1.3424842357635498,0.0
60.0,-1.4928501844406128,1.324920654296875,0.0
60.0,-1.4989597797393799,1.3180044889450073,0.0
60.0,-1.49297297000885,1.3005505800247192,0.0
60.0,-1.4989699125289917,1.293634057044983,0.0
60.0,-1.4958140850067139,1.278891921043396,0.0
60.0,-1.4910279512405396,1.2629139423370361,0.0
60.0,-1.4968509674072266,1.2560068368911743,0.0
60.0,-1.4934138059616089,1.2414021492004395,0.0
60.0,-1.499137282371521,1.2344841957092285,0.0
60.0,-1.4939802885055542,1.2186905145645142,0.0
60.0,-1.4995988607406616,1.2117702960968018,0.0
60.0,-1.494255542755127,1.196075439453125,0.0
60.0,-1.4887993335723877,1.1804560422897339,0.0
60.0,-1.4942411184310913,1.1735601425170898,0.0
60.0,-1.4886009693145752,1.1580429077148438,0.0
60.0,-1.482849359512329,1.1426030397415161,0.0
60.0,-1.4881161451339722,1.135735034942627,0.0
60.0,-1.483778476715088,1.121606707572937,0.0
60.0,-1.4889482259750366,1.1147346496582031,0.0
60.0,-1.4844468832015991,1.1006914377212524,0.0
60.0,-1.4895199537277222,1.0938165187835693,0.0
60.0,-1.484856128692627,1.0798602104187012,0.0
60.0,-1.480095386505127,1.0659706592559814,0.0
60.0,-1.4850080013275146,1.059116244316101,0.0
60.0,-1.4800869226455688,1.0453165769577026,0.0
60.0,-1.4849040508270264,1.0384624004364014,0.0
60.0,-1.4831123352050781,1.027031660079956,0.0
60.0,-1.4795973300933838,1.014508605003357,0.0
60.0,-1.4842720031738281,1.0076570510864258,0.0
60.0,-1.4772956371307373,0.992974042892456,0.0
60.0,-1.4818707704544067,0.986133337020874,0.0
60.0,-1.4780635833740234,0.973770022392273,0.0
60.0,-1.4825499057769775,0.9669259786605835,0.0
60.0,-1.4786033630371094,0.9546371698379517,0.0
60.0,-1.4745750427246094,0.9424057006835938,0.0
60.0,-1.4789164066314697,0.9355781078338623,0.0
60.0,-1.4747505187988281,0.9234234690666199,0.0
60.0,-1.4705040454864502,0.9113275408744812,0.0
60.0,-1.4747017621994019,0.9045190811157227,0.0
60.0,-1.4703195095062256,0.8925023674964905,0.0
60.0,-1.4744302034378052,0.8856949806213379,0.0
60.0,-1.4716325998306274,0.8747808933258057,0.0
60.0,-1.475661277770996,0.8679676651954651,0.0
60.0,-1.472744107246399,0.8571118712425232,0.0
60.0,-1.4680250883102417,0.8453036546707153,0.0
60.0,-1.4719176292419434,0.8385074138641357,0.0
60.0,-1.4688091278076172,0.8277654647827148,0.0
60.0,-1.4726204872131348,0.8209657669067383,0.0
60.0,-1.4693949222564697,0.8102854490280151,0.0
60.0,-1.4661022424697876,0.7996525168418884,0.0
60.0,-1.4697836637496948,0.7928656339645386,0.0
60.0,-1.4663752317428589,0.7822962403297424,0.0
60.0,-1.4699764251708984,0.7755082845687866,0.0
60.0,-1.4664534330368042,0.7650036811828613,0.0
60.0,-1.462864637374878,0.754548192024231,0.0
60.0,-1.4663375616073608,0.7477768063545227,0.0
60.0,-1.4626356363296509,0.7373879551887512,0.0
60.0,-1.4660292863845825,0.7306177616119385,0.0
60.0,-1.4622149467468262,0.7202967405319214,0.0
60.0,-1.4601348638534546,0.7109021544456482,0.0
60.0,-1.4634060859680176,0.7041438221931458,0.0
60.0,-1.459421157836914,0.6939351558685303,0.0
60.0,-1.4626139402389526,0.6871802806854248,0.0
60.0,-1.4603331089019775,0.6778844594955444,0.0
60.0,-1.4561797380447388,0.6677907705307007,0.0
60.0,-1.4592516422271729,0.6610511541366577,0.0
60.0,-1.4586411714553833,0.6526637077331543,0.0
60.0,-1.461643099784851,0.6459129452705383,0.0
60.0,-1.4591145515441895,0.6367484927177429,0.0
60.0,-1.4620429277420044,0.6299956440925598,0.0
60.0,-1.4575785398483276,0.6200975179672241,0.0
60.0,-1.4548978805541992,0.6110286712646484,0.0
60.0,-1.4577072858810425,0.604295551776886,0.0
60.0,-1.4549325704574585,0.5952775478363037,0.0
60.0,-1.4576691389083862,0.5885445475578308,0.0
60.0,-1.4548007249832153,0.5795782804489136,0.0
60.0,-1.4518805742263794,0.5706511735916138,0.0
60.0,-1.4545032978057861,0.563932478427887,0.0
60.0,-1.4533590078353882,0.5557730197906494,0.0
60.0,-1.4559129476547241,0.5490476489067078,0.0
60.0,-1.4546867609024048,0.5409165024757385,0.0
60.0,-1.4571720361709595,0.5341851115226746,0.0
60.0,-1.4539833068847656,0.5254032611846924,0.0
60.0,-1.45074462890625,0.5166623592376709,0.0
60.0,-1.453117847442627,0.5099495053291321,0.0
60.0,-1.4516795873641968,0.5019186735153198,0.0
60.0,-1.4483050107955933,0.493267297744751,0.0
60.0,-1.4505701065063477,0.4865659475326538,0.0
60.0,-1.447106957435608,0.47797247767448425,0.0
60.0,-1.4493013620376587,0.4712768495082855,0.0
60.0,-1.4457502365112305,0.4627421200275421,0.0
60.0,-1.4478741884231567,0.4560529291629791,0.0
60.0,-1.4461466073989868,0.4481699466705322,0.0
60.0,-1.4462900161743164,0.44089585542678833,0.0
60.0,-1.4483129978179932,0.4342043995857239,0.0
60.0,-1.4464682340621948,0.4263727366924286,0.0
60.0,-1.4484241008758545,0.4196806252002716,0.0
60.0,-1.4445782899856567,0.41133636236190796,0.0
60.0,-1.4426125288009644,0.40357550978660583,0.0
60.0,-1.4444630146026611,0.3969014585018158,0.0
60.0,-1.4424206018447876,0.3891769349575043,0.0
60.0,-1.4442044496536255,0.3825039267539978,0.0
60.0,-1.4420862197875977,0.37481653690338135,0.0
60.0,-1.4399276971817017,0.3671569228172302,0.0
60.0,-1.4416097402572632,0.3604956567287445,0.0
60.0,-1.4393761157989502,0.3528743088245392,0.0
60.0,-1.4409922361373901,0.34621575474739075,0.0
60.0,-1.4406307935714722,0.33909159898757935,0.0
60.0,-1.4421831369400024,0.33242738246917725,0.0
60.0,-1.439802646636963,0.3248756527900696,0.0
60.0,-1.4373834133148193,0.3173530697822571,0.0
60.0,-1.4388352632522583,0.3107041120529175,0.0
60.0,-1.436342716217041,0.30322232842445374,0.0
60.0,-1.4377292394638062,0.2965783476829529,0.0
60.0,-1.4371243715286255,0.28953298926353455,0.0
60.0,-1.4345228672027588,0.2821137011051178,0.0
60.0,-1.4358118772506714,0.275478333234787,0.0
60.0,-1.435104250907898,0.26846933364868164,0.0
60.0,-1.4363301992416382,0.26183146238327026,0.0
60.0,-1.4355560541152954,0.25483837723731995,0.0
60.0,-1.4367189407348633,0.24819853901863098,0.0
60.0,-1.4358787536621094,0.2412220537662506,0.0
60.0,-1.4350048303604126,0.23425865173339844,0.0
60.0,-1.436072587966919,0.22762158513069153,0.0
60.0,-1.433156132698059,0.22037173807621002,0.0
60.0,-1.4341596364974976,0.21374337375164032,0.0
60.0,-1.4331529140472412,0.20682474970817566,0.0
60.0,-1.4321130514144897,0.19992002844810486,0.0
60.0,-1.433022141456604,0.19329670071601868,0.0
60.0,-1.429934024810791,0.1861528754234314,0.0
60.0,-1.4307793378829956,0.1795397698879242,0.0
60.0,-1.4296085834503174,0.172682985663414,0.0
60.0,-1.4284049272537231,0.16584086418151855,0.0
60.0,-1.4291564226150513,0.15923504531383514,0.0
60.0,-1.4298774003982544,0.15262581408023834,0.0
60.0,-1.430567741394043,0.14601333439350128,0.0
60.0,-1.4292370080947876,0.13920384645462036,0.0
60.0,-1.4278738498687744,0.13240979611873627,0.0
60.0,-1.4284707307815552,0.1258067935705185,0.0
60.0,-1.429037094116211,0.11920109391212463,0.0
60.0,-1.4295729398727417,0.11259284615516663,0.0
60.0,-1.4280837774276733,0.10583438724279404,0.0
60.0,-1.4265625476837158,0.09909209609031677,0.0
60.0,-1.427005410194397,0.09249550849199295,0.0
60.0,-1.4254214763641357,0.08577680587768555,0.0
60.0,-1.4258028268814087,0.07918563485145569,0.0
60.0,-1.4241563081741333,0.0724911019206047,0.0
60.0,-1.424476146697998,0.06590592116117477,0.0
60.0,-1.424765706062317,0.05931933596730232,0.0
60.0,-1.4230260848999023,0.05265752226114273,0.0
60.0,-1.423254370689392,0.04607778042554855,0.0
60.0,-1.4234521389007568,0.039497051388025284,0.0
60.0,-1.4236195087432861,0.03291548043489456,0.0
60.0,-1.42375648021698,0.02633320540189743,0.0
60.0,-1.421863317489624,0.019722629338502884,0.0
60.0,-1.4219392538070679,0.013148615136742592,0.0
60.0,-1.4199848175048828,0.006565072573721409,0.0
60.0,-1.4199999570846558,-1.1620547724078278e-07,0.0
61.0,-1.4199999570846558,1.2414034245011862e-07,0.0
61.0,-1.4199848175048828,-0.006565064657479525,0.0
61.0,-1.4199392795562744,-0.013130112551152706,0.0
61.0,-1.4198633432388306,-0.01969487965106964,0.0
61.0,-1.4197571277618408,-0.026259226724505424,0.0
61.0,-1.4196205139160156,-0.03282301127910614,0.0
61.0,-1.417454481124878,-0.0393306240439415,0.0
61.0,-1.4172574281692505,-0.04588362202048302,0.0
61.0,-1.4170300960540771,-0.05243564024567604,0.0
61.0,-1.4167726039886475,-0.05898653715848923,0.0
61.0,-1.4184825420379639,-0.06562861055135727,0.0
61.0,-1.420161485671997,-0.07228775322437286,0.0
61.0,-1.4198120832443237,-0.07885292172431946,0.0
61.0,-1.4194324016571045,-0.08541639894247055,0.0
61.0,-1.4190223217010498,-0.0919780507683754,0.0
61.0,-1.4185818433761597,-0.09853773564100266,0.0
61.0,-1.4181110858917236,-0.10509531199932098,0.0
61.0,-1.4196038246154785,-0.1118076741695404,0.0
61.0,-1.4190717935562134,-0.11836984008550644,0.0
61.0,-1.4185093641281128,-0.12492947280406952,0.0
61.0,-1.4179165363311768,-0.1314864307641983,0.0
61.0,-1.4172935485839844,-0.13804058730602264,0.0
61.0,-1.4166401624679565,-0.1445917785167694,0.0
61.0,-1.4159564971923828,-0.15113988518714905,0.0
61.0,-1.4152425527572632,-0.15768477320671082,0.0
61.0,-1.4144984483718872,-0.16422627866268158,0.0
61.0,-1.4137240648269653,-0.1707642823457718,0.0
61.0,-1.4149038791656494,-0.1775476336479187,0.0
61.0,-1.4140678644180298,-0.1840873658657074,0.0
61.0,-1.4132015705108643,-0.19062316417694092,0.0
61.0,-1.4142858982086182,-0.19743138551712036,0.0
61.0,-1.4133580923080444,-0.20396804809570312,0.0
61.0,-1.414378046989441,-0.21079516410827637,0.0
61.0,-1.415365219116211,-0.2176360934972763,0.0
61.0,-1.4143438339233398,-0.2241775244474411,0.0
61.0,-1.4152661561965942,-0.23103637993335724,0.0
61.0,-1.4141827821731567,-0.23757721483707428,0.0
61.0,-1.4130693674087524,-0.24411296844482422,0.0
61.0,-1.413894772529602,-0.2509930729866028,0.0
61.0,-1.4127192497253418,-0.25752735137939453,0.0
61.0,-1.4134793281555176,-0.2644239068031311,0.0
61.0,-1.4122416973114014,-0.2709560990333557,0.0
61.0,-1.4129364490509033,-0.27786847949028015,0.0
61.0,-1.4116365909576416,-0.28439804911613464,0.0
61.0,-1.410306692123413,-0.29092150926589966,0.0
61.0,-1.4109033346176147,-0.29785189032554626,0.0
61.0,-1.4095112085342407,-0.30437183380126953,0.0
61.0,-1.4100419282913208,-0.31131646037101746,0.0
61.0,-1.4085874557495117,-0.3178322911262512,0.0
61.0,-1.409051775932312,-0.3247905373573303,0.0
61.0,-1.4114288091659546,-0.33221811056137085,0.0
61.0,-1.4098777770996094,-0.33874011039733887,0.0
61.0,-1.4102389812469482,-0.34573110938072205,0.0
61.0,-1.4086254835128784,-0.3522474765777588,0.0
61.0,-1.4089198112487793,-0.3592504560947418,0.0
61.0,-1.4072438478469849,-0.36576056480407715,0.0
61.0,-1.4074710607528687,-0.3727749288082123,0.0
61.0,-1.4076634645462036,-0.3797991871833801,0.0
61.0,-1.4058924913406372,-0.38630327582359314,0.0
61.0,-1.406017541885376,-0.3933379352092743,0.0
61.0,-1.4041839838027954,-0.3998342752456665,0.0
61.0,-1.4042413234710693,-0.40687867999076843,0.0
61.0,-1.4061819314956665,-0.41449761390686035,0.0
61.0,-1.4042505025863647,-0.42099449038505554,0.0
61.0,-1.4061152935028076,-0.42864876985549927,0.0
61.0,-1.404118537902832,-0.43514516949653625,0.0
61.0,-1.4059067964553833,-0.4428339898586273,0.0
61.0,-1.4038443565368652,-0.44932928681373596,0.0
61.0,-1.4036539793014526,-0.4564334452152252,0.0
61.0,-1.4034278392791748,-0.46354547142982483,0.0
61.0,-1.4012696743011475,-0.4700290858745575,0.0
61.0,-1.4047611951828003,-0.47843700647354126,0.0
61.0,-1.4025341272354126,-0.48492664098739624,0.0
61.0,-1.4040515422821045,-0.4927304685115814,0.0
61.0,-1.4036425352096558,-0.499887615442276,0.0
61.0,-1.4013164043426514,-0.5063718557357788,0.0
61.0,-1.402715802192688,-0.5142219662666321,0.0
61.0,-1.4003233909606934,-0.5207017660140991,0.0
61.0,-1.4016437530517578,-0.5285818576812744,0.0
61.0,-1.4029210805892944,-0.5364852547645569,0.0
61.0,-1.400425672531128,-0.5429657697677612,0.0
61.0,-1.403484582901001,-0.5516294836997986,0.0
61.0,-1.4009191989898682,-0.558112382888794,0.0
61.0,-1.4020328521728516,-0.5660809278488159,0.0
61.0,-1.3994007110595703,-0.5725570321083069,0.0
61.0,-1.4004337787628174,-0.5805526971817017,0.0
61.0,-1.4032665491104126,-0.5893445014953613,0.0
61.0,-1.400526762008667,-0.5958260297775269,0.0
61.0,-1.401430606842041,-0.6038777232170105,0.0
61.0,-1.3986237049102783,-0.6103506088256836,0.0
61.0,-1.3994455337524414,-0.6184272170066833,0.0
61.0,-1.402048110961914,-0.6273413300514221,0.0
61.0,-1.3991327285766602,-0.6338168382644653,0.0
61.0,-1.3998231887817383,-0.6419461369514465,0.0
61.0,-1.3968403339385986,-0.6484111547470093,0.0
61.0,-1.397447943687439,-0.6565633416175842,0.0
61.0,-1.394397497177124,-0.663017213344574,0.0
61.0,-1.3985260725021362,-0.6729256510734558,0.0
61.0,-1.3989962339401245,-0.681135356426239,0.0
61.0,-1.3958321809768677,-0.6875961422920227,0.0
61.0,-1.3980083465576172,-0.6967185139656067,0.0
61.0,-1.3947722911834717,-0.7031745910644531,0.0
61.0,-1.3968513011932373,-0.7123413681983948,0.0
61.0,-1.393543004989624,-0.7187919616699219,0.0
61.0,-1.395524501800537,-0.7280022501945496,0.0
61.0,-1.3992195129394531,-0.7381793856620789,0.0
61.0,-1.3957916498184204,-0.7446406483650208,0.0
61.0,-1.3976147174835205,-0.7539345622062683,0.0
61.0,-1.3941140174865723,-0.760388195514679,0.0
61.0,-1.395837664604187,-0.7697228789329529,0.0
61.0,-1.3975046873092651,-0.7790897488594055,0.0
61.0,-1.3938877582550049,-0.7855426073074341,0.0
61.0,-1.3954542875289917,-0.7949485182762146,0.0
61.0,-1.3917640447616577,-0.8013917207717896,0.0
61.0,-1.3932297229766846,-0.8108358383178711,0.0
61.0,-1.3963617086410522,-0.8213245272636414,0.0
61.0,-1.3925495147705078,-0.8277716636657715,0.0
61.0,-1.3938509225845337,-0.8372907042503357,0.0
61.0,-1.3899649381637573,-0.8437260985374451,0.0
61.0,-1.3928685188293457,-0.854326069355011,0.0
61.0,-1.3889037370681763,-0.8607566952705383,0.0
61.0,-1.3933850526809692,-0.8724759817123413,0.0
61.0,-1.394406795501709,-0.8821164965629578,0.0
61.0,-1.3903136253356934,-0.8885539174079895,0.0
61.0,-1.3929115533828735,-0.8993116021156311,0.0
61.0,-1.3887388706207275,-0.9057419300079346,0.0
61.0,-1.3912168741226196,-0.9165541529655457,0.0
61.0,-1.3869644403457642,-0.9229764938354492,0.0
61.0,-1.3893219232559204,-0.9338418841362,0.0
61.0,-1.391608476638794,-0.9447486996650696,0.0
61.0,-1.38722562789917,-0.9511725306510925,0.0
61.0,-1.3910343647003174,-0.9632691144943237,0.0
61.0,-1.3865660429000854,-0.9696900844573975,0.0
61.0,-1.3886024951934814,-0.9807054400444031,0.0
61.0,-1.3905667066574097,-0.9917601346969604,0.0
61.0,-1.3859665393829346,-0.9981786608695984,0.0
61.0,-1.38780677318573,-1.0092811584472656,0.0
61.0,-1.38312566280365,-1.0156866312026978,0.0
61.0,-1.3848410844802856,-1.0268354415893555,0.0
61.0,-1.380078911781311,-1.0332270860671997,0.0
61.0,-1.372096300125122,-1.0371845960617065,0.0
61.0,-1.3529775142669678,-1.0325967073440552,0.0
61.0,-1.3481889963150024,-1.0388410091400146,0.0
61.0,-1.3291643857955933,-1.0340107679367065,0.0
61.0,-1.3243695497512817,-1.040144920349121,0.0
61.0,-1.3070091009140015,-1.036316156387329,0.0
61.0,-1.2912741899490356,-1.0335991382598877,0.0
61.0,-1.2864816188812256,-1.0395581722259521,0.0
61.0,-1.2677136659622192,-1.0341171026229858,0.0
61.0,-1.2629190683364868,-1.0399671792984009,0.0
61.0,-1.2442551851272583,-1.0342886447906494,0.0
61.0,-1.228735327720642,-1.0310312509536743,0.0
61.0,-1.2239553928375244,-1.0367010831832886,0.0
61.0,-1.2069882154464722,-1.0319514274597168,0.0
61.0,-1.2022042274475098,-1.0375207662582397,0.0
61.0,-1.1883461475372314,-1.035185694694519,0.0
61.0,-1.1715316772460938,-1.0301035642623901,0.0
61.0,-1.1667566299438477,-1.0355089902877808,0.0
61.0,-1.1515288352966309,-1.0315510034561157,0.0
61.0,-1.1467472314834595,-1.036863923072815,0.0
61.0,-1.1330775022506714,-1.0340654850006104,0.0
61.0,-1.1179871559143066,-1.0298080444335938,0.0
61.0,-1.113214135169983,-1.0349658727645874,0.0
61.0,-1.0982080698013306,-1.0305217504501343,0.0
61.0,-1.093431830406189,-1.0355881452560425,0.0
61.0,-1.0799578428268433,-1.0323405265808105,0.0
61.0,-1.0665374994277954,-1.028990626335144,0.0
61.0,-1.061768651008606,-1.0339106321334839,0.0
61.0,-1.0484187602996826,-1.0303971767425537,0.0
61.0,-1.043643593788147,-1.0352333784103394,0.0
61.0,-1.0303657054901123,-1.0315572023391724,0.0
61.0,-1.025585412979126,-1.0363099575042725,0.0
61.0,-1.013782024383545,-1.0339003801345825,0.0
61.0,-1.0006293058395386,-1.0299694538116455,0.0
61.0,-0.9958566427230835,-1.0345847606658936,0.0
61.0,-0.9841611981391907,-1.031941294670105,0.0
61.0,-0.9725115895271301,-1.0292119979858398,0.0
61.0,-0.9677428007125854,-1.033697247505188,0.0
61.0,-0.9561527371406555,-1.030828833580017,0.0
61.0,-0.9513766169548035,-1.0352383852005005,0.0
61.0,-0.938501238822937,-1.0307528972625732,0.0
61.0,-0.9270274639129639,-1.0276556015014648,0.0
61.0,-0.9222663044929504,-1.0319305658340454,0.0
61.0,-0.9108561873435974,-1.0286966562271118,0.0
61.0,-0.9060904383659363,-1.032896876335144,0.0
61.0,-0.8934336304664612,-1.0280176401138306,0.0
61.0,-0.884756326675415,-1.0275903940200806,0.0
61.0,-0.8799959421157837,-1.0316699743270874,0.0
61.0,-0.870053231716156,-1.029617190361023,0.0
61.0,-0.8652836680412292,-1.0336287021636963,0.0
61.0,-0.8541120886802673,-1.0299206972122192,0.0
61.0,-0.8493412137031555,-1.0338586568832397,0.0
61.0,-0.8382401466369629,-1.0300180912017822,0.0
61.0,-0.8284481763839722,-1.0276545286178589,0.0
61.0,-0.8236880898475647,-1.0314737558364868,0.0
61.0,-0.812706470489502,-1.0274279117584229,0.0
61.0,-0.80794757604599,-1.0311743021011353,0.0
61.0,-0.7982666492462158,-1.0285788774490356,0.0
61.0,-0.789845883846283,-1.0275015830993652,0.0
61.0,-0.7850869297981262,-1.0311423540115356,0.0
61.0,-0.7754944562911987,-1.0283735990524292,0.0
61.0,-0.7707316279411316,-1.0319480895996094,0.0
61.0,-0.7611948251724243,-1.0290687084197998,0.0
61.0,-0.7517012357711792,-1.0261234045028687,0.0
61.0,-0.7469490170478821,-1.029587745666504,0.0
61.0,-0.7375131249427795,-1.0265332460403442,0.0
61.0,-0.7327591776847839,-1.0299320220947266,0.0
61.0,-0.7245339155197144,-1.028403878211975,0.0
61.0,-0.716338574886322,-1.0268218517303467,0.0
61.0,-0.7115834951400757,-1.0301227569580078,0.0
61.0,-0.7011678218841553,-1.0251476764678955,0.0
61.0,-0.6964206695556641,-1.0283784866333008,0.0
61.0,-0.6883172988891602,-1.0266036987304688,0.0
61.0,-0.6802453398704529,-1.0247762203216553,0.0
61.0,-0.6755001544952393,-1.0279103517532349,0.0
61.0,-0.6674685478210449,-1.0259929895401,0.0
61.0,-0.662717878818512,-1.0290679931640625,0.0
61.0,-0.6536526679992676,-1.0253751277923584,0.0
61.0,-0.6467704772949219,-1.025003433227539,0.0
61.0,-0.642024576663971,-1.0279827117919922,0.0
61.0,-0.6341102123260498,-1.0258363485336304,0.0
61.0,-0.6293606162071228,-1.028757095336914,0.0
61.0,-0.6214901208877563,-1.0265233516693115,0.0
61.0,-0.6136537790298462,-1.0242388248443604,0.0
61.0,-0.6089117527008057,-1.0270649194717407,0.0
61.0,-0.6021327972412109,-1.0264191627502441,0.0
61.0,-0.5973808765411377,-1.0291920900344849,0.0
61.0,-0.5886321663856506,-1.0250054597854614,0.0
61.0,-0.5838868618011475,-1.027716040611267,0.0
61.0,-0.5771692395210266,-1.0269174575805664,0.0
61.0,-0.5704716444015503,-1.0260790586471558,0.0
61.0,-0.5657215714454651,-1.0287055969238281,0.0
61.0,-0.5580925345420837,-1.0260393619537354,0.0
61.0,-0.5533427596092224,-1.0286086797714233,0.0
61.0,-0.5467025637626648,-1.0276246070861816,0.0
61.0,-0.5391520857810974,-1.0248311758041382,0.0
61.0,-0.5344080924987793,-1.027312994003296,0.0
61.0,-0.5278232097625732,-1.0262157917022705,0.0
61.0,-0.5230730175971985,-1.0286450386047363,0.0
61.0,-0.5156167149543762,-1.0256916284561157,0.0
61.0,-0.5090890526771545,-1.0244824886322021,0.0
61.0,-0.5043470859527588,-1.0268253087997437,0.0
61.0,-0.49697399139404297,-1.0237483978271484,0.0
61.0,-0.4922355115413666,-1.026035189628601,0.0
61.0,-0.4857729971408844,-1.0246855020523071,0.0
61.0,-0.47848519682884216,-1.0214871168136597,0.0
61.0,-0.47375738620758057,-1.0236884355545044,0.0
61.0,-0.46735620498657227,-1.0222299098968506,0.0
61.0,-0.46262505650520325,-1.0243797302246094,0.0
61.0,-0.4570693075656891,-1.0246812105178833,0.0
61.0,-0.4523269236087799,-1.0267834663391113,0.0
61.0,-0.4459792673587799,-1.025195837020874,0.0
61.0,-0.43965595960617065,-1.023571491241455,0.0
61.0,-0.43491891026496887,-1.0255931615829468,0.0
61.0,-0.42862799763679504,-1.0239033699035645,0.0
61.0,-0.42236196994781494,-1.0221772193908691,0.0
61.0,-0.4176315367221832,-1.0241190195083618,0.0
61.0,-0.41139891743659973,-1.0223281383514404,0.0
61.0,-0.40666791796684265,-1.024219274520874,0.0
61.0,-0.4011988043785095,-1.0242263078689575,0.0
61.0,-0.3964591324329376,-1.026070237159729,0.0
61.0,-0.3909987807273865,-1.0260233879089355,0.0
61.0,-0.38625091314315796,-1.0278202295303345,0.0
61.0,-0.38149479031562805,-1.0295950174331665,0.0
61.0,-0.3767305314540863,-1.0313477516174316,0.0
61.0,-0.3719581961631775,-1.0330785512924194,0.0
61.0,-0.36584025621414185,-1.0310174226760864,0.0
61.0,-0.3604094982147217,-1.0308098793029785,0.0
61.0,-0.35563981533050537,-1.0324652194976807,0.0
61.0,-0.3495773673057556,-1.0303105115890503,0.0
61.0,-0.3448100984096527,-1.0319157838821411,0.0
61.0,-0.3387853503227234,-1.0296992063522339,0.0
61.0,-0.33402103185653687,-1.031254529953003,0.0
61.0,-0.3286421298980713,-1.0308823585510254,0.0
61.0,-0.3226751387119293,-1.0285741090774536,0.0
61.0,-0.31791621446609497,-1.0300549268722534,0.0
61.0,-0.3125694990158081,-1.0296000242233276,0.0
61.0,-0.3078059256076813,-1.0310341119766235,0.0
61.0,-0.3024725317955017,-1.0305272340774536,0.0
61.0,-0.29659605026245117,-1.028071403503418,0.0
61.0,-0.29183971881866455,-1.029431700706482,0.0
61.0,-0.28654053807258606,-1.0288432836532593,0.0
61.0,-0.28178074955940247,-1.0301570892333984,0.0
61.0,-0.27649617195129395,-1.0295172929763794,0.0
61.0,-0.270713746547699,-1.0269168615341187,0.0
61.0,-0.26596304774284363,-1.0281574726104736,0.0
61.0,-0.26071470975875854,-1.027437448501587,0.0
61.0,-0.25596168637275696,-1.0286318063735962,0.0
61.0,-0.2507292628288269,-1.02786123752594,0.0
61.0,-0.24550941586494446,-1.027064323425293,0.0
61.0,-0.2407582849264145,-1.0281884670257568,0.0
61.0,-0.23555505275726318,-1.0273411273956299,0.0
61.0,-0.2308027595281601,-1.0284192562103271,0.0
61.0,-0.22561660408973694,-1.0275218486785889,0.0
61.0,-0.22044365108013153,-1.0265984535217285,0.0
61.0,-0.21569494903087616,-1.027606725692749,0.0
61.0,-0.21053984761238098,-1.0266337394714355,0.0
61.0,-0.20579108595848083,-1.0275962352752686,0.0
61.0,-0.2010379284620285,-1.0285366773605347,0.0
61.0,-0.19628047943115234,-1.0294551849365234,0.0
61.0,-0.19078783690929413,-1.0264190435409546,0.0
61.0,-0.18568389117717743,-1.0253221988677979,0.0
61.0,-0.18094146251678467,-1.026169776916504,0.0
61.0,-0.17585696280002594,-1.0250240564346313,0.0
61.0,-0.17111600935459137,-1.025826096534729,0.0
61.0,-0.1660514622926712,-1.0246320962905884,0.0
61.0,-0.16100162267684937,-1.0234131813049316,0.0
61.0,-0.15626828372478485,-1.024146556854248,0.0
61.0,-0.1512390822172165,-1.022879719734192,0.0
61.0,-0.14650830626487732,-1.0235679149627686,0.0
61.0,-0.14177440106868744,-1.024234414100647,0.0
61.0,-0.1370374709367752,-1.024878978729248,0.0
61.0,-0.13204170763492584,-1.0235178470611572,0.0
61.0,-0.12706147134304047,-1.0221327543258667,0.0
61.0,-0.12233441323041916,-1.0227092504501343,0.0
61.0,-0.11760473996400833,-1.023263931274414,0.0
61.0,-0.11287254840135574,-1.0237966775894165,0.0
61.0,-0.10813795030117035,-1.0243076086044312,0.0
61.0,-0.103200264275074,-1.0228067636489868,0.0
61.0,-0.09847034513950348,-1.02327299118042,0.0
61.0,-0.09373831748962402,-1.0237172842025757,0.0
61.0,-0.08900429308414459,-1.0241397619247437,0.0
61.0,-0.08426836133003235,-1.0245403051376343,0.0
61.0,-0.07953062653541565,-1.0249189138412476,0.0
61.0,-0.07464569061994553,-1.0232809782028198,0.0
61.0,-0.06991388648748398,-1.0236152410507202,0.0
61.0,-0.06518058478832245,-1.0239274501800537,0.0
61.0,-0.06032806262373924,-1.0222214460372925,0.0
61.0,-0.05560130625963211,-1.0224894285202026,0.0
61.0,-0.05087336152791977,-1.022735595703125,0.0
61.0,-0.046144332736730576,-1.02295982837677,0.0
61.0,-0.04141431301832199,-1.0231622457504272,0.0
61.0,-0.03668341040611267,-1.0233427286148071,0.0
61.0,-0.03188931569457054,-1.0215022563934326,0.0
61.0,-0.02716618962585926,-1.0216388702392578,0.0
61.0,-0.02244248241186142,-1.0217535495758057,0.0
61.0,-0.017718294635415077,-1.0218462944030762,0.0
61.0,-0.012993729673326015,-1.0219173431396484,0.0
61.0,-0.008268886245787144,-1.0219664573669434,0.0
61.0,-0.0035508018918335438,-1.0239938497543335,0.0
61.0,0.0011835411423817277,-1.0239993333816528,0.0
61.0,0.005917858798056841,-1.0239830017089844,0.0
61.0,0.010631244629621506,-1.0219446420669556,0.0
61.0,0.01535596139729023,-1.021884560585022,0.0
61.0,0.020041054114699364,-1.0198030471801758,0.0
61.0,0.024804310873150826,-1.0216989517211914,0.0
61.0,0.029527738690376282,-1.0215733051300049,0.0
61.0,0.03425053879618645,-1.0214258432388306,0.0
61.0,0.038972605019807816,-1.0212565660476685,0.0
61.0,0.04369383677840233,-1.0210654735565186,0.0
61.0,0.048414137214422226,-1.0208525657653809,0.0
61.0,0.05313339829444885,-1.0206178426742554,0.0
61.0,0.05785152688622475,-1.020361304283142,0.0
61.0,0.06256841868162155,-1.0200828313827515,0.0
61.0,0.06728397309780121,-1.0197826623916626,0.0
61.0,0.07199808955192566,-1.019460678100586,0.0
61.0,0.07686079293489456,-1.0211113691329956,0.0
61.0,0.08158095180988312,-1.0207451581954956,0.0
61.0,0.0862993597984314,-1.0203570127487183,0.0
61.0,0.09101593494415283,-1.0199471712112427,0.0
61.0,0.09573055803775787,-1.0195153951644897,0.0
61.0,0.10044313222169876,-1.0190619230270386,0.0
61.0,0.10515356063842773,-1.0185866355895996,0.0
61.0,0.10986173897981644,-1.0180896520614624,0.0
61.0,0.11479133367538452,-1.0195581912994385,0.0
61.0,0.11950390785932541,-1.0190166234970093,0.0
61.0,0.12421392649412155,-1.0184532403945923,0.0
61.0,0.1289212852716446,-1.0178680419921875,0.0
61.0,0.13362589478492737,-1.0172611474990845,0.0
61.0,0.13832764327526093,-1.0166324377059937,0.0
61.0,0.1433052271604538,-1.0179624557495117,0.0
61.0,0.14801011979579926,-1.0172890424728394,0.0
61.0,0.15271183848381042,-1.0165938138961792,0.0
61.0,0.1577165424823761,-1.0178533792495728,0.0
61.0,0.16242077946662903,-1.0171133279800415,0.0
61.0,0.1671215295791626,-1.0163514614105225,0.0
61.0,0.17181871831417084,-1.0155678987503052,0.0
61.0,0.1765122264623642,-1.0147627592086792,0.0
61.0,0.18155381083488464,-1.0159045457839966,0.0
61.0,0.186248779296875,-1.0150543451309204,0.0
61.0,0.19130980968475342,-1.0161479711532593,0.0
61.0,0.19600580632686615,-1.0152525901794434,0.0
61.0,0.20108579099178314,-1.016297459602356,0.0
61.0,0.20578236877918243,-1.0153568983078003,0.0
61.0,0.21047453582286835,-1.0143946409225464,0.0
61.0,0.21557757258415222,-1.015367031097412,0.0
61.0,0.22026969492435455,-1.014359474182129,0.0
61.0,0.22539053857326508,-1.0152827501296997,0.0
61.0,0.23052464425563812,-1.016180396080017,0.0
61.0,0.23522035777568817,-1.0151036977767944,0.0
61.0,0.24037152528762817,-1.0159515142440796,0.0
61.0,0.2450660765171051,-1.014829397201538,0.0
61.0,0.2507123053073883,-1.0175693035125732,0.0
61.0,0.25590163469314575,-1.018338918685913,0.0
61.0,0.2606070637702942,-1.0171449184417725,0.0
61.0,0.26581230759620667,-1.0178643465042114,0.0
61.0,0.27051541209220886,-1.0166245698928833,0.0
61.0,0.27521276473999023,-1.0153629779815674,0.0
61.0,0.27990421652793884,-1.0140796899795532,0.0
61.0,0.28513073921203613,-1.014700174331665,0.0
61.0,0.2903689742088318,-1.0152939558029175,0.0
61.0,0.2950599491596222,-1.013940691947937,0.0
61.0,0.3003123104572296,-1.0144833326339722,0.0
61.0,0.304999440908432,-1.013084053993225,0.0
61.0,0.3102654218673706,-1.0135754346847534,0.0
61.0,0.3155425190925598,-1.0140399932861328,0.0
61.0,0.3202274441719055,-1.0125702619552612,0.0
61.0,0.32551735639572144,-1.012982964515686,0.0
61.0,0.330197274684906,-1.0114670991897583,0.0
61.0,0.3367585241794586,-1.0156248807907104,0.0
61.0,0.3414505422115326,-1.0140570402145386,0.0
61.0,0.34678223729133606,-1.014359951019287,0.0
61.0,0.35277971625328064,-1.0165246725082397,0.0
61.0,0.35747572779655457,-1.0148828029632568,0.0
61.0,0.3628372251987457,-1.015102505683899,0.0
61.0,0.3675265610218048,-1.0134141445159912,0.0
61.0,0.3728986084461212,-1.0135811567306519,0.0
61.0,0.37758079171180725,-1.0118463039398193,0.0
61.0,0.38296276330947876,-1.0119602680206299,0.0
61.0,0.3883538544178009,-1.0120460987091064,0.0
61.0,0.39302876591682434,-1.0102397203445435,0.0
61.0,0.3984290063381195,-1.0102723836898804,0.0
61.0,0.40309563279151917,-1.0084195137023926,0.0
61.0,0.41000640392303467,-1.0121060609817505,0.0
61.0,0.41695985198020935,-1.0157502889633179,0.0
61.0,0.42165160179138184,-1.0138115882873535,0.0
61.0,0.427110880613327,-1.013694405555725,0.0
61.0,0.4317930042743683,-1.0117088556289673,0.0
61.0,0.4372594654560089,-1.0115375518798828,0.0
61.0,0.44193148612976074,-1.0095051527023315,0.0
61.0,0.4490256607532501,-1.0129363536834717,0.0
61.0,0.4553419351577759,-1.0144987106323242,0.0
61.0,0.4600274860858917,-1.0123826265335083,0.0
61.0,0.46553897857666016,-1.0120619535446167,0.0
61.0,0.4702131152153015,-1.0098987817764282,0.0
61.0,0.4774349331855774,-1.0131416320800781,0.0
61.0,0.4821139872074127,-1.0109233856201172,0.0
61.0,0.48939049243927,-1.0140873193740845,0.0
61.0,0.494073748588562,-1.0118138790130615,0.0
61.0,0.49874645471572876,-1.0095187425613403,0.0
61.0,0.5060909390449524,-1.0125689506530762,0.0
61.0,0.5107670426368713,-1.0102182626724243,0.0
61.0,0.5172535181045532,-1.0114073753356934,0.0
61.0,0.5246807336807251,-1.0143343210220337,0.0
61.0,0.5293647646903992,-1.0118976831436157,0.0
61.0,0.5349727869033813,-1.0112073421478271,0.0
61.0,0.5396422743797302,-1.0087231397628784,0.0
61.0,0.545251727104187,-1.0079765319824219,0.0
61.0,0.5537449717521667,-1.0124636888504028,0.0
61.0,0.5584200620651245,-1.0098927021026611,0.0
61.0,0.5660107731819153,-1.0125372409820557,0.0
61.0,0.5706861019134521,-1.0099095106124878,0.0
61.0,0.5773331522941589,-1.0107336044311523,0.0
61.0,0.5819999575614929,-1.0080536603927612,0.0
61.0,0.5896783471107483,-1.0105341672897339,0.0
61.0,0.5953601002693176,-1.0095199346542358,0.0
61.0,0.6000211238861084,-1.0067565441131592,0.0
61.0,0.6077648997306824,-1.0091114044189453,0.0
61.0,0.6124238967895508,-1.0062906742095947,0.0
61.0,0.621260404586792,-1.0102630853652954,0.0
61.0,0.6259245872497559,-1.0073798894882202,0.0
61.0,0.6327021718025208,-1.007863163948059,0.0
61.0,0.6405686736106873,-1.0099939107894897,0.0
61.0,0.6452313661575317,-1.0070215463638306,0.0
61.0,0.6531406044960022,-1.0090645551681519,0.0
61.0,0.6577989459037781,-1.0060341358184814,0.0
61.0,0.6646475791931152,-1.0063197612762451,0.0
61.0,0.6726229190826416,-1.0082273483276367,0.0
61.0,0.677277147769928,-1.005106806755066,0.0
61.0,0.6841674447059631,-1.005271553993225,0.0
61.0,0.6888078451156616,-1.0020976066589355,0.0
61.0,0.6991361379623413,-1.0071169137954712,0.0
61.0,0.7037849426269531,-1.0038738250732422,0.0
61.0,0.7118856906890869,-1.005506157875061,0.0
61.0,0.7200165390968323,-1.0070850849151611,0.0
61.0,0.7246649265289307,-1.003745436668396,0.0
61.0,0.734010636806488,-1.0068488121032715,0.0
61.0,0.7386578321456909,-1.0034444332122803,0.0
61.0,0.7480615377426147,-1.006439208984375,0.0
61.0,0.7527066469192505,-1.0029698610305786,0.0
61.0,0.7609593868255615,-1.0042613744735718,0.0
61.0,0.7704552412033081,-1.0070862770080566,0.0
61.0,0.7751031517982483,-1.0035134553909302,0.0
61.0,0.784653902053833,-1.006227731704712,0.0
61.0,0.7892976999282837,-1.002589225769043,0.0
61.0,0.7976577281951904,-1.0036264657974243,0.0
61.0,0.8097991347312927,-1.0092875957489014,0.0
61.0,0.8144568204879761,-1.0055327415466309,0.0
61.0,0.8241610527038574,-1.007949709892273,0.0
61.0,0.8288123607635498,-1.0041285753250122,0.0
61.0,0.8385668992996216,-1.006432056427002,0.0
61.0,0.8432110548019409,-1.0025442838668823,0.0
61.0,0.8530148267745972,-1.0047335624694824,0.0
61.0,0.8628567457199097,-1.0068535804748535,0.0
61.0,0.8675025701522827,-1.002853512763977,0.0
61.0,0.8787069916725159,-1.0063647031784058,0.0
61.0,0.8833504319190979,-1.0022913217544556,0.0
61.0,0.8932921886444092,-1.004173755645752,0.0
61.0,0.9032701253890991,-1.0059856176376343,0.0
61.0,0.907911479473114,-1.0017987489700317,0.0
61.0,0.9192829728126526,-1.0049690008163452,0.0
61.0,0.9239194989204407,-1.0007081031799316,0.0
61.0,0.9367172122001648,-1.0052047967910767,0.0
61.0,0.9413546323776245,-1.0008633136749268,0.0
61.0,0.952856719493866,-1.0037529468536377,0.0
61.0,0.9671728610992432,-1.0094456672668457,0.0
61.0,0.9718295335769653,-1.0049632787704468,0.0
61.0,0.9904349446296692,-1.0147721767425537,0.0
61.0,0.9951160550117493,-1.0101821422576904,0.0
61.0,1.0124669075012207,-1.018335223197937,0.0
61.0,1.0171642303466797,-1.0136433839797974,0.0
61.0,1.0332252979278564,-1.0201714038848877,0.0
61.0,1.053657054901123,-1.0307680368423462,0.0
61.0,1.0584113597869873,-1.0258855819702148,0.0
61.0,1.0790109634399414,-1.0362197160720825,0.0
61.0,1.0837903022766113,-1.0312199592590332,0.0
61.0,1.1045544147491455,-1.0412893295288086,0.0
61.0,1.1093568801879883,-1.0361714363098145,0.0
61.0,1.131750464439392,-1.0473322868347168,0.0
61.0,1.1542705297470093,-1.0583078861236572,0.0
61.0,1.1591510772705078,-1.05295991897583,0.0
61.0,1.1833328008651733,-1.0649824142456055,0.0
61.0,1.1882439851760864,-1.0595000982284546,0.0
61.0,1.2096176147460938,-1.068560242652893,0.0
61.0,1.2145450115203857,-1.0629563331604004,0.0
61.0,1.2345573902130127,-1.0704317092895508,0.0
61.0,1.2592158317565918,-1.0816539525985718,0.0
61.0,1.2642033100128174,-1.0758205652236938,0.0
61.0,1.2890422344207764,-1.086722731590271,0.0
61.0,1.2940527200698853,-1.0807514190673828,0.0
61.0,1.1634304523468018,-0.9625640511512756,0.0
61.0,1.1678683757781982,-0.9571747779846191,0.0
61.0,1.172281265258789,-0.9517650604248047,0.0
61.0,1.2029316425323486,-0.9583315849304199,0.0
61.0,1.2073495388031006,-0.9527597427368164,0.0
61.0,1.21174156665802,-0.9471675157546997,0.0
61.0,1.216107726097107,-0.9415550827980042,0.0
61.0,1.2442537546157837,-0.9541783928871155,0.0
61.0,1.2486519813537598,-0.9484155774116516,0.0
61.0,1.2753989696502686,-0.9594651460647583,0.0
61.0,1.2798212766647339,-0.9535582661628723,0.0
61.0,1.308355689048767,-0.9654436707496643,0.0
61.0,1.337026834487915,-0.9770851135253906,0.0
61.0,1.3415299654006958,-0.9708930850028992,0.0
61.0,1.3720141649246216,-0.983321487903595,0.0
61.0,1.3765456676483154,-0.9769676327705383,0.0
61.0,1.410501480102539,-0.9912927746772766,0.0
61.0,1.415069580078125,-0.9847608804702759,0.0
61.0,1.4459574222564697,-0.9963650107383728,0.0
61.0,1.4703737497329712,-1.0031954050064087,0.0
61.0,1.4749962091445923,-0.9963865280151367,0.0
61.0,1.4928867816925049,-0.9984513521194458,0.0
61.0,1.4974870681762695,-0.9915385246276855,0.0
61.0,1.5221272706985474,-0.9977617859840393,0.0
61.0,1.526724100112915,-0.9907137751579285,0.0
61.0,1.5531636476516724,-0.997696578502655,0.0
61.0,1.5661983489990234,-0.9958707094192505,0.0
61.0,1.5707858800888062,-0.9886189699172974,0.0
61.0,1.575339913368225,-0.981346070766449,0.0
61.0,1.5798602104187012,-0.9740521907806396,0.0
61.0,1.5758103132247925,-0.9615287780761719,0.0
61.0,1.571678638458252,-0.949063777923584,0.0
61.0,1.5760496854782104,-0.9417871832847595,0.0
61.0,1.5735008716583252,-0.9304186105728149,0.0
61.0,1.5777857303619385,-0.9231337904930115,0.0
61.0,1.5768442153930664,-0.9128232598304749,0.0
61.0,1.581047773361206,-0.9055231213569641,0.0
61.0,1.5869574546813965,-0.8991896510124207,0.0
61.0,1.6067993640899658,-0.9006440043449402,0.0
61.0,1.6109462976455688,-0.8932055830955505,0.0
61.0,1.6308410167694092,-0.8944035172462463,0.0
61.0,1.6349587440490723,-0.8868539929389954,0.0
61.0,1.6531407833099365,-0.8868492245674133,0.0
61.0,1.6713573932647705,-0.886695146560669,0.0
61.0,1.6754391193389893,-0.8789583444595337,0.0
61.0,1.6901371479034424,-0.8767284154891968,0.0
61.0,1.6941725015640259,-0.8689048886299133,0.0
61.0,1.4497934579849243,-0.7183474898338318,0.0
61.0,1.4530991315841675,-0.7116368412971497,0.0
61.0,1.4563738107681274,-0.7049110531806946,0.0
61.0,1.459617257118225,-0.6981701254844666,0.0
61.0,1.4791033267974854,-0.6991062164306641,0.0
61.0,1.482319712638855,-0.6922603249549866,0.0
61.0,1.4855045080184937,-0.68539959192276,0.0
61.0,1.4886574745178223,-0.6785241961479187,0.0
61.0,1.5081918239593506,-0.6790239810943604,0.0
61.0,1.5241073369979858,-0.6777321696281433,0.0
61.0,1.5272244215011597,-0.6706783771514893,0.0
61.0,1.5449881553649902,-0.6699758768081665,0.0
61.0,1.5480692386627197,-0.6628256440162659,0.0
61.0,1.562170147895813,-0.6603334546089172,0.0
61.0,1.5652064085006714,-0.6531038880348206,0.0
61.0,1.5682092905044556,-0.6458603739738464,0.0
61.0,1.5656201839447021,-0.6363438963890076,0.0
61.0,1.5685455799102783,-0.629098653793335,0.0
61.0,1.565858244895935,-0.6196321845054626,0.0
61.0,1.5687062740325928,-0.6123860478401184,0.0
61.0,1.5659215450286865,-0.6029707193374634,0.0
61.0,1.5649532079696655,-0.5943043828010559,0.0
61.0,1.5676841735839844,-0.587062656879425,0.0
61.0,1.5647529363632202,-0.5777302384376526,0.0
61.0,1.567407250404358,-0.5704895853996277,0.0
61.0,1.5662630796432495,-0.5618861317634583,0.0
61.0,1.5650728940963745,-0.553305447101593,0.0
61.0,1.567614197731018,-0.5460636019706726,0.0
61.0,1.564447045326233,-0.5368626117706299,0.0
61.0,1.5669125318527222,-0.5296238660812378,0.0
61.0,1.5655490159988403,-0.521110475063324,0.0
61.0,1.5679415464401245,-0.5138667821884155,0.0
61.0,1.564590573310852,-0.5047699213027954,0.0
61.0,1.5650012493133545,-0.4969255328178406,0.0
61.0,1.56728196144104,-0.4896846413612366,0.0
61.0,1.5637941360473633,-0.4806704521179199,0.0
61.0,1.5659997463226318,-0.47343531250953674,0.0
61.0,1.5624206066131592,-0.46448028087615967,0.0
61.0,1.5626317262649536,-0.45669063925743103,0.0
61.0,1.56472647190094,-0.4494611322879791,0.0
61.0,1.5629380941390991,-0.441135436296463,0.0
61.0,1.5649608373641968,-0.4339046776294708,0.0
61.0,1.5630908012390137,-0.42561376094818115,0.0
61.0,1.5611776113510132,-0.4173494279384613,0.0
61.0,1.5630905628204346,-0.41012707352638245,0.0
61.0,1.56109619140625,-0.40189865231513977,0.0
61.0,1.562937617301941,-0.3946768343448639,0.0
61.0,1.5530974864959717,-0.38456234335899353,0.0
61.0,1.5393102169036865,-0.3736039102077484,0.0
61.0,1.5410211086273193,-0.3664831221103668,0.0
61.0,1.5446468591690063,-0.35980820655822754,0.0
61.0,1.54629385471344,-0.3526628911495209,0.0
61.0,1.5774263143539429,-0.16468822956085205,0.0
61.0,1.578170895576477,-0.1573934406042099,0.0
61.0,1.5788816213607788,-0.15009528398513794,0.0
61.0,1.5795587301254272,-0.1427939236164093,0.0
61.0,1.5662533044815063,-0.13429351150989532,0.0
61.0,1.5668574571609497,-0.1270507127046585,0.0
61.0,1.5674281120300293,-0.11980518698692322,0.0
61.0,1.5579909086227417,-0.11184109002351761,0.0
61.0,1.5584913492202759,-0.10463672131299973,0.0
61.0,1.5549662113189697,-0.09718061238527298,0.0
61.0,1.5553988218307495,-0.08999038487672806,0.0
61.0,1.5577954053878784,-0.08290452510118484,0.0
61.0,1.564155101776123,-0.07599253207445145,0.0
61.0,1.564489722251892,-0.06876004487276077,0.0
61.0,1.572784662246704,-0.06184040382504463,0.0
61.0,1.5730538368225098,-0.05456817150115967,0.0
61.0,1.5832847356796265,-0.047595251351594925,0.0
61.0,1.5914853811264038,-0.04047803580760956,0.0
61.0,1.5916554927825928,-0.033119574189186096,0.0
61.0,1.6057896614074707,-0.025986937806010246,0.0
61.0,1.6058926582336426,-0.018562497571110725,0.0
61.0,1.6159611940383911,-0.01120700966566801,0.0
61.0,1.6159957647323608,-0.0037356994580477476,0.0
61.0,1.6239956617355347,0.0037541838828474283,0.0
61.0,1.6339606046676636,0.01133183017373085,0.0
61.0,1.6338907480239868,0.01888611726462841,0.0
61.0,1.643784761428833,0.026601815596222878,0.0
61.0,1.6436442136764526,0.03420136123895645,0.0
61.0,1.6534652709960938,0.042054433375597,0.0
61.0,1.653253197669983,0.049698568880558014,0.0
61.0,1.6649985313415527,0.0577576644718647,0.0
61.0,1.674705982208252,0.06584784388542175,0.0
61.0,1.6743836402893066,0.07358992844820023,0.0
61.0,1.4326428174972534,0.22368428111076355,0.0
61.0,1.4315932989120483,0.2303055375814438,0.0
61.0,1.4305132627487183,0.23692186176776886,0.0
61.0,1.4294025897979736,0.24353311955928802,0.0
61.0,1.4388999938964844,0.2588646411895752,0.0
61.0,1.4376877546310425,0.26551443338394165,0.0
61.0,1.436444878578186,0.27215856313705444,0.0
61.0,1.4351712465286255,0.27879688143730164,0.0
61.0,1.4436744451522827,0.28738152980804443,0.0
61.0,1.4423303604125977,0.2940531075000763,0.0
61.0,1.4546600580215454,0.3035784959793091,0.0
61.0,1.468888282775879,0.3136417269706726,0.0
61.0,1.4674224853515625,0.32042959332466125,0.0
61.0,1.4776371717453003,0.329824835062027,0.0
61.0,1.476096510887146,0.3366529941558838,0.0
61.0,1.4881591796875,0.34665003418922424,0.0
61.0,1.4865405559539795,0.35352662205696106,0.0
61.0,1.49849534034729,0.36369776725769043,0.0
61.0,1.496797800064087,0.3706219792366028,0.0
61.0,1.514459490776062,0.38243499398231506,0.0
61.0,1.5359172821044922,0.39541640877723694,0.0
61.0,1.5340726375579834,0.4025132954120636,0.0
61.0,1.557313323020935,0.41631636023521423,0.0
61.0,1.555371880531311,0.42351195216178894,0.0
61.0,1.5765247344970703,0.43711090087890625,0.0
61.0,1.5898852348327637,0.44874122738838196,0.0
61.0,1.5877935886383057,0.45608705282211304,0.0
61.0,1.5991058349609375,0.46735048294067383,0.0
61.0,1.5969280004501343,0.474738746881485,0.0
61.0,1.6081169843673706,0.48616823554039,0.0
61.0,1.6058521270751953,0.49359795451164246,0.0
61.0,1.61882483959198,0.5057887434959412,0.0
61.0,1.6298125982284546,0.5175046920776367,0.0
61.0,1.6274025440216064,0.5250343680381775,0.0
61.0,1.6363608837127686,0.5362900495529175,0.0
61.0,1.633863925933838,0.5438498258590698,0.0
61.0,1.6464896202087402,0.5565212965011597,0.0
61.0,1.6552492380142212,0.5680226683616638,0.0
61.0,1.652605414390564,0.5756694674491882,0.0
61.0,1.6631256341934204,0.5879703760147095,0.0
61.0,1.6603895425796509,0.5956533551216125,0.0
61.0,1.4452472925186157,0.5260269641876221,0.0
61.0,1.4427998065948486,0.5327032804489136,0.0
61.0,1.440321445465088,0.539368212223053,0.0
61.0,1.4527701139450073,0.5517019033432007,0.0
61.0,1.4502038955688477,0.5584127306938171,0.0
61.0,1.4476066827774048,0.5651115775108337,0.0
61.0,1.4561365842819214,0.5762137770652771,0.0
61.0,1.4534568786621094,0.582939863204956,0.0
61.0,1.467421531677246,0.5964311361312866,0.0
61.0,1.4646482467651367,0.6032091975212097,0.0
61.0,1.4803013801574707,0.6176760792732239,0.0
61.0,1.4774298667907715,0.6245134472846985,0.0
61.0,1.4947509765625,0.6399967670440674,0.0
61.0,1.5119599103927612,0.6556533575057983,0.0
61.0,1.508912444114685,0.6626366972923279,0.0
61.0,1.5222798585891724,0.6769195199012756,0.0
61.0,1.5191339254379272,0.6839503645896912,0.0
61.0,1.5286946296691895,0.6967729926109314,0.0
61.0,1.5254567861557007,0.703833281993866,0.0
61.0,1.5276228189468384,0.7134173512458801,0.0
61.0,1.5279245376586914,0.7221818566322327,0.0
61.0,1.5245693922042847,0.7292382717132568,0.0
61.0,1.52658212184906,0.7388931512832642,0.0
61.0,1.5231496095657349,0.7459431886672974,0.0
61.0,1.5268528461456299,0.7565290927886963,0.0
61.0,1.528702735900879,0.7662689089775085,0.0
61.0,1.5251436233520508,0.7733284831047058,0.0
61.0,1.5268906354904175,0.7831096053123474,0.0
61.0,1.5232537984848022,0.7901606559753418,0.0
61.0,1.524897575378418,0.7999821901321411,0.0
61.0,1.521182656288147,0.8070237636566162,0.0
61.0,1.5244848728179932,0.8178300261497498,0.0
61.0,1.5259613990783691,0.8277303576469421,0.0
61.0,1.5221182107925415,0.8347765803337097,0.0
61.0,1.5217407941818237,0.8437446355819702,0.0
61.0,1.517823576927185,0.8507711887359619,0.0
61.0,1.5138739347457886,0.8577795624732971,0.0
61.0,1.5064208507537842,0.8627815842628479,0.0
61.0,1.5024157762527466,0.8697371482849121,0.0
61.0,1.4776637554168701,0.8645541667938232,0.0
61.0,1.4736508131027222,0.8713767528533936,0.0
61.0,1.2605805397033691,1.1135802268981934,0.0
61.0,1.2554185390472412,1.119396448135376,0.0
61.0,1.2502297163009644,1.1251887083053589,0.0
61.0,1.2450141906738281,1.130957007408142,0.0
61.0,1.2256959676742554,1.1342703104019165,0.0
61.0,1.2204387187957764,1.1399251222610474,0.0
61.0,1.2151553630828857,1.1455553770065308,0.0
61.0,1.209846019744873,1.1511613130569458,0.0
61.0,1.1987407207489014,1.1512012481689453,0.0
61.0,1.1934055089950562,1.1567312479019165,0.0
61.0,1.185185432434082,1.159439206123352,0.0
61.0,1.1798123121261597,1.16490638256073,0.0
61.0,1.1687471866607666,1.1647015810012817,0.0
61.0,1.1534790992736816,1.160164713859558,0.0
61.0,1.148102879524231,1.1654852628707886,0.0
61.0,1.1343203783035278,1.1621931791305542,0.0
61.0,1.1289349794387817,1.1674251556396484,0.0
61.0,0.9580024480819702,1.3014174699783325,0.0
61.0,0.9519752860069275,1.3058327436447144,0.0
61.0,0.9459277987480164,1.3102201223373413,0.0
61.0,0.9398600459098816,1.3145794868469238,0.0
61.0,0.926838219165802,1.3091168403625488,0.0
61.0,0.9207757711410522,1.3133879899978638,0.0
61.0,0.910131573677063,1.3110592365264893,0.0
61.0,0.9029273986816406,1.3136049509048462,0.0
61.0,0.8968445062637329,1.317765474319458,0.0
61.0,0.8896247744560242,1.3202393054962158,0.0
61.0,0.8835113048553467,1.3243381977081299,0.0
61.0,0.8773789405822754,1.3284088373184204,0.0
61.0,0.8701333403587341,1.3307772874832153,0.0
61.0,0.8639713525772095,1.3347859382629395,0.0
61.0,0.8567119836807251,1.3370821475982666,0.0
61.0,0.8505209684371948,1.3410288095474243,0.0
61.0,0.8443118333816528,1.3449467420578003,0.0
61.0,0.8380845785140991,1.3488359451293945,0.0
61.0,0.8318394422531128,1.3526962995529175,0.0
61.0,0.8255765438079834,1.3565278053283691,0.0
61.0,0.8192960023880005,1.3603302240371704,0.0
61.0,0.8129979372024536,1.3641035556793213,0.0
61.0,0.8066824674606323,1.3678478002548218,0.0
61.0,0.7993417382240295,1.3698352575302124,0.0
61.0,0.7929999232292175,1.373516321182251,0.0
61.0,0.7866411805152893,1.3771679401397705,0.0
61.0,0.7792816758155823,1.3790489435195923,0.0
61.0,0.7728975415229797,1.3826371431350708,0.0
61.0,0.7664967775344849,1.3861957788467407,0.0
61.0,0.7600797414779663,1.3897247314453125,0.0
61.0,0.7536463737487793,1.3932240009307861,0.0
61.0,0.7481403350830078,1.3984569311141968,0.0
61.0,0.7416667342185974,1.4019010066986084,0.0
61.0,0.7351773381233215,1.4053149223327637,0.0
61.0,0.7286721467971802,1.4086989164352417,0.0
61.0,0.7221514582633972,1.412052869796753,0.0
61.0,0.48008492588996887,0.9495338201522827,0.0
61.0,0.47568973898887634,0.9517433047294617,0.0
61.0,0.4686267673969269,0.9485530257225037,0.0
61.0,0.46423622965812683,0.9507095813751221,0.0
61.0,0.45983579754829407,0.9528457522392273,0.0
61.0,0.45370370149612427,0.9513511657714844,0.0
61.0,0.4493004083633423,0.9534386396408081,0.0
61.0,0.443199098110199,0.9518794417381287,0.0
61.0,0.43879345059394836,0.9539183378219604,0.0
61.0,0.4327237010002136,0.9522952437400818,0.0
61.0,0.42831626534461975,0.9542856812477112,0.0
61.0,0.4230891466140747,0.9544273614883423,0.0
61.0,0.4162657856941223,0.9508768320083618,0.0
61.0,0.41186508536338806,0.9527912139892578,0.0
61.0,0.4058854281902313,0.9510063529014587,0.0
61.0,0.4014842212200165,0.9528727531433105,0.0
61.0,0.3963063955307007,0.9528720378875732,0.0
61.0,0.3903777003288269,0.9509938359260559,0.0
61.0,0.38597673177719116,0.9527885317802429,0.0
61.0,0.3800828456878662,0.9508486390113831,0.0
61.0,0.37568265199661255,0.9525957703590393,0.0
61.0,0.3705492615699768,0.9524585008621216,0.0
61.0,0.36470869183540344,0.9504270553588867,0.0
61.0,0.3603106141090393,0.9521030783653259,0.0
61.0,0.35450640320777893,0.9500111937522888,0.0
61.0,0.35011035203933716,0.9516400694847107,0.0
61.0,0.34434306621551514,0.9494881629943848,0.0
61.0,0.33927640318870544,0.9491868019104004,0.0
61.0,0.3348843455314636,0.9507452249526978,0.0
61.0,0.3298293948173523,0.9503939747810364,0.0
61.0,0.32543182373046875,0.9519087076187134,0.0
61.0,0.319112628698349,0.9477167725563049,0.0
61.0,0.3147275745868683,0.9491820335388184,0.0
61.0,0.3097151219844818,0.9487257599830627,0.0
61.0,0.304713636636734,0.9482434391975403,0.0
61.0,0.30032628774642944,0.9496421217918396,0.0
61.0,0.29533830285072327,0.9491108059883118,0.0
61.0,0.2909470498561859,0.9504660964012146,0.0
61.0,0.2853964567184448,0.9479709267616272,0.0
61.0,0.28044286370277405,0.9473625421524048,0.0
61.0,0.2760598659515381,0.948648989200592,0.0
61.0,0.2711210250854492,0.9479922652244568,0.0
61.0,0.2667351961135864,0.9492356777191162,0.0
61.0,0.2612794041633606,0.9466028809547424,0.0
61.0,0.2563769221305847,0.9458704590797424,0.0
61.0,0.2520010471343994,0.9470456838607788,0.0
61.0,0.24711446464061737,0.9462655186653137,0.0
61.0,0.24273689091205597,0.9473978877067566,0.0
61.0,0.23835411667823792,0.9485100507736206,0.0
61.0,0.2334877997636795,0.947659969329834,0.0
61.0,0.2291039228439331,0.948729395866394,0.0
61.0,0.22425465285778046,0.9478321671485901,0.0
61.0,0.21987007558345795,0.9488588571548462,0.0
61.0,0.21459588408470154,0.9459643959999084,0.0
61.0,0.21022003889083862,0.9469464421272278,0.0
61.0,0.2054152935743332,0.9459537863731384,0.0
61.0,0.2006242275238037,0.944936990737915,0.0
61.0,0.19625328481197357,0.9458544850349426,0.0
61.0,0.19148088991641998,0.9447915554046631,0.0
61.0,0.18711072206497192,0.9456667304039001,0.0
61.0,0.18273654580116272,0.9465216994285583,0.0
61.0,0.17761839926242828,0.9434254765510559,0.0
61.0,0.17325468361377716,0.9442366361618042,0.0
61.0,0.16888727247714996,0.9450275301933289,0.0
61.0,0.16451625525951385,0.9457982778549194,0.0
61.0,0.15980809926986694,0.9445767998695374,0.0
61.0,0.15543925762176514,0.945305585861206,0.0
61.0,0.1510670930147171,0.9460141062736511,0.0
61.0,0.1466917097568512,0.9467024803161621,0.0
61.0,0.1423131823539734,0.9473705291748047,0.0
61.0,0.13764365017414093,0.9460391998291016,0.0
61.0,0.1332682967185974,0.9466654658317566,0.0
61.0,0.1286204308271408,0.9452897906303406,0.0
61.0,0.12398815900087357,0.9438914060592651,0.0
61.0,0.11962287127971649,0.944454550743103,0.0
61.0,0.11525502800941467,0.9449975490570068,0.0
61.0,0.11088472604751587,0.945520281791687,0.0
61.0,0.10628827661275864,0.9440353512763977,0.0
61.0,0.10170794278383255,0.942528247833252,0.0
61.0,0.09734919667243958,0.942988395690918,0.0
61.0,0.09298837184906006,0.9434283971786499,0.0
61.0,0.08862555772066116,0.9438482522964478,0.0
61.0,0.08408308029174805,0.9422557950019836,0.0
61.0,0.07972577959299088,0.9426344633102417,0.0
61.0,0.0753667801618576,0.9429929852485657,0.0
61.0,0.0710061639547348,0.9433313608169556,0.0
61.0,0.06664403527975082,0.9436495900154114,0.0
61.0,0.0621488057076931,0.9419519901275635,0.0
61.0,0.05779314786195755,0.9422292709350586,0.0
61.0,0.05343625321984291,0.9424864053726196,0.0
61.0,0.049078214913606644,0.9427233338356018,0.0
61.0,0.04471912980079651,0.9429401755332947,0.0
61.0,0.04035909101366997,0.9431368708610535,0.0
61.0,0.035998184233903885,0.9433133602142334,0.0
61.0,0.03163651004433632,0.943469762802124,0.0
61.0,0.02721637673676014,0.9416067004203796,0.0
61.0,0.022862685844302177,0.9417225122451782,0.0
61.0,0.018508508801460266,0.941818118095398,0.0
61.0,0.014153935015201569,0.9418936371803284,0.0
61.0,0.009799058549106121,0.9419490098953247,0.0
61.0,0.005443972535431385,0.941984236240387,0.0
61.0,0.0010887705720961094,0.9419993162155151,0.0
61.0,-0.0032664549071341753,0.941994309425354,0.0
61.0,-0.007621610537171364,0.9419691562652588,0.0
61.0,-0.011976603418588638,0.9419238567352295,0.0
61.0,-0.01633133925497532,0.9418584108352661,0.0
61.0,-0.020685726776719093,0.9417728185653687,0.0
61.0,-0.0250396728515625,0.9416671395301819,0.0
61.0,-0.029393082484602928,0.941541314125061,0.0
61.0,-0.033745866268873215,0.9413953423500061,0.0
61.0,-0.03809792548418045,0.9412292242050171,0.0
61.0,-0.04244917258620262,0.9410430192947388,0.0
61.0,-0.04679951071739197,0.9408367276191711,0.0
61.0,-0.05114884674549103,0.9406102895736694,0.0
61.0,-0.05549709498882294,0.9403637647628784,0.0
61.0,-0.05984415113925934,0.9400971531867981,0.0
61.0,-0.06418993324041367,0.9398103952407837,0.0
61.0,-0.06853433698415756,0.9395036101341248,0.0
61.0,-0.07287728041410446,0.9391766786575317,0.0
61.0,-0.07738261669874191,0.9408230185508728,0.0
61.0,-0.08173156529664993,0.9404551982879639,0.0
61.0,-0.08607876300811768,0.9400672912597656,0.0
61.0,-0.09042412787675858,0.9396592378616333,0.0
61.0,-0.09476755559444427,0.9392311573028564,0.0
61.0,-0.09910895675420761,0.9387829303741455,0.0
61.0,-0.10344824194908142,0.93831467628479,0.0
61.0,-0.10801366716623306,0.9398132562637329,0.0
61.0,-0.11235762387514114,0.9393038749694824,0.0
61.0,-0.11669917404651642,0.9387743473052979,0.0
61.0,-0.12103822827339172,0.9382247924804688,0.0
61.0,-0.12563976645469666,0.9396375417709351,0.0
61.0,-0.12998270988464355,0.9390466213226318,0.0
61.0,-0.1343228816986084,0.9384356141090393,0.0
61.0,-0.13895271718502045,0.9397830367088318,0.0
61.0,-0.14329619705677032,0.9391305446624756,0.0
61.0,-0.14763662219047546,0.9384579658508301,0.0
61.0,-0.1522938311100006,0.9397396445274353,0.0
61.0,-0.15663696825504303,0.9390255212783813,0.0
61.0,-0.1613149493932724,0.9402624368667603,0.0
61.0,-0.16566039621829987,0.9395065903663635,0.0
61.0,-0.17035871744155884,0.9406986236572266,0.0
61.0,-0.1747061014175415,0.9399009346961975,0.0
61.0,-0.17867515981197357,0.9371185302734375,0.0
61.0,-0.1833895593881607,0.9382452964782715,0.0
61.0,-0.18772545456886292,0.9373874068260193,0.0
61.0,-0.1924591362476349,0.9384686946868896,0.0
61.0,-0.1967959702014923,0.9375688433647156,0.0
61.0,-0.2015484869480133,0.9386043548583984,0.0
61.0,-0.2058858424425125,0.9376624822616577,0.0
61.0,-0.21021881699562073,0.9367005825042725,0.0
61.0,-0.21499426662921906,0.9376680850982666,0.0
61.0,-0.2193271517753601,0.9366641044616699,0.0
61.0,-0.2241203337907791,0.9375852346420288,0.0
61.0,-0.22845274209976196,0.9365389943122864,0.0
61.0,-0.23326322436332703,0.9374136328697205,0.0
61.0,-0.23808665573596954,0.9382636547088623,0.0
61.0,-0.24242204427719116,0.9371528625488281,0.0
61.0,-0.24726209044456482,0.9379560351371765,0.0
61.0,-0.25159597396850586,0.9368028044700623,0.0
61.0,-0.25645214319229126,0.9375587105751038,0.0
61.0,-0.261857271194458,0.9402163624763489,0.0
61.0,-0.2662014365196228,0.9389956593513489,0.0
61.0,-0.27109429240226746,0.9396764636039734,0.0
61.0,-0.2754358649253845,0.9384130239486694,0.0
61.0,-0.2797715663909912,0.937129557132721,0.0
61.0,-0.284101277589798,0.9358260631561279,0.0
61.0,-0.2890147566795349,0.9364136457443237,0.0
61.0,-0.2939396798610687,0.9369757175445557,0.0
61.0,-0.29826852679252625,0.9356066584587097,0.0
61.0,-0.30320730805397034,0.9361203908920288,0.0
61.0,-0.30753210186958313,0.9347085356712341,0.0
61.0,-0.31248414516448975,0.9351736307144165,0.0
61.0,-0.3168044686317444,0.9337188601493835,0.0
61.0,-0.32242071628570557,0.9360260963439941,0.0
61.0,-0.3274049460887909,0.9364133477210999,0.0
61.0,-0.33173084259033203,0.9348896145820618,0.0
61.0,-0.33672717213630676,0.9352276921272278,0.0
61.0,-0.341047465801239,0.9336608648300171,0.0
61.0,-0.34605535864830017,0.9339494705200195,0.0
61.0,-0.3510732352733612,0.934211790561676,0.0
61.0,-0.35538870096206665,0.9325786232948303,0.0
61.0,-0.3611381947994232,0.9346566796302795,0.0
61.0,-0.36545559763908386,0.932977020740509,0.0
61.0,-0.37124133110046387,0.934995174407959,0.0
61.0,-0.3778000771999359,0.9388349056243896,0.0
61.0,-0.38213664293289185,0.9370781779289246,0.0
61.0,-0.3872288167476654,0.9371499419212341,0.0
61.0,-0.3915574550628662,0.9353495836257935,0.0
61.0,-0.3974393904209137,0.937211811542511,0.0
61.0,-0.40176820755004883,0.9353642463684082,0.0
61.0,-0.4076840579509735,0.9371646642684937,0.0
61.0,-0.41281890869140625,0.9371001124382019,0.0
61.0,-0.41714704036712646,0.9351814985275269,0.0
61.0,-0.42146629095077515,0.9332428574562073,0.0
61.0,-0.42577651143074036,0.9312843084335327,0.0
61.0,-0.4317575991153717,0.932935893535614,0.0
61.0,-0.43606629967689514,0.9309297204017639,0.0
61.0,-0.4420791268348694,0.9325180649757385,0.0
61.0,-0.4481160044670105,0.9340707063674927,0.0
61.0,-0.45242977142333984,0.9319888949394226,0.0
61.0,-0.4584972858428955,0.9334774613380432,0.0
61.0,-0.46280819177627563,0.931347668170929,0.0
61.0,-0.4698041081428528,0.9345588088035583,0.0
61.0,-0.4759329557418823,0.9359421730041504,0.0
61.0,-0.4802550673484802,0.933731734752655,0.0
61.0,-0.486412912607193,0.9350500106811523,0.0
61.0,-0.49073082208633423,0.9327911138534546,0.0
61.0,-0.49691689014434814,0.9340436458587646,0.0
61.0,-0.5021774768829346,0.9334975481033325,0.0
61.0,-0.506488025188446,0.9311658143997192,0.0
61.0,-1.0962384939193726,1.9717497825622559,0.0
61.0,-1.1053428649902344,1.966660499572754,0.0
61.0,-1.1144236326217651,1.961529016494751,0.0
61.0,-1.1234806776046753,1.9563556909561157,0.0
61.0,-1.136529564857483,1.958059310913086,0.0
61.0,-1.1455702781677246,1.9527838230133057,0.0
61.0,-1.1545864343643188,1.947466492652893,0.0
61.0,-1.167689561843872,1.9489703178405762,0.0
61.0,-1.1766879558563232,1.9435508251190186,0.0
61.0,-1.1919233798980713,1.9483259916305542,0.0
61.0,-1.2072280645370483,1.953001856803894,0.0
61.0,-1.2162445783615112,1.947399616241455,0.0
61.0,-1.2295042276382446,1.9485212564468384,0.0
61.0,-1.2384997606277466,1.942815899848938,0.0
61.0,-1.251800537109375,1.9437952041625977,0.0
61.0,-1.26077401638031,1.9379868507385254,0.0
61.0,-1.276310682296753,1.9421653747558594,0.0
61.0,-1.2919130325317383,1.9462416172027588,0.0
61.0,-1.3008973598480225,1.940247893333435,0.0
61.0,-1.3165827989578247,1.9441486597061157,0.0
61.0,-1.3255572319030762,1.938040852546692,0.0
61.0,-1.3413234949111938,1.9417648315429688,0.0
61.0,-1.3571525812149048,1.9453845024108887,0.0
61.0,-1.366132378578186,1.939089059829712,0.0
61.0,-1.3820394277572632,1.9425301551818848,0.0
61.0,-1.3910057544708252,1.9361196756362915,0.0
61.0,-1.4069888591766357,1.9393807649612427,0.0
61.0,-1.4230319261550903,1.9425355195999146,0.0
61.0,-1.4319977760314941,1.9359354972839355,0.0
61.0,-1.4481137990951538,1.9389086961746216,0.0
61.0,-1.4570626020431519,1.9321928024291992,0.0
61.0,-1.475672721862793,1.9381657838821411,0.0
61.0,-1.484617829322815,1.931322455406189,0.0
61.0,-1.5008883476257324,1.933917760848999,0.0
61.0,-1.5172146558761597,1.9364038705825806,0.0
61.0,-1.526151180267334,1.929368495941162,0.0
61.0,-1.527566909790039,1.9129148721694946,0.0
61.0,-1.536394715309143,1.9058318138122559,0.0
61.0,-1.5300407409667969,1.8800934553146362,0.0
61.0,-1.5234819650650024,1.8544548749923706,0.0
61.0,-1.5320395231246948,1.8473914861679077,0.0
61.0,-1.5225909948349,1.81881844997406,0.0
61.0,-1.530983805656433,1.8117594718933105,0.0
61.0,-1.5237687826156616,1.7864022254943848,0.0
61.0,-1.5320117473602295,1.7793381214141846,0.0
61.0,-1.5244784355163574,1.7541210651397705,0.0
61.0,-1.5167453289031982,1.7290122509002686,0.0
61.0,-1.524722933769226,1.721981406211853,0.0
61.0,-1.5193405151367188,1.7000013589859009,0.0
61.0,-1.527184009552002,1.6929587125778198,0.0
61.0,-1.5188369750976562,1.6681337356567383,0.0
61.0,-1.5130001306533813,1.6463677883148193,0.0
61.0,-1.520595669746399,1.6393550634384155,0.0
61.0,-1.5144901275634766,1.6177070140838623,0.0
61.0,-1.508217215538025,1.5961507558822632,0.0
61.0,-1.515580654144287,1.589160680770874,0.0
61.0,-1.506267786026001,1.564845323562622,0.0
61.0,-1.5134865045547485,1.5578646659851074,0.0
61.0,-1.5066704750061035,1.5365701913833618,0.0
61.0,-1.5137585401535034,1.5295878648757935,0.0
61.0,-1.5095069408416748,1.511252522468567,0.0
61.0,-1.5022786855697632,1.4901726245880127,0.0
61.0,-1.5091522932052612,1.4832110404968262,0.0
61.0,-1.504530429840088,1.4650554656982422,0.0
61.0,-1.5112879276275635,1.4580838680267334,0.0
61.0,-1.5035557746887207,1.4372612237930298,0.0
61.0,-1.4971158504486084,1.4179168939590454,0.0
61.0,-1.5036554336547852,1.410979986190796,0.0
61.0,-1.4969799518585205,1.3917566537857056,0.0
61.0,-1.5033985376358032,1.3848206996917725,0.0
61.0,-1.4994440078735352,1.3684178590774536,0.0
61.0,-1.4953702688217163,1.352081298828125,0.0
61.0,-1.50160551071167,1.3451532125473022,0.0
61.0,-1.494346022605896,1.3262481689453125,0.0
61.0,-1.5004616975784302,1.3193250894546509,0.0
61.0,-1.4959890842437744,1.3031779527664185,0.0
61.0,-1.4929134845733643,1.288407325744629,0.0
61.0,-1.4988542795181274,1.2814912796020508,0.0
61.0,-1.4940801858901978,1.265499234199524,0.0
61.0,-1.4999150037765503,1.2585780620574951,0.0
61.0,-1.494951844215393,1.242680549621582,0.0
61.0,-1.5006812810897827,1.2357555627822876,0.0
61.0,-1.495530128479004,1.2199547290802002,0.0
61.0,-1.4902652502059937,1.204228162765503,0.0
61.0,-1.495816946029663,1.1973252296447754,0.0
61.0,-1.4919337034225464,1.182941198348999,0.0
61.0,-1.4973869323730469,1.1760308742523193,0.0
61.0,-1.4901795387268066,1.1592708826065063,0.0
61.0,-1.4860179424285889,1.1450445652008057,0.0
61.0,-1.4912959337234497,1.1381618976593018,0.0
61.0,-1.4869693517684937,1.124018669128418,0.0
61.0,-1.4809430837631226,1.1087414026260376,0.0
61.0,-1.486053466796875,1.1018825769424438,0.0
61.0,-1.4814597368240356,1.087897539138794,0.0
61.0,-1.4864736795425415,1.0810365676879883,0.0
61.0,-1.4833412170410156,1.0683083534240723,0.0
61.0,-1.488264560699463,1.0614389181137085,0.0
61.0,-1.4833542108535767,1.047624111175537,0.0
61.0,-1.4783481359481812,1.0338776111602783,0.0
61.0,-1.4831123352050781,1.027031660079956,0.0
61.0,-1.4795973300933838,1.014508605003357,0.0
61.0,-1.4842720031738281,1.0076570510864258,0.0
61.0,-1.4789555072784424,0.9940897226333618,0.0
61.0,-1.4752106666564941,0.9817012548446655,0.0
61.0,-1.4797337055206299,0.9748703241348267,0.0
61.0,-1.4758490324020386,0.9625556468963623,0.0
61.0,-1.480283498764038,0.9557219743728638,0.0
61.0,-1.479630708694458,0.9456368088722229,0.0
61.0,-1.4755359888076782,0.9334396719932556,0.0
61.0,-1.479835867881775,0.9266077280044556,0.0
61.0,-1.4722040891647339,0.9123810529708862,0.0
61.0,-1.4764065742492676,0.9055647850036621,0.0
61.0,-1.472029209136963,0.8935401439666748,0.0
61.0,-1.4675724506378174,0.8815754652023315,0.0
61.0,-1.4716325998306274,0.8747808933258057,0.0
61.0,-1.4687656164169312,0.8639117479324341,0.0
61.0,-1.472744107246399,0.8571118712425232,0.0
61.0,-1.4697582721710205,0.8463016152381897,0.0
61.0,-1.473655343055725,0.8394973278045654,0.0
61.0,-1.4705514907836914,0.8287473917007446,0.0
61.0,-1.4673798084259033,0.8180441856384277,0.0
61.0,-1.4711462259292603,0.8112512230873108,0.0
61.0,-1.467858076095581,0.8006102442741394,0.0
61.0,-1.4715439081192017,0.7938152551651001,0.0
61.0,-1.468139886856079,0.7832376956939697,0.0
61.0,-1.4629008769989014,0.7717754244804382,0.0
61.0,-1.4664534330368042,0.7650036811828613,0.0
61.0,-1.4646421670913696,0.755465030670166,0.0
61.0,-1.4681192636489868,0.748685359954834,0.0
61.0,-1.4644215106964111,0.7382882833480835,0.0
61.0,-1.460659146308899,0.7279414534568787,0.0
61.0,-1.4640090465545654,0.7211805582046509,0.0
61.0,-1.4601348638534546,0.7109021544456482,0.0
61.0,-1.4634060859680176,0.7041438221931458,0.0
61.0,-1.4612274169921875,0.6947939991950989,0.0
61.0,-1.4571833610534668,0.6846288442611694,0.0
61.0,-1.4603331089019775,0.6778844594955444,0.0
61.0,-1.4579976797103882,0.6686244010925293,0.0
61.0,-1.461073398590088,0.6618764400482178,0.0
61.0,-1.4586411714553833,0.6526637077331543,0.0
61.0,-1.4561550617218018,0.6434876918792725,0.0
61.0,-1.4591145515441895,0.6367484927177429,0.0
61.0,-1.4546959400177002,0.6268298029899597,0.0
61.0,-1.4575785398483276,0.6200975179672241,0.0
61.0,-1.4567419290542603,0.6118031144142151,0.0
61.0,-1.45955491065979,0.6050615310668945,0.0
61.0,-1.4567835330963135,0.5960349440574646,0.0
61.0,-1.4539600610733032,0.5870469212532043,0.0
61.0,-1.4566586017608643,0.5803184509277344,0.0
61.0,-1.4537420272827148,0.5713827610015869,0.0
61.0,-1.4563682079315186,0.5646554827690125,0.0
61.0,-1.4533590078353882,0.5557730197906494,0.0
61.0,-1.4521703720092773,0.5476362705230713,0.0
61.0,-1.4546867609024048,0.5409165024757385,0.0
61.0,-1.4515385627746582,0.5321199893951416,0.0
61.0,-1.4539833068847656,0.5254032611846924,0.0
61.0,-1.45074462890625,0.5166623592376709,0.0
61.0,-1.453117847442627,0.5099495053291321,0.0
61.0,-1.4516795873641968,0.5019186735153198,0.0
61.0,-1.4483050107955933,0.493267297744751,0.0
61.0,-1.4505701065063477,0.4865659475326538,0.0
61.0,-1.447106957435608,0.47797247767448425,0.0
61.0,-1.4454972743988037,0.47003987431526184,0.0
61.0,-1.4476549625396729,0.4633517861366272,0.0
61.0,-1.4459666013717651,0.4554520845413208,0.0
61.0,-1.448056936264038,0.4487619698047638,0.0
61.0,-1.4462900161743164,0.44089585542678833,0.0
61.0,-1.4483129978179932,0.4342043995857239,0.0
61.0,-1.4464682340621948,0.4263727366924286,0.0
61.0,-1.4426610469818115,0.41801080107688904,0.0
61.0,-1.4445782899856567,0.41133636236190796,0.0
61.0,-1.4426125288009644,0.40357550978660583,0.0
61.0,-1.4444630146026611,0.3969014585018158,0.0
61.0,-1.4424206018447876,0.3891769349575043,0.0
61.0,-1.4422712326049805,0.3819918930530548,0.0
61.0,-1.4440218210220337,0.3753196597099304,0.0
61.0,-1.4418656826019287,0.367651104927063,0.0
61.0,-1.4435501098632812,0.3609808683395386,0.0
61.0,-1.4413186311721802,0.35335052013397217,0.0
61.0,-1.442936897277832,0.34668299555778503,0.0
61.0,-1.4406307935714722,0.33909159898757935,0.0
61.0,-1.4402341842651367,0.3319781720638275,0.0
61.0,-1.4417537450790405,0.3253158926963806,0.0
61.0,-1.4393362998962402,0.31778424978256226,0.0
61.0,-1.4407901763916016,0.3111262619495392,0.0
61.0,-1.438299536705017,0.3036354184150696,0.0
61.0,-1.4357703924179077,0.2961742579936981,0.0
61.0,-1.4371243715286255,0.28953298926353455,0.0
61.0,-1.4364852905273438,0.28249961137771606,0.0
61.0,-1.43777596950531,0.2758551836013794,0.0
61.0,-1.4370701313018799,0.2688370943069458,0.0
61.0,-1.434362530708313,0.26147276163101196,0.0
61.0,-1.4355560541152954,0.25483837723731995,0.0
61.0,-1.4347481727600098,0.24785807728767395,0.0
61.0,-1.4358787536621094,0.2412220537662506,0.0
61.0,-1.4350048303604126,0.23425865173339844,0.0
61.0,-1.436072587966919,0.22762158513069153,0.0
61.0,-1.4351328611373901,0.22067570686340332,0.0
61.0,-1.4361377954483032,0.2140381932258606,0.0
61.0,-1.4371119737625122,0.20739610493183136,0.0
61.0,-1.4340938329696655,0.2001965492963791,0.0
61.0,-1.4350041151046753,0.1935640573501587,0.0
61.0,-1.4319171905517578,0.186411052942276,0.0
61.0,-1.4287949800491333,0.1792907565832138,0.0
61.0,-1.4296085834503174,0.172682985663414,0.0
61.0,-1.4303916692733765,0.16607153415679932,0.0
61.0,-1.4311442375183105,0.1594565212726593,0.0
61.0,-1.4298774003982544,0.15262581408023834,0.0
61.0,-1.4285781383514404,0.14581026136875153,0.0
61.0,-1.4292370080947876,0.13920384645462036,0.0
61.0,-1.4298652410507202,0.13259446620941162,0.0
61.0,-1.4304630756378174,0.12598225474357605,0.0
61.0,-1.429037094116211,0.11920109391212463,0.0
61.0,-1.4255852699279785,0.1122787743806839,0.0
61.0,-1.4260891675949097,0.10568656772375107,0.0
61.0,-1.4265625476837158,0.09909209609031677,0.0
61.0,-1.427005410194397,0.09249550849199295,0.0
61.0,-1.4274177551269531,0.08589693903923035,0.0
61.0,-1.4277997016906738,0.0792965367436409,0.0
61.0,-1.4261536598205566,0.07259277254343033,0.0
61.0,-1.424476146697998,0.06590592116117477,0.0
61.0,-1.424765706062317,0.05931933596730232,0.0
61.0,-1.4230260848999023,0.05265752226114273,0.0
61.0,-1.423254370689392,0.04607778042554855,0.0
61.0,-1.4234521389007568,0.039497051388025284,0.0
61.0,-1.4216201305389404,0.03286925330758095,0.0
61.0,-1.4217568635940552,0.0262962207198143,0.0
61.0,-1.421863317489624,0.019722629338502884,0.0
61.0,-1.4219392538070679,0.013148615136742592,0.0
61.0,-1.4219849109649658,0.006574319209903479,0.0
61.0,-1.4220000505447388,-1.1636915075996512e-07,0.0
62.0,-1.4220000505447388,1.2431519280653447e-07,0.0
62.0,-1.4199848175048828,-0.006565064657479525,0.0
62.0,-1.4199392795562744,-0.013130112551152706,0.0
62.0,-1.4198633432388306,-0.01969487965106964,0.0
62.0,-1.4197571277618408,-0.026259226724505424,0.0
62.0,-1.4196205139160156,-0.03282301127910614,0.0
62.0,-1.4194536209106445,-0.039386097341775894,0.0
62.0,-1.419256329536438,-0.0459483377635479,0.0
62.0,-1.4190287590026855,-0.052509598433971405,0.0
62.0,-1.4187707901000977,-0.05906973406672478,0.0
62.0,-1.4184825420379639,-0.06562861055135727,0.0
62.0,-1.420161485671997,-0.07228775322437286,0.0
62.0,-1.4198120832443237,-0.07885292172431946,0.0
62.0,-1.4194324016571045,-0.08541639894247055,0.0
62.0,-1.4190223217010498,-0.0919780507683754,0.0
62.0,-1.4185818433761597,-0.09853773564100266,0.0
62.0,-1.4181110858917236,-0.10509531199932098,0.0
62.0,-1.4176100492477417,-0.11165064573287964,0.0
62.0,-1.4190717935562134,-0.11836984008550644,0.0
62.0,-1.4185093641281128,-0.12492947280406952,0.0
62.0,-1.415925145149231,-0.13130176067352295,0.0
62.0,-1.4172935485839844,-0.13804058730602264,0.0
62.0,-1.4166401624679565,-0.1445917785167694,0.0
62.0,-1.417945146560669,-0.1513521671295166,0.0
62.0,-1.417230248451233,-0.15790623426437378,0.0
62.0,-1.416485071182251,-0.16445693373680115,0.0
62.0,-1.4137240648269653,-0.1707642823457718,0.0
62.0,-1.4129194021224976,-0.1772986203432083,0.0
62.0,-1.4140678644180298,-0.1840873658657074,0.0
62.0,-1.415183663368225,-0.19089050590991974,0.0
62.0,-1.4142858982086182,-0.19743138551712036,0.0
62.0,-1.4153375625610352,-0.20425371825695038,0.0
62.0,-1.414378046989441,-0.21079516410827637,0.0
62.0,-1.415365219116211,-0.2176360934972763,0.0
62.0,-1.4143438339233398,-0.2241775244474411,0.0
62.0,-1.4132922887802124,-0.23071415722370148,0.0
62.0,-1.4141827821731567,-0.23757721483707428,0.0
62.0,-1.4130693674087524,-0.24411296844482422,0.0
62.0,-1.413894772529602,-0.2509930729866028,0.0
62.0,-1.4127192497253418,-0.25752735137939453,0.0
62.0,-1.4134793281555176,-0.2644239068031311,0.0
62.0,-1.4142060279846191,-0.2713329792022705,0.0
62.0,-1.4129364490509033,-0.27786847949028015,0.0
62.0,-1.4116365909576416,-0.28439804911613464,0.0
62.0,-1.410306692123413,-0.29092150926589966,0.0
62.0,-1.4109033346176147,-0.29785189032554626,0.0
62.0,-1.4095112085342407,-0.30437183380126953,0.0
62.0,-1.4100419282913208,-0.31131646037101746,0.0
62.0,-1.4105384349822998,-0.31827250123023987,0.0
62.0,-1.409051775932312,-0.3247905373573303,0.0
62.0,-1.4094818830490112,-0.33175987005233765,0.0
62.0,-1.407932996749878,-0.3382728695869446,0.0
62.0,-1.4102389812469482,-0.34573110938072205,0.0
62.0,-1.4086254835128784,-0.3522474765777588,0.0
62.0,-1.4089198112487793,-0.3592504560947418,0.0
62.0,-1.409179449081421,-0.36626365780830383,0.0
62.0,-1.4074710607528687,-0.3727749288082123,0.0
62.0,-1.4076634645462036,-0.3797991871833801,0.0
62.0,-1.4058924913406372,-0.38630327582359314,0.0
62.0,-1.406017541885376,-0.3933379352092743,0.0
62.0,-1.4061075448989868,-0.40038201212882996,0.0
62.0,-1.4042413234710693,-0.40687867999076843,0.0
62.0,-1.4061819314956665,-0.41449761390686035,0.0
62.0,-1.4042505025863647,-0.42099449038505554,0.0
62.0,-1.4061152935028076,-0.42864876985549927,0.0
62.0,-1.404118537902832,-0.43514516949653625,0.0
62.0,-1.4039992094039917,-0.442233145236969,0.0
62.0,-1.4057492017745972,-0.44993895292282104,0.0
62.0,-1.4036539793014526,-0.4564334452152252,0.0
62.0,-1.4053269624710083,-0.46417272090911865,0.0
62.0,-1.4031658172607422,-0.4706651270389557,0.0
62.0,-1.4047611951828003,-0.47843700647354126,0.0
62.0,-1.4044243097305298,-0.485580176115036,0.0
62.0,-1.402164340019226,-0.49206817150115967,0.0
62.0,-1.4036425352096558,-0.499887615442276,0.0
62.0,-1.4013164043426514,-0.5063718557357788,0.0
62.0,-1.400838017463684,-0.5135335922241211,0.0
62.0,-1.402198076248169,-0.5213988423347473,0.0
62.0,-1.3997724056243896,-0.5278761982917786,0.0
62.0,-1.4029210805892944,-0.5364852547645569,0.0
62.0,-1.400425672531128,-0.5429657697677612,0.0
62.0,-1.401623249053955,-0.5508978962898254,0.0
62.0,-1.3990612030029297,-0.5573722124099731,0.0
62.0,-1.4001784324645996,-0.5653321743011475,0.0
62.0,-1.4012519121170044,-0.5733144283294678,0.0
62.0,-1.3985862731933594,-0.5797867774963379,0.0
62.0,-1.39957857131958,-0.587795615196228,0.0
62.0,-1.396846055984497,-0.5942600965499878,0.0
62.0,-1.3977570533752441,-0.6022948026657104,0.0
62.0,-1.4004566669464111,-0.6111505031585693,0.0
62.0,-1.3976161479949951,-0.6176188588142395,0.0
62.0,-1.4002225399017334,-0.6265245079994202,0.0
62.0,-1.3973109722137451,-0.6329915523529053,0.0
62.0,-1.3980052471160889,-0.6411124467849731,0.0
62.0,-1.3950262069702148,-0.6475691199302673,0.0
62.0,-1.397447943687439,-0.6565633416175842,0.0
62.0,-1.3998160362243652,-0.665593683719635,0.0
62.0,-1.396723747253418,-0.6720584630966187,0.0
62.0,-1.3989962339401245,-0.681135356426239,0.0
62.0,-1.3958321809768677,-0.6875961422920227,0.0
62.0,-1.3980083465576172,-0.6967185139656067,0.0
62.0,-1.3947722911834717,-0.7031745910644531,0.0
62.0,-1.3968513011932373,-0.7123413681983948,0.0
62.0,-1.3988754749298096,-0.7215424180030823,0.0
62.0,-1.395524501800537,-0.7280022501945496,0.0
62.0,-1.395681619644165,-0.7363129258155823,0.0
62.0,-1.3922624588012695,-0.7427577972412109,0.0
62.0,-1.3958543539047241,-0.7529850006103516,0.0
62.0,-1.3976255655288696,-0.7623035311698914,0.0
62.0,-1.394086241722107,-0.7687571048736572,0.0
62.0,-1.395757794380188,-0.7781158685684204,0.0
62.0,-1.3921453952789307,-0.7845606803894043,0.0
62.0,-1.3937164545059204,-0.7939585447311401,0.0
62.0,-1.3952305316925049,-0.8033877611160278,0.0
62.0,-1.3915011882781982,-0.809829831123352,0.0
62.0,-1.3946378231048584,-0.8203105330467224,0.0
62.0,-1.3908302783966064,-0.8267497420310974,0.0
62.0,-1.3921363353729248,-0.8362607955932617,0.0
62.0,-1.3882551193237305,-0.8426882028579712,0.0
62.0,-1.39116370677948,-0.8532804250717163,0.0
62.0,-1.3957037925720215,-0.8649709224700928,0.0
62.0,-1.3916897773742676,-0.8714145421981812,0.0
62.0,-1.392716646194458,-0.881047248840332,0.0
62.0,-1.388628363609314,-0.8874768614768982,0.0
62.0,-1.3895511627197266,-0.8971419930458069,0.0
62.0,-1.3853884935379028,-0.9035568237304688,0.0
62.0,-1.3895467519760132,-0.9154538512229919,0.0
62.0,-1.391959547996521,-0.9263005256652832,0.0
62.0,-1.3876620531082153,-0.9327262043952942,0.0
62.0,-1.38995361328125,-0.943625271320343,0.0
62.0,-1.3855760097503662,-0.9500414729118347,0.0
62.0,-1.389390230178833,-0.9621304869651794,0.0
62.0,-1.3914828300476074,-0.9731286764144897,0.0
62.0,-1.3869688510894775,-0.9795516133308411,0.0
62.0,-1.3889384269714355,-0.9905988574028015,0.0
62.0,-1.3843436241149902,-0.9970098733901978,0.0
62.0,-1.38780677318573,-1.0092811584472656,0.0
62.0,-1.38312566280365,-1.0156866312026978,0.0
62.0,-1.3896608352661133,-1.0304090976715088,0.0
62.0,-1.3864829540252686,-1.0380216836929321,0.0
62.0,-1.3816689252853394,-1.044420838356018,0.0
62.0,-1.357746958732605,-1.0362368822097778,0.0
62.0,-1.352941632270813,-1.0425031185150146,0.0
62.0,-1.3323215246200562,-1.0364667177200317,0.0
62.0,-1.3165050745010376,-1.033968210220337,0.0
62.0,-1.3117105960845947,-1.0400439500808716,0.0
62.0,-1.2928354740142822,-1.034848928451538,0.0
62.0,-1.2880371809005737,-1.0408151149749756,0.0
62.0,-1.2692633867263794,-1.0353813171386719,0.0
62.0,-1.252111554145813,-1.0310676097869873,0.0
62.0,-1.247331142425537,-1.0368455648422241,0.0
62.0,-1.231799602508545,-1.0336024761199951,0.0
62.0,-1.2270076274871826,-1.039286494255066,0.0
62.0,-1.2100284099578857,-1.0345507860183716,0.0
62.0,-1.1946336030960083,-1.0309871435165405,0.0
62.0,-1.1898541450500488,-1.0364993810653687,0.0
62.0,-1.1760375499725342,-1.0340656042099,0.0
62.0,-1.1712441444396973,-1.0394917726516724,0.0
62.0,-1.154508113861084,-1.0342198610305786,0.0
62.0,-1.1497142314910889,-1.0395466089248657,0.0
62.0,-1.1345547437667847,-1.0354137420654297,0.0
62.0,-1.1194581985473633,-1.031162977218628,0.0
62.0,-1.1146788597106934,-1.036327600479126,0.0
62.0,-1.102583408355713,-1.0346274375915527,0.0
62.0,-1.0876234769821167,-1.0300869941711426,0.0
62.0,-1.082849383354187,-1.035104513168335,0.0
62.0,-1.0679768323898315,-1.030379295349121,0.0
62.0,-1.0632015466690063,-1.0353058576583862,0.0
62.0,-1.0498450994491577,-1.031799077987671,0.0
62.0,-1.0450634956359863,-1.0366418361663818,0.0
62.0,-1.0303657054901123,-1.0315572023391724,0.0
62.0,-1.018551230430603,-1.0292022228240967,0.0
62.0,-1.013782024383545,-1.0339003801345825,0.0
62.0,-1.0006293058395386,-1.0299694538116455,0.0
62.0,-0.9889217019081116,-1.027380108833313,0.0
62.0,-0.9841611981391907,-1.031941294670105,0.0
62.0,-0.973885178565979,-1.030665636062622,0.0
62.0,-0.9691095948219299,-1.0351572036743164,0.0
62.0,-0.9575128555297852,-1.0322951078414917,0.0
62.0,-0.9527299404144287,-1.0367109775543213,0.0
62.0,-0.9398477673530579,-1.0322316884994507,0.0
62.0,-0.9270274639129639,-1.0276556015014648,0.0
62.0,-0.9222663044929504,-1.0319305658340454,0.0
62.0,-0.912182092666626,-1.0301941633224487,0.0
62.0,-0.9074093699455261,-1.034400463104248,0.0
62.0,-0.8960575461387634,-1.0310368537902832,0.0
62.0,-0.884756326675415,-1.0275903940200806,0.0
62.0,-0.8799959421157837,-1.0316699743270874,0.0
62.0,-0.870053231716156,-1.029617190361023,0.0
62.0,-0.8652836680412292,-1.0336287021636963,0.0
62.0,-0.8541120886802673,-1.0299206972122192,0.0
62.0,-0.844262957572937,-1.027677059173584,0.0
62.0,-0.8395025730133057,-1.031569480895996,0.0
62.0,-0.8284481763839722,-1.0276545286178589,0.0
62.0,-0.8236880898475647,-1.0314737558364868,0.0
62.0,-0.813947319984436,-1.0289965867996216,0.0
62.0,-0.8042471408843994,-1.0264514684677124,0.0
62.0,-0.7994928359985352,-1.0301588773727417,0.0
62.0,-0.789845883846283,-1.0275015830993652,0.0
62.0,-0.7850869297981262,-1.0311423540115356,0.0
62.0,-0.7766985893249512,-1.0299705266952515,0.0
62.0,-0.7683380842208862,-1.0287432670593262,0.0
62.0,-0.7635735869407654,-1.0322846174240112,0.0
62.0,-0.7528831958770752,-1.0277369022369385,0.0
62.0,-0.7481235265731812,-1.031206727027893,0.0
62.0,-0.7386800646781921,-1.0281574726104736,0.0
62.0,-0.7304403185844421,-1.0266727209091187,0.0
62.0,-0.7256858348846436,-1.030038833618164,0.0
62.0,-0.716338574886322,-1.0268218517303467,0.0
62.0,-0.7115834951400757,-1.0301227569580078,0.0
62.0,-0.7022968530654907,-1.0267983675003052,0.0
62.0,-0.697542130947113,-1.0300344228744507,0.0
62.0,-0.6883172988891602,-1.0266036987304688,0.0
62.0,-0.6813514232635498,-1.026442527770996,0.0
62.0,-0.6765984892845154,-1.0295816659927368,0.0
62.0,-0.6674685478210449,-1.0259929895401,0.0
62.0,-0.6605521440505981,-1.025705099105835,0.0
62.0,-0.6558029055595398,-1.0287480354309082,0.0
62.0,-0.64783775806427,-1.0266947746276855,0.0
62.0,-0.6430840492248535,-1.0296790599822998,0.0
62.0,-0.6341102123260498,-1.0258363485336304,0.0
62.0,-0.6293606162071228,-1.028757095336914,0.0
62.0,-0.6225259304046631,-1.0282341241836548,0.0
62.0,-0.6146816611289978,-1.0259543657302856,0.0
62.0,-0.6099317073822021,-1.0287853479385376,0.0
62.0,-0.6021327972412109,-1.0264191627502441,0.0
62.0,-0.5973808765411377,-1.0291920900344849,0.0
62.0,-0.5886321663856506,-1.0250054597854614,0.0
62.0,-0.5819109082221985,-1.024238109588623,0.0
62.0,-0.5771692395210266,-1.0269174575805664,0.0
62.0,-0.5714434385299683,-1.0278270244598389,0.0
62.0,-0.5666853189468384,-1.0304579734802246,0.0
62.0,-0.5580925345420837,-1.0260393619537354,0.0
62.0,-0.5514478087425232,-1.0250860452651978,0.0
62.0,-0.5467025637626648,-1.0276246070861816,0.0
62.0,-0.5400832295417786,-1.0266011953353882,0.0
62.0,-0.5353310704231262,-1.0290871858596802,0.0
62.0,-0.5278232097625732,-1.0262157917022705,0.0
62.0,-0.5212599039077759,-1.0250794887542725,0.0
62.0,-0.5165150165557861,-1.027478575706482,0.0
62.0,-0.5099790692329407,-1.0262736082077026,0.0
62.0,-0.5052287578582764,-1.0286203622817993,0.0
62.0,-0.49784740805625916,-1.0255476236343384,0.0
62.0,-0.4931006133556366,-1.0278383493423462,0.0
62.0,-0.48662978410720825,-1.0264928340911865,0.0
62.0,-0.4793335795402527,-1.0232982635498047,0.0
62.0,-0.47459736466407776,-1.025503396987915,0.0
62.0,-0.4681878387928009,-1.024048924446106,0.0
62.0,-0.46344828605651855,-1.0262025594711304,0.0
62.0,-0.4570693075656891,-1.0246812105178833,0.0
62.0,-0.4507143795490265,-1.023123025894165,0.0
62.0,-0.4459792673587799,-1.025195837020874,0.0
62.0,-0.43965595960617065,-1.023571491241455,0.0
62.0,-0.43491891026496887,-1.0255931615829468,0.0
62.0,-0.42862799763679504,-1.0239033699035645,0.0
62.0,-0.42236196994781494,-1.0221772193908691,0.0
62.0,-0.4176315367221832,-1.0241190195083618,0.0
62.0,-0.41214555501937866,-1.0241835117340088,0.0
62.0,-0.4074059724807739,-1.0260781049728394,0.0
62.0,-0.4011988043785095,-1.0242263078689575,0.0
62.0,-0.39573830366134644,-1.0242047309875488,0.0
62.0,-0.3909987807273865,-1.0260233879089355,0.0
62.0,-0.38625091314315796,-1.0278202295303345,0.0
62.0,-0.38149479031562805,-1.0295950174331665,0.0
62.0,-0.3767305314540863,-1.0313477516174316,0.0
62.0,-0.37128064036369324,-1.0311967134475708,0.0
62.0,-0.3665090799331665,-1.0329022407531738,0.0
62.0,-0.3604094982147217,-1.0308098793029785,0.0
62.0,-0.35563981533050537,-1.0324652194976807,0.0
62.0,-0.3495773673057556,-1.0303105115890503,0.0
62.0,-0.3448100984096527,-1.0319157838821411,0.0
62.0,-0.3387853503227234,-1.0296992063522339,0.0
62.0,-0.3334047794342041,-1.029351830482483,0.0
62.0,-0.3286421298980713,-1.0308823585510254,0.0
62.0,-0.32327380776405334,-1.030482530593872,0.0
62.0,-0.31850606203079224,-1.0319660902023315,0.0
62.0,-0.3125694990158081,-1.0296000242233276,0.0
62.0,-0.3072338104248047,-1.0291178226470947,0.0
62.0,-0.3024725317955017,-1.0305272340774536,0.0
62.0,-0.2971504032611847,-1.0299930572509766,0.0
62.0,-0.29238519072532654,-1.031355857849121,0.0
62.0,-0.28654053807258606,-1.0288432836532593,0.0
62.0,-0.28125306963920593,-1.0282279253005981,0.0
62.0,-0.27649617195129395,-1.0295172929763794,0.0
62.0,-0.270713746547699,-1.0269168615341187,0.0
62.0,-0.26596304774284363,-1.0281574726104736,0.0
62.0,-0.26071470975875854,-1.027437448501587,0.0
62.0,-0.25547876954078674,-1.0266910791397095,0.0
62.0,-0.2507292628288269,-1.02786123752594,0.0
62.0,-0.24550941586494446,-1.027064323425293,0.0
62.0,-0.2407582849264145,-1.0281884670257568,0.0
62.0,-0.23555505275726318,-1.0273411273956299,0.0
62.0,-0.2308027595281601,-1.0284192562103271,0.0
62.0,-0.22561660408973694,-1.0275218486785889,0.0
62.0,-0.22044365108013153,-1.0265984535217285,0.0
62.0,-0.21569494903087616,-1.027606725692749,0.0
62.0,-0.21053984761238098,-1.0266337394714355,0.0
62.0,-0.20579108595848083,-1.0275962352752686,0.0
62.0,-0.2006542831659317,-1.026573896408081,0.0
62.0,-0.1959058940410614,-1.0274906158447266,0.0
62.0,-0.19115333259105682,-1.0283854007720947,0.0
62.0,-0.18604028224945068,-1.0272901058197021,0.0
62.0,-0.18128874897956848,-1.028139352798462,0.0
62.0,-0.1761951595544815,-1.026995301246643,0.0
62.0,-0.17078694701194763,-1.0238534212112427,0.0
62.0,-0.1660514622926712,-1.0246320962905884,0.0
62.0,-0.16100162267684937,-1.0234131813049316,0.0
62.0,-0.15626828372478485,-1.024146556854248,0.0
62.0,-0.1512390822172165,-1.022879719734192,0.0
62.0,-0.14650830626487732,-1.0235679149627686,0.0
62.0,-0.14177440106868744,-1.024234414100647,0.0
62.0,-0.13677239418029785,-1.0228965282440186,0.0
62.0,-0.13204170763492584,-1.0235178470611572,0.0
62.0,-0.12706147134304047,-1.0221327543258667,0.0
62.0,-0.12233441323041916,-1.0227092504501343,0.0
62.0,-0.11760473996400833,-1.023263931274414,0.0
62.0,-0.11287254840135574,-1.0237966775894165,0.0
62.0,-0.10813795030117035,-1.0243076086044312,0.0
62.0,-0.1029994860291481,-1.0208169221878052,0.0
62.0,-0.09827876836061478,-1.0212821960449219,0.0
62.0,-0.09355594962835312,-1.0217256546020508,0.0
62.0,-0.08883113414049149,-1.022147297859192,0.0
62.0,-0.08410441875457764,-1.0225470066070557,0.0
62.0,-0.07937590032815933,-1.0229250192642212,0.0
62.0,-0.07464569061994553,-1.0232809782028198,0.0
62.0,-0.06991388648748398,-1.0236152410507202,0.0
62.0,-0.06518058478832245,-1.0239274501800537,0.0
62.0,-0.06032806262373924,-1.0222214460372925,0.0
62.0,-0.05560130625963211,-1.0224894285202026,0.0
62.0,-0.05087336152791977,-1.022735595703125,0.0
62.0,-0.046144332736730576,-1.02295982837677,0.0
62.0,-0.04141431301832199,-1.0231622457504272,0.0
62.0,-0.03668341040611267,-1.0233427286148071,0.0
62.0,-0.03188931569457054,-1.0215022563934326,0.0
62.0,-0.02716618962585926,-1.0216388702392578,0.0
62.0,-0.02244248241186142,-1.0217535495758057,0.0
62.0,-0.017718294635415077,-1.0218462944030762,0.0
62.0,-0.012993729673326015,-1.0219173431396484,0.0
62.0,-0.008285068906843662,-1.0239665508270264,0.0
62.0,-0.0035508018918335438,-1.0239938497543335,0.0
62.0,0.0011812294833362103,-1.0219992399215698,0.0
62.0,0.005906300153583288,-1.0219829082489014,0.0
62.0,0.010631244629621506,-1.0219446420669556,0.0
62.0,0.01535596139729023,-1.021884560585022,0.0
62.0,0.02008035033941269,-1.0218026638031006,0.0
62.0,0.024804310873150826,-1.0216989517211914,0.0
62.0,0.029527738690376282,-1.0215733051300049,0.0
62.0,0.03425053879618645,-1.0214258432388306,0.0
62.0,0.038972605019807816,-1.0212565660476685,0.0
62.0,0.04369383677840233,-1.0210654735565186,0.0
62.0,0.048414137214422226,-1.0208525657653809,0.0
62.0,0.05313339829444885,-1.0206178426742554,0.0
62.0,0.05785152688622475,-1.020361304283142,0.0
62.0,0.06256841868162155,-1.0200828313827515,0.0
62.0,0.06741565465927124,-1.0217784643173218,0.0
62.0,0.07213899493217468,-1.0214558839797974,0.0
62.0,0.07686079293489456,-1.0211113691329956,0.0
62.0,0.08142160624265671,-1.0187513828277588,0.0
62.0,0.08613080531358719,-1.0183640718460083,0.0
62.0,0.09101593494415283,-1.0199471712112427,0.0
62.0,0.09573055803775787,-1.0195153951644897,0.0
62.0,0.10044313222169876,-1.0190619230270386,0.0
62.0,0.10515356063842773,-1.0185866355895996,0.0
62.0,0.10986173897981644,-1.0180896520614624,0.0
62.0,0.1145675778388977,-1.0175708532333374,0.0
62.0,0.11927095800638199,-1.0170302391052246,0.0
62.0,0.12397179752588272,-1.0164679288864136,0.0
62.0,0.12866997718811035,-1.0158839225769043,0.0
62.0,0.13336540758609772,-1.0152782201766968,0.0
62.0,0.13832764327526093,-1.0166324377059937,0.0
62.0,0.1430264264345169,-1.0159820318222046,0.0
62.0,0.14801011979579926,-1.0172890424728394,0.0
62.0,0.15271183848381042,-1.0165938138961792,0.0
62.0,0.15741030871868134,-1.0158770084381104,0.0
62.0,0.16210539638996124,-1.0151383876800537,0.0
62.0,0.16679702699184418,-1.0143779516220093,0.0
62.0,0.17181871831417084,-1.0155678987503052,0.0
62.0,0.1765122264623642,-1.0147627592086792,0.0
62.0,0.1812019646167755,-1.0139358043670654,0.0
62.0,0.18588782846927643,-1.0130871534347534,0.0
62.0,0.1909397542476654,-1.0141823291778564,0.0
62.0,0.19600580632686615,-1.0152525901794434,0.0
62.0,0.20069760084152222,-1.0143355131149292,0.0
62.0,0.20578236877918243,-1.0153568983078003,0.0
62.0,0.21047453582286835,-1.0143946409225464,0.0
62.0,0.21599294245243073,-1.01732337474823,0.0
62.0,0.2211185246706009,-1.0182684659957886,0.0
62.0,0.2258239984512329,-1.017235279083252,0.0
62.0,0.23096710443496704,-1.0181307792663574,0.0
62.0,0.23567183315753937,-1.0170520544052124,0.0
62.0,0.24083200097084045,-1.0178978443145752,0.0
62.0,0.24600501358509064,-1.0187175273895264,0.0
62.0,0.2507123053073883,-1.0175693035125732,0.0
62.0,0.25590163469314575,-1.018338918685913,0.0
62.0,0.2606070637702942,-1.0171449184417725,0.0
62.0,0.26530691981315613,-1.0159292221069336,0.0
62.0,0.2700011134147644,-1.014691710472107,0.0
62.0,0.2757359743118286,-1.0172933340072632,0.0
62.0,0.28043636679649353,-1.016007661819458,0.0
62.0,0.28513073921203613,-1.014700174331665,0.0
62.0,0.2903689742088318,-1.0152939558029175,0.0
62.0,0.2950599491596222,-1.013940691947937,0.0
62.0,0.3003123104572296,-1.0144833326339722,0.0
62.0,0.305575966835022,-1.0149991512298584,0.0
62.0,0.3102654218673706,-1.0135754346847534,0.0
62.0,0.3155425190925598,-1.0140399932861328,0.0
62.0,0.3202274441719055,-1.0125702619552612,0.0
62.0,0.32551735639572144,-1.012982964515686,0.0
62.0,0.330197274684906,-1.0114670991897583,0.0
62.0,0.3361290395259857,-1.0137263536453247,0.0
62.0,0.3420887589454651,-1.015952467918396,0.0
62.0,0.34678223729133606,-1.014359951019287,0.0
62.0,0.35212400555610657,-1.0146352052688599,0.0
62.0,0.3568112850189209,-1.0129964351654053,0.0
62.0,0.36216408014297485,-1.0132192373275757,0.0
62.0,0.36684468388557434,-1.0115339756011963,0.0
62.0,0.3728986084461212,-1.0135811567306519,0.0
62.0,0.37827998399734497,-1.0137200355529785,0.0
62.0,0.38296276330947876,-1.0119602680206299,0.0
62.0,0.3883538544178009,-1.0120460987091064,0.0
62.0,0.39302876591682434,-1.0102397203445435,0.0
62.0,0.3984290063381195,-1.0102723836898804,0.0
62.0,0.40458035469055176,-1.0121338367462158,0.0
62.0,0.4092555046081543,-1.0102524757385254,0.0
62.0,0.41620033979415894,-1.0139000415802002,0.0
62.0,0.42088353633880615,-1.0119649171829224,0.0
62.0,0.427110880613327,-1.013694405555725,0.0
62.0,0.433363139629364,-1.015387773513794,0.0
62.0,0.4380530118942261,-1.0133733749389648,0.0
62.0,0.44353556632995605,-1.013169288635254,0.0
62.0,0.4482150971889496,-1.0111078023910522,0.0
62.0,0.4553419351577759,-1.0144987106323242,0.0
62.0,0.4600274860858917,-1.0123826265335083,0.0
62.0,0.46553897857666016,-1.0120619535446167,0.0
62.0,0.47105735540390015,-1.0117119550704956,0.0
62.0,0.4757298529148102,-1.0095232725143433,0.0
62.0,0.4821139872074127,-1.0109233856201172,0.0
62.0,0.4867826998233795,-1.0086835622787476,0.0
62.0,0.494073748588562,-1.0118138790130615,0.0
62.0,0.49874645471572876,-1.0095187425613403,0.0
62.0,0.5060909390449524,-1.0125689506530762,0.0
62.0,0.5125718712806702,-1.0137879848480225,0.0
62.0,0.5172535181045532,-1.0114073753356934,0.0
62.0,0.5237618684768677,-1.012557864189148,0.0
62.0,0.5284376740455627,-1.0101255178451538,0.0
62.0,0.5340374708175659,-1.0094393491744995,0.0
62.0,0.5415290594100952,-1.0122500658035278,0.0
62.0,0.5462033152580261,-1.0097355842590332,0.0
62.0,0.5537449717521667,-1.0124636888504028,0.0
62.0,0.5584200620651245,-1.0098927021026611,0.0
62.0,0.5650349259376526,-1.010791540145874,0.0
62.0,0.5697021484375,-1.008168339729309,0.0
62.0,0.5763411521911621,-1.0089969635009766,0.0
62.0,0.5849999189376831,-1.0132497549057007,0.0
62.0,0.5896783471107483,-1.0105341672897339,0.0
62.0,0.5953601002693176,-1.0095199346542358,0.0
62.0,0.6000211238861084,-1.0067565441131592,0.0
62.0,0.6077648997306824,-1.0091114044189453,0.0
62.0,0.6124238967895508,-1.0062906742095947,0.0
62.0,0.6202127933502197,-1.0085594654083252,0.0
62.0,0.6269801259040833,-1.0090787410736084,0.0
62.0,0.631638765335083,-1.0061691999435425,0.0
62.0,0.6394974589347839,-1.0083049535751343,0.0
62.0,0.6441524028778076,-1.0053375959396362,0.0
62.0,0.6520538926124573,-1.0073856115341187,0.0
62.0,0.6588934063911438,-1.0077080726623535,0.0
62.0,0.6635453701019287,-1.0046509504318237,0.0
62.0,0.671513020992279,-1.006563663482666,0.0
62.0,0.6761595606803894,-1.003448247909546,0.0
62.0,0.6841674447059631,-1.005271553993225,0.0
62.0,0.6888078451156616,-1.0020976066589355,0.0
62.0,0.6968551278114319,-1.003831148147583,0.0
62.0,0.7060811519622803,-1.00714910030365,0.0
62.0,0.7107300758361816,-1.0038739442825317,0.0
62.0,0.7188532948493958,-1.0054579973220825,0.0
62.0,0.7234941720962524,-1.0021237134933472,0.0
62.0,0.7328324317932129,-1.005232572555542,0.0
62.0,0.7374721169471741,-1.0018336772918701,0.0
62.0,0.7468684315681458,-1.0048340559005737,0.0
62.0,0.7551077008247375,-1.0061691999435425,0.0
62.0,0.7597514986991882,-1.0026673078536987,0.0
62.0,0.7692400217056274,-1.0054978132247925,0.0
62.0,0.7738806009292603,-1.001930594444275,0.0
62.0,0.7834240794181824,-1.004650592803955,0.0
62.0,0.7917719483375549,-1.0057320594787598,0.0
62.0,0.7964133620262146,-1.0020606517791748,0.0
62.0,0.8072958588600159,-1.0061676502227783,0.0
62.0,0.8119391202926636,-1.0024244785308838,0.0
62.0,0.8228949904441833,-1.0064014196395874,0.0
62.0,0.8275391459465027,-1.002586007118225,0.0
62.0,0.837286651134491,-1.0048954486846924,0.0
62.0,0.8483604192733765,-1.0086666345596313,0.0
62.0,0.8530148267745972,-1.0047335624694824,0.0
62.0,0.8628567457199097,-1.0068535804748535,0.0
62.0,0.8675025701522827,-1.002853512763977,0.0
62.0,0.8773915767669678,-1.004858136177063,0.0
62.0,0.8820280432701111,-1.0007909536361694,0.0
62.0,0.8919628858566284,-1.002679467201233,0.0
62.0,0.9032701253890991,-1.0059856176376343,0.0
62.0,0.907911479473114,-1.0017987489700317,0.0
62.0,0.9192829728126526,-1.0049690008163452,0.0
62.0,0.9239194989204407,-1.0007081031799316,0.0
62.0,0.935353696346283,-1.00374174118042,0.0
62.0,0.9399843811988831,-0.9994064569473267,0.0
62.0,0.9514797925949097,-1.0023024082183838,0.0
62.0,0.9644055962562561,-1.0065574645996094,0.0
62.0,0.9690489768981934,-1.002087950706482,0.0
62.0,0.9862440824508667,-1.0104783773422241,0.0
62.0,0.9909053444862366,-1.0059077739715576,0.0
62.0,1.0096467733383179,-1.0154986381530762,0.0
62.0,1.025664210319519,-1.0221139192581177,0.0
62.0,1.030378818511963,-1.0173609256744385,0.0
62.0,1.0522273778915405,-1.0293694734573364,0.0
62.0,1.0569753646850586,-1.0244935750961304,0.0
62.0,1.0775684118270874,-1.034834384918213,0.0
62.0,1.0823413133621216,-1.0298413038253784,0.0
62.0,1.1016439199447632,-1.0385454893112183,0.0
62.0,1.1239728927612305,-1.04982328414917,0.0
62.0,1.1288145780563354,-1.0446155071258545,0.0
62.0,1.1542705297470093,-1.0583078861236572,0.0
62.0,1.1591510772705078,-1.05295991897583,0.0
62.0,1.1773864030838013,-1.0596307516098022,0.0
62.0,1.1822727918624878,-1.0541759729385376,0.0
62.0,1.2036219835281372,-1.0632637739181519,0.0
62.0,1.2265851497650146,-1.0734937191009521,0.0
62.0,1.2315351963043213,-1.0678112506866455,0.0
62.0,1.2561815977096558,-1.0790475606918335,0.0
62.0,1.2611570358276367,-1.0732282400131226,0.0
62.0,1.2859840393066406,-1.0841444730758667,0.0
62.0,1.2909826040267944,-1.078187346458435,0.0
62.0,1.1603485345840454,-0.9600142240524292,0.0
62.0,1.1647746562957764,-0.9546392560005188,0.0
62.0,1.1691758632659912,-0.9492438435554504,0.0
62.0,1.198238730430603,-0.9545929431915283,0.0
62.0,1.2026394605636597,-0.949042797088623,0.0
62.0,1.2070143222808838,-0.9434724450111389,0.0
62.0,1.211363434791565,-0.9378818869590759,0.0
62.0,1.2363184690475464,-0.9480931162834167,0.0
62.0,1.240688681602478,-0.9423670172691345,0.0
62.0,1.267407774925232,-0.9534534811973572,0.0
62.0,1.2990667819976807,-0.9678975343704224,0.0
62.0,1.30352783203125,-0.9618811011314392,0.0
62.0,1.3354120254516602,-0.9759050607681274,0.0
62.0,1.3399097919464111,-0.9697205424308777,0.0
62.0,1.3687629699707031,-0.9809913635253906,0.0
62.0,1.373283863067627,-0.9746525883674622,0.0
62.0,1.4023200273513794,-0.9855428338050842,0.0
62.0,1.4364105463027954,-0.9996122717857361,0.0
62.0,1.4410167932510376,-0.9929605722427368,0.0
62.0,1.468721628189087,-1.0020681619644165,0.0
62.0,1.4733389616012573,-0.9952670335769653,0.0
62.0,1.4928867816925049,-0.9984513521194458,0.0
62.0,1.4974870681762695,-0.9915385246276855,0.0
62.0,1.5221272706985474,-0.9977617859840393,0.0
62.0,1.5468566417694092,-1.003778100013733,0.0
62.0,1.551481008529663,-0.9966156482696533,0.0
62.0,1.5611352920532227,-0.9926513433456421,0.0
62.0,1.565708041191101,-0.9854230284690857,0.0
62.0,1.5719448328018188,-0.9792311191558838,0.0
62.0,1.5764553546905518,-0.9719529747962952,0.0
62.0,1.5775176286697388,-0.9625706076622009,0.0
62.0,1.5733908414840698,-0.9500976800918579,0.0
62.0,1.5777666568756104,-0.9428131580352783,0.0
62.0,1.5752224922180176,-0.9314365983009338,0.0
62.0,1.579512119293213,-0.9241437911987305,0.0
62.0,1.5768442153930664,-0.9128232598304749,0.0
62.0,1.5827832221984863,-0.9065171480178833,0.0
62.0,1.5869574546813965,-0.8991896510124207,0.0
62.0,1.6015654802322388,-0.8977103233337402,0.0
62.0,1.605698823928833,-0.8902961015701294,0.0
62.0,1.6255801916122437,-0.8915183544158936,0.0
62.0,1.6455068588256836,-0.8925756216049194,0.0
62.0,1.649616003036499,-0.8849582672119141,0.0
62.0,1.6678239107131958,-0.8848205208778381,0.0
62.0,1.6718969345092773,-0.8771001100540161,0.0
62.0,1.688361644744873,-0.8758074045181274,0.0
62.0,1.6923928260803223,-0.8679921627044678,0.0
62.0,1.4480013847351074,-0.7174595594406128,0.0
62.0,1.4513030052185059,-0.7107572555541992,0.0
62.0,1.4545735120773315,-0.7040396928787231,0.0
62.0,1.457813024520874,-0.6973071694374084,0.0
62.0,1.4772950410842896,-0.6982515454292297,0.0
62.0,1.480507493019104,-0.6914139986038208,0.0
62.0,1.4836883544921875,-0.6845616698265076,0.0
62.0,1.5013965368270874,-0.6843306422233582,0.0
62.0,1.5045443773269653,-0.6773818135261536,0.0
62.0,1.5259346961975098,-0.6785447597503662,0.0
62.0,1.5290555953979492,-0.6714825630187988,0.0
62.0,1.5431532859802246,-0.6691802144050598,0.0
62.0,1.546230673789978,-0.6620384454727173,0.0
62.0,1.5584858655929565,-0.658776044845581,0.0
62.0,1.5652064085006714,-0.6531038880348206,0.0
62.0,1.5682092905044556,-0.6458603739738464,0.0
62.0,1.56747305393219,-0.6370969414710999,0.0
62.0,1.5704017877578735,-0.6298431158065796,0.0
62.0,1.5677179098129272,-0.6203681230545044,0.0
62.0,1.5649800300598145,-0.610931396484375,0.0
62.0,1.5677878856658936,-0.6036893725395203,0.0
62.0,1.56682288646698,-0.5950143933296204,0.0
62.0,1.5695570707321167,-0.5877640247344971,0.0
62.0,1.5666290521621704,-0.5784229636192322,0.0
62.0,1.569286584854126,-0.5711736679077148,0.0
62.0,1.5662630796432495,-0.5618861317634583,0.0
62.0,1.5650728940963745,-0.553305447101593,0.0
62.0,1.567614197731018,-0.5460636019706726,0.0
62.0,1.564447045326233,-0.5368626117706299,0.0
62.0,1.5669125318527222,-0.5296238660812378,0.0
62.0,1.5655490159988403,-0.521110475063324,0.0
62.0,1.5641405582427979,-0.5126210451126099,0.0
62.0,1.5664938688278198,-0.5053839683532715,0.0
62.0,1.5650012493133545,-0.4969255328178406,0.0
62.0,1.56728196144104,-0.4896846413612366,0.0
62.0,1.5657057762145996,-0.4812580347061157,0.0
62.0,1.5621708631515503,-0.4722777307033539,0.0
62.0,1.5643376111984253,-0.46505019068717957,0.0
62.0,1.5626317262649536,-0.45669063925743103,0.0
62.0,1.56472647190094,-0.4494611322879791,0.0
62.0,1.5629380941390991,-0.441135436296463,0.0
62.0,1.5611063241958618,-0.43283596634864807,0.0
62.0,1.5630908012390137,-0.42561376094818115,0.0
62.0,1.5611776113510132,-0.4173494279384613,0.0
62.0,1.5630905628204346,-0.41012707352638245,0.0
62.0,1.56109619140625,-0.40189865231513977,0.0
62.0,1.562937617301941,-0.3946768343448639,0.0
62.0,1.5569802522659302,-0.3855237364768982,0.0
62.0,1.5470845699310303,-0.37549081444740295,0.0
62.0,1.5488040447235107,-0.3683340549468994,0.0
62.0,1.5485426187515259,-0.36071568727493286,0.0
62.0,1.5501937866210938,-0.35355234146118164,0.0
62.0,1.5774263143539429,-0.16468822956085205,0.0
62.0,1.578170895576477,-0.1573934406042099,0.0
62.0,1.5788816213607788,-0.15009528398513794,0.0
62.0,1.5795587301254272,-0.1427939236164093,0.0
62.0,1.5662533044815063,-0.13429351150989532,0.0
62.0,1.5668574571609497,-0.1270507127046585,0.0
62.0,1.5674281120300293,-0.11980518698692322,0.0
62.0,1.5599857568740845,-0.11198429018259048,0.0
62.0,1.5604867935180664,-0.10477069765329361,0.0
62.0,1.5549662113189697,-0.09718061238527298,0.0
62.0,1.5553988218307495,-0.08999038487672806,0.0
62.0,1.5557982921600342,-0.08279823511838913,0.0
62.0,1.5621575117111206,-0.07589548081159592,0.0
62.0,1.5624916553497314,-0.06867223232984543,0.0
62.0,1.5707862377166748,-0.061761826276779175,0.0
62.0,1.5810490846633911,-0.054845523089170456,0.0
62.0,1.5812857151031494,-0.047535158693790436,0.0
62.0,1.589486002922058,-0.04042718559503555,0.0
62.0,1.589655876159668,-0.033077966421842575,0.0
62.0,1.6037899255752563,-0.025954576209187508,0.0
62.0,1.6038928031921387,-0.01853938028216362,0.0
62.0,1.613961100578308,-0.011193138547241688,0.0
62.0,1.6219956874847412,-0.0037495694123208523,0.0
62.0,1.6219956874847412,0.0037495605647563934,0.0
62.0,1.6319607496261597,0.011317960917949677,0.0
62.0,1.6318910121917725,0.018863001838326454,0.0
62.0,1.6417850255966187,0.02656945027410984,0.0
62.0,1.6416445970535278,0.03415974974632263,0.0
62.0,1.651465892791748,0.0420035794377327,0.0
62.0,1.6632486581802368,0.049999043345451355,0.0
62.0,1.6629997491836548,0.05768832564353943,0.0
62.0,1.674705982208252,0.06584784388542175,0.0
62.0,1.6743836402893066,0.07358992844820023,0.0
62.0,1.4349631071090698,0.25815635919570923,0.0
62.0,1.4337542057037354,0.2647879719734192,0.0
62.0,1.4325146675109863,0.2714139223098755,0.0
62.0,1.4312444925308228,0.2780340909957886,0.0
62.0,1.4417129755020142,0.28699108958244324,0.0
62.0,1.4540884494781494,0.29645028710365295,0.0
62.0,1.452702283859253,0.3031699061393738,0.0
62.0,1.4649765491485596,0.31280648708343506,0.0
62.0,1.4635146856307983,0.3195762634277344,0.0
62.0,1.4756851196289062,0.32938912510871887,0.0
62.0,1.4741464853286743,0.3362082540988922,0.0
62.0,1.4823155403137207,0.34528881311416626,0.0
62.0,1.494323492050171,0.35537755489349365,0.0
62.0,1.4926645755767822,0.36228257417678833,0.0
62.0,1.5123286247253418,0.3744675815105438,0.0
62.0,1.510581135749817,0.3814556300640106,0.0
62.0,1.5359172821044922,0.39541640877723694,0.0
62.0,1.5340726375579834,0.4025132954120636,0.0
62.0,1.557313323020935,0.41631636023521423,0.0
62.0,1.5746692419052124,0.4287664294242859,0.0
62.0,1.5726701021194458,0.4360421299934387,0.0
62.0,1.5860357284545898,0.44765469431877136,0.0
62.0,1.583949089050293,0.454982727766037,0.0
62.0,1.5952664613723755,0.4662283658981323,0.0
62.0,1.5930938720703125,0.4735988974571228,0.0
62.0,1.6042882204055786,0.48501071333885193,0.0
62.0,1.617322564125061,0.49712368845939636,0.0
62.0,1.6150068044662476,0.5045958757400513,0.0
62.0,1.6260000467300415,0.5162941217422485,0.0
62.0,1.6235957145690918,0.5238062143325806,0.0
62.0,1.6344603300094604,0.5356671810150146,0.0
62.0,1.6452497243881226,0.5476397275924683,0.0
62.0,1.6427001953125,0.5552404522895813,0.0
62.0,1.6533576250076294,0.567373514175415,0.0
62.0,1.650716781616211,0.5750115513801575,0.0
62.0,1.659354329109192,0.5866370797157288,0.0
62.0,1.656624436378479,0.5943025946617126,0.0
62.0,1.4264533519744873,0.5191866159439087,0.0
62.0,1.4240378141403198,0.5257760882377625,0.0
62.0,1.4215916395187378,0.5323542952537537,0.0
62.0,1.4340729713439941,0.5446015000343323,0.0
62.0,1.4464709758758545,0.5569753050804138,0.0
62.0,1.4438804388046265,0.5636569261550903,0.0
62.0,1.4561365842819214,0.5762137770652771,0.0
62.0,1.4534568786621094,0.582939863204956,0.0
62.0,1.467421531677246,0.5964311361312866,0.0
62.0,1.4646482467651367,0.6032091975212097,0.0
62.0,1.478455662727356,0.616905927658081,0.0
62.0,1.4940094947814941,0.6315217018127441,0.0
62.0,1.491073727607727,0.6384223103523254,0.0
62.0,1.5064551830291748,0.6532662510871887,0.0
62.0,1.5034188032150269,0.6602241396903992,0.0
62.0,1.5186249017715454,0.6752942204475403,0.0
62.0,1.515486478805542,0.6823081970214844,0.0
62.0,1.5268747806549072,0.6959435343742371,0.0
62.0,1.5309048891067505,0.7063469886779785,0.0
62.0,1.5276228189468384,0.7134173512458801,0.0
62.0,1.5297328233718872,0.7230364680290222,0.0
62.0,1.5263735055923462,0.7301012873649597,0.0
62.0,1.5283823013305664,0.7397644519805908,0.0
62.0,1.530334234237671,0.7494617700576782,0.0
62.0,1.5268528461456299,0.7565290927886963,0.0
62.0,1.528702735900879,0.7662689089775085,0.0
62.0,1.5251436233520508,0.7733284831047058,0.0
62.0,1.5251110792160034,0.7821969389915466,0.0
62.0,1.5214784145355225,0.7892397046089172,0.0
62.0,1.524897575378418,0.7999821901321411,0.0
62.0,1.5264829397201538,0.8098357319831848,0.0
62.0,1.5227224826812744,0.8168845772743225,0.0
62.0,1.5259613990783691,0.8277303576469421,0.0
62.0,1.5221182107925415,0.8347765803337097,0.0
62.0,1.5217407941818237,0.8437446355819702,0.0
62.0,1.517823576927185,0.8507711887359619,0.0
62.0,1.5138739347457886,0.8577795624732971,0.0
62.0,1.508156418800354,0.8637756705284119,0.0
62.0,1.504146695137024,0.8707391619682312,0.0
62.0,1.4793899059295654,0.8655641674995422,0.0
62.0,1.2620793581008911,1.1149042844772339,0.0
62.0,1.256911277770996,1.1207274198532104,0.0
62.0,1.2517163753509521,1.1265265941619873,0.0
62.0,1.2464946508407593,1.1323018074035645,0.0
62.0,1.2271639108657837,1.1356288194656372,0.0
62.0,1.2219003438949585,1.141290307044983,0.0
62.0,1.2166106700897217,1.1469274759292603,0.0
62.0,1.2112950086593628,1.1525399684906006,0.0
62.0,1.200183391571045,1.1525866985321045,0.0
62.0,1.194841742515564,1.158123254776001,0.0
62.0,1.185185432434082,1.159439206123352,0.0
62.0,1.1755427122116089,1.1606907844543457,0.0
62.0,1.170163869857788,1.1661133766174316,0.0
62.0,1.1548892259597778,1.1615829467773438,0.0
62.0,1.1438921689987183,1.1612107753753662,0.0
62.0,1.138511300086975,1.1664870977401733,0.0
62.0,0.9687814116477966,1.3033949136734009,0.0
62.0,0.9627450108528137,1.307860016822815,0.0
62.0,0.9566879868507385,1.3122972249984741,0.0
62.0,0.9506105184555054,1.3167062997817993,0.0
62.0,0.9375336170196533,1.3113255500793457,0.0
62.0,0.9314608573913574,1.3156460523605347,0.0
62.0,0.9184795618057251,1.310112714767456,0.0
62.0,0.9124126434326172,1.3143452405929565,0.0
62.0,0.9029273986816406,1.3136049509048462,0.0
62.0,0.8968445062637329,1.317765474319458,0.0
62.0,0.8907423615455627,1.3218978643417358,0.0
62.0,0.8835113048553467,1.3243381977081299,0.0
62.0,0.8773789405822754,1.3284088373184204,0.0
62.0,0.8701333403587341,1.3307772874832153,0.0
62.0,0.8639713525772095,1.3347859382629395,0.0
62.0,0.8567119836807251,1.3370821475982666,0.0
62.0,0.8505209684371948,1.3410288095474243,0.0
62.0,0.8443118333816528,1.3449467420578003,0.0
62.0,0.8380845785140991,1.3488359451293945,0.0
62.0,0.8318394422531128,1.3526962995529175,0.0
62.0,0.8245367407798767,1.3548191785812378,0.0
62.0,0.8182640671730042,1.358616828918457,0.0
62.0,0.8119739294052124,1.3623855113983154,0.0
62.0,0.805666446685791,1.3661249876022339,0.0
62.0,0.7993417382240295,1.3698352575302124,0.0
62.0,0.7919999361038208,1.3717842102050781,0.0
62.0,0.7856492400169373,1.3754312992095947,0.0
62.0,0.7792816758155823,1.3790489435195923,0.0
62.0,0.7728975415229797,1.3826371431350708,0.0
62.0,0.7664967775344849,1.3861957788467407,0.0
62.0,0.7600797414779663,1.3897247314453125,0.0
62.0,0.7536463737487793,1.3932240009307861,0.0
62.0,0.7481403350830078,1.3984569311141968,0.0
62.0,0.7416667342185974,1.4019010066986084,0.0
62.0,0.7351773381233215,1.4053149223327637,0.0
62.0,0.7286721467971802,1.4086989164352417,0.0
62.0,0.7221514582633972,1.412052869796753,0.0
62.0,0.48008492588996887,0.9495338201522827,0.0
62.0,0.4730072617530823,0.9463762640953064,0.0
62.0,0.4686267673969269,0.9485530257225037,0.0
62.0,0.46423622965812683,0.9507095813751221,0.0
62.0,0.45983579754829407,0.9528457522392273,0.0
62.0,0.45370370149612427,0.9513511657714844,0.0
62.0,0.4493004083633423,0.9534386396408081,0.0
62.0,0.443199098110199,0.9518794417381287,0.0
62.0,0.4371218979358673,0.9502844214439392,0.0
62.0,0.4327237010002136,0.9522952437400818,0.0
62.0,0.4274972975254059,0.9524610638618469,0.0
62.0,0.4230891466140747,0.9544273614883423,0.0
62.0,0.41706782579421997,0.9527089595794678,0.0
62.0,0.41027793288230896,0.9491196274757385,0.0
62.0,0.4058854281902313,0.9510063529014587,0.0
62.0,0.4007076323032379,0.9510295987129211,0.0
62.0,0.3963063955307007,0.9528720378875732,0.0
62.0,0.3903777003288269,0.9509938359260559,0.0
62.0,0.38447490334510803,0.9490812420845032,0.0
62.0,0.3800828456878662,0.9508486390113831,0.0
62.0,0.3749488592147827,0.9507350921630859,0.0
62.0,0.3705492615699768,0.9524585008621216,0.0
62.0,0.36470869183540344,0.9504270553588867,0.0
62.0,0.35960274934768677,0.9502325654029846,0.0
62.0,0.35520562529563904,0.9518849849700928,0.0
62.0,0.3494197726249695,0.9497630000114441,0.0
62.0,0.3450249433517456,0.9513683319091797,0.0
62.0,0.33927640318870544,0.9491868019104004,0.0
62.0,0.3335554003715515,0.9469723701477051,0.0
62.0,0.32917362451553345,0.9485043883323669,0.0
62.0,0.3241378664970398,0.9481237530708313,0.0
62.0,0.3197508454322815,0.9496122002601624,0.0
62.0,0.31409814953804016,0.9472836852073669,0.0
62.0,0.3097151219844818,0.9487257599830627,0.0
62.0,0.3053255081176758,0.9501475691795349,0.0
62.0,0.30032628774642944,0.9496421217918396,0.0
62.0,0.2959325313568115,0.9510204792022705,0.0
62.0,0.2903616428375244,0.9485536813735962,0.0
62.0,0.2859730124473572,0.9498860239982605,0.0
62.0,0.28044286370277405,0.9473625421524048,0.0
62.0,0.2755010426044464,0.9467286467552185,0.0
62.0,0.2711210250854492,0.9479922652244568,0.0
62.0,0.2661941647529602,0.9473102688789368,0.0
62.0,0.2618115544319153,0.9485308527946472,0.0
62.0,0.2569001317024231,0.9478007555007935,0.0
62.0,0.2520010471343994,0.9470456838607788,0.0
62.0,0.24761982262134552,0.9482006430625916,0.0
62.0,0.24273689091205597,0.9473978877067566,0.0
62.0,0.23835411667823792,0.9485100507736206,0.0
62.0,0.2334877997636795,0.947659969329834,0.0
62.0,0.22863443195819855,0.9467852115631104,0.0
62.0,0.22425465285778046,0.9478321671485901,0.0
62.0,0.21941860020160675,0.9469105005264282,0.0
62.0,0.21503834426403046,0.9479148387908936,0.0
62.0,0.20978659391403198,0.9449939727783203,0.0
62.0,0.2054152935743332,0.9459537863731384,0.0
62.0,0.20103959739208221,0.9468933939933777,0.0
62.0,0.19584695994853973,0.9438961744308472,0.0
62.0,0.19148088991641998,0.9447915554046631,0.0
62.0,0.18711072206497192,0.9456667304039001,0.0
62.0,0.18273654580116272,0.9465216994285583,0.0
62.0,0.1779884397983551,0.9453909993171692,0.0
62.0,0.17325468361377716,0.9442366361618042,0.0
62.0,0.16888727247714996,0.9450275301933289,0.0
62.0,0.16451625525951385,0.9457982778549194,0.0
62.0,0.160141721367836,0.9465487599372864,0.0
62.0,0.15576376020908356,0.9472790360450745,0.0
62.0,0.15075170993804932,0.9440391063690186,0.0
62.0,0.14638546109199524,0.9447259902954102,0.0
62.0,0.14201606810092926,0.9453927278518677,0.0
62.0,0.13764365017414093,0.9460391998291016,0.0
62.0,0.13298949599266052,0.9446850419044495,0.0
62.0,0.1286204308271408,0.9452897906303406,0.0
62.0,0.12398815900087357,0.9438914060592651,0.0
62.0,0.11962287127971649,0.944454550743103,0.0
62.0,0.11525502800941467,0.9449975490570068,0.0
62.0,0.11065176874399185,0.9435338973999023,0.0
62.0,0.10628827661275864,0.9440353512763977,0.0
62.0,0.10170794278383255,0.942528247833252,0.0
62.0,0.09734919667243958,0.942988395690918,0.0
62.0,0.09298837184906006,0.9434283971786499,0.0
62.0,0.08862555772066116,0.9438482522964478,0.0
62.0,0.08426084369421005,0.9442479014396667,0.0
62.0,0.07972577959299088,0.9426344633102417,0.0
62.0,0.0753667801618576,0.9429929852485657,0.0
62.0,0.0710061639547348,0.9433313608169556,0.0
62.0,0.06664403527975082,0.9436495900154114,0.0
62.0,0.062280476093292236,0.9439476132392883,0.0
62.0,0.05779314786195755,0.9422292709350586,0.0
62.0,0.05343625321984291,0.9424864053726196,0.0
62.0,0.049078214913606644,0.9427233338356018,0.0
62.0,0.04471912980079651,0.9429401755332947,0.0
62.0,0.04035909101366997,0.9431368708610535,0.0
62.0,0.035998184233903885,0.9433133602142334,0.0
62.0,0.03163651004433632,0.943469762802124,0.0
62.0,0.02721637673676014,0.9416067004203796,0.0
62.0,0.022862685844302177,0.9417225122451782,0.0
62.0,0.018508508801460266,0.941818118095398,0.0
62.0,0.014153935015201569,0.9418936371803284,0.0
62.0,0.009799058549106121,0.9419490098953247,0.0
62.0,0.005443972535431385,0.941984236240387,0.0
62.0,0.0010887705720961094,0.9419993162155151,0.0
62.0,-0.0032664549071341753,0.941994309425354,0.0
62.0,-0.007621610537171364,0.9419691562652588,0.0
62.0,-0.011976603418588638,0.9419238567352295,0.0
62.0,-0.01633133925497532,0.9418584108352661,0.0
62.0,-0.020685726776719093,0.9417728185653687,0.0
62.0,-0.0250396728515625,0.9416671395301819,0.0
62.0,-0.029393082484602928,0.941541314125061,0.0
62.0,-0.033745866268873215,0.9413953423500061,0.0
62.0,-0.03809792548418045,0.9412292242050171,0.0
62.0,-0.04244917258620262,0.9410430192947388,0.0
62.0,-0.04679951071739197,0.9408367276191711,0.0
62.0,-0.05114884674549103,0.9406102895736694,0.0
62.0,-0.05549709498882294,0.9403637647628784,0.0
62.0,-0.05984415113925934,0.9400971531867981,0.0
62.0,-0.06418993324041367,0.9398103952407837,0.0
62.0,-0.06853433698415756,0.9395036101341248,0.0
62.0,-0.07287728041410446,0.9391766786575317,0.0
62.0,-0.07738261669874191,0.9408230185508728,0.0
62.0,-0.08173156529664993,0.9404551982879639,0.0
62.0,-0.08607876300811768,0.9400672912597656,0.0
62.0,-0.09042412787675858,0.9396592378616333,0.0
62.0,-0.09476755559444427,0.9392311573028564,0.0
62.0,-0.09910895675420761,0.9387829303741455,0.0
62.0,-0.10344824194908142,0.93831467628479,0.0
62.0,-0.10778531432151794,0.93782639503479,0.0
62.0,-0.11235762387514114,0.9393038749694824,0.0
62.0,-0.11669917404651642,0.9387743473052979,0.0
62.0,-0.12103822827339172,0.9382247924804688,0.0
62.0,-0.1253746896982193,0.9376551508903503,0.0
62.0,-0.12998270988464355,0.9390466213226318,0.0
62.0,-0.1343228816986084,0.9384356141090393,0.0
62.0,-0.13866019248962402,0.9378045797348022,0.0
62.0,-0.14329619705677032,0.9391305446624756,0.0
62.0,-0.14763662219047546,0.9384579658508301,0.0
62.0,-0.1519738882780075,0.93776535987854,0.0
62.0,-0.1563078910112381,0.9370527267456055,0.0
62.0,-0.16097676753997803,0.9382912516593933,0.0
62.0,-0.16566039621829987,0.9395065903663635,0.0
62.0,-0.17000232636928558,0.9387306571006775,0.0
62.0,-0.1743406057357788,0.9379346370697021,0.0
62.0,-0.17867515981197357,0.9371185302734375,0.0
62.0,-0.1837732195854187,0.9402081966400146,0.0
62.0,-0.188510924577713,0.9413095116615295,0.0
62.0,-0.1928609311580658,0.9404278993606567,0.0
62.0,-0.19720681011676788,0.9395262002944946,0.0
62.0,-0.2015484869480133,0.9386043548583984,0.0
62.0,-0.2058858424425125,0.9376624822616577,0.0
62.0,-0.21021881699562073,0.9367005825042725,0.0
62.0,-0.21499426662921906,0.9376680850982666,0.0
62.0,-0.21978312730789185,0.9386113882064819,0.0
62.0,-0.2241203337907791,0.9375852346420288,0.0
62.0,-0.22892671823501587,0.9384820461273193,0.0
62.0,-0.23326322436332703,0.9374136328697205,0.0
62.0,-0.23808665573596954,0.9382636547088623,0.0
62.0,-0.24292293190956116,0.9390891790390015,0.0
62.0,-0.24726209044456482,0.9379560351371765,0.0
62.0,-0.2521147131919861,0.9387343525886536,0.0
62.0,-0.25645214319229126,0.9375587105751038,0.0
62.0,-0.26132068037986755,0.9382896423339844,0.0
62.0,-0.2656559348106384,0.9370714426040649,0.0
62.0,-0.27053990960121155,0.9377548694610596,0.0
62.0,-0.2754358649253845,0.9384130239486694,0.0
62.0,-0.2797715663909912,0.937129557132721,0.0
62.0,-0.2846822738647461,0.9377398490905762,0.0
62.0,-0.2890147566795349,0.9364136457443237,0.0
62.0,-0.2939396798610687,0.9369757175445557,0.0
62.0,-0.298876017332077,0.937512218952179,0.0
62.0,-0.30320730805397034,0.9361203908920288,0.0
62.0,-0.30815714597702026,0.9366083145141602,0.0
62.0,-0.31248414516448975,0.9351736307144165,0.0
62.0,-0.31808966398239136,0.9375067949295044,0.0
62.0,-0.32242071628570557,0.9360260963439941,0.0
62.0,-0.3274049460887909,0.9364133477210999,0.0
62.0,-0.33173084259033203,0.9348896145820618,0.0
62.0,-0.33672717213630676,0.9352276921272278,0.0
62.0,-0.3417336642742157,0.9355394840240479,0.0
62.0,-0.34605535864830017,0.9339494705200195,0.0
62.0,-0.3510732352733612,0.934211790561676,0.0
62.0,-0.35538870096206665,0.9325786232948303,0.0
62.0,-0.3611381947994232,0.9346566796302795,0.0
62.0,-0.3669145405292511,0.9367015361785889,0.0
62.0,-0.37124133110046387,0.934995174407959,0.0
62.0,-0.37705346941947937,0.9369795322418213,0.0
62.0,-0.38138142228126526,0.9352262616157532,0.0
62.0,-0.3872288167476654,0.9371499419212341,0.0
62.0,-0.39232975244522095,0.9371944665908813,0.0
62.0,-0.3966585695743561,0.9353705644607544,0.0
62.0,-0.40255752205848694,0.9372019171714783,0.0
62.0,-0.4068862497806549,0.9353306889533997,0.0
62.0,-0.41201257705688477,0.9352697730064392,0.0
62.0,-0.41633227467536926,0.933354914188385,0.0
62.0,-0.42146629095077515,0.9332428574562073,0.0
62.0,-0.4266080856323242,0.9331032037734985,0.0
62.0,-0.4309176206588745,0.9311208724975586,0.0
62.0,-0.4369146525859833,0.9327408671379089,0.0
62.0,-0.4412223994731903,0.9307108521461487,0.0
62.0,-0.4481160044670105,0.9340707063674927,0.0
62.0,-0.45242977142333984,0.9319888949394226,0.0
62.0,-0.4584972858428955,0.9334774613380432,0.0
62.0,-0.4645882546901703,0.9349298477172852,0.0
62.0,-0.46890580654144287,0.9327718615531921,0.0
62.0,-0.4750264286994934,0.9341594576835632,0.0
62.0,-0.4793403148651123,0.9319532513618469,0.0
62.0,-0.48548996448516846,0.9332757592201233,0.0
62.0,-0.4897996485233307,0.9310211539268494,0.0
62.0,-0.4959775507450104,0.9322779774665833,0.0
62.0,-0.5021774768829346,0.9334975481033325,0.0
62.0,-0.506488025188446,0.9311658143997192,0.0
62.0,-1.0871106386184692,1.976797103881836,0.0
62.0,-1.0962384939193726,1.9717497825622559,0.0
62.0,-1.1053428649902344,1.966660499572754,0.0
62.0,-1.1144236326217651,1.961529016494751,0.0
62.0,-1.1254725456237793,1.9598243236541748,0.0
62.0,-1.1345216035842896,1.9545998573303223,0.0
62.0,-1.143546223640442,1.949333667755127,0.0
62.0,-1.1525465250015259,1.9440258741378784,0.0
62.0,-1.167689561843872,1.9489703178405762,0.0
62.0,-1.1766879558563232,1.9435508251190186,0.0
62.0,-1.1898359060287476,1.9449139833450317,0.0
62.0,-1.205124855041504,1.9495995044708252,0.0
62.0,-1.2141257524490356,1.9440069198608398,0.0
62.0,-1.2273696660995483,1.9451384544372559,0.0
62.0,-1.2363497018814087,1.9394429922103882,0.0
62.0,-1.251800537109375,1.9437952041625977,0.0
62.0,-1.267317771911621,1.9480454921722412,0.0
62.0,-1.276310682296753,1.9421653747558594,0.0
62.0,-1.2919130325317383,1.9462416172027588,0.0
62.0,-1.3008973598480225,1.940247893333435,0.0
62.0,-1.3165827989578247,1.9441486597061157,0.0
62.0,-1.332331657409668,1.947945475578308,0.0
62.0,-1.3413234949111938,1.9417648315429688,0.0
62.0,-1.3548640012741089,1.9421039819717407,0.0
62.0,-1.3638285398483276,1.935819149017334,0.0
62.0,-1.379720687866211,1.9392708539962769,0.0
62.0,-1.388671875,1.9328712224960327,0.0
62.0,-1.4069888591766357,1.9393807649612427,0.0
62.0,-1.4230319261550903,1.9425355195999146,0.0
62.0,-1.4319977760314941,1.9359354972839355,0.0
62.0,-1.4481137990951538,1.9389086961746216,0.0
62.0,-1.4570626020431519,1.9321928024291992,0.0
62.0,-1.4732495546340942,1.9349831342697144,0.0
62.0,-1.4919310808181763,1.9408363103866577,0.0
62.0,-1.5008883476257324,1.933917760848999,0.0
62.0,-1.5172146558761597,1.9364038705825806,0.0
62.0,-1.526151180267334,1.929368495941162,0.0
62.0,-1.5325590372085571,1.9191663265228271,0.0
62.0,-1.526352882385254,1.8933753967285156,0.0
62.0,-1.5350903272628784,1.8862982988357544,0.0
62.0,-1.526021122932434,1.8575456142425537,0.0
62.0,-1.5345929861068726,1.8504704236984253,0.0
62.0,-1.5251586437225342,1.8218854665756226,0.0
62.0,-1.5335655212402344,1.8148146867752075,0.0
62.0,-1.5263646841049194,1.789445400238037,0.0
62.0,-1.5189622640609741,1.7641819715499878,0.0
62.0,-1.5271024703979492,1.7571403980255127,0.0
62.0,-1.5193830728530884,1.732019305229187,0.0
62.0,-1.5273746252059937,1.7249760627746582,0.0
62.0,-1.5220059156417847,1.7029837369918823,0.0
62.0,-1.5137876272201538,1.6781082153320312,0.0
62.0,-1.5215299129486084,1.6710914373397827,0.0
62.0,-1.5157066583633423,1.649312973022461,0.0
62.0,-1.5233159065246582,1.6422876119613647,0.0
62.0,-1.517223834991455,1.6206270456314087,0.0
62.0,-1.5109643936157227,1.5990581512451172,0.0
62.0,-1.518341302871704,1.592055320739746,0.0
62.0,-1.5090419054031372,1.5677273273468018,0.0
62.0,-1.5162739753723145,1.5607337951660156,0.0
62.0,-1.5094709396362305,1.5394262075424194,0.0
62.0,-1.502503752708435,1.5182154178619385,0.0
62.0,-1.5095069408416748,1.511252522468567,0.0
62.0,-1.5022786855697632,1.4901726245880127,0.0
62.0,-1.5091522932052612,1.4832110404968262,0.0
62.0,-1.504530429840088,1.4650554656982422,0.0
62.0,-1.5112879276275635,1.4580838680267334,0.0
62.0,-1.5064473152160645,1.4400253295898438,0.0
62.0,-1.498567819595337,1.4192920923233032,0.0
62.0,-1.5051137208938599,1.4123485088348389,0.0
62.0,-1.499909520149231,1.3944804668426514,0.0
62.0,-1.494572401046753,1.3766907453536987,0.0
62.0,-1.500921368598938,1.369766116142273,0.0
62.0,-1.4968537092208862,1.3534225225448608,0.0
62.0,-1.503095030784607,1.3464876413345337,0.0
62.0,-1.4973376989364624,1.328903317451477,0.0
62.0,-1.4929519891738892,1.312721848487854,0.0
62.0,-1.4990051984786987,1.3058053255081177,0.0
62.0,-1.4944275617599487,1.289713978767395,0.0
62.0,-1.500374436378479,1.2827908992767334,0.0
62.0,-1.4956063032150269,1.2667919397354126,0.0
62.0,-1.5014472007751465,1.2598636150360107,0.0
62.0,-1.4964898824691772,1.2439590692520142,0.0
62.0,-1.4914177656173706,1.2281274795532227,0.0
62.0,-1.4970799684524536,1.2212189435958862,0.0
62.0,-1.4918208122253418,1.205485224723816,0.0
62.0,-1.4973783493041992,1.1985750198364258,0.0
62.0,-1.4919337034225464,1.182941198348999,0.0
62.0,-1.4879496097564697,1.1686187982559204,0.0
62.0,-1.4933366775512695,1.161726951599121,0.0
62.0,-1.4876021146774292,1.1462652683258057,0.0
62.0,-1.4928858280181885,1.1393752098083496,0.0
62.0,-1.4885648488998413,1.1252247095108032,0.0
62.0,-1.484145164489746,1.1111387014389038,0.0
62.0,-1.4892665147781372,1.1042649745941162,0.0
62.0,-1.4830718040466309,1.0890812873840332,0.0
62.0,-1.488091230392456,1.0822129249572754,0.0
62.0,-1.4849642515182495,1.0694772005081177,0.0
62.0,-1.4817514419555664,1.0567936897277832,0.0
62.0,-1.4866214990615845,1.0499316453933716,0.0
62.0,-1.4832649230957031,1.0373162031173706,0.0
62.0,-1.4880449771881104,1.0304473638534546,0.0
62.0,-1.481246829032898,1.0156396627426147,0.0
62.0,-1.485926628112793,1.0087803602218628,0.0
62.0,-1.482275366783142,0.9963211417198181,0.0
62.0,-1.4768757820129395,0.98280930519104,0.0
62.0,-1.4814038276672363,0.9759706854820251,0.0
62.0,-1.4775242805480957,0.9636483192443848,0.0
62.0,-1.481963872909546,0.9568068385124207,0.0
62.0,-1.4779454469680786,0.9445596933364868,0.0
62.0,-1.4738457202911377,0.9323703646659851,0.0
62.0,-1.4781407117843628,0.9255462884902954,0.0
62.0,-1.473904013633728,0.913434624671936,0.0
62.0,-1.4781113862991333,0.9066104292869568,0.0
62.0,-1.4737389087677002,0.8945779204368591,0.0
62.0,-1.4692867994308472,0.8826053142547607,0.0
62.0,-1.4733517169952393,0.8758028149604797,0.0
62.0,-1.470489501953125,0.8649256825447083,0.0
62.0,-1.4744726419448853,0.8581178188323975,0.0
62.0,-1.4697582721710205,0.8463016152381897,0.0
62.0,-1.4684420824050903,0.8365274667739868,0.0
62.0,-1.4722938537597656,0.8297293782234192,0.0
62.0,-1.46912682056427,0.8190180659294128,0.0
62.0,-1.4728976488113403,0.8122169971466064,0.0
62.0,-1.4696139097213745,0.8015679121017456,0.0
62.0,-1.4645030498504639,0.7900170683860779,0.0
62.0,-1.468139886856079,0.7832376956939697,0.0
62.0,-1.4646697044372559,0.7727086544036865,0.0
62.0,-1.4682265520095825,0.7659286856651306,0.0
62.0,-1.4646421670913696,0.755465030670166,0.0
62.0,-1.4681192636489868,0.748685359954834,0.0
62.0,-1.4644215106964111,0.7382882833480835,0.0
62.0,-1.462449073791504,0.7288335561752319,0.0
62.0,-1.4658031463623047,0.7220643162727356,0.0
62.0,-1.4619331359863281,0.7117776870727539,0.0
62.0,-1.4598016738891602,0.7024095058441162,0.0
62.0,-1.4630335569381714,0.6956527829170227,0.0
62.0,-1.4589935541152954,0.6854793429374695,0.0
62.0,-1.4621471166610718,0.6787264943122864,0.0
62.0,-1.4598156213760376,0.6694580912590027,0.0
62.0,-1.462895154953003,0.6627016663551331,0.0
62.0,-1.460466742515564,0.653480589389801,0.0
62.0,-1.457984447479248,0.6442961096763611,0.0
62.0,-1.4609476327896118,0.6375483870506287,0.0
62.0,-1.4565327167510986,0.6276212334632874,0.0
62.0,-1.4594188928604126,0.6208804845809937,0.0
62.0,-1.4567419290542603,0.6118031144142151,0.0
62.0,-1.4558597803115845,0.603529691696167,0.0
62.0,-1.458634614944458,0.5967922806739807,0.0
62.0,-1.4539600610733032,0.5870469212532043,0.0
62.0,-1.4566586017608643,0.5803184509277344,0.0
62.0,-1.4556033611297607,0.5721144080162048,0.0
62.0,-1.4526386260986328,0.5632094740867615,0.0
62.0,-1.455227017402649,0.5564873814582825,0.0
62.0,-1.4521703720092773,0.5476362705230713,0.0
62.0,-1.4546867609024048,0.5409165024757385,0.0
62.0,-1.453416347503662,0.5328083634376526,0.0
62.0,-1.4558641910552979,0.5260829925537109,0.0
62.0,-1.4526287317276,0.5173333883285522,0.0
62.0,-1.4493435621261597,0.5086249709129333,0.0
62.0,-1.4516795873641968,0.5019186735153198,0.0
62.0,-1.4501981735229492,0.49391207098960876,0.0
62.0,-1.4467778205871582,0.4852938950061798,0.0
62.0,-1.4490059614181519,0.4785997271537781,0.0
62.0,-1.4473992586135864,0.4706583619117737,0.0
62.0,-1.4495598077774048,0.4639614522457123,0.0
62.0,-1.4459666013717651,0.4554520845413208,0.0
62.0,-1.448056936264038,0.4487619698047638,0.0
62.0,-1.4462900161743164,0.44089585542678833,0.0
62.0,-1.4444814920425415,0.43305572867393494,0.0
62.0,-1.4464682340621948,0.4263727366924286,0.0
62.0,-1.4426610469818115,0.41801080107688904,0.0
62.0,-1.4445782899856567,0.41133636236190796,0.0
62.0,-1.4426125288009644,0.40357550978660583,0.0
62.0,-1.440605878829956,0.3958416283130646,0.0
62.0,-1.4424206018447876,0.3891769349575043,0.0
62.0,-1.440337896347046,0.38147982954978943,0.0
62.0,-1.4420862197875977,0.37481653690338135,0.0
62.0,-1.4399276971817017,0.3671569228172302,0.0
62.0,-1.4396694898605347,0.3600104749202728,0.0
62.0,-1.4413186311721802,0.35335052013397217,0.0
62.0,-1.4390475749969482,0.34574854373931885,0.0
62.0,-1.4406307935714722,0.33909159898757935,0.0
62.0,-1.4402341842651367,0.3319781720638275,0.0
62.0,-1.4417537450790405,0.3253158926963806,0.0
62.0,-1.4393362998962402,0.31778424978256226,0.0
62.0,-1.4388352632522583,0.3107041120529175,0.0
62.0,-1.4402563571929932,0.3040485382080078,0.0
62.0,-1.4377292394638062,0.2965783476829529,0.0
62.0,-1.4390851259231567,0.28992801904678345,0.0
62.0,-1.4384477138519287,0.2828855514526367,0.0
62.0,-1.4358118772506714,0.275478333234787,0.0
62.0,-1.4370701313018799,0.2688370943069458,0.0
62.0,-1.4363301992416382,0.26183146238327026,0.0
62.0,-1.4375253915786743,0.2551879584789276,0.0
62.0,-1.4347481727600098,0.24785807728767395,0.0
62.0,-1.4339064359664917,0.2408907115459442,0.0
62.0,-1.4350048303604126,0.23425865173339844,0.0
62.0,-1.4340972900390625,0.2273084968328476,0.0
62.0,-1.4351328611373901,0.22067570686340332,0.0
62.0,-1.4341596364974976,0.21374337375164032,0.0
62.0,-1.4351325035095215,0.2071104347705841,0.0
62.0,-1.4321130514144897,0.19992002844810486,0.0
62.0,-1.4310400485992432,0.19302935898303986,0.0
62.0,-1.4319171905517578,0.186411052942276,0.0
62.0,-1.4307793378829956,0.1795397698879242,0.0
62.0,-1.4315941333770752,0.17292281985282898,0.0
62.0,-1.4303916692733765,0.16607153415679932,0.0
62.0,-1.4291564226150513,0.15923504531383514,0.0
62.0,-1.4298774003982544,0.15262581408023834,0.0
62.0,-1.430567741394043,0.14601333439350128,0.0
62.0,-1.431227445602417,0.1393977254629135,0.0
62.0,-1.4298652410507202,0.13259446620941162,0.0
62.0,-1.4284707307815552,0.1258067935705185,0.0
62.0,-1.429037094116211,0.11920109391212463,0.0
62.0,-1.4255852699279785,0.1122787743806839,0.0
62.0,-1.4260891675949097,0.10568656772375107,0.0
62.0,-1.4245673418045044,0.09895350784063339,0.0
62.0,-1.427005410194397,0.09249550849199295,0.0
62.0,-1.4274177551269531,0.08589693903923035,0.0
62.0,-1.4258028268814087,0.07918563485145569,0.0
62.0,-1.4261536598205566,0.07259277254343033,0.0
62.0,-1.424476146697998,0.06590592116117477,0.0
62.0,-1.424765706062317,0.05931933596730232,0.0
62.0,-1.4250247478485107,0.0527314767241478,0.0
62.0,-1.423254370689392,0.04607778042554855,0.0
62.0,-1.4234521389007568,0.039497051388025284,0.0
62.0,-1.4236195087432861,0.03291548043489456,0.0
62.0,-1.42375648021698,0.02633320540189743,0.0
62.0,-1.421863317489624,0.019722629338502884,0.0
62.0,-1.4219392538070679,0.013148615136742592,0.0
62.0,-1.4219849109649658,0.006574319209903479,0.0
